8109
15123
6028
4700
825
12418
4081
7882
2465
2371
15497
4537
13618
10499
4485
7904
15821
2532
14167
2635
33
11900
155
8946
14844
1131
2614
5746
15513
14817
892
9164
12440
15613
5312
15446
15201
6386
1640
9736
4739
13465
10117
9859
10855
1992
2581
10242
9461
12757
1973
2764
12212
6698
275
5108
8329
11175
643
9203
2063
6893
8175
2868
16191
12562
596
13017
9474
12947
9947
96
16173
1130
11864
13494
7435
9863
15073
13023
13619
3347
11862
11826
14581
3703
9544
5481
6099
11230
15414
13658
2083
15183
5445
13393
15544
3814
8569
1753
3444
3
10441
6810
1327
10967
10494
15863
7550
14198
3310
11446
15833
12760
12444
143
4820
8481
16103
4811
1084
983
8625
2047
2272
14464
5739
10655
11358
12587
8581
1472
4938
13227
10599
15421
8612
16338
3453
296
8050
7487
11933
2090
12897
16023
15527
14441
14931
9750
2853
324
5232
11622
16119
9550
7902
13503
9962
9795
10970
7356
12144
906
12995
12410
9965
3395
9215
14371
8467
7758
14590
5886
6033
2105
571
11096
12784
1361
2003
2831
5311
9579
758
5467
11457
1079
3989
13306
16296
13400
7384
13814
14149
7583
15743
4354
13446
1464
4117
2043
12721
13039
6
7170
15385
346
9228
8351
2690
10589
16260
15936
3191
11831
11902
1972
13748
6608
3255
6067
10044
9028
2456
6879
11922
12053
15814
4929
7901
9631
14948
11485
12379
3154
7886
15059
4959
9670
787
14331
7398
1539
14813
1989
11458
4026
6732
4794
14077
13904
11473
9346
16334
12099
915
7047
13447
4154
4515
544
13491
4224
3073
7875
7194
15707
14769
671
13880
5171
6594
15964
9138
6665
2427
475
3769
13033
3027
10453
1873
932
15551
15304
2999
10393
271
322
3794
11716
12371
15673
11472
7183
4955
7132
11068
9423
1074
12777
9365
3349
15031
13725
1414
8762
9059
12003
14756
10394
3219
11757
9432
7774
863
960
13110
1080
3459
3243
5317
7741
664
6511
9594
14408
9844
276
10079
6885
4418
3026
486
16059
2138
3081
14209
6037
1690
11930
9644
3726
5473
10153
14523
15806
7098
12039
11030
2190
1567
6599
6242
5479
1298
1709
13322
3892
15440
13134
12903
11360
6031
5645
12157
4450
5876
850
718
4977
7668
5309
14998
9752
8707
12315
11983
13076
12722
4919
5846
3722
16142
8854
15852
9688
598
1323
953
11684
594
10501
11516
8240
15124
6066
4302
8152
9136
4569
13026
16035
4350
4376
1858
6527
1032
13718
10382
5822
10022
6755
6127
2530
8708
5773
1550
11330
625
6756
9871
15039
13886
14135
4168
5838
6167
10104
11639
10017
8837
15638
8454
5972
14254
13434
2711
4245
2024
9313
5683
16150
12453
7023
12028
10578
897
14586
8094
13209
12822
11160
8954
13181
5534
5000
6293
15434
3751
11102
8699
3996
15533
7263
1476
8311
6923
5285
8482
7506
5501
1631
13007
13924
15369
12064
13632
15196
3449
16055
532
1967
13520
6003
531
125
6587
5336
8384
16349
943
5369
793
12665
3403
13470
3314
1452
6197
3433
6280
6996
107
438
8605
495
4192
7443
39
7488
8040
4292
12478
8181
13671
3017
14446
11264
923
7276
16199
9987
13449
1212
9757
13059
3092
11809
8170
4109
10251
7354
10162
13473
13625
11952
14634
12041
5803
7211
4754
6730
15324
3807
1803
4169
2958
11771
13652
2426
14995
7690
10015
5806
13261
15176
2710
7112
10567
12967
12180
2014
5061
13643
10502
10189
2568
14923
1879
13587
9713
8752
5254
15065
8959
10449
4290
14818
4082
658
7977
9370
9490
327
1716
824
15451
3218
4758
4993
4488
8778
10053
9368
12773
15107
267
11000
1968
1669
6058
7062
9565
1366
8475
13078
7328
16160
4297
2487
12021
11561
3555
10009
5454
13128
3825
10417
8114
10336
7430
2009
8421
11528
2926
5240
14203
1933
2084
4646
2659
2077
5680
15997
1693
329
6977
2776
8430
677
16337
9530
14558
640
15464
5390
12693
5977
8355
6716
9561
4945
11939
9831
2792
9725
3451
2357
9338
5955
914
7961
10169
3055
16079
13864
6964
2775
13568
9421
2525
11055
15268
2020
9677
1911
10486
12858
7926
11367
6673
14603
6294
6955
14893
1591
12882
12283
16254
5068
7659
9780
11186
6235
7728
15045
6595
1964
10341
11212
4143
11487
8066
7180
5768
14835
1940
1244
2773
5767
6889
14907
11417
14432
4633
12316
16109
4517
11779
10801
2907
2974
2681
1812
13883
2859
8239
8571
5219
6963
14012
14459
1957
9506
2215
5453
13680
10820
1758
1900
8660
7981
11041
3328
14735
778
7792
141
4077
6485
2335
421
11017
16240
15199
6021
6438
12935
7465
11937
2320
1850
3401
513
16100
7647
13339
3036
4090
413
12265
9306
6030
8334
5294
113
10984
13178
16113
7197
7697
8079
1544
5649
2970
4935
2683
14225
3106
2093
35
8848
6063
10934
5565
13027
10651
3077
9991
13331
13920
12305
8786
3021
564
14612
5728
9337
7776
10097
13173
3276
11066
3215
555
16332
14544
15770
6076
246
5095
8484
15917
6312
8919
548
5277
10797
11737
12382
15254
9492
19
7212
10956
8841
12614
10543
14775
14568
5201
5865
416
8902
11005
10584
5542
14591
16295
16224
15023
9426
15980
13130
15727
10869
8092
379
9280
9253
4463
6322
11422
4509
6012
8401
15195
4199
5743
13705
3754
2915
5667
15469
7600
11001
13397
8794
10090
3901
1916
5426
8124
11478
7333
11715
9299
14783
8608
15694
306
3954
12986
5662
4950
15359
1072
6774
10357
6464
11514
6373
9946
9793
12642
14333
11832
5715
1089
14643
597
3070
15581
11683
11985
6381
14510
1751
11077
12097
9944
8895
9401
9857
5724
3268
488
14322
8280
12014
11233
14296
5347
8028
5033
7456
5576
14652
7416
13988
2500
3464
8706
3279
6871
13197
15284
5292
2172
9976
16131
8932
811
1991
4226
10762
2846
4577
7388
13457
15407
12917
1436
5140
6450
10727
11670
7499
2103
574
3280
10076
8971
1699
3363
2589
14876
5532
3282
10987
7238
458
14305
9463
16045
9023
11302
2118
9958
860
7075
15538
3317
1839
2391
3020
9822
9519
11189
13442
3153
4604
3724
6766
5787
14537
11839
3258
7557
6338
9728
1773
7579
2679
8406
13057
8620
6621
14719
5030
14771
15488
6519
14692
10594
2650
15240
15459
12184
14600
13223
2704
5627
15606
6874
7750
3490
5853
15098
2758
12074
15752
14759
354
10065
9052
4134
10183
4062
10302
7862
10265
15505
15896
6858
8611
12607
15220
11226
10066
11062
835
12552
2502
11382
9405
186
5992
2006
5696
13603
10652
1765
14380
8016
3584
200
9103
8582
10416
1525
14119
3009
10445
15143
1642
6223
4937
1953
14955
15458
1886
15884
13338
9620
7545
6001
6613
10603
13200
14763
3233
823
8577
16212
3061
14197
8290
3470
2716
396
4458
11349
9331
9690
8244
12049
9498
4179
5904
8077
15703
5214
8544
12900
15616
14142
15766
3448
9708
12936
3916
12442
9768
7390
8912
1204
1170
2992
11467
687
6593
14106
9135
1889
12006
5593
6024
13936
9753
12951
6462
10893
3181
3296
11460
154
10082
537
14943
7575
11361
5001
6040
11149
8894
7629
7877
877
15354
6686
4928
11142
4613
6731
16127
5322
6070
992
3159
6736
3741
9902
8781
10484
9038
6404
11469
7994
10071
14155
1111
318
15731
11499
12166
13314
12962
13980
9448
237
9065
14488
8093
4427
12113
8668
661
8387
8813
14108
12978
9318
2514
8273
4878
15592
6287
9592
8938
1257
5330
14633
3229
16377
502
1059
3498
10234
10362
4983
11443
10056
1503
4007
9434
9585
4042
7294
129
9886
13690
8635
16078
12058
7342
11612
9317
15185
9163
12603
14160
12991
13375
2342
9140
9303
7722
1149
6738
6556
7057
10052
7366
6352
5271
1019
7103
5726
14466
4541
12703
8908
13540
88
3113
7325
5298
5661
1797
15278
14631
12191
14190
16234
4674
8564
12347
11255
11567
9571
15559
11587
7484
12463
16368
15898
8753
14115
7725
3670
16121
9307
8476
2827
13688
7267
15810
15654
11705
2212
4697
12674
13497
4008
4903
12650
14668
1162
11316
736
193
10557
11752
12387
2382
6377
11134
4616
7783
3355
1622
14165
3543
7152
4499
15793
7641
11492
10509
15923
9377
14658
7617
9660
14366
14187
16263
7316
11905
1063
14482
8601
3549
7664
8510
11811
11148
10078
2386
13025
716
5203
15405
5480
4339
4366
6270
12254
2486
10134
2884
217
7226
4164
14415
4630
1774
15028
11551
7100
7789
14179
4710
11125
606
13794
9893
7412
3339
5521
16209
3836
397
7615
15824
12836
7801
14295
7174
13160
11810
11010
8597
1203
14684
16002
462
13157
13065
3289
9742
4833
10702
2108
1819
1904
8163
10588
623
7540
13588
9950
3436
695
14864
10024
6439
2620
5034
7440
12412
14950
505
14503
9749
4858
2595
15522
4540
6144
708
378
6111
15535
13489
13421
60
14340
2815
11932
3541
8517
2647
5738
7162
11386
8526
10198
6514
3526
7201
12178
8102
6797
15041
10120
8892
5671
5572
3805
1729
15323
13260
9954
15200
13067
7054
14970
4426
3917
4573
501
6635
15255
14256
1807
7749
7148
6875
9910
678
7978
10790
12735
9826
182
7605
545
12095
13721
7277
6349
13312
9326
1565
10851
4668
5711
14766
13704
3016
7287
14520
15377
10949
15647
14435
16153
12244
1863
10819
3866
7244
12160
9925
4623
5423
1842
14081
6124
1874
11421
1188
12400
16328
15748
9211
6468
6360
2229
13365
12742
9010
3402
12569
7820
8014
7995
5700
13571
2091
5196
2512
10720
9551
8658
2586
13692
2940
1789
913
15865
13515
15548
828
5836
10935
1313
14543
1073
13458
11195
2791
12297
15699
1392
1010
10692
7241
10492
2544
1470
14293
8853
13899
9537
15493
8131
1217
13176
9016
1225
4361
285
11854
3491
8539
5862
10063
969
5274
12809
9849
7375
14416
5245
9270
1458
4789
13045
10873
3455
11504
7147
14239
3740
15539
7123
14299
15054
11262
5604
5105
10003
3302
8461
14016
8890
9755
6925
13599
4072
7090
2407
15932
711
6088
8397
9553
8796
8633
8791
5403
9577
568
10995
2005
7869
11774
3546
9078
457
5102
9449
1533
16222
12870
339
14521
3133
5472
428
16317
4268
535
10207
13268
2330
10447
9041
13508
1890
9790
12421
6806
15509
5788
9803
1005
13615
14660
2322
6089
10295
3612
7092
7389
6765
8549
7982
5546
9119
1534
10060
9515
14065
9287
13732
8761
13416
2596
646
4558
9476
8167
7079
1291
5341
13009
1919
8638
11577
13622
11790
12922
1925
3972
10730
790
10361
14070
13869
3012
414
14421
11364
3576
5998
13594
2337
3418
13367
2247
5019
6357
12786
2250
1958
8777
9466
13020
11989
307
7505
7305
15085
3291
9655
13563
2032
6600
9959
15320
11973
5118
12731
12127
799
3320
15445
651
3823
9940
8347
9802
7816
13124
13101
4971
2517
1097
11852
7716
13117
3013
12873
9081
8146
15327
7702
8223
11748
7939
10254
8713
5212
3472
1402
3030
6397
15753
15696
12240
16102
2207
10753
8007
553
261
11327
1401
12690
5438
6182
1423
10187
13011
7290
13969
14490
5578
13353
10331
11877
9314
1688
305
8071
15376
4512
1164
1303
9395
15319
11596
1694
13800
3115
14018
6288
781
14680
2264
10587
1547
9285
8250
12596
13806
1282
466
9840
834
10493
15801
14438
15869
10175
14263
13443
6684
9234
3855
12623
6648
5888
5378
12697
4074
10791
8090
5512
13779
11992
12280
1093
1003
11926
7918
9674
10386
481
9291
14754
11390
3056
5078
4066
4269
10868
13683
14500
13661
12132
12313
10940
3680
6775
13095
12445
10498
13423
7669
4299
11735
5424
2340
1353
1250
11420
5136
11169
1071
6300
2757
11406
3850
3529
10744
13401
9632
11672
9473
11674
5305
4917
9809
14991
13498
7069
9322
14997
165
7507
6658
13495
15760
4627
9025
14462
12831
138
14549
14365
948
3648
16063
8760
3984
1779
14087
12872
9187
10373
11365
10436
9068
1136
14535
7066
12435
10709
14564
7291
8868
11468
234
10775
7511
5081
2151
4797
15528
2029
1809
14925
10247
5845
1950
9167
12655
6568
8166
7712
2175
12174
2858
5850
15775
15605
13300
7142
6558
13147
5051
3110
312
172
9440
11132
3385
4994
16092
9558
7705
7129
3938
5851
15994
9589
3611
8623
11311
7411
4020
2202
10942
1701
9791
2747
2277
7923
9520
10803
7189
9921
2516
11087
3212
9691
3024
858
10713
14700
7392
16167
2230
9495
8176
2881
13500
13024
9367
6208
5350
5379
5257
9396
2779
8967
10576
7742
14953
3311
3085
9928
5552
1918
6641
3521
2558
16126
11332
12232
814
12749
15056
11527
11369
10479
12515
366
5706
1320
12464
9639
11401
3965
5561
2367
3384
10500
3227
11765
11394
12024
5716
4882
2023
13418
4369
5687
4944
8435
7790
3579
3321
14794
13453
13787
11873
15853
1650
4893
12201
11357
15259
840
8190
7085
2667
10041
6965
8652
3673
7335
10142
367
12798
7110
9501
3137
1062
5583
10195
8503
13633
2952
3899
11836
10236
1805
16277
2822
16309
12060
3860
4818
6035
446
12220
5805
14101
13519
7254
13581
5038
7367
8364
12576
452
8509
4379
16037
12083
3088
13345
9286
15905
2379
7937
9502
13905
4037
205
4792
10825
7553
2100
10420
15909
2934
11317
14504
642
1564
12635
7187
12779
14216
9182
11486
15213
1430
6228
7106
13444
2325
12291
12948
14113
6018
8037
4581
3863
8202
893
5774
12887
11461
4305
10818
9611
2545
2591
2543
4141
1827
13634
11177
15543
14191
12502
8723
447
7736
3359
3112
14146
10400
12208
10191
4114
1949
8986
12527
12121
2626
8693
4261
5181
8061
4056
15767
98
3307
10611
1349
11694
8415
16304
11576
5934
10641
2513
5230
10469
11550
9771
9450
547
6131
13301
12241
4277
215
15350
3122
7767
2158
11029
9057
6351
595
5448
3950
4756
3322
1535
5005
8930
2216
13357
14841
4111
11432
10924
15006
12827
14154
14574
9569
1660
1330
11818
6767
7674
3429
11745
9297
8566
4636
7609
9487
6603
14887
12466
6773
865
16314
5215
1286
14514
9033
8788
5619
9527
4264
5209
4060
3719
16264
12156
6238
8859
11912
8712
1002
11608
8815
12739
12659
3358
102
11423
3235
5032
620
4986
11216
13354
15308
7947
14499
13062
8495
4852
14084
2079
10014
4014
7382
1736
9833
15299
8628
9640
2410
11894
3342
2689
11525
528
11476
5218
9658
4209
4063
2450
14981
1818
12286
6409
14665
14649
11020
6160
10860
9722
210
10397
12397
16294
9399
9123
4553
6059
12941
9019
10539
6269
8924
7446
6680
3867
7198
10670
4272
3946
12683
11045
3503
7822
14092
1655
5966
14656
5607
13966
9046
13396
6539
15907
15310
1909
1342
10055
13154
13198
647
10031
15435
3045
8624
10685
6521
3224
251
4886
8880
14194
6436
9093
310
1161
15063
12535
12011
14354
7134
4041
9916
2424
9943
480
14178
13120
4435
5990
6981
12494
15937
7017
6176
9559
4300
2833
3074
5789
9744
485
7528
8480
11729
10286
9458
7055
5115
4571
13452
10147
14251
9380
9378
4400
742
4964
14614
1742
11743
14454
15516
8269
10250
8973
4814
1825
418
8232
6179
6243
8153
8766
10328
8492
2877
10019
3357
6617
576
7924
15746
11842
5462
904
15003
4916
16061
8903
12881
6061
5614
2251
7164
12699
16099
12536
8362
6902
10540
5690
11711
5374
12341
13360
15628
4023
1252
9029
3445
2566
16281
14433
1561
11843
1478
5993
5332
9866
6055
3502
4583
10
1543
3269
13728
3214
12741
7740
789
5234
7343
9054
6769
16145
7064
9371
4970
8417
7704
8568
8196
11787
12405
5227
3109
11722
15113
6630
5669
7537
8448
1082
15151
15962
319
14886
15456
1616
12295
8192
15214
4198
7432
7539
15178
7739
10387
3392
2022
12633
13254
5571
5053
1101
6850
2412
6909
10130
11572
685
1770
4644
7971
14702
8332
7656
15586
9272
15968
4704
1068
1927
1083
6821
13573
9170
9172
15849
7046
7687
1049
5062
10351
4552
13163
1589
15273
8705
13774
12289
3316
11629
8505
13346
2111
6566
15820
8284
7001
15161
13535
1755
618
12486
6692
839
1037
15306
12681
3121
8199
368
9703
10758
552
3627
10610
7105
3173
2088
3117
5014
8498
11620
5080
15976
11605
10043
10303
5258
14770
13276
11150
15773
12839
13136
1489
4948
2203
11732
735
9079
14650
11434
14248
6900
6196
7791
1451
13952
2280
15709
15478
6770
4365
15808
12524
9500
10582
645
14553
5464
1223
14561
14638
14352
2839
13786
9642
10297
1938
1306
5842
2419
7753
15127
13733
6492
6636
9664
12862
8733
6950
4343
13781
14832
12513
2917
590
12860
6795
9090
616
6389
41
12847
6719
15307
7331
10285
8287
6458
2818
11659
1222
6823
4464
7734
6741
10546
2188
6252
9919
13061
6842
14776
15394
13275
1717
13677
12545
14369
5184
3398
1644
16164
15401
11442
7952
4999
149
3105
2890
15641
16236
3043
1245
6446
16
1893
13522
16230
2416
8686
10807
3281
12335
14302
2706
3424
3715
16030
5778
12398
11840
13161
9462
15916
14303
8535
10711
15646
6535
14410
4210
11529
12864
2281
4040
8956
10874
2075
11105
14289
9043
10124
16258
14071
3099
1712
8579
14856
13989
5046
15912
4649
7243
9897
10301
8381
16232
4306
8542
15352
5947
9232
8604
5969
4403
6881
12054
15356
3790
10980
4262
2725
11191
8119
927
1851
14648
8664
1594
4507
12803
10682
10318
14757
10061
542
1239
14427
546
12308
15223
7373
2261
7381
15626
6809
1871
10029
15991
13977
4594
13536
12528
7071
10092
8038
1127
2218
9601
11893
6346
12574
14181
7216
15633
4118
15823
10969
15611
16235
12517
14226
9969
10535
1844
3284
15014
5156
15389
5016
10418
10075
10283
13086
5368
2477
12149
14090
2396
11742
6337
6103
3615
218
12052
14678
8828
607
5692
11231
12010
14447
12477
9990
7525
3496
10991
1748
12135
6931
15094
15420
5632
5574
9089
8595
281
6813
14512
3083
5609
3180
3476
12276
9058
6152
16117
7313
13971
6992
13830
6911
16135
325
13932
12530
1417
5432
12353
3761
10840
10910
11970
15387
13836
12508
16073
2945
13826
14740
10580
8057
3308
3801
13827
16122
6728
4232
13229
11802
4430
6358
11691
449
3822
9284
5354
6378
11624
13598
6727
5411
3684
3331
8316
795
760
13166
3992
5902
14129
6310
7909
4332
1445
12012
1637
679
164
1166
16333
12639
7582
12458
3639
15956
15328
14795
602
8097
4185
9841
8082
1196
1921
13875
7920
1806
9063
14242
3422
12172
5435
15804
89
3610
9256
10020
12594
5584
7711
5623
2236
4304
13372
1159
2633
13398
1528
14255
4859
15499
3144
10039
15433
803
5585
9575
1218
4514
15683
4511
3845
6749
15476
1355
3960
9073
5555
2139
14093
16026
8339
631
2842
6133
8500
9727
16170
10742
8065
8042
13408
11456
10115
14976
5466
10442
899
9792
14259
5688
4605
6873
4239
14475
3201
4100
14533
10345
7077
10822
11586
10425
16202
4256
1334
4110
9766
10624
2609
2273
8035
3980
3426
4936
4538
12546
13641
1548
7648
6654
4508
12126
6576
3052
1843
15847
6333
347
2555
3964
10888
10623
1986
8272
8470
15573
11387
12279
16371
440
2594
14786
14908
3793
16058
13542
1150
7660
11519
4669
13092
3129
11484
6153
11392
4286
15334
2658
4662
7751
7854
8647
11444
11920
7005
8391
4654
14945
11014
4787
5293
9818
14247
7400
16242
12638
944
14635
15619
9032
13610
10850
10069
6834
11497
5914
12137
6217
8095
16025
4682
15081
10277
1092
2879
11106
15468
16112
15168
12269
3155
4884
5425
16010
10948
8947
13674
12176
10275
9026
11584
16188
3923
11565
13478
5816
11510
11917
6747
15393
13297
714
8697
4150
13843
8536
15450
15536
8586
2074
5598
12821
13238
14468
3479
8313
6846
962
14551
1828
5628
1756
13366
8537
12619
12604
11652
4250
11152
14764
8027
11766
10838
8392
4476
351
10324
3437
10127
1174
3193
6309
6733
10541
5360
13996
2096
23
4778
10423
11808
3831
3694
13927
15046
5988
2943
2282
6938
5387
4054
2780
8324
507
2643
15136
10854
5548
14963
12376
3643
4378
9294
6218
9574
209
8104
4190
3038
4160
15566
15671
8121
9183
7808
14496
10664
5104
13313
11564
11325
16044
14784
6428
7309
16282
1404
9812
3816
11816
2938
11429
6316
4177
5173
2472
3817
11203
3388
7860
8917
10273
15016
16373
1923
9446
2693
9259
6068
9159
1480
15086
14589
9001
10322
13350
11706
14401
12425
12746
6945
6612
5745
7871
10290
3414
7777
8869
15672
11067
9756
1998
670
6396
14423
15474
4887
7730
2389
1207
1794
870
130
5717
15967
12124
1981
16083
5973
7844
11593
6759
5841
12210
5476
3581
10577
5021
6805
957
2154
8918
13012
9511
10237
13305
5648
6681
4673
15691
11496
12785
8997
13424
4307
4779
10157
14096
12413
7968
4456
2409
8252
4206
3730
13351
11397
4530
15938
5624
16208
4941
13212
11034
4801
6447
4775
9011
527
14319
930
4334
3617
15225
7578
5923
5392
13246
10129
4930
2734
585
2031
5826
7614
4408
2241
12980
15594
13334
15955
1945
1698
12420
12389
2449
6783
13
10513
7193
5600
12002
10392
11778
9830
10876
15593
11628
13595
14748
5024
15192
6722
1722
6433
3725
13684
8641
13549
5813
11013
14290
3207
5858
2257
7332
6170
2888
174
7532
4065
6467
7160
10712
10330
4249
10050
4364
7590
16306
6640
5847
3847
2695
10737
9117
6642
16114
4554
9924
5399
8372
8771
8183
8489
6437
2666
15010
16166
10367
2837
6598
5229
6574
15231
13706
5337
5721
12829
11300
10902
11312
5831
11402
10487
13486
1689
11286
3369
14344
15687
15269
8645
10523
4847
5641
1880
11248
7878
13664
10806
13256
4750
517
12673
8416
5090
15608
15982
5159
15580
11635
14253
4410
46
6702
3562
791
5684
15129
8901
10645
10343
3205
4501
7039
2993
10105
3545
3066
15891
11673
1305
359
10971
9851
5801
16066
6315
12503
7635
11971
10305
10311
1295
134
10740
5370
5186
15652
10113
14392
3466
10101
7833
14442
5194
4445
11303
2584
10349
8262
7917
12115
13722
13987
8681
13849
15126
16129
370
10173
14386
6602
14857
4671
8346
3341
9471
6221
1141
4342
6148
12992
2963
7637
13956
7979
1600
5792
5449
10760
16162
8543
15825
13662
14716
1746
13118
3904
7418
1440
987
6480
12924
1800
2722
15895
2070
7663
10326
12868
15576
5769
7993
16210
14393
6832
3023
761
2393
11070
12304
15553
4162
9415
11198
7417
3150
9176
5895
11408
6236
14199
8742
10002
13650
4933
9657
11051
15391
6876
10360
3146
9409
403
13751
15184
12920
390
7109
14511
682
9814
16290
3507
7312
13623
1522
11697
9431
1382
7480
8550
15233
12726
13170
1457
9847
7504
675
14951
9330
11355
5849
9995
7769
2504
13034
16171
13526
10156
9964
1963
11074
14449
5191
2733
395
5455
15859
15831
7619
7516
4180
3517
5749
7304
340
6479
3879
16381
12811
996
3430
1040
3644
9883
256
11632
15208
12138
16321
8369
179
10508
4399
11537
2507
14741
3958
2723
6776
15908
16318
10140
1271
11291
2045
1053
14068
6460
14353
10276
7460
8875
7370
11791
11571
14958
7542
12955
2333
14429
8602
5358
5564
2113
13608
6957
14359
5010
8963
2707
586
6872
15744
12998
8426
6392
13044
7840
2745
6286
5668
4413
12324
10614
15351
12057
579
376
10143
12381
12689
2253
12553
785
558
12044
3354
3167
13432
11882
12615
11585
2313
15664
7259
9355
15101
14690
3700
14640
15567
14906
11942
5385
150
1372
1050
13711
8936
266
2017
6097
6285
1192
7210
11270
101
15590
13145
5086
12919
9845
11972
10383
12197
12081
6150
8587
1424
11655
1488
8576
7324
6708
4409
7004
12263
14877
9414
12666
12428
6062
2648
14944
11613
15754
13609
4487
4539
11925
11666
10018
16249
5760
14069
12631
1143
3803
3019
13919
6495
3366
2259
13908
6607
13435
514
4349
3500
13031
5625
991
1822
8935
11614
1684
3123
16072
13501
10953
1649
15922
6757
7339
12656
13527
2467
6916
8254
8934
12987
1641
6108
4733
13868
444
5811
6080
341
128
10907
5155
10025
2030
16365
8335
2874
12538
11797
2115
14143
14268
2174
8502
6906
14632
6211
3947
4310
7761
11015
11098
11626
11544
2120
2042
10190
10963
11959
13283
3059
14103
12192
3693
4419
2041
10194
15655
5483
1369
1798
10858
8750
10679
10975
8887
11958
5854
12877
15657
8309
9951
6048
8873
7675
12248
9459
11924
4796
4156
6414
12561
1502
2152
8412
7231
6553
1216
6833
851
7942
2258
13938
5255
15194
11159
13169
9107
1409
14847
15117
1113
14355
4891
3743
13833
7051
12570
12509
5025
13060
12162
15763
15758
6674
654
8148
10203
3973
7623
13653
6158
13560
12498
10427
11464
7464
7843
15700
14040
6248
1724
3524
9175
4909
13304
16015
6908
1542
12560
11798
3208
15600
3082
1621
7543
7125
14822
356
10517
2961
3967
4367
8610
10945
8763
10759
14456
9139
12682
4172
3050
10831
12531
9540
8373
11817
15677
5167
5900
9491
3475
2956
2289
5611
8218
11021
12155
10798
8719
8317
13848
8358
1340
14033
10872
10903
755
9514
6760
724
8474
15064
1507
9197
11660
5146
4045
5075
11833
3551
7922
5174
6895
1948
9989
4957
4701
3540
11192
13431
10483
2039
9006
1763
8180
6241
16087
14872
7466
9813
821
11078
16267
8473
8488
14529
4436
12961
7080
3841
4431
14629
14966
9457
1137
15856
5752
10528
15800
12834
7093
12342
9504
3600
10080
2571
14697
10998
277
4140
11868
1939
2901
14895
2087
11009
2200
841
15612
5130
9548
12715
3556
11799
10663
10114
14791
109
9213
7345
11979
7998
1538
6989
833
2685
8782
864
11374
15335
14457
14372
1012
9816
5127
4615
8017
6570
9824
1523
9352
6014
1702
3389
7561
11084
16034
6549
7292
4634
8751
8580
13425
1810
11851
9580
13723
4924
9356
8910
13974
12163
9724
16355
187
4467
13627
8363
6866
2383
15253
4712
13073
6135
10460
9672
3108
4888
2854
7179
13459
7932
13295
11592
13121
3478
2684
11772
2547
13363
9207
8154
3330
4522
3535
12105
6387
5848
15112
995
16231
15642
5795
16041
13222
14936
7283
15219
4927
9035
493
1394
2902
2718
16303
14509
9956
14789
7091
1860
24
11229
6662
750
8214
357
2966
7115
9541
175
15858
8905
5559
6116
2130
3636
7703
9342
3675
5044
1054
10160
10201
14396
11290
10511
3595
13412
13789
196
7260
6851
9723
8523
6666
13686
13850
7950
4969
13997
5871
8789
13048
5267
7530
15182
4719
14696
7409
3632
2488
8898
12630
7482
144
9200
8246
5145
11304
9397
3125
12641
5066
2671
2413
3697
4497
3865
2688
8711
13318
5349
126
13273
15730
11058
728
12692
8792
12043
9169
11346
12112
6330
2701
7491
11627
4860
8366
1557
9512
8023
14274
15508
6245
15047
10771
14400
2255
6413
3183
12966
13911
13427
6693
11741
6277
14693
3631
13668
6614
5809
2220
5382
10208
14094
8916
1563
4735
5110
13040
15318
4738
11428
5577
5384
4432
4455
9190
8824
16105
13391
6532
836
11178
13492
16206
8790
2721
5658
13450
6510
5644
1029
15817
350
10037
16320
4328
15336
8233
8032
9363
6960
11879
3335
12146
10368
13228
10426
7604
11903
8323
7584
14195
7683
3439
13760
8618
1745
12754
10339
3069
10181
4131
304
11698
15864
14881
4973
4204
10906
5712
14406
1301
5377
6045
16074
8861
5224
330
15157
10881
518
2546
8173
13368
10754
4707
2385
15343
10847
2263
9668
6164
5478
7470
3435
7857
3785
13001
2381
5832
16012
9072
12448
15000
3461
14956
7596
8774
12876
2628
11848
11080
9971
10908
7881
13439
862
4880
3018
16357
10834
14973
10554
1454
3971
9738
13386
15783
4790
3483
6470
10743
12861
13084
12621
328
11884
10605
7337
15702
12572
6362
6064
15851
10385
5522
6502
909
6141
1146
11940
3463
8591
869
1028
5037
3011
6455
8276
11271
12844
11016
9248
14235
11775
7607
5447
13640
12890
1090
5596
14277
4392
13469
888
10710
4864
1388
3221
7686
11099
5275
8006
16187
1559
12264
12512
861
80
2405
8521
15363
15285
10572
9698
16272
5956
4296
5824
3198
10421
4946
8649
973
6973
5762
14734
14773
13780
9930
16016
16299
2089
4220
3624
7385
6006
15270
13530
10835
11574
3642
10965
4230
14389
1625
1769
74
11770
1300
3031
14673
7369
8420
1536
5815
9452
2638
11667
9191
10695
12988
12983
15632
3760
264
12255
1665
12795
15463
6829
6914
9652
3699
9918
241
16326
749
4259
9147
5997
8679
11870
5242
630
3738
10365
13070
10112
7560
14669
6953
85
8043
722
238
14808
11353
12143
952
4200
5686
12365
15772
12272
11618
7892
520
8632
4505
1273
5606
9390
2278
7275
12424
3241
2162
10636
3547
13697
663
12724
12857
2040
3460
2470
1881
14478
1066
7960
1859
1208
12592
11341
10904
7176
12293
13475
3930
15370
1376
4774
6883
8982
10012
8812
14615
3646
13524
3582
16269
2081
9180
10581
7880
15481
14713
3187
15742
11104
3844
11337
10049
2735
13785
2311
11991
8141
9855
13537
16233
13262
6169
6740
4183
16315
6104
10011
9074
2193
11921
11935
14148
10219
10480
8881
9261
10750
4044
3213
8455
12051
577
16288
12756
6677
12479
15191
1560
1545
15950
9258
3926
15723
9745
580
13376
13240
9552
14264
12617
14405
13165
7141
7793
4484
13871
9545
16347
12597
16065
13928
15675
13518
7593
2913
8288
5579
950
11338
15288
13995
8210
11170
11162
4873
1153
1243
9765
11828
10592
10431
11119
14140
3172
3469
7249
14865
13310
534
9627
2821
2862
15290
8560
2593
11897
5750
3889
2548
13543
8994
5261
12358
7149
10448
11749
9967
3001
3696
1715
3497
15660
10240
7297
16084
1725
7303
11072
8831
1058
3858
12732
627
1784
13865
2233
5452
13258
12554
5071
3798
8613
15705
13822
1056
8230
14009
13613
10481
2965
206
9181
3773
4377
3682
8565
1105
14000
1477
11107
14316
782
14601
15781
3486
13958
7229
1901
2754
11734
6988
13628
15830
5873
1389
4422
8330
15697
4024
8556
10038
13620
5650
4144
4870
10960
14960
5484
14059
1987
9997
7748
14257
12235
119
12679
8504
549
539
10799
12388
2731
14885
5541
11277
13823
3244
6721
9763
13845
1596
9797
15768
6340
10255
12965
3539
6189
15710
6494
15313
2955
7181
9412
12624
2770
15698
713
5590
1661
8665
8108
5042
62
1135
15682
15751
6465
6548
11866
9650
2673
14006
5922
13455
14089
15525
4608
11244
14572
311
11850
8296
7481
3909
11219
8800
3665
12818
4348
12982
13737
2455
1220
4122
3953
8084
4922
8810
2214
1922
14695
2062
274
259
5567
14472
7765
10497
4743
11172
780
8009
4689
3585
1944
11656
161
11929
8115
13935
4979
12845
2235
8463
6584
12549
8231
3888
8004
16246
10533
13734
10180
9746
7756
10749
11037
353
15099
4203
690
4997
9687
4831
12533
12079
5324
4396
3606
2116
3165
12896
14078
10704
13264
9369
5393
14125
4564
1833
7351
12114
4576
3979
3428
14659
3441
1877
14846
8268
1347
10496
4895
1253
1510
1481
9649
10332
5887
6745
9022
15083
13066
380
9556
938
9823
8275
4696
14258
181
11004
4236
15562
11636
9015
4593
15245
2935
11993
8305
12994
14343
10707
384
254
9583
2508
3928
12025
2297
15974
13333
4925
48
4043
8678
12884
14347
16190
12336
2829
7636
11909
14639
15881
8966
10698
6101
8920
1132
1674
15398
3669
11600
15680
7368
16120
4889
12832
3344
879
13797
12613
6536
4083
12835
6632
298
7459
2823
15583
1952
5513
15197
2660
573
6320
374
7867
12350
14207
3285
13778
6229
6589
3944
1648
16048
5694
1519
7135
3589
15894
8133
12
5775
9686
2629
900
8532
8844
11827
5833
11474
13255
10951
2905
8700
4061
847
9993
4799
14458
4070
14902
3508
12723
15257
5510
9673
11082
2064
5610
3025
7364
5468
4001
3394
4840
2953
15610
10294
9439
5422
7943
8888
4626
776
12199
1275
5359
16172
331
12213
9983
14381
14952
15137
13943
2876
15013
4280
16239
14246
13347
15718
7673
13856
2461
14162
3795
4660
7757
9402
16367
2603
14974
9887
4617
5273
13879
5402
4139
15248
13224
2048
16071
8804
3848
146
8975
6975
11465
4048
12814
15972
2298
10327
16362
2326
1425
1653
14424
14722
13986
6498
7139
2954
7903
3925
2082
9889
4872
8515
10133
11896
13028
7895
8485
12401
10490
8338
3306
8110
13703
8375
11928
11889
11027
15901
4548
2968
11621
3446
16342
11164
551
4975
6282
1088
15019
1156
6491
11611
13441
3290
14825
855
775
2496
14726
13894
9586
7444
15811
2294
13547
15695
5489
6008
1976
8128
11307
15344
9114
13799
14170
5083
14465
11885
16179
5180
15115
7565
11043
3645
13709
16289
2468
4966
5300
13191
10355
1495
4978
12616
14083
7913
11023
9912
8446
2156
720
6591
1556
7508
14317
1943
10871
7814
2011
13647
7666
3168
7037
9036
5840
9651
11689
612
1016
2307
10406
14342
15032
4493
14805
14721
12529
5695
13355
7807
14300
3532
6368
9625
922
4874
2231
10977
11154
13269
15119
6019
12914
12878
8221
1636
521
7945
13572
15556
4470
291
13266
6478
4089
12258
3040
12695
11488
10537
3821
13253
14851
6691
13582
10166
13815
3008
3596
10634
404
9881
1610
15749
7450
12473
12664
9382
6304
4130
1091
15303
3356
3089
7078
2916
443
10575
1691
2948
13611
1314
12088
929
1450
13712
7549
2178
12626
7307
5631
4793
4688
15424
6039
12807
14938
5737
8222
16383
5586
9917
3487
12540
570
3195
14781
9985
10507
13302
16006
4355
3655
9856
1296
2287
6615
7873
13913
6041
7494
6163
11795
8294
1862
14276
8677
8356
12956
12676
14676
9665
13665
15621
5971
10729
13428
8462
4247
6903
14587
14374
5052
211
9179
3987
3968
13855
8785
9538
918
13140
3824
10735
2790
1930
5092
7006
11113
12040
8748
637
388
12408
8937
6932
7795
7598
5142
3407
15105
14804
11097
1706
1226
12810
13874
2579
10785
6074
14265
11334
5508
3286
12345
14027
15487
792
9301
13906
12660
16279
10527
5533
4951
12228
3128
13663
6792
768
5465
2708
3377
13069
3629
14679
515
1872
12927
7559
2893
10271
8716
7933
11146
4500
9779
13248
4731
3489
3071
9122
10211
2724
4732
15429
10590
4189
10865
9829
14158
4193
4580
8826
1139
10482
3653
15585
16360
7805
1869
11371
8486
12958
6426
15547
1956
1429
9654
16221
12758
13456
9055
10666
4359
1100
3157
13583
1013
12762
11552
8965
2164
14123
30
4257
10644
10205
10617
5100
10434
10783
10461
13724
4764
10677
7425
1852
7973
1831
2239
4663
7812
7846
13203
13493
14088
11179
10736
14448
13030
7423
5413
7655
13293
11760
6272
9014
364
12716
6156
3553
1584
3698
10430
10905
14439
1014
4462
9275
6910
1035
15792
4170
1993
12776
8207
8838
8162
9267
6609
12431
6200
491
12273
8961
4161
8002
3303
7126
11947
4745
4599
12247
6972
5852
399
12769
9695
843
9375
4600
3323
9994
10054
4068
8797
13006
5908
10565
7512
13364
2878
8508
5457
12853
14157
7490
5367
5770
1007
6424
4762
584
13736
8648
5733
13749
14854
7182
1832
14957
2013
13109
14609
1378
10724
12985
10915
13792
13916
3894
5580
656
3138
6815
9003
16237
4560
12225
16323
5197
93
12974
123
15338
4628
6935
2655
8907
8754
8278
993
2374
16031
12770
8915
12915
9608
5550
6947
5709
10135
9827
10772
704
5856
16032
5389
2540
1237
8033
1816
10768
8236
8209
5035
15927
8818
11095
4624
4713
3940
2767
14752
12048
10186
8087
16203
8078
268
5176
9974
2719
8870
2334
3352
5079
14565
8540
13199
9819
11594
8413
15413
8747
2950
6086
5879
10586
4401
1317
15358
1234
2741
3488
11888
10703
13839
15618
13738
1996
9282
6919
15342
937
4308
7823
5952
16327
4222
2836
4402
13801
3300
8189
13872
5930
2242
1261
16088
959
8487
9281
2562
9237
12937
6892
2771
2560
9726
11680
15868
16200
4103
1258
15156
8447
10315
2331
14117
10669
2813
6520
8584
2171
3318
7836
10218
6862
13649
4215
15759
14566
10040
10280
5363
11634
9002
8374
10261
12367
10687
5765
1905
6616
3815
9085
6317
5133
7984
15517
10515
2400
2820
10131
802
689
7056
6421
14212
10184
14041
11350
5043
12019
10598
8075
5755
13055
11730
1442
4721
6427
15044
10640
8672
10718
13226
946
765
925
5681
6802
9764
4138
14498
158
9539
6334
14076
5560
5866
4768
5040
15241
1830
7987
11858
7205
7855
11351
15022
644
11366
10521
11155
11721
15417
12800
14502
11548
2810
5601
5291
12026
14085
10979
13951
15843
8585
9392
16370
2736
14979
14341
5830
6321
7678
14743
8863
10879
12443
10171
76
591
6134
11785
13552
1493
7326
14725
15625
11776
9308
13404
11539
8404
5942
4914
4609
2430
4406
16108
16091
247
12792
13753
15921
6754
13873
6375
12196
12154
7272
16067
5839
3160
3237
11335
16024
12755
7121
13296
9635
9
10982
8103
13116
12419
12593
2432
3242
10333
2497
11321
15842
7928
10649
7627
13505
3544
15106
15988
15644
7554
9393
15108
13216
7724
226
9276
2182
4657
5272
6878
10952
4011
3245
11228
3912
10683
9894
4234
16319
12568
1793
12711
13730
3921
13394
8026
3681
8178
15846
16139
13119
15034
1108
15951
5881
5736
2590
15409
8732
2811
13122
2619
7246
8117
9383
9525
15449
13041
6859
4178
255
5002
3522
14790
9676
10696
3781
8271
13241
5247
15467
512
7033
14243
14492
11183
398
14607
4943
6363
1624
13466
5898
1720
3203
1762
14618
12520
9408
2208
5911
14797
8483
12957
13290
15247
7818
8522
3527
7638
8270
2414
1785
7889
16366
4907
7874
5333
14681
10399
13903
8197
5334
7293
1443
4293
12468
15546
11502
4656
9610
3922
15609
7209
6264
10402
15082
15523
301
14758
11475
13445
13907
9216
6715
6015
9934
11702
288
14306
2627
2027
15148
2276
13242
14505
11101
11883
9776
15060
3677
5617
908
7962
9740
7363
7518
2097
5365
14814
5260
12372
6737
6384
1154
16211
11901
16070
1926
10272
11506
14969
3873
12880
15410
6818
5441
7429
3771
14706
12954
1120
10379
1460
11180
15826
1537
9968
7852
6290
4798
15867
18
5800
6779
4786
1799
12340
9235
16021
5372
14045
8147
15055
14605
10520
2632
813
14723
13601
13514
8443
478
7253
5182
7959
743
4823
14986
8514
429
7634
3163
5987
9165
6701
3419
16005
4344
12609
13602
1290
3404
8867
5498
12484
9146
11501
16270
6920
10699
5419
13933
13950
10006
16300
8547
8529
1841
5666
4049
10630
6700
1520
7633
8995
4819
490
11260
14318
3974
14161
881
1006
3942
1067
4621
1247
484
1160
7395
10773
1103
3063
1065
4276
10051
8814
11623
12850
8251
3887
13383
10310
2977
6049
4283
8864
11950
8408
5734
8984
9638
8555
14892
415
1463
7108
78
15542
10867
12805
8155
13750
7096
7887
10832
1081
6113
4480
14132
5759
12586
1316
15053
4691
2160
13528
10529
12838
14977
2857
16098
3869
910
12751
15661
7841
1148
12207
924
7338
1259
6065
931
6081
7424
14853
386
14975
12384
14049
14301
12346
8974
6894
6509
6714
12059
6579
13708
4453
14926
38
5883
13877
6634
3658
11815
50
13433
442
11199
7966
2784
14905
11061
9619
7949
5414
14057
5039
8701
483
7910
6325
7929
16247
2806
11143
4968
1213
3884
8783
2121
8112
4747
12866
5306
8735
7150
8829
11638
9037
7061
9637
13294
5031
2433
13644
13811
9572
8046
10210
5461
10359
4846
5326
1683
3334
1962
2521
13403
15309
13947
13207
9210
7780
1505
8138
5869
10073
2662
16106
14118
15724
1835
11344
5400
4639
1571
137
11957
16197
13185
556
10717
11411
565
