12658
1465
11863
3155
3183
10360
12420
9354
7503
14052
1204
12977
14679
11852
15962
5882
7237
7106
11402
732
39
1236
15578
10236
12468
4905
6200
11626
9804
8744
9302
13989
309
11754
14970
14409
11662
1783
3365
5930
3105
10323
10375
10870
240
7694
11879
3248
12621
13095
4185
8418
11923
3722
2032
3853
2051
10614
14573
1990
7592
964
12995
8795
11252
9091
2111
9895
11130
12655
6393
4167
6012
2613
9935
5660
2069
1489
1651
13434
13393
942
12311
1761
12530
3398
15602
13488
10039
11298
6120
8555
3864
10975
13975
14538
11202
14666
8009
16353
13004
2337
8634
10120
9281
14588
11012
12207
5583
15134
7349
8349
5353
15800
3064
257
10261
4782
6914
14799
14633
15728
7953
9731
6261
8660
13831
12517
11926
9169
11285
167
6380
1271
343
10740
10632
6102
5440
11259
15127
16014
16359
5887
8812
15916
8663
14124
3994
13904
10269
2849
6453
5498
6204
14153
6408
3925
11454
10803
6252
2516
10477
11990
6176
3367
4689
7368
10491
4063
12648
16296
9983
9230
8017
1854
2171
10169
9863
10933
8811
8841
11270
1027
13397
763
1537
13081
6331
6841
10071
9480
10675
8620
13456
13285
13985
13205
503
8093
9128
10413
9353
2794
9740
2526
12498
15307
6160
5178
13715
4264
1207
11628
3010
15856
8082
1785
12615
824
15471
6474
2791
1740
6986
14757
3916
14340
7453
11100
13385
10479
2837
262
4193
7134
2653
12998
8013
10432
13149
7065
4540
4674
7502
4475
108
5426
203
3976
10059
5261
7863
3510
11875
7545
9305
14598
4704
3425
7923
2372
16077
5298
1142
14657
15982
3531
12509
12337
975
8588
4720
2334
9554
8554
3028
14254
1269
6061
2248
6627
1055
14962
11038
9824
3824
8828
14886
8562
7414
4777
14261
3833
13543
13951
8600
1305
2902
6448
9812
5397
6908
8576
14540
1938
5915
2043
3312
11699
12490
15216
11064
3387
3678
818
10500
16369
8404
3239
10733
8657
9562
4437
15209
10250
4785
11354
7917
8094
7411
2945
12489
466
5268
1526
9660
8392
14755
1478
2392
10979
3546
7772
10000
227
5108
6796
14877
11627
5038
10321
9879
6498
15680
7915
15425
10238
14207
10924
11925
4644
8191
2047
12322
6737
16250
7892
11268
8362
4116
14716
7764
4291
9635
3929
8084
5285
1062
8637
3245
12937
1166
7335
5398
435
12789
15409
3739
15118
4320
6460
3129
10145
1658
4586
3360
4959
16191
4884
7056
4373
15496
3514
1041
13997
3187
9964
13918
8479
3163
11535
8371
5586
15459
9499
14266
4814
3541
665
5183
5416
13877
12331
6070
3920
11247
740
8748
4223
8188
14500
15213
14539
8106
10276
5432
5943
491
3919
11510
9597
1868
14505
16000
1647
15444
2551
3442
11606
14883
12713
7350
12584
9377
3091
13804
12636
448
11884
11327
6209
12367
2931
11346
999
519
12546
3032
7937
7164
9508
8156
7552
5700
15042
2558
7078
7908
2826
5988
9538
3825
398
9750
8880
14770
3454
12272
4155
4899
5951
9086
12694
5317
7679
5106
4666
8687
2614
6679
1723
2954
9407
13111
8813
4727
12162
3804
696
10506
724
1240
2212
12570
7873
1252
3761
7798
8898
9242
12340
4671
12250
242
943
11177
15623
5508
1361
12867
9074
57
11756
14894
10544
15395
8342
14001
14615
10664
3228
16272
5512
16026
3483
13326
15875
5196
11513
8830
188
13809
9495
11385
4199
2657
11050
11580
15531
7676
8091
9181
8626
11656
12007
957
7678
14771
11060
1284
149
3612
13657
8934
4563
15186
11408
8785
10049
4721
5452
11435
15174
11792
4685
5975
5871
4487
8042
10229
953
11355
751
1821
15431
9053
5514
12552
8234
1519
10753
9555
11605
1396
7875
12241
2173
1815
6650
4688
13664
13282
13621
16328
14557
1912
5424
12665
11461
16273
967
10871
15746
11641
6601
11162
14563
16220
13497
10603
6465
1202
4966
7367
2426
2605
13722
11645
4737
13925
11114
5501
15114
11853
6704
13185
12983
15133
1392
5061
12880
1896
12399
9732
3351
11583
6889
2561
16310
7077
14827
991
1359
184
9488
9015
9388
1583
1715
417
12780
7509
10181
14068
4531
4337
5184
12805
3114
620
10677
10631
10242
438
9442
12369
12174
12393
8415
14442
2327
3704
11093
11257
2188
13349
13335
10749
9594
3230
2664
16004
7477
13127
7622
5932
11890
6042
13790
4632
16281
3928
1628
7540
3837
3382
10374
6745
1927
14138
2404
1847
11599
12172
13085
3075
9283
2840
9559
14528
6419
8810
1600
8044
5294
8751
4044
13057
4891
2853
2553
13069
4386
10729
403
2683
12659
8476
2075
15448
6547
9462
11404
4432
4206
4847
5826
279
3434
2016
11984
10002
8926
14075
6243
10635
419
11304
10015
2271
6528
16379
7049
7463
10873
11052
14774
18
15801
6371
10668
4420
11488
15987
10320
5755
11481
5827
14325
13175
16056
15705
8040
16247
4927
10681
12837
5427
4091
4367
6979
8581
4546
2680
7865
3593
6007
12442
6235
9835
14754
14185
14653
5031
15892
6961
8798
16253
5780
14931
2863
4445
883
10937
9619
4626
13869
76
11220
7624
2996
6121
12115
3707
7724
2622
14773
15789
9038
15385
9277
16209
8246
4088
14676
3272
13072
2674
14731
14499
6533
3047
5103
9887
4308
12308
12820
9434
2694
14084
7201
3362
4887
9592
9444
2107
11512
13027
7100
5668
12617
368
9391
4617
11761
15922
9027
9709
9088
7802
5200
15847
11760
11426
1162
229
14806
1664
1924
3721
1492
1418
15697
4893
13569
10064
8975
13143
4677
1094
6631
11768
12440
6437
6873
10640
12765
1414
6842
4933
9588
8212
11757
3691
11271
1834
14238
11980
5372
14197
7990
8996
8289
1331
7734
10708
12194
8226
1798
8458
5226
10042
9882
8677
9139
1334
9153
12044
9614
3776
13341
10908
16034
9048
12661
4859
6558
1462
16023
7514
8818
15764
1467
4780
10762
15999
7307
11956
10576
2487
2489
10341
10417
1110
13631
16093
4925
5878
2775
6343
13690
14385
14737
7296
12525
9563
9136
12774
4204
375
11895
11702
15328
1463
321
11917
15635
978
16018
4911
3998
2976
608
15814
3339
1065
14981
1504
5212
16308
7429
6892
15974
4429
14083
14406
5783
16348
7242
9259
11345
10444
2122
11966
15412
4480
13647
6060
3899
4636
6864
682
4330
6374
3981
12739
12257
15724
9600
14339
6181
15905
9179
15022
9958
11988
14183
4754
8103
5881
6487
4691
4249
4530
11803
11166
13785
7557
3470
16193
3103
13236
2258
7461
14913
4086
3394
8529
12040
6431
6978
3886
13733
14703
2281
11961
9234
6530
12105
15245
12793
7449
133
12933
7245
14829
4089
1606
3743
12810
11989
4889
1376
11167
15192
10507
11604
12343
6918
11975
8303
9194
12823
14190
15791
577
7194
7664
15944
1904
11981
14073
4382
5131
3874
15980
8000
11264
7394
12712
3537
3791
7859
9723
1498
1336
14776
14650
14849
9777
2654
14480
13762
13194
9837
9752
6795
14911
13873
2453
3606
790
13723
9613
15043
8707
5045
7272
12109
16204
9715
12283
11305
406
14504
5908
2035
5853
1320
11963
15010
13637
14072
7737
14312
11335
7184
4732
1090
8590
12263
8532
12928
10047
11633
11451
3142
2041
11692
3450
2163
4692
5971
15498
10434
11154
13151
8695
14006
5428
13387
5074
9645
4731
1686
408
354
16139
11755
6653
12376
749
13260
16249
8952
7613
1846
10437
14599
6800
753
13789
1247
7812
1691
3924
8260
467
8394
16029
4268
7842
2560
9830
4952
1399
15147
15931
3835
8492
6872
7019
11615
3277
3329
8217
3404
14582
10520
5362
4430
9897
4005
12153
15701
15122
5411
5217
6123
3999
12491
10777
16350
7883
2728
13890
9918
11294
15489
5434
7276
1273
1275
6110
1630
2247
14782
2110
9486
246
11955
10875
532
5848
6693
12360
1024
9706
2718
3231
10622
455
5107
13967
15523
1470
13635
5455
7596
5802
12795
13135
14300
11964
2195
5337
8354
13746
13270
5646
11816
14978
7036
11477
8960
9237
7888
11982
11936
14196
2409
12251
1569
13031
9661
6913
14384
15087
16341
15937
7336
6330
11134
12306
7499
10519
6813
9583
12245
432
8541
10712
13047
5866
7913
4460
11857
12656
10836
413
213
13186
2468
6104
11930
9724
5414
7590
15177
12706
6096
11238
2269
3463
10526
168
9483
10208
9669
12964
11438
10407
1518
565
8426
7107
1900
6668
9022
9021
12634
14067
4289
9707
9258
16042
3369
9699
1234
11780
2734
3140
429
6780
15428
15392
8267
9318
931
15804
2896
1502
11482
12068
1861
1050
13833
12764
11406
9910
10589
3426
15105
7845
562
8715
11297
15805
11112
170
15253
6073
6618
1039
1075
15688
9698
10235
8981
13321
13485
2152
13551
9743
1554
9859
1018
474
4890
16207
11241
13254
14814
8161
833
12779
11308
11939
2436
14508
1146
14405
731
15054
16137
7285
15282
4926
15857
1555
10150
7971
6909
1303
11475
16225
11171
8343
5147
1308
5941
8437
12863
6283
2183
5489
8449
10371
5082
3907
7579
13079
12700
12496
13287
15057
12386
15782
7446
3342
595
5863
9853
12438
3037
2124
8178
9317
4283
10573
5378
5629
5950
757
9920
4980
7372
5761
6728
4376
7911
10471
11150
6659
14283
9227
11909
6952
10961
9083
8171
1982
981
5210
5972
141
5383
6115
1968
96
6884
13594
551
8114
6093
12971
2598
9726
317
1044
6537
4157
11152
15912
1272
14887
6997
11908
1587
14819
9956
14583
14270
10638
9064
9928
14905
9244
15799
15046
11872
10052
1698
4500
6379
9264
699
4809
6605
11602
14048
8794
6526
1380
11235
9160
9306
4738
83
2541
3664
4029
1824
720
4298
8518
3655
11261
4736
11031
12574
2940
13845
5464
13825
14010
16157
4103
4883
5828
15475
12992
13684
5075
386
10122
4351
13974
6827
7671
6486
3178
9806
463
7811
11126
2926
14012
3232
1881
7187
588
738
2527
10821
1729
524
3197
6153
2221
13129
3085
7928
12786
13422
9332
6597
14915
1556
2340
4536
11160
6931
103
11071
15158
5561
6859
2088
7581
6471
823
10872
12379
5736
13370
2651
15834
9861
7746
8772
3313
13659
3575
890
3945
15514
12663
13524
15770
6966
4216
13478
14107
8083
5808
14750
11932
15908
4478
4609
8822
9868
7543
8869
13160
1081
11120
7395
11876
8424
15255
6288
859
306
11128
15885
7947
15824
1975
15493
6844
15940
2985
12554
10253
8704
13210
14900
6422
12138
9024
12260
5500
8450
12616
15275
10223
714
7837
11229
11486
3201
12715
3950
4770
4796
9207
9295
1817
12906
3087
8614
8652
6715
9458
14555
15079
3741
1349
2022
14874
6327
13226
7725
9632
2920
2819
6849
633
14489
15533
16068
14513
489
4443
4390
1114
10899
13629
1295
5087
4863
5735
12394
2259
349
3714
7025
806
11592
3836
10092
11125
4305
7091
12542
12639
4
6544
9791
15229
15748
7804
4894
16186
43
5774
614
12497
1440
1434
1660
8026
339
15572
1655
4020
7214
7188
1499
12118
11187
10191
8052
14551
11918
574
9334
5690
9615
15321
8762
13797
13259
6045
11483
14428
2709
5148
14142
3370
6190
9167
13365
6388
9552
5177
14736
12297
2216
12405
6320
16344
4779
12030
13817
4257
2615
5555
4718
12188
6479
437
9275
6534
7582
1732
7975
764
9870
12314
15055
9557
13138
15377
5650
8345
4150
13717
12050
7281
15551
10863
12137
13693
3860
9520
4479
7495
5079
8832
5904
7103
15081
12573
6272
2
14892
3156
14902
13309
15967
13036
11726
14792
8119
233
9184
11799
8676
324
3815
15613
12457
7749
10911
624
9107
9984
5368
11623
14863
5175
3953
13395
10313
6194
13199
5741
13504
513
2656
9092
1238
5100
14660
13978
10797
4703
3771
927
9161
8773
15707
6304
8719
7743
3983
3582
2039
4854
3057
8225
6092
3415
12660
5130
6587
10882
15898
3135
9014
15957
10588
5016
412
11591
1480
10621
9748
13323
9279
1620
12756
2974
2970
10951
6702
1826
7814
6367
13458
6338
9110
1022
16301
8533
10673
1002
13856
7339
14631
11265
146
1701
1262
4557
7757
647
12344
2540
11614
1517
15641
13668
15429
13848
5482
4024
7434
12627
1774
12757
1508
7792
15068
2244
4832
10919
12607
7240
10521
11683
2729
7328
77
11573
2744
14966
1109
6829
6735
15545
2795
9362
12092
12915
5885
8559
11463
25
583
10808
5907
9466
8537
12048
7939
2935
12769
12059
14378
11416
1329
10472
6950
8743
4962
12790
2884
15416
9450
12954
1087
6765
10876
304
3379
11661
8899
6475
8333
3058
655
14059
2318
1403
8580
11095
8979
8214
3578
198
10806
10581
9421
14165
12324
925
5199
4968
12474
2624
1780
2910
4171
7976
11720
11258
1145
8015
2857
7531
8011
189
3326
8313
7050
14242
12629
11273
9309
13447
15083
9650
6185
1102
15795
7212
458
470
11301
12647
314
15052
15478
3875
124
7510
8984
10834
5636
12267
9177
8221
16268
11796
8236
5326
15386
1710
8081
15820
7584
7689
6108
5039
3110
7878
10
10959
5120
2700
1274
13230
232
5101
10311
1495
9371
7881
156
4467
13874
11695
10291
4098
13858
15240
9209
4123
16363
5373
4822
3659
6773
10298
12514
4858
10971
1995
958
15456
8582
15331
9025
3756
13389
14377
6468
106
300
3943
14509
4717
5750
2737
12017
3590
10670
9398
16195
2725
9
9406
1622
11079
4877
1341
2969
16364
11769
12588
12705
2548
702
14895
4385
1483
3265
13162
9679
4773
14333
14213
1296
5325
13944
13041
3871
6075
13590
254
11339
11712
9240
3074
23
10612
15676
4127
8008
14290
6517
12984
7856
15172
5034
3964
3320
14735
12581
10523
12191
3798
4057
13294
9912
9155
2792
11272
8558
16375
14603
644
14824
1644
10845
10514
12761
5607
4076
10605
15608
13068
13791
12140
3533
1883
734
3345
6863
11343
2696
767
5806
10713
9526
5385
7602
15648
6433
14682
4647
9978
278
11556
13325
4195
2868
2298
5538
12911
1958
1966
3497
3850
4490
2556
12312
12383
12319
11888
13921
13995
848
1918
14022
13900
10991
12668
11571
16124
14720
2810
3698
7544
10538
281
2897
10577
8311
713
14520
4879
7747
6488
9343
14908
4790
14375
12361
639
5545
5554
14148
7564
4477
15080
14503
12877
3828
14456
10353
6975
13092
4338
725
6774
13776
1316
13296
11770
11337
8834
14901
10333
174
14467
7357
15329
2880
14831
2865
4365
7952
3852
9119
16340
12492
9319
3501
3709
3675
12773
2831
10867
3386
10463
8292
4016
3465
2669
11581
5979
7324
6500
5766
1013
6885
4552
14846
4192
6430
12418
13851
2236
12754
4600
9352
13808
9646
14101
289
14919
14550
248
13624
1842
4934
7636
11887
9124
6964
14396
350
12671
5985
9291
15048
1859
10111
7530
13513
10833
10813
2660
14684
3275
14037
1553
4683
16289
10197
7701
10556
5431
3843
10759
11784
14302
10747
12855
9158
16070
8968
1566
9081
16213
13265
7785
11310
11933
4137
15075
14034
4285
11666
8048
8350
12353
55
7741
3319
16013
7287
9938
12967
9664
3352
3789
10428
397
15259
14228
3530
15034
10501
5132
12685
1475
12170
4213
822
1523
590
16317
11183
1688
1420
7627
13695
1714
14431
1448
6755
10418
3281
12697
4599
8239
5712
5239
10271
6463
10838
13617
12120
8399
7230
1601
13554
14903
10920
8843
5441
4983
75
1333
2251
10558
11999
11991
9436
13532
12023
5684
9137
6444
4052
12693
4013
13759
13511
11016
10296
6458
9813
7659
2966
16138
3004
159
12601
12986
7116
2532
13182
7375
13283
9475
15291
15457
1762
14699
625
9397
14837
15418
14080
4145
4800
11210
12424
8308
11611
5245
4441
1408
12653
3765
5164
16316
2231
13219
9247
10381
10017
15432
2338
13002
3663
3912
8228
14009
12182
2321
7846
16106
11381
15985
10230
1148
11697
12277
15909
14483
14179
7488
6861
7037
2341
13244
5727
3291
11400
12637
15561
2346
2319
132
5667
16315
9564
12097
5347
13432
9872
3661
7226
14317
7444
14167
3301
14160
6878
6523
4638
13666
10859
9654
1661
16107
2738
11597
9704
9967
7697
12869
10999
2370
14752
11675
4061
8633
14700
3440
5978
10781
3061
7001
2213
12921
9423
14081
14785
7992
6428
4714
7313
245
14383
3550
8332
10696
11906
14026
6302
9098
9608
14795
11028
4940
15864
14285
2649
13096
14762
15032
9759
9843
14969
8863
12614
14522
534
15592
7486
8711
8992
9582
10608
13078
13421
12606
11650
10367
8878
5590
2276
7823
5600
11721
11733
2887
11148
4741
10093
6856
995
3891
5476
10359
7884
6125
2004
8998
12234
8263
10105
14491
10394
5862
5965
16162
2380
15090
1602
10062
4747
14362
475
3753
1248
504
1288
6174
6006
9274
1994
14214
13012
12434
11491
6167
10474
5880
4345
11915
7125
3007
15073
3363
14595
13779
10384
5007
13749
7522
4693
1853
3974
11807
7412
1738
6591
4241
13939
15527
14826
7567
12953
2057
4452
8742
12304
10164
11084
12145
14440
9449
7660
8526
14554
10868
13802
15698
9921
15696
11885
6915
4324
14975
1699
8685
4317
16298
16234
13702
12955
13470
6357
13173
5044
15543
16202
508
15590
4639
12737
9521
4099
8964
14289
3913
10218
2109
11896
10274
6461
8527
12439
6145
13712
10421
13272
1957
3759
8770
7083
10925
9364
2977
1181
13836
9925
9898
3555
15629
2395
15346
15439
15461
10327
1634
3220
13980
5409
4668
1302
2879
3795
3009
5964
15750
15058
13990
12103
7824
6877
16158
2471
13464
13564
3473
4007
14807
5525
870
1353
8268
14005
5487
6506
9807
3535
15503
12493
11263
15268
9156
8931
12635
14899
13548
15532
14438
678
14281
13218
1176
3869
10425
13915
10493
10175
2176
13418
3909
8164
9361
8750
15163
4483
6095
12726
5273
11429
7866
8062
13897
7361
8890
7017
44
5056
12548
13999
4998
8913
12494
11567
2190
16297
3855
9850
7708
13291
11415
1782
10738
4709
1809
14838
7079
10710
8546
4266
10094
9790
8821
7483
11642
14939
14462
12976
10824
3288
9009
9653
280
12004
6726
3757
12784
2438
5694
12300
13324
8617
9132
420
5889
7533
16258
12164
16239
929
5102
14586
15287
2618
2667
8006
8005
1042
13188
7319
11013
8802
14031
3900
1203
10488
13298
4880
12758
14168
8353
8139
11609
13355
2465
4529
16179
13708
13466
10419
4104
5185
10587
31
2724
5275
5953
8076
16146
12512
13840
2918
1835
2081
10547
4819
13070
9946
4875
5336
6628
4362
16076
7936
6222
7299
6860
462
14432
16125
3408
15550
125
13350
14560
14264
7358
9891
7789
10557
1976
4524
4955
6455
4295
452
3344
9989
6254
9012
16366
1404
11825
9728
2440
1735
4794
8004
8739
14206
2836
7424
16197
11418
10157
900
1935
7241
7599
6238
12698
12748
15819
2776
9542
5228
15836
2573
6645
6731
8645
13826
10171
11352
7705
15860
7045
14315
10734
718
6127
15008
847
2482
12419
7131
12460
15675
8948
12751
13682
11479
6682
783
14311
1481
5402
7295
8112
8295
12346
3219
2220
16073
3883
1772
12171
15606
15711
11691
6519
6396
7312
3424
7628
3480
656
13465
4853
8298
14696
180
15198
4758
13178
10439
9054
6638
9691
784
8488
9235
16231
4130
8501
9330
1706
1827
14870
1211
10170
9310
9033
1210
3979
2413
9043
15851
13781
7260
9941
1400
12919
15405
3559
10099
2757
632
5661
12583
11203
4190
10532
5339
6066
10869
14929
2549
13566
10174
14565
15911
15450
379
12908
12809
11321
866
4203
5403
12198
1725
7380
3636
2182
2266
5669
631
9445
8438
5929
12907
12970
683
13152
1425
7128
4346
15808
7471
11954
3528
13696
5987
4828
15677
14078
13398
15817
12135
6198
3796
3094
12956
6025
8997
12920
12762
9697
5234
1168
13340
1577
12060
11716
7553
11123
13382
8990
2917
10545
5188
12529
5003
13427
12982
9325
10126
1174
8278
10431
15462
8789
1277
14443
950
7770
16352
15308
5549
9527
14839
13433
6109
1887
10096
7251
12763
15188
4301
15663
5218
12421
4025
2773
8316
24
13922
5724
5685
3038
875
12511
382
8696
8113
5176
6543
8853
8210
10231
13381
743
6549
10904
7156
1035
16292
6282
2317
15573
12599
14014
16127
9658
1719
13508
8508
6919
11192
14465
5679
15407
12166
7666
5697
12966
501
1389
9378
15330
15488
6257
15095
8271
3126
8412
4620
2240
11445
11047
4856
15228
14318
5625
8723
13780
9333
11682
5020
11033
14045
2607
11318
6770
11871
5594
5355
10163
2895
14604
311
11410
7836
3581
1441
2638
13043
12186
6825
4903
3441
12760
12173
2434
11431
6354
10739
9256
13981
4237
13448
5471
2397
4860
1638
7257
1430
9841
7529
5179
4070
8464
12980
15481
11458
155
13864
3568
7688
15617
1193
7635
7496
11738
6894
4309
5580
384
10842
10224
10076
15143
3482
5040
5936
6017
152
10641
9625
7383
12375
4326
10075
8215
9622
6636
4067
362
2127
2684
11576
4233
3243
7994
5230
15026
7365
15078
14150
5563
6373
3598
12464
7359
16212
4085
2956
5002
5396
13828
15972
6335
4963
3486
4675
12507
94
11165
6529
12728
5028
726
4947
15729
892
15535
15369
15682
16304
9487
6600
15288
7069
3940
7277
12425
5640
10887
638
12074
11776
1831
13575
10529
378
1299
3181
4392
5404
6297
7407
10023
6633
15020
4459
15137
4538
2586
518
9512
15506
16035
7570
14145
13083
3926
8050
12298
6995
9452
14867
11701
11088
15580
4817
4615
6781
12286
15445
9376
13763
12370
12531
13274
13958
13994
16265
15970
840
8360
10955
8809
50
9907
4015
1653
2493
11231
5850
7132
7738
10455
12578
7520
2978
4505
983
1673
11957
6734
16382
14548
1633
187
16371
2914
7525
13305
4246
11711
1060
85
11032
16062
918
6068
3700
6993
10561
3034
3445
6753
3215
14810
11242
3923
6557
16
14321
2103
3634
9369
2661
2577
6988
4922
10770
4399
9771
10990
8915
14746
8133
7321
721
9300
11518
2056
7386
5805
1215
15166
15402
4054
13642
13121
4092
10705
9710
12582
12768
9402
298
5637
484
11891
1631
5341
6183
3355
8513
12180
12220
2486
8339
9798
910
8780
11206
1106
5898
15584
10133
8572
11848
4001
330
9384
8138
6791
4915
1611
2305
12403
5024
11960
16115
15679
7439
441
3961
4878
11359
10307
269
1084
5488
6974
3493
9815
13469
14370
13137
7653
5269
9147
12553
1514
8944
11236
6906
2483
128
7876
6632
14351
3737
6604
5122
15263
13685
5267
7696
5879
15625
5618
6609
6187
5689
1149
1135
14568
10906
7568
11532
988
5071
8866
8151
2025
2545
15539
816
3080
10186
11772
10085
6333
14200
10053
8575
5775
8877
12672
5073
4534
15490
3356
11902
2446
9571
7767
5225
3596
10690
14324
13581
9692
4789
3854
4587
5680
6317
15923
11080
4660
7150
1604
1426
401
4584
14766
3580
16090
4864
12158
13552
12518
8885
8872
15126
14152
8035
11965
11277
7621
5912
7674
11687
15568
9019
9801
2938
7956
688
13970
1167
11417
1764
629
10061
2444
5001
16230
5288
12524
12945
11213
6833
5477
9222
5627
1539
8425
6572
6503
680
13955
1406
2331
13212
15678
14352
6788
13113
3435
14898
14922
261
6959
13742
10067
9652
11441
7715
6241
3621
9465
15540
716
15603
12075
858
15472
15844
773
1703
15084
8368
12363
9970
10510
15619
13284
5657
15656
12377
13799
13907
9197
7560
15316
6744
11366
14358
5049
6298
4950
6772
10391
15829
15822
5460
11051
5019
11751
5393
12088
5456
3108
14079
14099
2473
6903
1624
4712
6139
2621
10819
4292
10985
5367
10379
13929
1635
10642
15743
409
800
2678
6851
12744
861
4649
8817
6848
2301
14680
2373
9401
11243
3062
11309
11323
479
2158
10768
4728
10299
10247
1531
9379
10220
11065
1907
9326
12682
9842
10623
13163
13264
14935
1079
14925
16218
352
6509
9287
7657
8039
7225
13435
6389
7253
8205
15552
3198
6920
15901
3827
1095
4148
3808
2505
10031
7021
4040
4140
1263
6044
3000
12435
4973
6349
7970
10314
10079
10586
10516
2704
3588
3831
13112
12595
1960
10757
9455
15812
14050
4763
7583
15751
11775
12473
1314
5070
1864
1541
8534
16181
4743
116
3611
13180
628
11717
15842
15051
11087
10998
6084
7294
780
6008
1547
9026
5718
568
10666
7687
1790
3411
326
14341
9356
4756
4251
9680
12450
2594
15871
13071
7854
15605
12657
10430
14943
2730
5142
3448
353
3566
7707
13299
8839
3758
14436
3016
3399
5617
13899
6152
15865
4846
2232
3439
13644
8405
53
14957
8041
4873
8647
9546
3348
5060
9982
8758
135
6953
9544
2755
4143
12806
1751
12024
6052
4533
9474
14272
11101
12280
14252
1485
14306
14322
6368
10466
10102
1285
4818
1451
5695
4400
10138
2450
13302
14950
7153
10914
7946
15692
6053
7310
6263
7493
7645
211
4122
7329
12081
14275
14686
9224
10522
621
8024
5319
1413
14692
2007
8697
14665
10109
930
1551
6654
10957
3112
3768
4572
5550
14112
10600
15357
13634
3384
14452
12513
1017
14832
615
10628
15326
14626
2437
7051
13672
5195
804
6641
3289
2616
15850
3724
11168
5958
4152
14414
1486
827
7517
10788
13453
12994
2179
1743
8293
2846
3639
3687
10318
5610
878
3055
9505
6484
9061
4471
12285
2198
48
3931
4646
13475
7572
15841
8020
8523
6567
8095
728
11698
13358
7158
3029
7536
12254
12623
8359
3460
1220
6376
663
1057
9266
9633
13770
14517
5418
10386
2067
13652
5320
9002
8897
10011
15646
2423
5109
11564
5430
1423
5540
4771
642
6020
8388
3402
6131
9363
12431
11566
7041
7890
12609
6426
4410
5612
10533
7185
2082
4783
5597
3107
14198
895
5709
14511
12981
1283
13053
1888
1036
13376
15594
4766
3251
14620
15669
3468
10187
5956
4323
13860
11736
10038
12123
8410
8327
15469
12571
15569
14719
3090
7028
16285
1851
4682
3717
2137
2403
13499
8596
14780
2943
10077
5927
690
1745
15351
11846
5895
7851
7494
5058
6212
12184
7415
5641
16194
10997
2191
3084
12029
6911
16027
7254
2492
11129
13512
12176
16338
5224
12209
15063
2830
6197
9337
14451
5116
8510
2801
4634
334
100
15846
3921
10820
360
14246
14174
3419
16055
14400
10210
5582
9641
66
8309
1104
8493
3937
182
5366
6348
7899
16096
9963
1188
2575
1841
7541
13223
15515
2858
3395
1665
14343
11749
807
3526
12775
8920
3290
3308
14109
4946
4488
6617
10209
5834
4043
4447
439
1488
10978
9076
7374
12154
914
13190
8198
1254
9172
13239
5801
3021
16267
2333
15517
14663
5606
11524
6247
506
6792
7266
10686
13048
13961
16373
8304
1219
3542
1332
13528
3551
13565
2272
11219
3391
10524
1235
12619
739
13364
11291
15319
16376
13090
13754
12993
12972
10041
11292
4329
14492
1807
9684
16241
13442
3447
15666
9257
1484
14628
4419
11131
11944
7981
5844
855
8577
13923
1696
2496
16254
11260
9768
11476
15103
5737
3417
7442
15835
3729
16214
12853
4247
15294
2666
1676
16196
13091
12888
7580
3214
10401
15559
2626
13806
16217
12646
6555
9739
12516
3152
16299
8105
8363
14881
8472
8855
1410
11983
16166
3292
4667
6195
4797
9383
5406
4045
5221
8129
316
3210
7830
2044
10676
1080
6759
15148
13930
10225
15542
208
2671
6508
5099
8279
12215
4093
12896
5143
13066
4569
5281
15976
14243
13731
2273
15516
715
4158
157
6229
7284
6883
5939
9951
10098
12935
2162
1558
10201
10678
10272
3427
10941
12047
7704
3059
12354
1205
13148
13734
12204
1198
8507
11329
13271
1744
6563
5443
12264
689
5481
10334
12591
1709
10651
8766
13810
11300
4374
12834
2414
8125
5445
12169
15731
9919
6230
444
11993
2329
813
2290
7508
6138
13503
3587
6799
11082
10993
936
14991
14106
2300
10611
10033
8355
8746
13045
2631
13813
2433
1345
12702
7706
4165
11539
9422
1552
10468
14036
7274
7547
14446
6329
14410
2642
9125
9979
6081
11672
4629
13404
359
2783
1880
4214
7620
2646
15796
14176
7459
9574
8994
16156
15403
12962
618
13067
14269
7783
7337
9187
14154
6030
7988
5999
4943
1748
8923
14681
3358
14430
14299
1472
14090
5957
12371
2169
8578
9263
2261
8477
4578
7896
15690
11097
6467
10787
12018
421
8857
14030
5433
11386
2105
10440
2617
11516
12483
8623
13596
11802
14460
10922
7181
12802
6218
14216
3671
10966
4862
11342
8216
11833
12045
6089
6087
8846
5473
12441
6480
8285
6405
5282
5571
9288
10178
14722
3885
15558
15185
6764
12527
11649
10239
7175
10237
11
5192
14525
8611
7162
13660
12930
3428
5121
1914
15387
12009
6698
14146
994
15309
5643
13880
14507
6377
8232
2798
4716
2463
