6911
14122
13765
3579
9138
10908
13227
16133
4746
15846
1223
14300
10012
14661
7957
14167
6649
6016
12719
8805
10328
15953
7836
2324
6340
15718
6844
10763
10166
14214
5351
15004
4813
14544
11616
13736
12894
7913
14775
8817
10235
5760
756
2257
6240
15894
10789
1287
14418
13687
3489
8598
15922
2121
4440
12524
9208
11525
10399
996
14504
14537
13313
5520
326
13259
2273
13317
9956
15002
2851
14434
985
11626
9286
9913
6637
14711
5729
5738
1342
677
10705
8503
2228
5727
15403
11877
273
8350
8394
9070
9806
14651
8479
1369
5989
860
13806
15745
15619
7191
6436
8823
12439
8259
14371
1694
10371
225
13327
13182
11454
6734
5995
5329
7729
5229
1567
11801
11790
15114
10207
13110
6184
15361
12552
14516
13464
7668
937
11029
678
8510
258
597
1554
14663
9355
14884
9985
4486
9222
13404
14900
4580
14691
5925
1204
15089
1243
11465
5641
13922
7330
1527
3223
1234
2587
2231
7983
14584
9610
11508
14327
6702
15064
740
9785
13645
5622
5998
10308
5090
7679
4793
11978
3931
7781
9017
819
9191
1893
12827
13924
12601
16219
15544
14343
15465
4423
3885
15328
2977
8522
14460
3113
9709
11219
7657
12526
12379
10046
5720
12014
16047
7471
10193
4038
11432
7676
15724
10325
5566
703
924
3180
14399
9442
4958
15600
9592
9396
14617
616
16278
10322
6206
2440
10547
12537
2454
3511
5944
11918
9634
14140
1436
9158
3769
14102
9590
7930
11177
12696
8455
6807
14006
15566
10074
7918
3081
10978
2357
2823
10035
5473
3649
8290
13858
13385
14153
1810
13815
11001
685
8379
7768
2438
8604
15841
3529
15204
13089
10905
11376
6174
13720
8061
6144
14381
11004
4919
13048
12179
8753
559
7206
3286
14206
7784
3396
4845
7276
12875
127
561
7868
6566
10878
8331
10216
13725
2716
2789
9994
882
5061
8931
4541
14216
15305
12
8690
3828
2278
7667
14351
12683
6686
15807
6666
4581
2280
8197
3107
4214
928
1087
14017
10173
3435
15026
13508
9256
5581
7841
6625
15316
15821
14564
235
3230
14905
12146
10083
7638
1442
6092
6842
14881
6703
12053
8979
13191
281
10924
12043
7356
14185
3741
13213
6516
1551
818
10646
11270
3001
4488
6861
4097
9642
15594
2112
7312
8288
14106
11345
13493
11864
7577
15285
16197
9386
3016
9959
9383
8888
15293
14176
3868
3624
1278
6438
16259
14915
16193
7385
2560
3268
2754
8186
10294
8796
3189
9767
478
13988
11669
2796
146
1910
10810
5150
10225
3605
12291
13575
8543
4293
6708
3558
7838
6068
2791
8007
6283
2325
14899
1837
382
3238
1010
12934
12480
14701
596
7442
10586
9809
3381
14477
1659
6675
11799
13318
242
2731
4664
4603
15174
2436
12484
16313
3219
16287
7554
3866
9966
4710
6091
9583
8757
9049
1544
3133
14193
12938
4731
4926
9201
14241
6165
11190
2680
13496
7978
8263
15714
6576
14368
11143
14951
15999
6444
10100
7776
6362
586
9346
2922
12792
15246
16367
2490
9887
1085
2804
13902
7298
14289
2428
10384
4663
13727
16055
10904
3917
12578
12645
13175
7181
9608
180
10694
3097
3738
13863
13165
879
3984
14532
15746
9506
13594
11429
10629
2215
3217
9546
6194
3580
11570
495
10536
15160
15798
7742
5820
10363
10277
9688
15071
8808
7183
1635
14623
13440
7727
1509
15744
14067
16083
3298
2424
12653
6679
5135
15973
9876
13083
10607
15661
7969
4185
3503
2797
7125
8815
12346
10461
2955
9746
7840
12783
6029
3806
10444
3539
14358
11802
5294
14628
10889
12652
8035
15401
395
15235
2076
13091
7941
5592
6427
520
858
5499
11537
8734
7808
12196
6372
902
2306
4829
3718
7998
8655
8172
6810
11520
11715
2877
11152
7718
175
6555
10669
6018
4900
4319
3328
1390
1701
11580
10711
1214
5690
15467
4165
973
14190
6638
13637
10644
16246
6796
1378
1654
7520
14802
14587
12611
12965
7618
12777
12557
163
11487
3881
12327
2570
10623
16252
15121
7443
12544
10633
2878
9805
472
6190
9890
7787
14903
5500
2098
6276
8668
8170
1974
8225
11082
13294
6097
3962
8268
12101
8887
13538
10600
4074
638
6756
3717
10590
11663
5565
2291
4593
11499
9107
14522
14012
13943
1427
4099
14773
5277
16118
3760
4756
10258
16003
5780
669
14885
11185
4332
140
14867
16154
810
1649
10836
1872
16111
8926
3235
16177
7938
14817
5241
3802
936
9143
9840
15723
7889
13802
13009
11330
2908
10549
13068
11344
8181
2671
1430
11658
705
14765
4548
15187
12333
13751
2071
5937
5060
3079
2024
10879
16115
13614
11467
12758
7799
12665
6072
13137
6747
12974
4485
16279
15758
6344
12444
13319
5009
143
1869
339
5717
9034
1838
4041
4125
4238
11431
8532
11256
14630
14736
3736
9603
11062
10240
6203
9109
12438
9837
12123
16290
10220
822
4392
7472
2208
15705
12755
5956
563
1047
4008
16102
14607
807
6870
14262
3227
5236
3317
15498
14512
12720
15777
3329
3865
14492
3573
12401
13638
2107
1946
3929
14897
13042
6849
868
10521
12969
15395
11356
14572
7703
13992
10260
4878
9727
6084
3026
809
2898
6928
5700
5987
13668
12024
4089
10640
5069
9343
8524
5576
5195
1960
5709
634
16195
4716
10503
11301
1735
10373
10210
11586
1774
6207
13986
3864
1850
15393
8771
16205
3892
5103
4305
1699
4225
15572
9633
3308
7892
7188
14316
16206
5194
12585
3775
6731
13640
15270
15234
6578
14811
10762
6305
7153
11383
11941
7420
5146
2625
2033
15843
8934
12767
15024
1397
6594
11194
13398
402
9374
9046
13177
4565
10468
53
7636
8856
7686
10820
8898
13427
8818
14259
9298
5684
13690
6028
10027
8769
2008
12316
7016
1437
14400
5461
10829
1136
6997
517
7138
3857
12335
7409
4671
13597
2871
9018
9358
9620
2287
12050
1758
12554
6875
5203
3450
15072
1457
11860
4874
12509
4438
8916
6115
2429
2811
11430
3597
14378
128
12113
4389
5492
12588
6294
4363
12006
6633
2533
13829
14535
15804
6100
9954
10200
15722
5800
9032
15995
3521
9315
8792
11871
7316
11980
3401
2065
1493
7558
15712
9472
1897
1828
12513
8850
9147
3572
15806
8501
3879
8545
5519
13540
10077
3487
13221
10551
2676
11235
1494
16359
13454
3615
2006
9501
9481
5412
3143
7494
9713
8586
7810
915
15701
6590
333
10546
4796
5611
6730
5506
1088
14911
15075
10454
186
1284
14252
9221
10649
10404
6419
15462
9447
3229
8162
6167
7083
12330
3807
14089
2972
714
6127
1403
12088
8049
697
8330
7118
3756
1519
12688
16254
13339
12775
369
14266
14394
10267
5430
6293
2936
8221
437
3832
8568
5856
12773
13159
7685
798
5314
16236
12734
2388
6387
6690
2332
14312
7290
12328
16255
10849
4692
2873
7764
7334
5978
2372
8672
15161
4908
10833
14278
15378
4633
1296
7186
2667
3207
2153
14220
15585
14410
405
7468
15816
8990
8694
7184
11680
10528
4443
9319
10631
8077
11943
4484
2318
11721
1272
751
13028
10735
15433
6732
1947
8750
9502
4647
7295
3876
7628
9680
5590
1122
14892
13884
16227
5120
2074
4482
5227
14603
12951
10728
14211
11843
15452
8513
15144
3614
10184
14464
4983
11809
13027
2123
2568
13069
11098
9423
3789
15781
11162
1754
13080
11305
374
61
1281
1534
9504
14329
582
7501
5883
9188
16329
2934
14836
15278
12741
12445
16188
12300
1319
3023
7390
15077
11592
8050
7959
10934
6760
7597
1782
8378
14072
10011
9899
15428
13186
757
10412
11696
3709
16358
1410
5057
2638
7009
9217
5569
5596
3719
15717
6215
9670
8277
13258
10532
8502
12173
12136
5966
7014
9145
7664
11019
4673
2803
9563
12421
4947
3532
2481
2067
3156
735
4156
5006
4
5285
6623
7979
12475
5858
10715
3704
4069
11506
3070
11545
1917
15651
10667
13243
8919
1891
3363
16345
764
15527
12538
5707
4212
16342
3046
3136
5525
11792
5224
2886
5498
11854
606
2995
13078
4912
9755
7187
3022
10177
14737
5981
10057
1631
975
12466
14034
2558
6601
13583
15347
15667
14847
2930
1422
7630
13120
7511
5685
7609
5085
10838
2738
4937
277
380
8060
3725
15207
10236
5398
5647
12751
9874
5747
3496
8670
2446
4325
2043
6724
5338
7991
15918
7589
2195
15854
3589
4345
3740
16250
2068
15908
1009
8851
12888
9934
2217
1414
2945
12936
8575
10837
12897
5649
14014
7568
11497
10749
415
8012
4491
8411
13247
6126
9425
9494
916
13275
14267
13344
11837
4670
5376
6417
15513
14994
6846
10040
2583
12150
11064
6721
4131
641
6060
5002
14090
10007
716
3480
1065
3983
12286
926
12704
1851
8481
9412
8608
3140
13057
8357
10733
15740
2051
65
2281
5994
6105
11484
6151
14992
8428
4691
2110
15635
2298
13682
5822
5382
474
4972
14753
4177
14806
11140
11278
9426
5059
15384
6015
6717
4946
7438
342
14230
1932
13432
14734
91
11196
11389
1755
14261
4011
7491
854
6878
7851
16327
6477
6330
1922
748
5503
110
4315
8412
6312
4980
4452
922
3702
11422
1450
3805
3103
5830
7607
1487
10639
2055
11529
12571
15507
9549
7734
12512
13805
5594
2773
10065
16292
1051
1420
1844
15755
11336
11146
12428
3637
12549
4376
14233
1900
3742
4161
11051
6451
1653
4356
1474
12033
1663
11964
16356
9089
618
5462
8387
1852
238
9571
2375
3199
8293
4083
4815
14338
11917
15279
758
15205
3875
12795
13911
4397
8880
8333
2666
3019
5080
8561
3932
3432
9077
3629
14514
6570
6902
9864
15812
2726
10075
5809
2488
10228
7555
5339
12025
10839
14109
9697
5017
14359
429
1939
7049
8297
8904
13141
9174
3105
11785
14231
15297
350
12374
3141
15860
14889
12375
7755
8272
4781
3845
7855
12308
8693
7392
5736
562
4444
10714
11464
11542
13823
8685
12750
7489
10488
11770
16276
7665
2818
3502
11125
13214
14387
1561
10917
4114
4646
5312
3244
16217
7441
15303
13509
12760
7615
6539
1486
4538
3243
15346
3965
5442
8751
2060
13550
14964
16150
8768
4160
14756
8687
222
4250
13264
1916
1892
15637
10429
2346
4391
11202
1938
5076
3598
8426
11261
11791
14980
3440
5651
12429
8471
8101
7498
9144
11252
15313
14347
8950
12331
14237
15154
5116
6634
7634
7856
4754
2708
5840
15243
1213
7572
15290
1321
7860
15796
6586
9714
3648
10573
4199
116
14290
2944
9205
13414
8637
15019
14493
8812
4570
1019
906
359
12778
11114
12941
15003
12649
8102
3815
8523
407
7560
2696
12605
6219
13934
6465
3505
14957
13470
138
15593
8599
10739
6737
8400
14999
4279
11997
1465
69
8515
5697
16192
3791
14882
2367
7180
16130
9359
14752
13019
894
14719
3826
14348
8632
8620
15475
5044
8460
8217
2732
16379
1768
214
11277
14722
11825
12474
1624
15216
14313
15558
3411
2531
5587
4063
7291
3819
4959
1252
16328
8121
14810
15451
6136
14470
2192
3622
15434
10866
10446
8430
13180
4986
447
13760
14250
8163
7526
2759
13446
13130
1237
9424
12642
9963
1297
2951
4448
1426
15402
14062
15522
4280
3068
15139
8015
15678
6304
5228
3178
10478
6429
2338
11334
15353
6636
11717
7381
5919
3753
14996
8980
4058
1060
11838
50
1620
3300
7663
4503
7325
7417
12990
11505
14509
7721
12957
1254
8747
8966
14426
6399
9272
13334
8243
476
11204
15141
15988
12169
3584
539
15903
1928
8431
13144
10915
6541
3609
9131
13868
799
15891
10130
1020
15837
2987
7543
5130
1918
909
4585
11863
15997
5092
15259
5723
3588
39
3119
2947
2484
6828
11260
913
11155
13490
7731
14076
6599
13561
10295
12387
14427
13169
16286
15810
9399
6171
7447
738
7963
4104
2632
15254
15375
5828
2414
7575
11299
7461
14384
12114
8759
13660
41
9141
15589
7750
6926
923
8356
6108
5180
6546
1966
1832
3096
12723
6222
11674
2494
8156
4944
199
2801
13249
15336
16164
8037
79
10241
15548
8766
1943
7355
1217
4045
6806
4447
11048
2058
11269
13671
9227
13995
11374
4388
12836
3547
3313
10803
998
4425
13633
8116
12083
3291
16043
7853
13100
190
2828
1327
310
13978
3566
692
16074
5270
8723
4833
4619
3434
7678
13435
7054
9572
3014
14830
544
15299
5819
12483
99
10162
4750
16179
10858
11702
4649
5784
2981
10349
9022
6784
4607
11867
5219
3694
4775
15287
3035
15764
10967
6862
5789
13843
8373
11370
602
11084
4648
11599
5798
1255
9499
68
2025
3417
9279
7769
8706
8
9020
15409
16093
14551
1226
4699
12017
6501
7195
10098
2125
2339
8042
10093
14925
10814
14215
5606
11045
8661
10507
2763
9378
11396
11317
4814
13963
5361
10402
8118
1773
14031
4668
16288
4395
15831
14831
5149
3508
1014
14706
3630
14107
10741
16125
12761
15741
15331
2787
15376
5975
4409
15184
15063
9259
11268
9002
3303
14723
4428
4197
13276
2617
12803
4412
4514
2928
1479
1258
15099
676
4805
7342
16354
3690
12967
12981
4141
9476
16027
3468
673
15457
13417
11251
8247
11402
1218
14941
10383
7176
11998
16266
11550
7904
16331
1117
13642
7908
7620
8452
7907
8034
5715
7421
10413
3961
14989
3698
10732
3682
16025
15249
7800
11565
3915
9579
14774
1719
7043
8466
4301
4834
15885
10187
3336
3377
10871
13392
13232
9373
9565
6003
16277
8418
3527
15497
13195
14135
5094
3824
4017
7696
8596
8397
1005
13030
8713
6252
587
13809
13718
10609
12244
14228
12798
5290
4026
9233
11839
12188
13905
7401
14160
10582
5433
3027
9535
15221
3556
14827
10359
317
7119
11881
12460
8177
13371
13124
8324
4583
1119
10596
1415
6027
2860
13587
1526
6804
7432
2861
6249
1001
10109
1438
644
14199
367
421
12250
15051
1448
10487
6183
24
12824
16032
1389
1064
10433
6519
12295
9161
10078
16124
690
8306
3714
12781
14740
3945
10670
10971
9170
2320
10784
556
4968
4822
13096
4847
980
9074
7177
7324
15466
8254
15061
15562
3292
3011
5849
2152
11406
289
2549
2297
5598
16347
16030
2973
4625
6960
7050
11857
3761
5431
153
2478
2202
3671
10699
2746
13253
2599
13865
1914
8083
7285
9130
4887
9113
1836
4787
3799
4836
7976
3639
2191
13841
8578
7192
10431
1072
12303
8944
1499
7320
5721
16066
11451
6981
12221
2837
10864
11043
14074
16157
12807
8640
5959
8454
8343
14571
1843
1840
5310
3594
15633
10104
10516
7068
4399
6613
541
11821
15106
3635
5022
13324
12511
16201
12541
772
4563
11610
1809
2529
3989
11110
13620
7131
11641
15672
14118
11853
3927
11670
16081
5704
13939
194
1791
2866
7158
13095
11355
13085
10171
3384
1901
831
15827
14609
5404
8652
12995
3186
12818
7148
14717
15247
7850
9640
3921
6503
7038
3604
15584
6024
10648
2269
14561
14821
7306
13871
9269
629
7100
12090
7709
9409
13226
12693
7433
9984
4016
746
967
11423
9493
15675
8063
14096
15264
3108
6744
10956
3608
2626
1961
15418
8886
14682
12174
1148
4493
7873
2465
6042
17
12393
6851
5591
16190
11059
4623
1351
10854
6873
6076
408
14910
12810
5658
12856
8192
5898
7208
436
14486
15339
5954
12573
9324
9810
15541
5656
8758
15055
5902
7039
5667
3415
12560
6104
5368
15103
9559
9552
8283
779
2656
8518
3676
6014
9621
2421
2149
864
1144
9068
12371
12656
9035
10865
16273
2087
10126
13847
15084
871
4948
12763
13006
15532
13345
2479
12071
603
4340
13684
12613
13989
12702
9819
13467
13358
9182
2130
10287
3934
10254
9550
9691
7102
16352
7538
15255
13999
4918
1038
5642
4121
4869
11038
938
9525
1202
13854
14508
11179
1682
15553
3106
3515
282
4096
4080
711
1358
15127
14576
2939
16268
7824
1628
12971
11544
5953
1612
11203
4740
11244
14862
5408
293
2882
13697
7040
3024
8504
5564
5752
5952
13155
7826
1022
6116
4956
1187
9877
2867
10622
3552
10253
13284
5148
14251
2483
3519
6331
1725
914
7858
10860
6547
1563
4595
3197
13150
6156
10252
10564
1173
4697
11930
11091
13599
5783
1820
2277
15311
1833
16194
5213
15449
14657
9150
5815
13340
7606
699
3510
12271
13784
6000
14377
13378
8580
5597
261
4136
2393
6876
10145
8393
12610
1377
7266
6213
8136
10192
2618
7026
6341
965
11740
15321
7475
16295
9738
13209
11447
1884
10119
5470
10538
8860
7439
9418
11342
15032
10447
2242
9255
1562
12919
532
2624
8624
3722
2693
7128
13281
3184
15095
7846
9021
7151
6446
10071
15861
9517
15325
9452
15524
7065
12641
11655
3953
2888
12301
8908
13748
694
16014
5460
15010
13173
4901
13672
12027
9687
8075
5777
745
16298
10970
8485
11362
7834
2181
2108
5584
4951
12616
272
15665
8765
15652
12508
11885
13711
14857
15251
2036
12086
16123
3638
1275
13434
4263
11424
12125
3940
251
1084
8921
4830
10513
8450
7994
10449
4477
4762
3039
10797
3350
13576
10436
13315
3913
6266
2010
14803
3790
14851
6797
12443
2040
7155
12313
2884
6170
364
5450
8507
1831
13783
11407
10823
13786
6577
3750
15047
4465
5904
3557
12178
4066
12998
10332
9382
5268
9264
1652
5801
7974
11350
11181
1750
3656
16129
9167
8678
15687
5326
12939
10370
7894
14245
13198
13873
2321
5028
16073
6712
15793
1698
11638
591
392
13596
1371
6114
5848
15676
9097
16267
13824
4200
15162
3318
2245
12651
6859
9910
15337
9431
5906
14901
3941
13205
1760
9513
9118
1926
4961
8998
11089
11275
5515
8920
8745
6877
15166
14483
10467
154
54
10305
9389
8813
11623
12423
12681
4166
443
15766
7228
5204
5942
16377
12568
777
13678
5664
11646
10999
4572
12245
2983
10687
10506
907
4127
3822
13579
16282
11199
1424
9615
14863
15588
5964
6147
14968
323
16001
4680
12612
223
8301
2003
13810
13412
9545
12434
13206
8260
8439
11021
2581
14506
3861
5634
7710
7294
8185
16044
11414
13236
3522
7221
15613
15252
8366
7327
16225
4365
2687
9369
335
2182
15533
10510
11772
5730
4001
12935
7349
1992
1333
11904
147
10760
14475
5064
3517
9012
13741
1372
12992
1256
3538
15899
8798
5501
2423
10929
3065
4723
13260
8870
6707
12312
8159
3494
15411
11518
12860
2253
9160
4191
13199
10882
7531
4771
1183
12574
13325
7911
2155
11576
595
2915
7693
12341
1073
11920
3310
5419
13775
14459
8262
13907
10707
5176
6595
2442
13000
9861
5666
5458
11989
9005
10237
12177
5007
3525
2035
8214
11097
9717
4402
8231
1128
9061
3595
4282
15519
10462
13462
6056
5438
15037
8024
6971
4849
9849
14949
14792
9444
2846
13658
5201
5508
8897
2761
14746
15508
15028
4404
7905
11332
321
12607
966
7928
2105
2926
13635
11171
1969
6278
1129
14988
432
904
1361
8079
2365
1146
8564
10561
1407
15329
7932
8901
13326
8462
6777
10570
6933
434
9808
14164
5416
10847
7940
3279
4704
6768
4667
6096
10081
14541
3176
8699
9275
6350
14063
3436
3424
4103
7534
11106
15834
866
8209
12366
5983
2460
9066
4675
15276
7418
5464
6058
6789
11455
9926
10941
814
15731
11587
4757
10553
3853
3969
9091
10651
3080
10675
6037
5016
5402
12962
6210
8540
786
9587
4367
1594
8422
4269
13734
1569
8461
1299
13374
1826
8441
11249
10850
12805
3224
5573
10912
7687
15844
12752
16158
5472
9406
3689
15998
5805
7754
7388
10354
10718
11020
7923
14306
3548
7416
13338
11691
6290
6894
5861
14365
15445
8158
5252
3460
14033
12564
2259
8183
5108
12915
7120
14914
11369
12813
5825
1618
8253
14416
7368
9013
8211
2276
11577
8196
7173
10688
12636
15194
6752
5104
717
13618
8309
11532
1686
4732
5001
3783
4052
11771
8070
14071
8237
6663
6192
381
5192
10133
5084
2255
7993
1023
15542
12100
2859
9824
9379
5225
11343
6990
13402
14604
13463
6110
1738
7533
1370
1216
14415
7699
13459
4463
16160
8369
2462
12785
7077
10601
5633
7384
8491
11079
7219
14465
5680
13657
6099
7806
682
4094
12997
6687
10138
7302
12958
6520
15898
2868
8924
10657
4362
4741
10343
4635
14886
13807
13062
9851
7707
7735
8292
5185
2054
859
9644
3751
3459
6407
237
4651
2157
2635
11221
10985
9465
3051
14714
16080
8401
11567
1317
3840
16369
7893
12595
824
10382
15956
14771
11540
14997
10834
13082
1878
11739
13299
4999
3225
9833
8427
14161
9683
8480
15684
8229
11890
13373
3456
6342
4042
16316
877
8642
3985
14959
2032
12306
10318
10205
14007
2633
14606
1481
172
11049
6509
16198
13539
11899
13405
1582
14679
3516
3478
8045
1236
4518
9614
7953
6082
3677
13876
11581
15352
11903
737
1193
7849
9240
6487
8155
14047
3693
13857
9232
11111
13600
2826
2785
9988
2637
11200
7645
9033
12546
16046
12982
1801
12521
10713
4550
6139
1550
9601
16332
3545
13925
16224
4543
12547
9405
9478
13694
15373
14430
11013
4606
12950
13649
2311
4164
15115
2541
14626
6334
5328
3050
6896
6662
10756
7581
9957
12841
1723
15921
9528
16242
14650
1282
3041
5585
1700
8103
812
10307
15809
15136
211
4734
3825
10661
3326
11292
1860
968
1933
11323
6196
15725
3054
12580
598
6907
6813
6770
6764
11198
3911
7566
5895
14315
1859
4329
10185
12937
2452
10729
7091
2662
4889
371
10742
14287
1166
1764
5196
12906
4474
14345
13851
11498
4003
12660
9900
3486
7604
11112
2170
7623
14147
14420
10215
4296
11705
15142
4994
489
8845
614
5962
1063
6382
15133
5031
8832
6265
16338
15371
9403
1757
8339
6406
8223
13203
13719
11583
6527
11598
4770
16230
10778
10406
8841
9933
9320
10770
16122
4665
4818
13024
15559
7510
13940
2562
3831
14664
7132
11238
422
13609
8727
11478
12433
11914
4782
2203
9955
7692
15642
11847
713
14438
11846
3191
3823
14979
5145
10395
16234
9588
4909
9015
896
3170
7415
7508
8793
8958
8497
14339
9801
2000
13482
10647
15165
14123
707
14273
4109
13103
3996
3003
684
14321
14611
9007
13887
7233
2998
9947
15343
8364
4320
4560
5245
6836
7740
10218
942
11807
12002
3320
4175
14676
5413
7964
3836
3253
10991
8368
2679
7997
11755
13117
4930
7297
9212
11099
13798
15565
3739
16184
3611
11365
3986
6291
8686
10401
3358
6618
13938
16322
5934
9763
12972
5189
1684
2018
11712
6237
8555
11852
5616
13772
6044
13323
6204
2795
4093
5437
3937
9679
14708
5109
8589
5541
16300
4449
10219
11774
8913
12344
16170
8890
14114
8291
13789
4372
5860
13472
40
6415
9129
13654
14534
7243
6868
795
11662
12658
7565
131
2427
6579
6688
