4009
5284
14606
14778
2830
14088
14183
343
4163
10530
2948
5884
9908
231
3286
1746
15293
11380
701
10316
7025
6840
2989
7159
4634
1892
1833
6274
11524
13552
1756
6263
11338
10606
7617
12061
16112
10172
7167
5031
5732
16150
6334
6753
3689
4686
11474
1729
2025
15811
14339
4271
13227
721
1568
235
15835
11482
5146
9381
5118
7354
4159
11183
12528
8481
15332
2400
10102
451
13165
10782
8497
145
7927
171
10303
5870
9204
12954
15609
12424
2945
3745
5088
9793
13734
12887
11177
3554
6230
8141
2628
9704
8195
15142
11659
11665
5205
11045
3353
2675
11273
9007
12942
9162
11481
7072
2842
5848
8181
820
12699
3041
15567
1723
14748
11452
15468
12432
12102
13415
6935
12086
247
7316
12159
11230
4208
15004
13879
2347
15676
5666
7580
7809
14666
5033
9989
12991
3097
12875
218
13089
15146
7560
527
5944
1014
12850
4805
13647
15899
5260
10458
9958
11870
7688
15579
11707
8910
8959
9110
11914
6665
11616
12390
1525
8182
11174
2619
5780
12395
10719
9441
10349
15693
15715
15994
1325
13076
11154
7983
2930
2301
3179
9199
1019
4046
5354
2943
7834
3053
10358
9082
5298
11601
7435
5802
4368
12568
10602
13409
15418
4139
629
7503
7514
4125
5134
13628
16072
12644
5976
10551
3161
6998
16051
11754
6940
12998
4900
3115
10359
1032
7506
2750
11464
7633
10384
14750
11662
14453
15436
15282
2498
11040
6377
2878
14270
5991
1067
2519
12868
13437
12511
8757
11956
14240
1849
4830
16211
10680
6416
1168
1977
2614
7994
5832
12475
2518
14389
1735
8565
10170
16345
14017
10390
16372
904
4814
2365
16163
8863
4128
15437
4325
15105
1234
9961
11496
2157
3717
13221
15395
12591
2809
6878
6986
6244
222
4460
5230
2388
2774
5820
2662
4086
13023
634
586
8008
3557
14926
5576
10869
3886
1309
2767
1787
14706
15627
2335
6136
10165
15118
532
16181
4412
14993
10880
13773
11292
2206
13702
8864
11026
7251
13575
1548
10693
883
1249
1936
406
13324
10174
15718
8249
16348
858
15201
3980
1657
8040
9882
1779
7323
13078
599
2919
6052
11108
10699
15481
2137
5920
5027
8575
5680
10081
9836
9366
16266
2674
10395
1497
8523
14385
2640
14068
13759
14691
14097
12151
1437
9143
15408
11392
2505
7687
3653
4941
8130
11950
1517
6156
3186
13624
11568
8585
9214
14987
12763
2972
14367
12272
11247
363
8280
13831
11028
5514
5897
14936
9446
15982
14435
8289
8956
2933
14392
11544
6615
10089
8033
13260
14283
8263
340
4224
3347
2703
4807
3959
13399
11121
10144
13783
7426
13065
10596
12694
1906
3867
305
7079
13898
6574
472
10588
15861
14063
11648
14528
16368
8462
15844
13910
5147
10780
13213
15056
7938
11518
3126
9003
2450
2248
4097
3911
12989
12934
9773
11963
15250
1813
7666
7620
9499
11692
3884
9592
4694
11226
10960
15159
5015
486
2535
10567
13876
5655
2363
13491
3495
12457
11763
10508
2031
1172
8643
8310
16089
1098
15224
8319
7209
5375
15509
1996
2354
7888
6765
15385
1748
5953
8236
16180
4631
9015
15577
5201
10668
3620
14810
11759
5743
9062
13545
11804
5466
14847
8393
2396
4642
10554
12025
11228
14402
6271
11632
15621
3651
5333
8528
12148
3624
10966
8381
2056
12921
6401
13778
3153
9074
15166
3917
12203
11760
630
13581
6150
3082
174
10026
4461
10512
192
13613
12965
12684
970
10306
253
15242
12645
9011
12581
3678
14989
7806
13971
1274
4793
1971
13262
4966
16178
15068
8422
7089
16097
6317
3510
13153
6493
1998
2530
16314
8692
14924
5748
11334
190
12309
10167
14278
14627
5268
515
4241
2361
10974
3065
12494
10941
6617
10816
1693
4376
11002
2944
15766
15760
11716
11316
2316
115
11941
11003
14720
2109
2834
15798
10333
4508
11297
16156
4538
8074
2700
11562
1198
5568
13906
2202
3929
10381
86
13911
12484
15016
11198
6063
13420
14800
4
13438
4342
1965
10158
12007
13470
8188
8282
6144
13563
1710
776
5904
13493
880
4644
16342
6799
9881
8147
14516
9438
15536
11947
6964
11422
8248
15991
13669
14521
2562
2
10114
6794
15086
2695
2817
5024
77
7174
14423
1947
11884
11912
6828
11163
6371
15957
4341
11928
1487
476
5034
12141
12788
16226
13850
6003
1507
2302
5449
1871
12171
13621
14188
3430
11320
15029
4169
3380
7090
4962
6820
15500
9578
11824
945
14863
3106
912
16152
10912
8376
9643
10752
9613
7735
16188
2533
14975
10441
7556
11691
11010
8118
4399
13727
12514
9270
14208
13341
383
1938
4060
238
14305
10295
13805
12773
15503
8667
16029
10385
2666
8539
9118
3349
15501
10328
326
315
2163
16168
2204
7833
15483
46
1358
14103
644
7142
11922
1333
4134
12794
14562
7570
13032
5559
716
13776
13271
2796
7247
6924
396
14010
14438
9342
778
13244
8158
8581
965
10807
10054
3321
3518
61
13088
11551
6957
806
9389
4328
7684
2102
10352
3638
10581
16174
11444
11864
1262
16151
3081
10239
12029
13421
922
9530
15532
9770
10657
15515
3957
2055
14276
7942
8903
3771
12507
12966
12795
3049
10560
6381
8206
6448
14634
4612
15782
14581
13458
13112
7773
982
8899
14557
3916
4519
10057
6269
6474
8186
823
12654
14172
10332
9671
5825
14442
4592
4792
1606
4039
8506
9449
4055
414
6282
5793
1505
13199
3208
8784
2748
8723
15602
8686
13397
9391
5351
16329
3671
7545
8190
2211
2086
12090
6486
9932
4869
15678
12858
4702
431
14304
6634
3454
13205
15677
844
13002
10647
14682
12088
14727
7622
13834
10408
7559
1110
7549
10768
5830
11589
12426
2133
14613
5529
10119
9974
13335
2279
350
16091
8572
1265
14969
11836
10292
9781
1792
15020
9554
2106
13772
16312
5461
1141
7722
9612
1917
12509
1209
8700
3919
11456
6075
2759
14858
9154
1797
521
2722
14321
799
3339
6248
9468
14523
1676
3496
15038
2072
12133
428
13363
3040
4606
397
3092
4258
13673
2968
7312
11694
14446
15128
13222
1625
9981
6526
6225
15516
6704
4200
14755
4095
9963
3842
2736
4255
4364
3237
16021
5156
13248
1155
2955
8810
2873
13013
11643
10868
13385
8271
4403
2849
2717
9617
135
11516
5464
871
14978
6408
7669
14410
1228
4202
4411
13731
15489
13780
193
11407
10737
5236
11335
2638
8595
640
12095
15023
9219
13687
14903
9282
7102
932
1151
15422
4569
11128
55
9905
11908
769
69
15184
6484
991
3331
215
3857
12759
10480
16004
15264
7651
2410
12165
1518
4401
2895
3134
1197
1453
15525
2340
8711
2283
753
11566
5602
5030
15647
5039
15488
5817
12938
13085
14147
10865
3400
5818
7659
10539
4003
6495
7665
407
13391
11559
12605
14297
7602
13576
7310
11310
10177
8163
10099
15359
6359
10732
9255
14564
4863
1332
9721
2470
10943
2331
15026
2224
4478
13395
6421
8902
4187
10485
13234
8166
5274
849
10556
603
16247
2352
11954
16331
990
13956
14080
5930
6703
1013
7352
58
67
5854
12926
10532
2496
5678
4006
4471
3330
6972
3341
8491
7036
3149
8973
14726
6783
2570
357
4571
6907
10879
4354
9644
10827
4716
5296
9851
9164
14220
2214
4335
8445
11478
6010
8761
11094
10835
3901
2075
12293
269
9858
12262
2104
9320
4812
10242
3753
4361
11491
10819
4645
8668
4129
15683
9478
8660
4174
12793
15827
2891
457
233
3803
14893
10590
7700
11832
8768
6751
8695
13752
792
10812
12922
13584
1219
2246
5519
15623
7056
4641
6161
4052
15130
8914
15928
13202
5415
14072
8347
12700
4699
10906
11740
14543
4690
3701
179
15953
3572
4553
16281
1614
11296
5370
4499
12687
12864
10124
1115
5679
4212
4801
11493
3712
8044
6301
16309
4283
4437
13902
4840
12779
650
3662
3902
8712
8951
10427
13331
839
5823
2413
9170
1808
6339
6255
921
7469
3083
10330
11024
12374
15725
4709
2935
6385
7364
9460
4970
15885
9844
15490
3937
1620
16256
5388
7195
3455
1284
13129
15058
10584
16355
5157
14702
13360
6219
14598
6756
7889
3964
2068
12923
11862
15349
16082
0
4225
4452
12535
3469
11545
2346
1287
6556
14534
10878
11397
10338
10566
15613
11499
587
1213
11173
3212
14895
11263
884
3121
14970
4655
12081
15317
96
4456
8851
2906
12363
4525
7784
2493
10531
12806
9117
12545
11201
16370
10434
6177
8421
10016
7375
12336
6443
614
13627
1613
1319
10496
1081
8187
6333
3954
12377
9351
10404
2244
15209
16075
15364
14465
1194
1732
497
6347
9267
9645
15534
7493
1075
7122
9798
8653
11285
3290
9227
8832
9736
7407
1503
2821
5593
5380
1546
4453
11619
7117
11502
5985
12987
1952
943
9287
14104
3213
5939
509
12611
5757
11077
12067
5674
1082
4827
10436
1638
15743
9634
348
1923
11147
1438
4446
6268
8921
1502
1059
5784
196
13677
1885
11765
6330
7434
280
11910
11647
8622
1441
12251
9258
6669
10431
12717
6656
10340
13009
1103
11150
13
5913
12059
15180
12459
5365
1449
15780
2856
5595
7128
8759
3036
6114
15456
4927
1641
2321
5366
4665
15009
15012
5183
10108
1509
1188
6170
13087
12526
11119
6187
3588
8753
10098
1036
13779
3905
5786
15446
12428
5443
3906
11785
14794
12357
13275
8807
2947
13267
6825
7319
7153
4333
8354
1299
3690
13115
1432
4971
13257
773
14222
14495
4074
14746
8301
16357
7271
8516
719
3354
4738
10150
3813
6676
354
15181
15750
13951
10781
107
6822
2716
1675
12859
7281
10818
4842
9702
2829
13309
10231
6913
5798
3185
16142
14350
8362
9348
3975
9802
9577
14053
2908
2595
9405
15117
9317
4002
14594
6392
7186
11222
5688
1015
983
14783
3547
8693
9537
8399
4297
7670
6807
4719
4480
2622
8817
13798
5586
15822
13210
7392
12690
9384
4207
11065
13056
15808
14677
9275
8983
14701
4323
13425
3276
12969
817
9559
11277
7968
9191
7045
11537
2528
4049
4717
14074
12669
10272
3247
4047
4434
2661
2808
3764
14797
6683
9146
1003
12197
2313
9096
2091
15634
11203
13665
6037
7934
8476
3660
6752
6989
9001
10534
3313
9278
15438
13720
7155
5500
7704
9641
3677
1259
5331
1046
3445
9153
15392
6728
15589
6904
8544
11347
4597
8984
14619
1783
14996
10342
7123
433
5186
138
5630
10287
15415
15846
7536
13148
13986
13097
4777
9964
12503
7705
9276
5761
10168
10933
11210
10373
15199
2865
867
4167
829
7175
11161
12177
2269
8886
13236
2645
6806
7158
50
12878
12231
10084
9587
7171
4923
8070
15373
784
14840
6970
3802
874
1375
660
15448
12379
9551
6313
13558
7063
1420
3735
3794
9862
3395
1321
12978
15466
1803
15352
855
16269
10088
3107
1916
12722
15124
12431
14312
12831
4290
8198
6155
2029
5760
2953
4986
14986
15980
9295
9496
15081
3940
3243
15950
11556
3370
15570
2790
12792
3871
7523
466
2660
7447
5486
1394
12241
15106
4523
13553
9942
4587
5285
1295
9747
3151
2407
5845
12625
5308
9424
13177
2778
11088
15889
480
150
2006
3787
14574
1481
8976
8961
7778
6432
3961
14163
6172
14450
1083
6185
5949
5617
7450
4157
3614
4991
13051
8229
462
1250
7959
15981
9038
4848
2915
10235
10798
3360
8162
9026
3669
6844
10829
6618
10652
1463
7856
9491
11004
8334
14811
6048
11749
11651
766
2758
324
7320
3453
3371
41
2522
1066
139
4946
4014
14934
4370
6733
5194
5590
9533
13595
12456
11260
7484
3521
2061
1618
4776
12422
4223
10479
3031
3578
5182
2383
4782
11455
10796
14592
461
1144
2229
420
440
10968
8510
14825
6108
11577
10820
10311
7613
7361
5342
14359
7215
7905
8088
7369
6661
11563
7096
11055
12499
12826
13387
15769
2134
9329
7851
40
15497
13817
14476
11162
5719
8340
3282
13833
7680
5841
8045
15955
7845
6628
4356
12565
9508
10889
36
29
11807
9188
10855
5512
7355
2066
15730
6938
3424
3288
14269
12009
12255
6981
12180
9510
7080
8741
9387
3579
9715
6993
13924
13164
10021
12092
10908
661
16244
7494
11854
13562
10199
16369
4192
3128
5401
8969
7208
11538
11931
11550
13173
7921
13132
14301
7487
4124
13343
5971
10860
3450
4509
4932
13943
7478
3809
6483
1031
15065
14719
12285
288
13128
593
6999
14541
11535
10917
4321
13864
8168
9719
382
10182
3718
12803
12017
10309
3154
2178
7066
7290
13103
7252
12804
6627
3378
8429
7638
11645
16066
7015
7011
11555
5924
15010
6787
154
4012
11074
15396
2850
1956
6696
1286
13616
10236
15022
10717
3112
9013
15195
10146
11779
4308
13803
5890
15239
10197
8385
9941
335
9368
5371
7100
6834
1338
7160
3960
10516
7501
5634
4770
9123
9271
13559
301
14187
6883
16222
4233
16032
8459
6430
7897
12156
7952
9104
10734
12815
16049
7738
4487
4846
3763
1741
38
4756
4951
9546
10499
3560
6739
12058
5019
4344
15801
13994
11414
2871
2791
10745
1112
6089
5005
4639
4949
892
6151
6280
13655
15770
2369
12423
12354
11172
9856
109
14282
16259
11324
5343
9669
6205
4397
2749
15189
14256
14831
9442
6380
4945
1318
15145
12828
4672
14504
15965
9344
1534
1306
15425
10113
4278
6378
8224
9713
14146
7295
11851
16124
14451
15174
11268
2151
7243
4737
6198
2194
1809
5399
5534
14362
8779
4421
12710
3466
9824
10298
2287
15542
1533
3709
11051
7373
2320
897
8715
11076
642
12994
9354
6446
925
14307
8360
20
5400
7727
6236
5188
4176
658
5816
7850
7024
11849
15078
15791
1484
14035
10497
3297
6073
8518
5779
7552
13207
12401
6067
16042
5326
2090
14271
14273
9057
7415
14998
3684
8838
13996
16060
178
3627
15606
13674
12450
10469
16382
4824
4115
5691
1781
1720
7528
611
2057
1795
10173
11509
11722
3621
15249
11543
10477
11232
9550
11404
10064
1395
2440
4181
10841
7466
7975
4360
12733
9870
7790
2673
54
3894
12689
303
2896
12322
4577
7338
2677
15318
3386
6027
7397
15279
12196
2265
16088
15495
5079
8814
7113
1700
2663
11460
5594
3155
3535
11290
15061
110
1147
8854
12480
11242
1038
3768
9010
2880
3235
1687
14502
8635
13101
15025
283
11443
15545
183
15297
447
14267
10576
14967
10189
8610
13600
422
13678
2560
16148
13536
11638
2547
11106
10111
9471
15551
15727
9573
832
8035
14928
8971
481
12010
9796
14855
9811
2728
8822
3287
13590
1433
16099
6575
3538
4418
13909
6915
6744
5555
8269
10200
8092
11828
15711
3355
12212
12486
5010
12301
4448
7746
8400
9808
9631
714
7777
14225
16307
16149
14399
15075
16055
13625
3837
10209
11874
12577
12893
11360
6194
4457
14618
6542
876
14213
7126
16377
6805
6644
7149
4504
10902
4033
490
16006
12671
11314
1086
9138
11039
5328
9524
755
12183
7672
8061
15096
10956
16107
999
2515
2408
9450
6252
11593
14387
316
9212
10888
5673
4426
6664
5690
14077
6654
8662
2713
12089
9771
971
8856
2013
3309
12362
2221
3315
3672
2509
4876
7879
10544
10797
15301
5889
835
11948
7782
14070
5694
11631
6340
3390
13447
5705
8485
16335
5651
7798
5044
3775
13828
2003
12152
7513
15878
8690
14754
10148
1377
8609
14184
530
10905
4783
13099
4678
10854
7083
9419
7647
15444
4340
13663
15416
6342
7350
15679
10972
7442
10958
10090
5653
9379
9788
11567
3094
1596
164
13340
12020
6481
4595
11817
248
8777
16190
14043
9493
2765
10437
2304
9432
14560
9541
3885
10648
4467
3009
11109
2711
11365
2392
2692
3064
11949
8804
4153
12320
15443
8665
10643
3924
6047
4975
2706
11622
2096
539
836
648
5303
5458
3414
1933
8113
9705
12043
8579
10365
14651
5382
2243
1628
2799
16358
11992
8274
4226
15419
9561
5228
11468
16169
14175
220
7433
676
3447
16250
13452
5424
4748
7069
7640
3879
1226
13414
6786
14885
6265
682
16073
16120
5218
6326
3074
10388
9829
15792
4449
16159
8930
7878
14830
15401
7283
1057
10160
8176
11669
270
2724
6862
6671
7538
10540
5886
15537
4148
6040
249
2784
3676
6209
3103
12077
16237
14036
1645
7584
12019
947
15114
1042
3228
273
13801
16219
12601
7360
13402
5307
5309
5877
5445
7555
6195
10463
11012
12971
13044
11920
10500
370
14152
295
1964
7414
312
10776
9831
10118
16353
9536
1684
15687
10603
8590
6861
9693
14512
2327
620
4768
2577
3808
339
3141
252
16338
8392
5150
12956
13345
3876
6693
9159
14552
5552
12640
12100
4089
9014
5960
12825
1668
14469
429
4238
1890
7146
4326
6586
14944
10413
8612
9130
9077
1434
1903
13827
12254
9696
7235
14420
12124
15975
9177
3146
3546
10056
16318
4334
14106
13079
4063
13454
2701
15860
13237
11865
12400
9048
3502
7043
14144
6894
6487
11520
11245
5922
11701
4261
13004
8217
854
11579
15151
7754
8192
6189
8142
5942
12270
15694
14207
9968
9600
7748
7299
8555
6168
749
10314
12028
3759
3941
12032
14228
12548
10502
9205
14955
8831
852
5014
5473
11628
13684
7366
2034
11103
6856
456
1383
9665
15397
1972
15954
8855
516
10178
11664
7566
856
10429
12235
9649
10478
7603
5804
11989
5242
8798
7376
11838
137
13583
7177
7692
8277
10843
13512
12500
14223
2939
12517
14405
7408
1791
15733
14115
2655
2800
8154
5808
13150
11683
8342
2751
8626
14049
3222
12647
1878
14668
15295
523
3308
3946
15804
13144
9382
8272
2718
6980
15927
6373
10996
12648
754
10942
10279
3401
907
5601
1336
5631
15599
11270
5358
1822
9615
14957
11194
12947
7928
8938
6266
8016
7764
15522
14217
4311
13093
13094
8738
16235
3271
5822
4921
2648
8999
4759
14834
779
7865
7492
11023
14102
15134
14553
5176
8304
13948
2681
7039
13469
14766
14679
7052
1468
7322
8865
7563
14735
2156
8965
11288
12801
294
3204
8323
3944
8349
3187
11120
7173
9393
12871
4008
14007
4420
5483
2659
13822
434
16030
11020
459
464
3851
13146
13220
10366
5737
15040
3073
6539
5414
4506
893
15148
8502
5582
7156
2380
2148
7577
12945
4780
13028
122
5363
4024
2705
3840
16267
184
5272
9490
6593
15389
10
8866
4221
11479
8413
3636
4590
11465
14185
9969
12496
15988
7872
15562
8488
2132
13837
6811
7483
10143
11352
15160
3843
5095
12571
2188
6127
3766
13382
327
6886
15480
2398
5725
5037
2458
15006
3996
4908
15961
12075
2141
1475
14447
2164
16214
9791
9826
5421
7758
3461
14107
9314
4558
1467
282
12976
13233
7274
5684
15463
11811
15710
14320
14071
9078
15407
4286
16133
2338
13648
7004
4652
12192
15652
8911
3050
6516
9672
181
763
12974
14416
2258
10493
5789
3368
13352
9133
5695
2601
15198
494
10585
8943
11325
10317
11575
12869
7257
8630
15398
1237
8119
2886
697
8145
14244
10691
14582
7650
9160
14856
14052
10465
11122
13243
209
5102
14753
9795
5216
15137
15255
7587
11323
10971
13182
12580
121
1323
1662
5571
14931
12204
9190
1365
12920
13853
7589
4383
2902
1836
3629
4447
371
9872
2241
8935
5642
16059
8563
8628
11485
13461
1843
14717
2553
7799
11594
737
6597
12224
11463
13005
15856
10459
1002
10712
6061
8097
6247
683
3012
11075
8619
7190
6107
4332
12304
7259
10881
13194
116
15763
8576
6143
6960
13429
4965
9463
998
8602
15714
6391
10190
7302
7245
10682
14161
1313
12982
9367
6260
5196
732
6813
6734
10799
3772
12739
131
6529
9892
9940
4280
11472
1703
12222
6660
3533
15896
1881
13933
3633
7237
14025
9333
5001
4585
7420
2996
9467
9965
16275
14919
15049
13660
10253
3738
5237
5241
15724
1667
3336
1744
15167
3275
15806
3051
6202
7654
14038
6653
12650
15656
6942
10082
14433
291
4964
9743
12983
12035
14597
4217
3359
15523
9043
2986
6417
14415
12166
5167
4037
6440
4879
7057
11534
14603
9837
1428
5708
1694
3346
7141
7529
14535
698
12537
11071
7107
14530
3110
5646
15496
3061
3704
3399
8568
15641
13404
3071
9724
14568
2428
14776
10997
9756
12313
6353
9534
4905
15653
7147
1311
16125
3981
4363
9451
14116
4754
7222
14262
11329
11423
14255
4507
10334
15421
6436
13082
13107
15932
8826
10986
12421
14513
5277
12750
8297
6716
14518
13961
16140
12872
4026
1400
1828
6054
8303
2144
1099
8905
7960
7151
15834
8927
15658
14091
11454
4868
10562
13593
5964
4576
13192
2084
15459
12130
7436
13246
14635
10726
1989
8791
13283
1264
13887
7643
6060
10791
9660
366
1873
9819
5858
4056
9898
11236
15736
13105
12834
848
7561
7429
12449
11357
5136
13644
8370
8988
1078
15024
2967
3098
6488
5717
320
15388
2492
15628
2142
13021
2584
436
8934
6588
12209
7053
13506
16371
2937
3311
12783
10176
9980
5054
2311
281
915
13413
9531
5723
10740
10528
11022
197
15374
9814
4809
13769
13980
9918
13058
15751
4027
2032
1149
8883
7836
14836
14579
12201
4930
12824
15107
1773
9244
9373
1450
9746
14697
790
7808
12912
13187
12339
5060
10066
7923
14723
7028
3422
6006
6105
12372
6233
9063
9763
9290
5238
1430
15976
9355
8589
14347
8208
11892
4712
3130
332
1743
11291
6724
11188
3643
12145
12420
16362
12967
560
4838
13215
7162
16001
8314
15478
13502
15696
7239
11731
11219
6951
10169
11839
11996
14196
12366
13814
8024
474
438
14345
11894
4753
177
13749
15948
16002
2473
15457
671
12447
3230
12613
1621
7145
3939
6714
8920
4463
13336
3972
5790
12302
8306
10951
1456
7382
14782
1482
10058
11873
13979
9591
14547
1229
3907
2406
6341
14437
5426
2839
12482
13172
8270
2337
5875
10483
11005
10877
664
1090
3261
8288
6982
4909
9569
561
3696
3682
1158
9103
16135
16359
3903
16079
15447
5513
10393
730
4101
787
11448
13029
16232
9369
13304
15119
5203
4559
4392
4925
13938
6162
4723
10832
1980
3604
8776
11197
14325
15175
1156
16068
5135
15369
7405
331
4549
13809
8503
13676
3539
240
13510
7372
6094
11369
2370
133
15610
2225
5174
7236
7440
14537
9860
1331
14114
7969
4201
3623
11889
11856
2275
5071
5332
6562
15290
7991
5476
4588
7792
15043
10019
9086
1435
7676
11772
3295
14904
10470
10684
3883
3004
3746
13117
6771
4269
11445
13549
6001
14466
14426
4087
12319
8432
1583
452
12919
7714
4740
10283
5173
4059
5151
9630
15375
15898
4870
3908
14992
7411
6113
7074
4527
1040
5294
1939
198
12726
631
11536
9137
9035
628
11165
12123
12906
6888
3921
11459
9341
11855
2820
482
2464
10421
8191
4380
7291
9197
8483
12939
7925
7238
8397
15601
5023
710
16016
3379
3326
5931
7261
15983
6152
1296
2807
1216
5769
4495
4057
9075
4193
4119
2445
3938
4689
1324
12937
4895
13410
12679
2350
13656
1007
9801
4454
9956
6946
7605
2797
1572
10824
3138
14824
3737
7439
10386
520
11698
5275
13449
10179
2903
8439
12068
14813
13108
11191
13985
9902
2520
3043
10063
13359
10898
9318
1279
8032
7769
7807
15506
14561
3563
5132
8912
9228
13708
9465
12069
6141
10683
8591
9254
3257
3052
4522
16364
468
13253
1300
2975
13873
4866
7623
4222
2449
8083
9601
2719
13718
4161
2754
11533
5269
1189
12536
11090
4791
13532
6394
727
13999
10893
15015
3408
6587
15742
502
1254
4410
7844
93
695
12142
12540
5280
3973
4556
10447
14112
4274
780
5979
13171
4019
375
11633
7749
10610
12672
9359
1862
7496
13886
9310
13511
13806
7318
7658
15591
12325
627
7220
3716
14801
6438
3599
14910
5233
5123
8232
4546
15626
3300
1016
7908
1406
7170
12995
6036
4243
771
16204
6165
12863
296
3413
7724
7328
2763
1851
15857
6323
13167
8862
15032
2825
8487
257
13874
13554
8025
14710
15123
9868
5625
3995
3432
8214
4442
3493
9516
2310
977
12429
3982
13921
13197
556
9540
14940
16039
1863
9021
9674
3251
8007
3977
9260
3152
11721
12083
8629
7273
4750
15848
1107
3700
9055
5707
213
1302
1671
14369
13203
8871
14120
15450
8449
1363
12784
11428
11729
5968
10320
4088
12002
13134
14376
13090
14280
14690
7404
12557
14499
4359
13027
14015
2222
9241
10044
10731
1575
128
2333
1217
8348
12590
2457
2922
1658
1994
9388
2732
9129
4118
11942
1837
8185
13754
6099
14673
5643
8642
3246
8566
15193
4430
8674
15372
10468
3699
6190
4691
13504
9161
15093
12109
1879
3047
15479
14586
3434
10218
5288
6606
13054
3411
16040
11798
8966
4114
5056
44
6672
8541
6519
2024
6454
7026
7464
5925
10041
7713
9019
10045
14533
14972
13548
3892
9073
821
8043
6943
11712
13040
12021
5958
13936
10051
5192
8781
11302
5838
9261
4517
1001
14572
8494
14892
13100
13892
12056
3148
10722
9904
9620
7108
10813
13571
13495
10629
6109
11059
5915
15082
953
12902
1256
8908
62
15923
9360
15083
10086
2474
6442
10720
8842
9509
1085
1255
1460
8994
583
15299
2772
15648
13789
11449
13083
12789
7038
6629
15472
4042
9421
7336
14640
2118
7509
9646
13053
13802
15104
3955
1297
16274
14279
14775
3150
9740
5355
9126
4620
596
13960
6020
4305
59
6949
2833
4021
3512
7826
1011
6623
156
14951
15136
15307
11082
8892
4235
2637
12341
16305
2039
12790
9114
13477
4733
12513
6934
15664
443
3570
7737
798
13346
9560
6668
10096
4379
11348
15182
6974
2678
5046
14873
7232
3136
10046
7332
9986
5373
12338
14612
1764
3928
9376
2998
14327
7019
2093
2770
6042
12533
12295
15603
7384
9186
1312
16081
4526
10490
808
11843
12512
4414
2299
5881
11706
12673
13332
1636
1639
8105
7874
11583
14786
8355
12946
146
2963
5918
10561
8435
1960
5368
11256
10809
3824
4054
13400
1651
15
1894
6110
13560
724
6337
4705
9920
4164
12030
9284
10953
13225
3109
16375
14596
7077
1329
12594
16147
7895
13277
8028
2558
5636
7977
534
14890
12064
4955
4938
3365
342
4833
6646
5545
12396
12261
10963
9196
1580
13011
13777
15154
7260
1452
11636
8115
4915
5935
11871
6472
14900
9297
9616
7457
5847
6228
16294
15916
10895
2105
2402
3644
9642
12728
1199
2764
14045
15812
14997
8888
8870
6901
11909
9091
12418
3216
12116
13567
14641
668
5065
1074
13379
10322
13356
1096
12328
8944
12787
4483
12184
5754
1696
7690
14489
5181
3688
12125
6400
5324
9725
4409
226
11878
13824
1285
2208
5908
4220
7073
11527
16166
7862
9406
2067
16047
8520
6476
9119
11089
7997
10344
4295
13579
14785
7575
16246
4319
6414
12501
11042
13201
5766
12604
11436
15308
6543
13299
9362
4654
2679
3748
10203
11457
7988
14799
13396
13386
5812
13333
10507
5103
10810
842
9087
15471
14751
14467
3551
7254
14866
5299
4085
13926
2060
5143
2859
1439
1070
14781
7012
16037
11060
5797
1747
199
10580
5821
15502
3206
6441
3224
4445
4109
15970
3789
11159
9666
13838
12751
3497
14656
1649
8569
5247
8633
458
5066
9985
2209
9878
6279
11570
3681
7461
9712
12552
8021
6397
8076
16162
2909
12656
11848
3914
12411
10140
12359
123
4952
12766
15310
6948
10515
6130
2714
11307
7736
13092
8526
10194
15474
5099
2323
9448
4516
15650
6163
14468
989
10067
6071
5397
6707
4878
5232
2374
4766
1987
4303
1670
10498
8939
7121
11176
6281
4902
6590
11510
10529
9263
6612
3899
2026
2456
9272
10523
2076
8504
5947
1310
14809
7689
10724
15560
2223
3056
5267
2990
1202
5360
6057
3325
1852
8647
11571
4079
13855
11387
4859
7526
4660
15103
1424
6395
13070
5418
6093
1691
15417
1472
2297
6570
4025
8479
10863
13422
8687
2043
10412
302
8623
11199
15477
15600
6663
9443
10611
9095
11957
5223
9690
16106
5739
11598
15325
11757
12953
7990
12352
5892
12283
3828
14728
11248
10805
1084
5207
7168
15133
8075
12578
13792
12913
13118
2264
5744
7596
2651
32
12458
1349
3664
9433
3849
14875
15716
8651
8747
10759
7801
12175
5756
13158
11061
11946
995
10233
13296
14517
7286
9807
479
9735
7104
10690
15127
12397
4266
14374
3529
1500
7599
9692
8461
9997
10310
12440
1157
1243
13717
2949
13272
10772
2978
14343
3274
15067
11405
7812
2357
10873
15262
13821
3836
6524
10489
4729
1000
11602
15934
12329
7916
6134
10649
6979
13626
9922
2272
10025
5749
2517
12208
24
14979
8796
2207
2467
8110
3203
15129
15265
7139
5206
2726
13981
7861
14249
2826
489
15100
2874
14030
14763
2001
8026
10484
9661
8891
2753
376
11068
4731
16136
638
3922
4425
6139
13578
10337
8448
12957
12343
16019
7112
15890
13091
6005
4960
14157
1207
14198
14795
13019
3758
512
11275
2787
14524
12386
10738
6084
2504
13847
3362
6899
13122
4423
12181
2950
10519
10977
5497
11964
4218
15170
7325
15971
6154
10970
15435
6455
2063
5521
2604
10660
12986
12136
15891
1123
6505
5372
14029
5204
5444
2491
2813
3950
3589
15566
12053
9651
10196
6138
14409
11670
4500
13639
3178
13766
6569
12742
14294
12082
1308
8293
15469
7206
9783
10834
580
9817
14807
8552
16111
15363
5098
14203
3377
10705
1974
2588
5883
11661
