12799
15661
3828
9723
15939
4216
2512
226
15879
4945
2114
9294
10566
9159
13351
16187
8934
3769
14822
1709
5224
7100
478
3036
6907
10891
14714
10113
3295
15760
4173
6805
639
11
12795
10355
7466
290
7452
12049
224
5107
3407
5433
1179
9549
6419
12059
10705
740
9084
7417
9186
3406
13449
3128
11269
6230
6899
5847
14005
140
5356
5795
13346
4515
7295
8735
15367
14970
14181
6924
13381
10651
5550
10692
3967
13264
4706
7772
2673
14058
1886
15607
1030
394
15969
6040
1588
11078
2030
7521
17
2079
13505
7930
7035
16317
5851
4214
12734
3587
9855
14941
11485
3114
14201
13877
4547
5915
14771
4930
1112
10204
2522
48
12380
3986
3638
16265
10441
7860
513
14137
13774
4673
7191
7718
7995
168
2550
11054
7919
4471
10819
12251
13908
23
214
12962
12162
10644
3247
11694
1708
5383
9094
13338
11310
1665
13670
16084
14869
15500
5049
9197
13518
2534
7080
6240
1499
5151
4567
1472
12449
349
4413
2443
5776
9954
12007
6000
11589
842
3260
5536
12700
14777
7546
13750
12377
4482
15331
8386
6941
6782
12600
3912
7925
13229
10448
6771
804
7287
10985
9998
15137
1647
8575
2132
4312
13644
14270
2087
4254
16039
3983
13076
16268
9461
245
3786
830
2669
4526
5909
9324
2379
10648
3690
14770
4011
11119
9703
9546
13276
7021
11852
2436
3618
378
11090
4347
15836
14284
1867
11572
5589
9446
5257
16246
6321
732
14841
14497
10168
4756
15731
7639
7852
9
13295
9575
7942
12050
9133
11921
9389
11755
6370
14050
2198
9489
7109
4270
5005
7005
6581
6035
13266
5621
7174
13685
4384
12674
10814
176
14271
6103
10518
9345
10357
8253
2311
8003
4020
9544
14523
12642
15904
14931
5648
28
7865
7833
14071
16258
7484
11668
4086
11988
3206
6179
8348
643
8861
578
11232
4671
5126
9558
1893
1598
15390
15889
2123
6617
10299
16220
14275
2608
2266
12905
9862
2646
9483
13902
12254
11002
8807
7265
10172
5930
10795
13725
14990
9156
15881
10244
14449
10330
9722
10916
9286
10073
6121
849
267
16022
7144
12518
3040
15917
14469
5807
15603
6107
13617
6555
10466
14021
6872
775
13012
5957
6289
12793
9796
3306
11617
1891
1032
4227
9291
15532
14545
5920
8075
11330
7352
10586
14300
1653
5528
8024
2831
9392
14997
905
11565
6930
11363
7246
15283
12363
5456
7851
15821
6450
2788
7054
6640
6704
15614
10495
3916
5141
7476
12599
3645
2634
7020
12634
8088
8329
6384
11028
12644
4377
13451
8307
6596
8267
16108
13102
9916
10734
1594
1349
8282
2081
15755
11331
9401
14918
5712
14262
11976
560
9055
15891
2860
332
3141
5684
5249
9918
13785
4717
7132
7689
2901
12692
11693
14785
1691
15592
10210
10404
15012
9640
4659
10096
2715
2309
5880
2415
3744
163
7892
4315
11637
7584
5234
9964
4675
7788
5320
4890
6280
8221
11212
13089
9807
10149
2900
1194
5204
11089
5055
11654
4640
14123
8154
2769
4143
14909
13321
13758
13837
9691
11203
11044
5084
8144
5599
6270
11718
12951
13866
6208
4262
12108
1938
4849
5777
11354
1765
4320
9402
10821
8567
8790
13731
10415
10313
10992
11158
2340
11457
8103
15892
4691
4557
16322
10755
4062
14096
14552
8183
11015
1922
16055
7115
581
11539
3419
7682
11050
10939
3455
1599
7790
10664
10508
3741
7644
9038
3999
1941
12222
6162
14774
4177
14055
13827
7079
721
4725
4511
14129
12539
4483
559
4594
3326
7127
3730
14879
10023
5760
1881
10291
9361
3883
4626
2386
14848
13847
11193
12414
7383
10207
15371
13590
14788
2066
11204
4038
15991
14135
12307
4351
7896
15329
547
5200
11172
6757
5381
15114
7553
13209
4144
5631
13369
13898
10685
14919
6164
14800
12939
12635
5875
7958
6723
10360
9965
9374
14277
7936
10099
13429
12406
10376
10840
6104
14811
10974
12040
15724
14193
755
4721
1025
1901
1329
13691
295
9274
14304
9433
2354
9847
13062
14508
4970
15241
10409
15168
8944
11899
11053
11080
61
12328
886
8832
16110
10655
10736
6881
8887
10539
7850
13405
12604
8448
4378
6111
2332
4571
13958
3420
4175
11707
2863
16046
7637
257
2593
13374
11298
10274
6657
4353
9591
7189
6174
1852
13844
13393
4349
15688
3842
10482
15019
15957
4593
3309
12224
1516
2958
9265
14220
5933
14006
9304
7181
3235
130
3855
3038
3160
6004
13656
2870
14604
5823
2729
7744
15693
8589
5280
15989
6724
12511
8422
11997
2520
6191
12825
15974
4637
8563
10234
5302
6662
5533
12707
4851
9029
14088
9480
11745
7104
15772
5489
13665
12076
13604
1983
13412
12483
12590
12404
8071
5966
11262
10665
4724
10003
2972
13551
9514
5846
1005
14045
10973
9187
8160
12391
2686
14257
4906
10445
11747
11021
12170
7947
2742
14920
4917
2446
14268
5152
3024
2398
1870
8565
7312
11290
15272
6083
2561
1132
3387
2239
12348
16129
13922
11322
11312
3631
402
1828
8260
15069
4957
3313
3890
9319
6701
11257
5104
7828
12615
11699
9997
11429
4766
10928
371
4049
7977
492
3515
6551
507
15310
4255
13730
2396
10657
4304
7171
13564
11916
13232
5740
7724
14416
10568
9607
9947
15793
13466
821
3161
3499
2959
11953
4602
16305
15146
12145
5484
10543
10182
651
4745
1270
14287
15824
2594
12794
13241
5773
746
810
3445
15435
10045
2566
11778
5858
6332
14588
10443
2557
5043
5492
12517
13008
13300
7672
4313
2493
10303
10334
1248
11242
10051
391
7954
974
10232
7455
9853
3443
4486
3772
15895
7038
275
10809
11319
14699
15339
8602
15734
11231
15395
13044
10808
10240
1597
13743
9804
4158
4627
10590
6925
10442
15031
1752
16212
14389
3888
13247
13528
228
5396
2887
1965
9628
12735
5457
12576
10779
3033
11757
7948
9688
4802
287
4582
14345
14338
5845
14511
6979
11351
3599
13633
12935
12043
6926
3382
9897
6251
8107
14184
7704
426
12739
4430
8341
9869
9960
11905
5024
7778
9209
3558
2219
7260
7649
1530
2344
13216
6540
11372
8162
6471
7807
4457
4359
15268
7914
8125
9180
308
2282
4850
8331
13164
7749
15609
670
10528
5782
14108
3430
8202
427
2377
6198
15608
11405
2218
14543
4819
13834
5434
5623
7826
3843
2541
2023
6613
13698
7934
11814
7011
6009
11903
2291
384
9754
7188
13117
4003
5256
12295
2494
12036
2084
9985
1192
564
12960
6910
8916
3942
10842
4212
9675
11645
11963
15695
1633
1428
13526
9815
5486
8342
115
7044
6327
8869
13251
7832
5555
5616
3448
5949
15501
1721
13401
15206
13260
7201
13962
15746
14195
1521
1879
5955
544
2805
15678
2517
6430
15046
5670
15726
2211
3813
14451
10816
77
14485
7443
8784
1003
13957
7890
14756
16379
5902
2170
5982
6667
6258
1731
3211
6237
1385
512
8240
1203
1093
526
15987
5809
14223
13882
4601
2000
967
4057
10900
11500
3059
13683
618
802
1268
13137
5529
9478
11648
9486
15054
9121
2549
6199
13272
4544
13815
8764
11794
15672
10477
3889
11289
13869
15798
8628
9381
16309
2002
15274
14336
2884
13473
965
4030
2424
13719
7917
11031
3399
13059
12938
985
4697
13383
2713
3576
1489
5451
1372
4699
9080
14492
8942
10981
2564
7902
12496
16177
2393
10852
11692
15491
13206
15358
10893
8392
9963
9422
11178
10490
13940
11082
4963
8549
7905
3389
1859
10930
12262
8362
10866
7142
853
5485
7401
9484
2138
5829
6073
4300
15322
8471
14165
14171
14191
11940
14720
3416
10750
4791
4221
1359
10506
1857
1918
8403
10572
7422
8084
2375
3620
11944
12966
6940
4703
11968
14364
2489
15572
15155
1865
13106
2932
7266
550
3952
12637
9946
5690
4589
14735
483
14761
16318
2532
7839
3242
9256
16002
3194
16371
490
13192
15886
4124
3526
10836
10436
13305
6204
3777
9064
5414
14876
12263
6607
1686
13573
11832
10824
5239
15205
10788
12671
779
15523
141
14217
13398
14232
12773
3612
10662
6650
6461
11357
11059
11825
12047
11375
5430
15321
4558
1365
13541
9330
15287
10401
9454
15223
13313
2732
9046
10702
6785
2200
16199
1439
16206
5246
1089
11902
8275
4459
8997
13039
15623
16240
2144
11847
7153
4243
9190
5718
6524
12358
3011
4433
9327
12665
4050
15545
9063
5469
12261
12673
15952
4319
13092
123
8929
7238
9767
1673
738
5062
14362
14391
9214
10777
2334
9786
6504
11746
368
1085
1214
14027
6223
722
3596
13611
6385
7457
10752
6335
4823
9938
12357
11349
12836
12337
7364
12824
1453
3085
8326
2118
5640
16101
7835
14936
4572
13052
6814
11537
15464
3133
16150
9669
3998
13317
11808
11644
1232
8488
16006
6753
5911
1944
2750
10917
3775
13667
5460
13233
7625
8376
1682
137
5698
8153
15512
4204
277
12265
2787
14565
7668
9811
6830
3655
13553
15457
4172
5668
13871
14764
6300
9759
11558
165
8890
5826
9417
626
7430
10373
9769
2017
9642
9182
16035
5510
12761
8918
7731
13159
1168
8880
211
8564
4818
879
13447
1342
8624
2969
8167
2047
3805
11029
12344
4257
16341
11639
16365
12143
11112
522
3766
9005
6497
15187
14882
12755
14921
14246
4195
12911
15744
8725
12506
13832
1094
2974
9741
9146
12233
13562
1312
3470
8639
9996
14783
15538
15449
11762
8207
3861
8777
8029
11465
11957
3522
6466
55
16065
4900
15421
13993
13886
3214
1401
5359
4814
4780
5563
12508
12791
1512
16290
10861
388
3546
8569
9228
16069
4100
8927
5959
14613
5057
5048
13424
10938
2996
13929
88
12542
14295
13650
11964
10910
9378
8074
2021
10088
6994
10063
14561
1060
14203
6407
16348
11077
6857
13776
9035
4031
5576
13626
5454
9503
12760
5799
15260
3402
13569
13359
3629
1392
2754
15300
9283
6253
9473
2495
6109
13841
364
8493
10365
4387
726
14980
15391
1998
11725
7992
54
215
7701
9134
15118
10262
1249
14214
15506
1754
13049
9520
9002
2452
5303
8972
5615
14557
12747
7128
11789
6500
8943
15503
13281
8328
3776
10468
5172
12397
12889
9925
7162
7428
5947
14242
8500
3761
14539
13153
12684
9165
4013
901
2048
11348
12641
12728
2501
14182
8216
4119
4592
15244
5936
15303
2880
6252
11927
15818
13379
8683
7840
9387
9674
14052
15490
15149
10478
14484
14889
11009
8247
11851
8087
12118
301
1387
15043
14507
2157
12396
13189
9233
12872
3504
8447
3586
15197
6
6936
3489
6908
8178
12866
14273
9727
14282
13934
4588
12646
13624
10343
4901
15697
12125
6310
1619
14646
7751
2155
10328
1529
4488
10180
13631
14638
1275
14748
7056
15497
33
14996
10072
10988
8005
12229
9699
8857
12087
15962
8760
13638
14844
2005
2257
1556
3926
13875
5092
6593
10600
2685
10498
8732
9356
12354
2950
11585
590
645
3844
1263
11796
12798
9418
9120
9200
10406
7829
7719
8830
13659
1707
11795
12074
10818
13763
15893
343
10680
3240
13441
758
7945
9522
2088
4268
415
2427
10211
58
7761
346
13020
6444
15669
13304
4269
9667
15870
9441
5401
9991
515
16234
9665
353
10740
9745
4440
13661
6680
8366
6852
216
16018
8205
5984
12130
9177
13905
3244
5219
6716
11098
15178
1008
8714
6586
6846
13109
9470
6197
12272
10005
8480
747
1982
6218
15092
2844
10410
10324
7224
12859
4026
3990
7134
15981
387
5637
12174
5207
7163
8068
10101
7929
13365
10526
3135
6275
2601
11454
5282
12439
13915
15033
3823
3742
14812
11625
1773
437
9062
2036
15630
10976
9512
7391
10452
4428
11714
9309
6781
1627
2679
783
887
9838
5832
7590
503
10492
1353
8123
1955
6331
4729
205
3254
15407
9196
3124
7084
1335
15936
2159
3360
157
9140
12419
1557
6736
10391
11841
1228
2748
5264
14209
667
1180
11448
15784
4206
8899
13375
10703
15808
6052
12434
12950
6823
13850
9290
15064
1079
1440
10678
14782
7183
11445
10523
3624
6519
10542
7052
5986
7727
15931
6410
6589
5985
9873
12664
16014
1558
11223
3464
16092
4608
8686
12904
8242
10301
11306
1320
14267
2181
12877
14878
11651
5019
7624
7093
4874
3314
14167
1071
2102
12953
10026
1947
10100
6065
13612
10451
11205
14164
2645
6192
4060
15027
8397
6203
11035
541
2229
15110
3146
6153
10980
7635
11334
9437
2463
10193
4365
1133
8048
5091
532
3961
14963
14762
7779
16045
8427
2504
6558
3197
4980
14825
9213
15293
8636
12121
7715
1824
7404
9368
2188
4742
12580
7966
11488
15841
6733
4469
10382
16010
7899
6573
2931
5307
323
13862
6117
11180
5714
14827
8280
4835
5520
11632
8914
13933
5761
199
39
14388
12269
6847
7473
12879
5218
7451
2655
2285
5688
3395
1768
13138
15369
383
11893
4364
3336
4487
9193
6565
8156
12445
1847
15309
4082
9442
9907
8504
12818
4151
11382
2380
14734
10563
15577
7474
11567
2706
562
6991
2588
7508
9068
2599
14439
11288
1221
12039
12105
14574
15698
14215
561
3086
12656
15997
9625
8674
3614
7841
6943
16328
1432
655
484
8486
3959
6463
1970
9859
2936
9158
114
13256
14542
3482
14077
914
4160
6063
24
4937
13235
6094
704
9189
15858
1589
12703
482
3300
2951
7822
7791
1547
10925
5713
3500
10555
1220
5787
5954
6158
3566
9352
9382
4713
1473
15414
11365
13755
2722
841
11605
3491
7315
15803
2848
1978
6159
5368
6468
7091
440
6637
16142
6393
15393
4912
7000
12890
520
10050
15330
15183
3325
7982
7230
13489
3181
2226
12869
4927
3720
9057
6858
1331
11140
12278
16180
5283
1874
6455
11343
4710
6562
11679
3917
12226
7766
4773
13168
7707
11738
16269
12981
14850
12989
12464
15926
7558
1480
4707
16381
4346
12723
1207
296
2303
14535
105
16088
13969
7911
8428
3277
14908
13789
3222
10237
14853
14698
5139
3340
10707
8884
7440
16368
10531
15896
11350
8551
252
10687
15357
2465
13704
8364
13205
12743
3352
2592
4263
15576
22
4859
3167
13116
8004
9403
9490
10209
2659
6567
5853
3227
3676
14678
156
9348
7006
6694
11615
9900
11673
1736
6658
13674
13469
4600
5869
5379
342
11836
133
7140
8284
8535
12910
7885
1478
5079
585
1412
9953
7753
2148
7379
554
5432
109
15600
14228
10153
1366
223
6898
9288
16156
1162
5630
1273
3666
7007
4924
3509
9755
8882
7884
9109
2651
1253
11489
2989
13040
12187
16000
14090
15683
13792
4393
8369
9774
8537
6506
2818
15565
16382
14911
12026
4989
4848
11947
13407
5305
13343
7789
10175
16209
9867
9408
9568
7194
4899
13800
3264
13201
5833
16124
5170
11085
14219
9743
4933
12733
12661
3700
12658
7530
807
731
715
7831
1052
7622
3129
2921
9077
13325
15010
16057
741
5162
9045
3164
7846
3628
439
1350
10119
10199
13367
4878
2753
11609
8115
3719
12806
1997
6553
2297
14632
14603
9409
14297
15246
16030
4663
459
5612
6022
14591
8324
9846
2940
361
2888
7776
10971
2587
7350
2876
9578
1165
5011
13409
3946
11831
3669
10226
5350
11996
570
11712
14875
5747
5750
6980
13801
12611
13598
6935
7467
7565
4191
7481
7432
13165
4231
10018
4485
11263
11100
2976
5398
15767
16333
9296
2422
4293
6038
14645
7017
12609
12570
820
15059
8203
10827
8501
1337
10156
2611
15373
11623
12430
16139
12425
10817
469
13985
6226
1152
4877
2526
14134
16041
11821
13585
356
11013
14950
4475
10314
5914
2441
12208
4202
8349
15949
8400
1012
11643
363
14317
8591
8749
13775
6669
15671
603
4867
7392
15383
189
6878
10007
16106
1575
15474
1626
8052
4662
5263
15935
2873
10874
14906
2606
1246
12094
9893
7916
8844
5277
14651
10364
10128
15408
15829
1389
6396
6050
4598
6360
11769
5387
1882
12359
2043
4856
10124
6283
5999
2781
15312
3204
2342
874
10387
3298
15250
16213
68
13974
12663
1422
16257
3165
7932
3931
5063
13596
9570
2152
7535
9423
2485
5077
16263
12928
12326
1706
11284
7799
7683
15163
2973
3259
5025
1980
7796
3545
2391
16274
4635
4447
14235
5098
6301
7708
611
1047
14730
14618
984
16038
16172
4197
15467
12410
15710
11189
3101
11659
8168
5808
15911
9850
14954
13699
12458
10188
10551
1154
3071
2062
7511
8245
5480
6986
4950
2409
2726
1835
7968
2886
12167
9056
6259
15320
3532
14148
14765
4754
8552
1777
697
2190
11726
5564
10419
15493
15570
13533
1580
2329
11800
7690
12624
6432
7662
11183
4308
978
13838
6318
9983
774
1384
13702
5662
16051
13749
8548
3238
9020
8704
7015
16308
7949
11479
7285
11303
5882
11469
12008
16355
4704
13628
6288
13486
695
13016
5942
10242
10732
14760
4159
822
7003
1935
3557
2106
8424
15650
15180
10954
3737
12662
9844
2814
6812
11061
289
2431
15119
5276
1395
4597
15388
6048
4648
599
9567
13907
10217
4222
8928
9800
11663
11163
14999
13813
5053
3388
13098
3560
6338
13421
9895
16339
12292
12009
11871
3396
16170
4167
7294
9559
4438
13804
2980
15707
4771
2968
2041
5798
389
1186
12916
14622
8050
4634
13791
7663
3577
14315
2630
992
429
5466
11400
8805
12138
10745
10516
15496
10797
5176
9979
12378
4618
4276
4525
11459
8406
7335
13516
3664
6609
10459
2509
9151
6720
1544
12063
4309
10081
912
1053
8105
5839
14145
2327
8562
9217
6326
12293
12813
2031
6954
739
8228
8586
6964
12766
6458
11280
10509
13920
12537
15338
13576
9227
6944
4464
14162
7612
15815
13946
11144
2837
14237
2319
4051
11408
12912
4298
11326
10461
380
9572
6808
367
12202
2001
1566
1037
14198
13732
12860
16021
9616
8046
9117
12220
1327
13058
2581
11421
3639
4295
9207
8120
8863
5322
5333
6610
14810
12520
8385
6480
10903
6291
8350
234
12383
12817
14283
2177
1537
5173
3209
15424
4531
12963
7051
13238
3384
5111
7797
12627
15143
11087
8761
9431
10628
7278
14968
15918
13495
3609
7176
8558
13462
10767
713
913
15711
7283
12858
13793
11088
16340
6601
6783
6625
12386
7559
6829
6649
7459
16167
7993
13073
1348
1156
5790
5390
5588
9414
1121
4019
6702
4995
12657
16086
14194
11835
15186
6186
14440
1781
15796
11325
10031
5789
1201
7419
908
14476
34
15346
13964
6058
13315
5482
4132
3087
2920
2569
10225
9195
10159
9797
12011
8622
16083
1391
3486
11606
4146
638
13637
3826
16297
8655
9357
1086
16137
2826
7402
13716
79
14667
4130
873
13148
12219
6265
9469
7517
1295
15447
9100
7291
4007
11442
5028
6105
6889
4369
4449
1482
4489
7515
815
6871
11337
182
6266
9221
5816
8238
9448
2714
12957
1871
13267
2410
8687
11545
12565
0
8272
3213
12239
8851
6045
5734
8496
9485
2789
14666
1238
13651
1949
10137
7922
8249
1302
15129
5135
15516
5324
10888
12702
15875
13510
2100
4939
8653
5002
14378
11971
1902
9405
8945
14583
4021
1216
4103
6163
5101
10284
5009
868
8371
10062
15109
2684
12173
2091
5340
9292
5973
9593
3783
7571
14832
2663
14955
1614
9820
13273
1715
14281
2854
11570
2394
5567
10413
11760
11504
13543
15419
3603
70
8694
16025
2547
9413
12172
11635
7523
8365
5862
6097
10544
7150
9088
12407
1643
284
6841
9719
13788
6417
6374
16204
12053
9322
15227
9749
10811
11557
12084
2763
1895
8538
14222
14739
6472
10961
4695
11209
12898
4575
12803
421
8441
11496
15626
1689
10822
2474
1088
15201
13639
4661
977
8954
7447
6674
16321
8215
16354
12437
10722
7237
6185
13041
9834
9579
12722
16298
12994
9262
16291
6682
8502
5543
14060
6678
9894
4232
12164
1464
8498
15276
14479
6591
15355
1657
9673
5969
1725
7251
15124
15462
3754
14851
5424
13195
4521
5493
7783
10146
13081
2317
11369
14463
8118
14084
784
12887
14066
321
13938
8875
7582
12471
8222
3627
14606
10416
13457
2738
13616
15863
4314
9224
11441
16063
14833
1235
11850
15479
9028
7164
12837
13512
8738
9621
3677
10783
3082
6939
12987
11434
7700
162
2476
5913
5565
771
4284
3323
12178
12428
3653
3654
2698
1282
4739
11293
10414
9263
9752
11860
7403
12081
11586
7108
3745
4633
4249
15857
684
9095
9338
3985
340
15988
7491
11612
7400
14259
4451
612
5518
4759
1605
3220
1697
593
14755
4787
13532
935
7255
7485
3900
4024
16210
10147
2758
7825
3608
3753
2514
2225
4324
8847
15813
13372
13936
7089
11680
6877
10084
14354
15359
14344
15547
262
7239
15301
7050
8425
14674
5081
5730
6859
12497
12273
4516
1987
5811
8490
1991
249
9851
10326
2089
9714
6368
5544
10252
587
5838
14708
11153
9166
3330
4266
14665
5004
1952
10927
10661
2040
11270
8210
9027
15052
3791
11592
1046
13689
9808
1540
9308
14696
5214
11924
5289
1277
9623
14298
304
6598
4519
12027
16224
11120
2515
11362
1368
10735
10218
12594
6211
7540
1174
15200
347
3250
15789
13983
9890
11150
11594
5609
11025
2216
10372
14578
3115
10488
13926
6752
4623
7887
12175
7679
10602
14902
12804
10624
8268
4649
5814
9615
4339
10201
2280
5416
13817
6893
3729
12432
45
12415
15682
9974
15226
12906
8969
13296
1182
14824
14359
9204
3725
6894
15912
13380
15927
14956
2867
10679
12487
8853
335
11620
13693
4583
14068
7158
3834
14401
13004
10714
15340
11751
7923
92
9365
10902
8935
3187
10769
11553
1602
12159
11036
3175
6730
4994
1866
6284
16281
9508
14085
12668
4182
3825
11195
4233
13048
250
15068
13101
14801
10872
12194
16121
11936
1242
7994
1264
9921
9052
5038
6496
15934
8908
9248
225
3757
9346
15741
4931
5756
7802
529
4840
9429
5849
3424
8117
13228
6241
10770
5509
12336
16185
2540
5284
4139
11591
1831
8452
16160
14806
13943
15575
1024
3379
1792
1049
8958
8114
69
10093
10264
10873
4220
14846
11548
1455
848
1662
15515
4326
7593
14130
15080
3275
1829
268
4573
11838
2565
10837
11468
10338
8638
2273
41
5834
14966
14054
7264
6074
4417
9493
3003
5596
3731
6340
15843
10667
11723
3592
8470
10257
8062
9269
4402
10780
7878
10171
3466
15173
11045
2505
4260
11121
3743
2407
5464
5039
303
1181
5325
16098
9315
10944
13821
7321
6489
14227
5938
12827
6690
4732
12699
14888
2619
2559
10145
1101
8718
16331
7962
8604
5971
27
1956
2625
8577
10913
15058
1056
14503
453
6732
6931
13618
248
15375
11530
13593
794
6821
7199
11307
8368
12603
4111
15098
4174
9889
6498
8796
9297
1531
7446
7806
13491
9589
1669
15275
15756
10434
4251
14026
8388
2795
9704
6904
2649
7034
12660
12689
10607
2602
5360
10090
73
1660
1776
9679
7859
9276
2702
3044
13107
3984
11839
4520
3311
910
13952
1160
4944
2693
6334
9161
6539
10370
1506
14550
1358
3909
14527
5941
11604
2934
9701
14551
9404
11364
8989
7048
517
11616
4607
15352
3635
15495
208
2180
12853
4235
13579
16013
1028
8095
5515
4789
9959
2697
5607
11393
15156
13141
6819
2939
11340
13916
10267
14288
11642
3694
3898
229
2248
5647
4228
2217
660
1572
3293
9103
15444
12213
3848
13622
2321
7836
9445
170
9500
7652
1426
2408
940
8666
16060
1271
6995
1533
9043
5198
15715
1479
13927
1805
8177
9093
6005
10214
9252
5724
2773
7604
11258
1644
8930
8574
3656
9887
11509
14927
1582
3718
6837
11137
4566
8994
15001
2881
7607
9735
5848
9244
15994
11826
14609
2423
13694
16115
1230
12365
7862
12852
6355
5065
12797
11715
8721
13711
16250
14009
12744
8256
8811
1603
14566
13852
1163
5089
5136
6010
3778
1992
8356
1183
15413
14206
7615
9724
14925
15492
644
5146
1014
11908
14373
1361
12583
11447
12023
8007
6319
5074
14361
7415
7938
6429
1735
12971
10950
6219
12282
7066
15317
7146
12626
975
13744
3316
1332
259
12882
446
5331
1981
8876
491
4104
15955
11732
3717
2957
1545
12457
1785
14436
8963
11982
10962
2568
3458
6950
15629
9137
14828
10813
4718
15618
3873
12345
16126
16076
12771
11564
11397
8920
1420
15193
3078
6918
4445
13179
9504
904
14656
12205
2731
10699
4468
5443
11734
8031
4396
8933
10724
9552
15764
13352
11010
7877
5907
11226
8378
8585
8234
2981
11541
12631
5020
11577
2528
8833
4207
11478
16202
9529
15685
7083
6933
10433
4962
8715
13415
379
11184
15543
7161
1821
7429
8145
4258
8988
6438
4287
5725
14163
8788
2874
1880
11113
2243
7097
5785
5655
2907
64
10969
7758
9789
13336
12103
13446
8489
13810
6379
4480
1166
8812
3951
1281
2811
5614
5948
9188
7231
14168
8730
8615
11190
6015
12875
14961
2146
7894
16042
6120
6262
806
12945
6239
6826
7453
5047
9022
12481
12979
6891
8417
6978
10524
10620
3800
15237
12132
14939
15616
15410
57
8806
3648
11990
4776
9790
12638
652
4358
5
11920
14784
525
3758
11450
10255
1795
2480
3335
4987
7363
6917
2623
7500
3429
3637
8599
10071
15583
2131
14630
15281
7318
14529
13328
6521
2359
12242
12309
2111
13219
8507
10189
2122
13828
4192
737
5652
9799
9173
8992
4311
14040
2162
7804
2242
15615
12057
742
1693
13790
15732
13487
6646
1896
5908
14820
86
15160
3150
10138
5266
5819
13009
9901
15057
15151
15299
4554
5338
3173
7317
7506
14675
9524
7286
6634
4947
6336
13147
14706
4018
2535
10249
9353
5664
13097
9652
1903
5629
12060
3267
6293
12298
10184
315
4556
2621
14884
8091
9739
11329
1670
4065
11507
2271
4253
7214
494
3377
16189
4183
15773
12183
7868
13275
11708
13890
12775
9720
2840
9427
2456
14312
10562
14112
7195
3289
3196
1899
10746
12985
12556
16166
9557
12014
7680
15557
15664
5707
4535
5657
16127
6491
3354
11404
10899
13348
10315
11995
7613
2665
2136
12135
3327
1933
6139
4777
7408
8987
2479
8719
11608
11820
10475
16369
11185
1685
11428
10820
15635
11502
12330
5840
13327
15670
2367
12255
1436
9105
9257
15138
3405
13770
9695
9119
10527
6665
14150
15070
953
13722
1710
10270
10163
9726
8691
8819
9936
12181
6086
10541
13413
11621
14155
9547
2115
4421
2268
4755
15984
7743
11273
14677
3055
13547
2140
6084
3437
10070
11243
10947
1658
6071
9948
12258
4004
10106
11883
15100
10546
9653
16375
16289
14672
8273
1110
8792
4442
1171
3584
4595
756
12805
7760
5650
1013
14070
14230
4106
3009
6955
12503
124
5298
8499
10350
2042
4066
14264
15032
2110
12463
1367
15662
10972
8219
15718
5995
2978
14097
4502
14896
8717
11544
3941
15295
3228
9794
3291
11403
13959
12577
16171
9198
11396
1637
2264
14722
9460
9272
5468
2302
16267
15306
580
3262
16255
1629
10347
1631
16056
6797
9317
7967
9350
7532
15239
10265
14329
1690
11159
3200
11906
13809
989
1084
7653
2701
14611
16349
6042
3594
9021
5042
4658
10690
46
15725
5618
14978
1784
15247
13279
927
14575
6333
11630
12610
1722
11689
1996
15598
3461
9129
8483
1075
13796
11171
8308
4820
13455
11176
9958
2741
4096
1609
10318
11695
6912
15313
6405
7078
14871
7650
6449
2355
8309
10757
7110
9678
15674
9856
5925
9325
1762
12986
13069
2502
8554
13244
8518
10333
4099
15996
3872
8096
1346
16334
4715
12961
9377
6731
10143
11034
5185
1927
497
11186
2797
4672
9535
11587
3799
11110
238
11930
3625
12462
4063
1571
8254
1774
13546
15051
3261
2527
10179
351
7334
15914
12472
9440
16327
4247
6798
11321
11198
11055
3838
10904
1137
8768
4446
7489
2491
11503
5894
3166
9362
14804
1471
15176
6833
13766
7823
12923
10643
15624
16040
11221
6273
10058
4095
3188
1782
10447
8255
1334
6274
4955
3155
13508
9729
9923
13010
14915
13176
14154
518
1555
9406
13692
3004
14553
6346
7353
8060
3460
8320
15113
7673
7222
2956
3711
12685
3093
4338
1286
15814
8852
15013
15634
6981
11728
12513
3434
10864
15280
2462
5743
5206
12823
5898
878
2259
11282
260
13614
7767
4694
3600
14831
9975
10444
4169
3068
15852
9036
9792
6897
6173
5229
8509
15929
11371
5685
11669
9597
4218
8693
16099
1649
4275
3672
3444
11019
14910
9139
7314
3945
9721
575
13280
5281
8647
6214
13921
16162
7907
4375
4852
15454
749
16230
2158
7416
8187
8
9026
12746
11614
13051
10162
8374
81
5813
11647
6382
13721
7627
13162
10832
14337
2929
498
3841
15606
15000
299
11470
6485
12678
5426
9631
8261
11607
3536
1908
1380
4154
11937
1977
1862
15716
6705
15519
4392
8443
5061
14640
6972
8913
5992
5105
14294
167
2203
15922
1104
7342
10828
728
5560
5758
1429
11291
10787
6169
10799
10105
9517
9564
7157
1601
4782
8632
805
9886
1559
2510
9430
10205
8526
6822
13400
13293
11667
9961
6092
2825
4097
15735
11136
5679
2866
6404
12786
11437
13188
831
3369
3274
1284
11959
4610
10248
9081
2414
13594
5444
8322
5174
15578
14368
4923
6642
9966
2352
6118
6212
10241
8579
14409
1806
14159
1260
8706
2337
11320
582
7131
3698
1563
13140
8996
7103
6743
4112
13410
12531
1836
3283
4409
2378
14506
16277
5557
3780
7233
12488
11508
2183
1159
15945
3297
152
4345
9268
10261
14339
9649
12874
6666
13057
5683
15221
14038
941
6597
1217
12279
11460
10040
14196
16314
11128
5598
5110
3853
13182
1496
5343
7290
3771
2650
11032
1417
15866
6150
10569
2120
15758
8892
8460
12333
6057
11414
5784
9116
5926
10278
3981
16275
3864
15404
3182
8407
12666
716
13130
5478
7165
10635
10804
9596
2801
14473
4611
6758
7880
7664
331
9065
8035
10059
4981
3868
568
7062
4617
11720
16027
6861
8093
3988
8491
9614
10570
1425
11107
5022
2552
5448
3052
4014
6773
14737
10645
4362
12115
15434
6824
1151
782
8208
11475
4644
6715
929
4271
13560
15078
2861
12881
8201
8576
14152
8423
11047
4845
3446
2833
11451
7072
720
12984
3287
10943
11799
3263
4862
5339
10959
3457
6317
14900
15296
6673
3854
8993
13613
7232
10112
9685
16244
3226
12648
16294
7040
15800
15209
4834
7759
5247
16256
1607
8193
12169
2368
12821
9542
3234
2721
2838
2777
12450
12
7369
477
792
12182
14709
10013
6769
5827
8953
4813
9970
12554
8126
15770
4322
2366
16221
395
3435
2883
13358
1960
1487
7895
7311
4407
919
9951
9048
6036
5070
171
8545
2751
13779
14705
13471
13497
5499
9364
11401
3365
4064
3582
3696
14239
11236
11191
3722
5556
14768
2308
1786
6529
10320
14116
4302
10698
13992
7436
14180
8814
5181
15844
7344
7338
13064
15136
14472
3714
10396
11665
1772
7029
7906
6473
1434
16049
5294
14142
11222
2846
15199
7580
11638
16054
12491
14301
14680
6193
7987
2503
14663
5036
5755
9023
11984
10754
6011
14360
14265
16351
15899
592
13746
4067
8783
13515
10710
9334
1994
3097
15520
4127
4350
12474
242
8073
2046
9818
777
5215
2786
7583
11026
11913
434
7871
15259
11744
4472
452
9241
7591
16283
1920
11926
8849
15083
13944
3605
14797
6560
3808
1816
1306
1954
1741
6414
11274
11886
7510
7986
1671
7526
13784
5213
5445
13839
1324
14713
1403
8078
2579
10052
10994
3969
7302
14860
10693
7741
3171
4560
4478
3980
12892
15328
9627
12907
5897
8524
16271
11308
4355
4698
8598
1224
2350
314
4838
13753
5770
846
3154
2412
5705
2372
2241
9152
3333
6975
12564
2404
15840
13
2240
12223
14293
14169
1147
15446
3028
3122
8109
4145
8085
8736
10686
5255
1661
8962
15229
2988
8237
4831
3495
3684
8111
4958
5505
4476
12694
1746
11173
8485
1009
5703
14395
4043
3357
6242
13242
15885
15103
10608
4892
4001
8358
9203
1778
6102
10104
2734
7538
1719
6606
4908
4863
3361
14082
2222
594
5275
237
9456
6825
9676
3770
9281
1811
13892
14923
828
15126
5553
9458
9583
10920
13735
14967
7757
7569
7320
9329
13018
14308
3891
501
10668
9174
7551
2955
4842
10246
10239
9496
1586
3619
9737
14450
1995
3680
1961
5542
12134
12376
11858
9054
7235
8306
1441
5403
2749
14957
4837
825
5014
7124
8663
8603
4948
3439
7928
13034
9074
558
5665
407
15651
12166
4178
5278
12203
9298
5906
13074
15790
5934
369
302
11304
9295
11856
632
5498
15888
6021
12238
5873
16363
13454
12714
14979
1021
9016
1585
8419
5537
1919
2614
12742
9360
12211
7143
4405
4071
11115
10912
1001
3748
7405
352
11501
16228
8750
11277
5116
7411
15968
6096
7768
9455
269
11275
3454
7367
8042
13403
7594
2668
1497
7875
3865
14039
2641
1000
10534
14729
13848
5723
4998
12317
12608
15415
6183
11949
10437
16091
15663
13178
7548
4885
7299
13037
12545
1321
9969
8346
2906
7771
6371
5479
3914
13175
7343
14343
11729
1501
5586
4077
101
13672
5455
761
3671
2511
14842
2806
3678
8142
12454
6080
5566
9208
15269
14903
8902
3278
2778
15376
14471
9563
7734
15038
745
14718
7116
6755
10157
1139
4490
7276
9444
12862
66
2590
15871
2113
6579
15730
6128
4437
14000
6629
3723
12455
6945
15385
2382
13145
2325
5861
6152
11175
13524
5673
15921
13565
13054
5764
11420
4171
7536
222
15513
9044
15652
4230
542
3736
6644
13824
8475
812
9733
15353
5507
12158
10935
3337
8781
6443
10120
4138
5128
5900
9206
8843
8516
5996
8973
7193
3172
3810
5131
1015
1842
1066
3225
5508
995
11376
11610
7297
1257
15877
1958
11255
5137
14669
1219
8357
13149
1153
4035
10636
3465
4074
10627
8150
3933
9379
10398
8957
8297
13708
1196
10760
719
16378
8061
2438
11613
12601
4114
4058
8271
2187
8556
9042
3809
15874
4456
6031
10955
8773
8067
2244
4716
3294
6070
13294
10494
13696
12335
14673
5007
1600
3553
3440
767
8421
13208
3017
14125
5394
1672
10123
4037
8678
5889
6440
13086
15039
5891
2885
7258
6999
14780
16288
9075
11174
327
2745
4090
11011
8482
3922
15850
15884
13697
5569
6851
15561
11155
5549
4578
2460
12056
15846
5562
3290
15016
3230
8089
8333
16052
12467
2571
9487
10432
13134
9561
13387
8130
16295
11001
795
11056
3820
2487
9179
9476
9078
8608
37
4959
664
11561
9251
15072
8354
13428
4070
1026
3198
12575
5874
2678
14572
5978
10803
12123
2681
5870
9293
13811
10046
14564
13353
15004
717
13858
16239
2790
7647
14013
15703
9148
11381
1438
7444
6413
14808
8919
6167
313
3005
13888
3282
4720
5113
10996
4668
577
9968
8613
10310
13265
2817
9499
6686
2909
881
11818
12495
6066
9762
11928
359
12431
12785
12068
12516
15400
10717
2059
13078
7931
6729
6495
13662
12682
14759
9128
11253
15169
13479
2338
13302
4500
5253
8799
5371
8901
2672
398
10393
499
8184
5989
2591
10135
12191
9692
13863
6547
15427
8676
8497
2730
9439
12502
5402
1466
9725
5296
10200
707
10660
11633
15533
14584
4425
8323
183
15514
10012
949
6772
14554
6672
5667
14318
2829
12696
2478
16366
10344
6400
11379
4477
7904
7351
5620
8520
4683
2506
12097
8612
7337
6341
7304
2852
10599
9354
8998
99
11431
78
2363
4361
10547
10696
6476
2700
14758
13125
11912
3143
4920
14371
13669
3779
12784
3913
184
10279
11601
14798
16184
6623
646
4264
6156
14893
1447
9565
13257
1064
8896
3893
1069
15842
456
10412
6260
3432
10309
6140
5722
9511
12177
8708
16125
2314
6106
11788
7675
1815
11051
13330
4454
981
11092
13297
255
5961
7818
15286
9008
6588
8931
4528
7496
4330
14394
6615
13894
3477
5409
11482
4964
13444
425
14817
3120
2320
11118
15738
12492
2008
112
11538
4781
13654
6099
5267
1450
111
3935
5775
2820
10037
6886
6818
8200
5686
545
12339
1812
8138
2236
15029
7784
7617
9650
7588
3456
3957
2070
14226
7329
5321
14092
12214
13463
13649
3521
5353
2199
2807
13981
8981
6802
10798
3512
8841
12155
7308
12964
12782
6299
8135
6922
10965
3202
10064
15612
337
9300
4354
14772
1663
15337
1210
8800
797
2184
773
8279
6026
15728
3875
7386
14563
9375
6483
12325
2258
4868
8679
750
12362
9114
306
8332
12865
3847
14864
6014
14623
12831
4310
3415
5731
1193
7809
1296
2250
6285
15795
390
6353
8956
457
8924
13124
15729
3735
1750
1245
10462
11731
15236
14255
14805
4786
16131
10206
7380
3815
15472
15456
6376
9843
3695
2109
5272
4537
15411
16231
3878
9798
14425
2993
15965
5979
4403
10855
13635
7002
15750
10789
11634
11433
14002
1720
3784
3533
6054
7269
951
5376
1632
8580
5792
1888
8420
9175
7169
9590
15702
7102
11148
5354
4894
1664
15549
10080
3157
13237
13108
4209
11867
9988
14470
15768
16320
1684
8517
4815
8822
7122
6770
196
1169
365
15573
8703
7305
7667
5695
6456
13939
14393
7107
9605
12098
2467
14732
6559
180
12393
13748
10926
1687
11646
14426
3447
10411
15284
4893
14004
15245
14341
3874
10656
4708
4653
7786
13752
12724
10949
3814
4248
3403
917
5495
15389
2582
7310
5593
14835
16077
6997
5850
2937
2496
8375
25
3422
3153
15008
10762
15510
10885
1827
16225
6141
15161
13460
3229
5241
12260
11942
7241
10733
13408
13527
7705
1197
12884
15540
11130
957
1576
2039
13213
1751
8974
16207
14744
2743
12788
14538
7563
11641
16070
4002
8984
14652
14914
14880
922
8225
12500
13142
710
7325
3381
10133
2965
15676
15527
14975
5719
5237
15445
16332
10737
8172
12729
4735
2361
7043
2507
3118
5051
10056
7228
13979
6302
16009
801
2050
8547
11075
14256
12340
6843
13911
4087
13226
6679
12983
4140
6725
10512
10673
4875
10471
12493
10504
7975
9424
8867
11495
12080
10487
8763
6645
13629
11674
1304
8616
14022
7061
3971
13845
12501
6306
3523
11884
12071
13778
15418
11526
11005
10549
6308
15170
12619
14480
3320
8635
6816
7095
1344
12659
3319
15675
12000
3932
11889
10773
4423
11494
6081
10174
11004
9595
7018
12018
10438
14133
9750
2891
5675
3996
4941
16111
6561
6166
8701
8854
1550
6416
6722
6592
1131
2574
6903
8041
13224
11520
6932
8223
15257
8195
5270
14433
1276
13001
8082
768
6699
12593
316
5842
4934
7426
14254
1411
1894
416
6116
14143
14769
3281
12196
7830
1072
5791
13146
4052
1283
3682
13135
4327
15477
4643
188
13481
10580
16237
5896
11126
320
14905
12596
3401
987
5965
7681
14969
6454
5149
13773
6920
9465
2570
8292
9661
12768
13426
2772
14398
2220
10533
15056
10068
1897
5006
13795
8147
4331
4836
13664
11199
10356
5530
5182
3366
10151
11147
3452
938
15277
15165
15150
7112
8685
2719
7488
16197
2834
2922
8532
8180
6868
8692
16319
3400
11576
15541
13262
714
7267
12227
15555
6470
1114
9639
1065
14592
13600
1507
13831
12693
8340
16004
14065
9641
10332
11758
3113
14427
12814
9717
13452
6618
135
6960
2688
14682
2104
4991
6696
3152
9601
11887
5076
6977
14127
12443
8014
13500
13105
5161
16073
16259
10121
1694
11983
3106
1063
12031
5361
13203
6194
6895
7151
1244
12112
15649
1445
14972
5812
10634
693
14948
4693
5188
11892
1860
12144
2076
2551
3053
10720
12840
5749
4532
14858
11705
15856
4510
11804
15655
12856
12100
9236
7493
14073
13772
2080
6113
4223
3644
12107
3149
10191
4303
6182
6571
6983
3103
16096
462
11356
14517
5335
15807
11084
6398
723
12764
11142
4965
3773
6527
10392
10111
