14385
14948
2804
7864
4348
7745
1603
14200
10844
4806
15336
8377
11385
3239
6181
3097
14738
12101
9392
8008
110
12618
2466
14759
10794
554
2554
4283
16307
14016
2011
49
7019
14286
6282
14000
8388
10048
6854
5410
3179
8394
12844
476
10678
7521
10487
6803
1512
6867
4240
14445
6865
10842
16295
15920
12317
10668
9103
2329
13454
4175
12134
2939
13702
9213
13653
6965
4451
2551
6161
5917
2779
1138
10713
10346
818
14817
15541
5902
1366
9571
14873
9336
10939
16261
5712
8202
13575
5815
8818
1088
7320
2240
6353
2907
941
15932
2541
10855
10922
2636
3265
9385
12873
2810
7711
14430
1517
6791
9066
7417
1635
6820
4722
13886
5050
445
14672
9382
1483
6956
1129
11609
2043
13491
6655
2123
4913
5528
10613
5208
3677
7425
5306
9293
9830
4141
2699
6613
14401
258
1855
6816
4703
1173
9553
3129
2488
4350
11273
537
1283
9592
246
1919
6583
14709
1880
11082
13175
2173
401
2737
2599
2436
3509
4070
4281
13434
6640
12465
7825
1569
6726
15518
6969
10584
3091
3714
967
13111
9396
10041
711
11180
11749
849
10170
11614
1626
9433
11286
15507
7861
15800
10262
13195
3140
904
820
2526
14740
12620
11354
8212
10450
15121
15742
8473
4125
2140
6529
8634
1653
14201
3161
12711
12884
11737
13929
1652
6313
4476
14264
15256
2377
6581
11951
15168
8295
264
13177
343
10311
14232
814
3132
7305
9410
3011
14366
8158
4218
14122
7510
2532
8912
15438
2259
4844
7092
12810
8467
12336
10923
5930
1254
11834
867
13948
1515
11790
13859
489
9987
11197
13808
14271
602
3440
3244
4801
2962
15166
7164
15954
457
10166
14182
1612
13188
8128
15139
359
94
10193
13187
4265
11075
5784
2302
11413
12498
165
5911
5713
4121
4529
16147
749
12472
2283
14701
332
6760
14292
14961
8579
11146
159
7995
6396
3744
6817
12720
6229
2152
13426
15777
3554
6718
9308
13965
10271
2369
8211
11071
5588
2429
2799
3823
12841
12696
9627
255
7843
15703
16160
8743
9614
3427
6080
6937
11331
13049
2910
2004
8659
8699
1364
7468
9630
16259
7727
6814
16205
2370
6298
6827
3403
5141
8978
7327
14214
2037
4886
13882
14822
2669
12735
6910
1882
2325
1158
13841
10555
11107
5431
45
9550
13260
4807
6556
10394
12310
5158
10731
12046
11546
15380
11927
12616
6962
9228
1710
5221
3741
12877
8417
6673
4522
8404
13484
15792
299
9497
1038
14950
12433
2882
5213
4637
12990
13611
15710
16195
15890
9183
15118
733
15295
5753
2973
9737
10757
10083
6611
14570
12457
34
674
1350
7217
7593
4904
12023
7101
14667
13430
9154
9516
9955
15231
15470
4805
3895
11935
15728
23
8364
3286
12148
13327
883
11680
6373
9984
16032
16035
7124
10533
12638
15978
4876
15436
7559
12338
14522
10066
15037
3449
1135
12321
12186
16129
14143
9883
14333
14074
6872
3753
14596
14030
12494
1709
4582
706
8828
10856
10090
6186
6829
2102
1066
16165
9785
11264
15903
10387
14353
6602
3866
6893
15075
9763
13884
9082
7457
420
1979
6471
11653
2693
14473
3473
3832
14587
2579
11136
5762
1067
12442
6259
11958
9495
4922
5585
12138
5764
14828
4419
96
8664
12320
3671
4361
498
8523
11333
14420
12717
164
10498
9173
4094
1853
11217
2279
6400
11342
15971
6851
10968
7985
15418
12712
7805
7926
14874
8538
4575
15268
1290
16057
15345
13417
12607
1787
7851
3133
1342
1874
4746
16350
7820
15660
13707
3338
6635
8010
13085
5534
5586
10672
1169
10108
1957
11056
10635
1618
13664
6044
9947
10016
14835
2068
7393
8009
2597
3494
8861
1566
361
1527
9843
3328
1783
1633
590
10531
1257
9398
6022
6317
1739
6189
2446
13473
8305
8588
431
10426
1950
1361
3907
2959
5711
7441
959
15394
14450
704
742
6945
6863
14543
13227
10230
9438
3077
4687
3007
11831
6401
4508
3128
7184
10724
8567
10973
10758
9919
16107
14093
5783
6833
2993
6916
13200
15533
8284
14162
394
11644
6362
4656
9620
11992
3462
9576
6480
11776
9050
14356
77
15205
8693
14311
7768
2114
1763
6500
3723
7100
12683
10775
12951
3148
13115
3512
11730
5013
4749
2168
2191
10500
5090
15002
468
4198
6393
5957
260
9404
8228
5517
5730
14190
5051
10343
8873
15243
13556
15852
6086
115
3938
12597
15216
2861
4836
3306
15102
9587
13512
6166
9626
10891
4927
6802
9043
9884
11357
3272
7620
14057
12284
9502
6327
12859
12644
898
8600
6150
10956
5936
8256
3780
5928
13218
2958
3613
5441
8310
9099
519
12754
15744
16012
2921
6899
10264
2431
9401
15573
10169
14291
502
1426
12814
8713
1330
14
10860
1877
1843
5690
7697
13729
2199
16141
6336
6199
14642
12436
7097
7143
3036
15412
3770
12090
9812
6332
10650
11260
13394
6422
2236
7409
8622
448
11166
15894
3021
6207
3311
4221
16375
14523
4718
4383
14699
2410
3463
114
14378
9261
4811
4433
10963
4449
4778
709
1360
5334
10812
15637
8531
1411
3529
11646
7676
13613
15525
4018
13285
1485
2902
4991
12856
626
12608
507
2109
9460
10637
10890
1884
1932
1977
11016
8318
603
14926
2481
9171
1707
11608
12307
13564
1292
8844
2146
7835
7493
4708
1894
15991
3076
6900
4562
4208
9366
4244
11760
13709
316
8839
11687
11108
15283
4020
14605
9858
8145
13978
10816
10265
10095
4988
12842
10957
1647
15882
15755
11338
6887
1432
5723
8195
3280
13238
2485
2843
9196
9722
14843
8644
15922
10288
5231
10336
2860
1870
2811
13462
12499
4401
12255
14213
14177
2749
13721
9314
10448
3850
1819
15485
4063
11564
2349
3573
13907
14451
1824
12130
12234
2562
1630
6868
6843
14991
13126
8401
7362
13147
7900
9894
4075
11466
8117
16067
8176
13758
12726
4883
15451
9717
7548
15439
8801
11291
10405
12171
168
10178
14633
14485
1593
6964
13197
10899
642
3693
1409
9269
305
13757
11037
5292
10670
5098
6573
9265
2212
4527
15677
15819
7473
12114
15966
15816
7455
10461
6419
12685
3690
4828
15883
15795
1082
10560
13348
5976
307
3924
4734
3968
5768
4254
7036
1628
5509
6399
12248
13027
2903
1687
4821
7818
12961
8409
10383
13053
15970
1466
13340
407
1314
6742
9512
11522
15060
11836
5542
9217
1177
6780
13519
14777
13026
16185
3426
2538
14359
1188
30
7017
3996
2621
5487
220
6596
5626
6883
14734
13101
5954
13261
9845
12072
3904
10060
15542
10818
6079
3778
13893
1241
6099
11548
7890
405
2108
9768
11619
10841
6128
11483
5529
19
3837
13800
9479
10673
12946
15671
6880
13557
6873
4037
3789
1305
13159
7249
9326
6898
7127
9115
1116
4726
341
1622
3537
12925
363
6060
8273
4606
1938
9994
5122
8703
13334
3520
12371
3801
9848
2680
13901
14287
14613
15249
10228
817
1636
2883
10436
4372
2674
3087
1976
14786
8175
11220
8109
12724
14737
15074
7328
13002
125
13623
6668
3456
5973
2095
8438
14207
8879
2221
7928
1532
6180
6252
9945
6712
10474
3998
8081
16045
4724
4431
424
539
1634
14504
1041
11747
5676
14137
12264
14465
791
13374
3738
3560
10979
7716
1238
15631
485
3875
3929
8140
12297
8832
13359
8322
667
2828
11378
7119
8931
4992
10088
13643
7404
6091
15947
12744
5320
5120
13740
7735
663
2226
13833
9907
14686
3957
11504
14665
1791
11798
15258
1609
6018
2066
9356
364
9629
5977
1465
12278
8637
10433
5979
16164
8558
2364
15429
181
10876
9531
5393
11531
5462
6506
8823
7123
1004
654
15818
8533
14540
43
6736
8485
8951
1749
12879
631
12061
10245
3730
7810
16231
11527
14793
3199
4861
3911
1702
2926
121
13119
6751
15094
3480
15531
5192
7576
3767
2936
14255
8051
11076
14156
11533
14628
7602
678
10652
8727
2082
3216
2346
7391
7460
9482
16204
7813
13892
11422
4465
11250
2875
851
566
8184
347
10868
7629
8013
16242
2678
7746
11036
9595
11411
10435
2899
8231
14938
6135
1982
9755
8922
4774
8836
6776
8251
5310
8666
5556
708
15209
13503
11682
4069
12267
11159
14132
6177
8726
13357
12840
2267
5455
4497
8985
14845
14369
4209
8491
6213
5716
6484
15684
12866
1090
4580
16181
15324
8721
7223
958
14040
9208
16320
8179
6632
1849
1674
2888
2971
2453
14806
13052
12322
4297
11756
2076
12819
12480
11495
9745
9465
5797
8315
183
12475
5420
15823
9718
8752
1930
9452
7064
11106
14638
2469
1510
9359
11993
2309
7791
15157
12824
5128
3884
13166
2663
9616
4276
12827
13146
15430
15993
12529
2999
4472
8892
15767
69
9740
15468
6475
10941
4741
1925
2209
16127
5941
5176
6565
13088
1306
3298
5034
2582
15783
423
11268
12526
4464
6616
7976
5829
11011
3692
3377
146
2441
15203
13355
12311
6325
3966
8471
1333
16054
551
11590
8549
432
11559
7795
16069
3892
10408
13264
12654
8317
6011
7222
2300
1803
7591
8602
10894
10506
15785
5009
11708
3299
15434
15069
3933
2330
1643
10473
12723
9426
4690
2366
6130
4079
14334
11353
940
8041
13695
2776
9609
11775
11154
12441
16286
4304
3776
3867
12751
11699
14831
5875
7197
10384
12780
6494
6825
15287
372
9968
8206
10214
13391
8651
10011
9248
3919
2635
14256
2198
11024
3953
11872
13404
3607
11722
15729
6381
1598
9667
12117
15686
4109
682
15368
11029
9206
14082
12318
8997
11893
11875
13631
13630
10949
14683
6097
4043
6703
12645
7302
1022
5379
6852
15021
1304
6251
2918
5183
10693
15293
10003
13375
3461
6846
15754
4881
9911
6844
5452
11613
9666
10147
6501
89
5279
9988
7461
3625
14693
10181
15245
9854
1261
13530
6149
13196
11017
2720
11634
12784
701
5627
3099
3287
2795
12293
16198
2119
7524
10931
12375
2944
8902
86
6324
2536
5816
5934
8824
8492
4114
12891
9257
3676
13143
4152
7975
13734
12166
6351
8984
5622
10467
552
3608
13174
10102
2508
14670
11630
3049
7132
15988
4171
7056
6359
15655
13102
11978
314
13790
15103
14350
11909
7739
14700
1142
11424
1458
11297
15911
15658
2942
10031
14367
2249
11555
14429
7646
7857
12096
4484
6289
11421
11065
6285
14155
1281
13288
2960
4351
3331
7856
5374
728
10935
4719
6552
14172
9469
1136
5488
6975
14903
10364
10878
4011
2830
6458
2368
13994
9992
5791
4106
6462
11499
5465
443
83
7150
9729
7041
4295
8519
4045
13368
5259
15453
4685
15390
1199
7487
15229
4914
10146
8914
291
14439
5833
15012
497
11554
11640
6849
3978
1526
11998
13545
13460
1258
10548
15298
356
16332
8288
11544
2507
1795
13520
2340
4936
4982
13809
4842
6766
1449
11883
11425
5311
12861
2145
15996
16004
4763
8571
3902
8446
3627
11313
8433
7038
10523
9179
6460
4849
3619
2867
10798
1734
644
10218
12565
11669
15974
13913
6127
1211
13410
11324
7689
5658
2189
4510
6661
241
12700
7434
6725
6303
15892
3657
11292
7844
1086
1642
8324
5116
8132
13009
8087
279
14986
11552
8779
3858
16115
1252
3094
4185
5739
6798
15337
7718
15282
1463
10187
10565
13958
15995
6618
5077
7533
10273
2277
10589
6316
5308
9872
9298
11605
11139
9051
2986
1447
1827
10158
1139
15859
6958
1818
3042
2922
14930
9881
8745
14785
3728
6413
8758
14888
7452
695
15673
7545
4663
2080
13549
11022
12790
11463
15173
8253
9545
211
12633
12459
9221
11473
9522
6101
5137
7141
13802
14321
7350
9141
8872
16245
333
13504
15154
837
797
14072
3852
2027
2848
5744
4614
1723
11119
9439
11193
9471
13516
15401
9447
14954
4454
8534
12858
15364
11986
14250
7988
4266
9974
7140
11770
3327
9012
14729
7442
3263
1059
41
1024
7806
7536
4602
5993
7066
10756
7683
7774
10306
528
2227
7850
13283
2097
1275
5156
9565
10898
12404
5612
11120
5667
5840
641
10726
5880
11715
15326
15079
4374
11804
5349
10075
4635
12718
3415
3709
14743
15411
707
409
13527
9736
14351
13293
10674
9642
4671
11379
9898
1989
4226
8124
12531
1341
6219
14768
5971
3058
8487
273
7610
13673
4179
16248
5896
12809
8876
10975
15814
9170
7336
3257
250
12694
8220
5191
14075
1178
7563
560
6570
12822
4568
8540
7842
3641
11731
13331
16360
4804
7793
3602
5357
5261
10112
11850
7139
12326
4103
10945
12766
7566
12025
2722
5889
8591
10052
4981
2839
2618
8575
3288
1227
2322
14347
8291
15016
7503
10677
2824
11135
3051
16015
16193
14963
14289
4609
8064
2154
13716
9778
1123
3198
2081
14121
12661
1121
9680
1479
14360
3000
7481
13096
2246
10718
8919
4093
10207
10482
5001
14331
9023
9524
9343
3538
5632
14981
2416
826
715
4113
12363
9764
975
2925
13442
11039
9216
3394
5281
15944
5948
2474
7761
10371
8218
10763
6273
9067
11089
11084
10771
8478
10619
4668
1085
10525
13634
7817
5721
10769
8888
7547
3363
624
15712
251
1298
10010
6238
3700
12032
11005
1233
918
1921
48
9054
3697
11899
10495
4143
13145
13390
4983
4305
11125
11602
7234
7355
13456
2294
5276
4346
15162
3172
665
6055
11719
4595
245
5706
3522
12087
3756
4652
12978
3155
2406
7652
4895
2820
2565
4311
4227
15711
10596
15421
4740
5345
14830
6642
4435
6729
9093
4108
10825
3442
4453
3623
2858
1030
1311
13700
9910
87
12971
3771
12438
15628
2896
5289
4317
7714
15030
14881
14394
12
14516
1151
12323
11725
11903
2397
7551
10845
10222
3382
14611
4563
12888
6841
11750
6771
11025
11851
10683
14062
10938
7625
15097
9821
8913
13815
1442
10100
14507
6658
5499
8706
9453
1114
13694
1614
9307
7369
6648
3999
12309
10402
16220
13658
7789
10514
8040
14141
13253
1417
15498
15267
6727
11103
5160
11667
14317
16298
6440
15930
6938
15907
6235
2515
3397
9596
1460
7834
15371
3136
13531
6770
7282
14038
8777
12994
8060
3857
5925
10129
9526
13312
5216
10459
5647
292
357
4071
8262
10325
843
15981
6894
3731
14212
8638
11726
15657
690
15014
1760
7286
14464
9796
6278
8932
8254
6788
1087
10960
14601
14265
11178
14924
336
9145
9188
11568
3813
12283
10532
14801
2490
3158
7326
812
16187
1048
9413
13204
7158
13725
5765
1054
5263
7352
4539
2362
10093
15063
11525
12347
9434
12292
6862
14063
9369
2682
16355
11014
6237
7763
12703
198
8881
4036
3879
15641
9137
2691
10538
6993
2375
4122
12807
8513
8393
2111
7398
946
10817
12771
10915
15206
381
9569
727
3826
7686
11309
13299
12761
8101
14690
2156
11844
16154
16257
8761
10598
10282
896
15642
5254
419
13946
1551
853
10823
11854
8399
9732
640
4852
14437
3752
10671
12691
8821
7515
570
2047
7958
16321
7606
5887
4869
6731
14538
12525
4674
5145
910
12593
10600
10361
1926
10762
15824
4795
15545
12445
16219
7182
14682
10911
9720
7982
11924
11117
8204
14927
7161
3773
7998
997
13258
15519
11818
14805
8724
647
6300
10680
7262
14799
10124
1504
5403
4528
9274
13580
9
7527
15450
955
6568
15535
888
5916
3078
14753
2258
11996
7465
7916
9295
3392
16061
12424
11686
12060
4438
2638
13007
10859
10688
3203
683
7674
9030
11074
9647
12745
565
11183
10529
7176
12193
13104
14636
15179
14840
6262
12639
680
2378
2966
16344
6155
6430
670
13727
15172
15285
3343
16356
4193
12674
7110
14223
2849
3157
4621
12626
15238
11972
4647
14283
13150
3053
3351
13825
15467
14536
15236
12315
1712
4721
12503
11131
13941
900
8344
2855
6233
10760
10106
1307
8617
10773
33
1693
8493
594
14866
2367
957
11891
15784
8957
15951
13194
5822
13775
6781
14395
5471
6046
8001
9198
10225
7893
10403
2456
15799
3146
11906
15257
3177
8552
6208
2003
5070
9776
6512
649
3748
6121
14170
12731
12068
11662
15829
8924
1746
811
15133
5342
5680
3521
10194
5149
14750
5187
9528
9024
2705
2423
4831
2420
5560
4293
4239
375
12168
4446
580
9060
2647
508
11523
11010
15342
8334
15924
5644
11672
7875
14483
9078
15718
15627
14215
2002
13535
12478
13534
2658
12471
15174
5169
3575
13934
12621
313
11192
5636
10304
8054
13129
10415
12067
6039
15235
10837
9372
11067
7552
909
4373
2968
11163
5246
11666
4024
651
8299
15630
2304
9306
13062
13541
1166
167
3501
9337
14815
2455
5186
15973
13839
15483
12676
13955
16111
14273
10541
5106
16044
1368
9681
4223
6657
6967
13814
11403
9033
11858
15687
5679
3931
4632
3667
2484
7700
182
2745
10243
9159
13860
11785
726
15960
1397
5584
8427
2833
2290
903
5785
13335
6667
5258
12452
3533
4205
11904
15197
6340
9116
14377
1688
3721
2418
4900
11035
2688
905
9113
12392
2972
14694
7953
14544
13193
15746
4756
6922
15315
14224
10098
3775
11397
13302
16171
9036
3364
11375
12030
8476
8398
2806
3374
12885
15223
5072
438
15264
9590
7122
11047
7588
6028
7931
6415
9913
7541
2504
6890
9222
13050
6296
6212
15750
8429
13482
8517
15539
12940
8255
5650
12660
3408
5960
1640
5162
15459
12767
8381
11809
14203
16268
15801
1943
6690
8451
9857
14900
6775
7211
6679
5777
5634
11912
7706
16263
587
2826
534
13276
14340
14928
14754
1509
9365
2729
13224
747
11218
370
16285
15349
2689
7914
7401
14771
8942
2731
12725
12564
7734
5756
12907
3525
10563
1933
2719
8207
12220
5890
9744
9548
9585
6119
13483
6420
3566
16250
10822
11476
2617
191
11817
4068
12569
7790
10465
2743
1588
5620
13781
11148
8891
14971
15839
1230
2486
15900
1754
14967
9980
11063
5566
10451
1400
10051
9309
2182
1847
10666
3193
12601
4659
16236
11038
1731
1521
11149
3558
14441
7829
14506
3387
11269
9318
10909
10196
7098
14616
4716
9105
11830
10227
15286
12244
15277
4153
9641
11404
15928
12423
9207
9371
12679
731
688
15462
11032
12851
877
13957
12209
9123
368
62
5850
15493
15749
9946
16365
9304
12279
12541
11020
5054
12869
13722
16162
7187
9943
5742
15734
4676
7071
12874
9690
12435
13755
1583
4715
5483
1613
5201
11241
6045
14886
15538
6745
516
12324
11980
7568
10926
2866
12340
15688
5966
13718
4008
7815
229
12580
8036
3711
11126
9251
3341
5099
15410
15501
2864
5958
12380
13250
4382
9498
16213
2135
12966
14005
9120
5553
11588
863
11060
8057
12479
7862
14107
7633
6660
5703
8146
4808
14585
7940
15908
12206
7707
12924
13320
10240
15791
8900
3971
8495
12294
11078
13665
4872
11784
8565
15178
8802
7635
10761
2778
11683
8944
1909
1264
15099
7600
8794
5579
8368
1018
11095
8589
57
4856
3663
14077
4924
13842
9607
1146
7543
4950
7039
7226
3570
15576
15309
9184
15733
9711
7392
3920
280
9818
9032
6311
677
15566
5065
1419
16033
11629
11800
7109
12405
8078
8436
9192
5830
3800
10054
5389
10440
13528
3047
13931
2703
5107
8453
14269
8660
12605
12548
5144
15582
7909
6302
12161
12195
9782
13378
7915
3860
3541
6705
7221
7627
5391
9415
14279
13869
7881
7613
13251
532
11516
4381
8628
13433
2900
12104
3890
12296
6963
3567
3100
11922
13822
2000
13221
14015
11984
2525
11138
1835
2437
9648
5576
15821
13597
5256
3241
6473
2319
15646
2347
4344
4234
12137
2641
8437
8899
9280
12254
8953
7088
4867
12151
8142
1395
11832
10802
7241
11238
13232
8708
5561
6204
10512
10050
1058
7008
3899
1776
8603
10516
924
9489
4316
14674
6628
13619
11914
16211
6056
7178
8939
3865
1093
7079
11162
6274
11293
12474
14058
6892
154
1594
13533
8192
608
766
9006
16048
7512
13844
2919
8201
9761
15505
13898
956
2496
13728
5227
8830
4971
13413
4064
1363
13436
1552
10971
14235
3039
6799
13014
16309
11066
5423
8641
2764
8340
3044
10008
1691
452
9300
16153
6796
10453
6979
8784
11664
13082
15997
9003
10789
4757
3795
14435
16209
16011
1232
5424
13373
15038
9485
3130
12028
9138
1346
14052
4015
1388
14148
15589
3854
12074
6747
8049
12007
6859
2335
8418
5544
1098
11296
8088
14666
2252
11182
2301
7131
9824
988
15994
5651
12201
1828
3119
9552
5810
5414
1856
13266
12653
4873
12192
13154
15602
669
7231
12641
10821
3815
13479
14314
3833
13662
12911
8649
4585
2015
11050
8301
10200
12360
15669
13106
3032
9108
10085
8080
5974
13182
6477
9330
2396
13910
773
12466
5416
5269
11069
6435
2884
6337
11885
15675
7801
5935
12257
4096
10955
13816
8756
13243
3261
1801
13686
14472
844
1898
12513
13379
7025
5353
8630
13497
13360
11372
11156
1064
13424
562
3749
15343
2216
9866
15849
9683
7189
15955
15480
13069
7395
4567
11968
7319
9983
9375
11841
6932
632
6543
7799
11494
5266
15131
10870
15314
581
5371
13671
7012
2444
14404
8422
3492
16369
8896
10675
13008
15856
1097
5327
13155
13086
8507
6000
15644
6169
203
2542
4118
9132
5865
16262
4559
6819
545
13184
3819
9386
12833
12196
11791
13704
13407
6990
13705
10231
4750
1316
2933
11439
16331
4505
15753
7973
6574
5705
14692
542
724
15457
5551
8612
161
14456
13991
11169
8387
10340
1839
5317
14574
4358
1246
6995
15020
7878
9211
2794
11041
10551
12998
15064
8236
15211
4743
15600
13030
16013
13466
1959
7937
14154
12558
11061
10692
10866
12574
10885
3662
2245
16027
2257
7668
11362
3259
7137
10379
4087
9014
1518
1359
9723
4993
15833
11223
10865
242
1208
8311
7960
14814
5161
12773
10162
14374
2770
450
5884
11165
15724
15292
12788
12850
16207
2956
1995
8928
10826
779
2031
9752
13926
15701
346
16036
15489
6307
14305
4418
8877
16121
10850
10986
12625
4530
16238
4915
11570
10694
15395
13387
15987
527
9841
746
12337
6895
11426
16352
206
8488
1091
11216
2545
5649
11735
14887
15475
14864
7129
14329
9653
9809
4938
12432
10908
13651
14905
12456
1374
15557
15454
355
3294
11948
8573
1716
15828
8675
15092
813
8093
14078
4195
8793
965
951
540
3781
10832
4683
8196
7033
2951
8740
12243
14227
12029
13863
4086
14530
15613
15417
7366
12058
6526
13022
11655
13016
3499
6021
15191
6551
377
607
7397
5641
240
12425
5882
11272
8357
13370
2732
2058
8445
3500
6329
15289
14198
15547
14237
7983
4587
3081
8131
3192
6147
6452
11691
14281
9156
3629
5546
10784
2777
7854
5383
13158
3844
13589
2905
8380
12329
4459
6723
3719
1547
8665
10690
2748
556
10396
15440
10004
11685
7616
11195
5814
7077
902
4686
193
12540
3109
4739
13295
9387
4941
968
10316
15142
4837
15596
4154
10501
4989
6809
3618
2489
7962
8692
10320
5749
5405
2465
10462
4731
13786
7997
10068
3266
14639
103
7044
8791
1980
8360
16199
7880
11459
16330
6343
765
11446
5017
6158
11745
14468
4110
4501
15871
15049
9851
15730
12180
14790
14808
7258
6951
9174
10421
1838
7570
12055
7888
1441
4592
3437
2989
6549
12081
11440
12369
3737
8252
14661
2679
15786
6407
16318
4422
9260
8701
9277
7183
6554
6699
3469
1662
7963
743
8963
3388
13773
9017
12989
16114
4636
13435
13751
4084
12980
12110
8007
2055
6753
9140
561
6220
9448
14648
11416
1382
8867
16316
2
4443
8749
5904
3611
6889
4275
7511
1272
10157
15497
1131
7193
7287
12420
4006
12590
12551
5527
9511
6436
11949
12778
12333
9728
13330
14302
987
16041
8520
3441
2426
13010
14267
2711
6935
6721
13236
5127
7796
8431
1110
7561
10283
14940
4875
1998
10087
6012
3023
13214
7592
8244
15564
11501
15377
15931
2270
11176
3715
14087
1001
8015
11679
13457
7026
12556
10429
7168
12740
10256
6057
7415
4532
4622
14528
14218
7816
15335
11846
3001
15725
9492
6988
5613
14956
1580
4935
8058
14312
10901
9933
9427
13120
3600
9967
12619
12406
1605
1196
16134
3451
13282
14715
16030
2524
1042
12992
472
9865
1793
6689
14944
266
12052
2675
10086
9340
2913
11717
3903
14889
4359
13162
4949
3466
756
233
11225
2159
3149
2596
174
11311
4963
5695
11174
4258
11740
5852
9029
8174
9243
11594
14732
11618
8000
11191
2010
5010
5350
12416
10092
11556
5770
14280
11969
5900
10524
15441
14220
10727
11929
8656
14568
16145
4626
15077
475
7766
1433
3660
5802
8172
3535
12631
5205
9287
16186
7274
3497
5591
3872
7135
845
15319
9708
7853
3792
4772
9303
7485
1863
15220
802
1639
8909
15604
7380
5858
11991
8290
6527
12393
5854
2077
6027
13560
1831
2814
11878
9544
5879
3205
15126
15714
15766
547
8930
11964
11008
650
13747
11177
296
10079
9152
8698
3900
1883
6918
9164
5252
1900
5949
7050
2740
2430
73
8450
15150
12491
14942
14277
15288
10244
8515
8929
9970
10829
14415
13959
15091
10105
1861
5351
9849
8395
9702
1782
12909
4296
9075
13993
7839
6620
2149
4207
12775
2717
12796
16214
5214
88
13031
9794
2710
16379
8162
6206
8277
1821
9122
2323
14325
12923
12178
4180
441
4760
3640
2228
1376
2696
5297
16267
312
5823
3930
4030
12913
7313
1887
13565
4754
1197
1645
13539
6538
13939
2987
13632
5096
14098
6797
2064
15431
3589
13537
5486
12272
3758
1425
1769
13836
2606
10069
5995
4610
9290
4389
10024
9358
13296
1886
2393
13427
9284
2150
995
15679
6052
219
7335
3166
12049
3225
5207
12245
2870
15523
3370
13132
4320
11560
9466
1420
15526
5659
12757
738
15076
13347
13134
2016
12394
8598
796
10151
9675
14708
6194
3508
3672
2260
7429
4569
12534
11962
2686
15622
44
3105
4160
12931
5422
15909
2739
11462
882
11469
10152
12825
10793
573
1610
5282
9615
8949
9593
4366
14361
14294
4322
11433
2402
6054
8066
10026
12214
6650
2356
10754
4202
8542
1023
4157
8086
3404
7208
16001
14525
6704
12350
10840
7977
12758
7771
2255
6024
10084
5264
8323
15218
11101
11663
9765
4001
13297
6227
878
9536
11681
2170
10390
15050
2382
10110
2653
11645
10365
11966
11244
5049
2286
5545
440
9367
7657
9663
428
15347
8465
752
13932
3075
12659
15045
11160
937
7456
5520
14893
15072
411
1228
11758
13807
10173
725
9655
3514
12599
3549
7483
15448
7638
8309
11489
6171
12514
833
3226
7581
6697
9390
9037
11133
350
15378
7609
9402
3647
47
1540
6291
3293
10171
8738
7363
6152
4603
2983
5614
6981
11990
3519
11845
8547
14824
4951
6380
12671
11977
7876
15386
14088
13098
11558
5589
2801
6836
10888
1775
8415
1334
7003
11328
7807
14762
13874
10226
4684
399
9403
6722
8023
2007
4645
9509
13906
12708
1269
12695
13595
12522
2995
11290
4712
2297
14846
5153
6637
13048
7396
10987
11592
5677
5513
9514
13768
7655
12502
14854
9567
5733
11575
4135
12240
10355
8265
12552
12749
4166
6391
15490
481
14427
5028
14898
6441
2559
8200
14475
4692
1332
14239
7359
4711
2178
3797
2163
11155
9577
6065
16304
11115
8732
4390
11221
501
9918
13714
10381
14252
155
4544
14730
13452
12802
9589
13078
9408
2061
11905
8566
4243
12509
14231
16039
16339
6912
3197
2219
12878
1451
3333
11848
16180
7080
262
9739
11326
6826
3142
145
12734
6433
9532
8003
1347
8483
4860
1083
3073
474
4447
16184
619
3183
8331
9085
2341
7699
13388
2039
11930
13584
8070
13561
5693
8820
8809
6961
6478
586
11940
3694
1597
10358
15152
15949
10912
4291
8137
13864
8177
14417
5618
2970
2805
7902
276
14673
12927
3759
14358
15276
6855
3454
12881
2243
9444
8347
13971
10286
13486
11572
11714
13735
3297
4062
3339
3666
9232
6772
9837
2911
4199
14996
16006
10616
11367
9871
9915
10414
2825
15662
10886
13616
10517
15059
12123
15948
4342
9443
6250
4944
2832
7923
5842
5895
2338
1348
236
2472
10
1815
12402
4838
7913
4598
11493
4933
529
912
8882
6156
914
10109
13967
14520
11392
3218
504
11161
11976
15562
9815
4230
14818
14466
6531
8037
13917
11350
14772
12769
1108
5358
8026
11118
3296
3453
10578
4608
6539
8412
2026
745
2753
14066
3687
1725
14443
12991
15844
9499
11491
15617
12173
10846
12314
5717
4162
14424
4709
921
7364
14083
11248
1029
9493
8845
15225
12622
8790
10375
15865
1049
10557
8766
6133
6515
782
6421
15614
7499
659
14041
11650
5801
11733
13871
16056
2528
7462
11783
5024
9162
10299
2316
3628
5384
2284
12024
13364
12702
5983
13915
1939
14749
11751
15620
7553
6591
8987
5737
10053
1016
13821
15053
15263
7852
6310
3915
6345
15847
5055
13850
16366
1128
10237
2812
14982
10820
6246
10009
1282
6624
10810
5779
2997
7279
12059
10490
3901
1210
51
12690
14798
12354
12389
1531
9344
7353
2460
10150
6481
9131
7681
15591
7207
668
8440
180
8808
7096
6510
4408
12468
11026
16200
13843
2086
12269
10134
3552
7076
6269
14781
14590
15419
2645
6293
12041
10703
12467
14832
3357
15636
9908
4576
14860
14128
2060
2230
996
11633
9989
3446
751
10279
3402
8267
15226
6541
10137
15333
10189
1406
4571
1482
1209
4987
10370
9624
10210
596
5290
10217
12781
4908
10216
15862
8716
11348
15181
8194
5994
2151
10873
5429
1561
12125
8797
13034
6666
188
15435
2726
6815
13091
8601
8213
1960
1444
4081
12002
548
12845
4232
6794
5165
10882
4440
10215
3544
9311
8020
9693
3238
15085
3818
10072
14968
14458
4050
13935
151
15433
8239
4136
11227
8012
12981
1437
15112
12147
8763
6247
2112
14773
15393
1514
1415
1431
6546
1621
1240
8333
761
7072
15738
15937
15705
5956
3229
1192
13443
3706
9892
15873
9766
16070
3760
5104
13930
3290
13313
1148
12985
3432
8138
824
12111
15747
6010
11855
15325
1057
7490
11728
6991
1750
8647
14416
2583
5912
12537
8849
32
7942
2439
2315
3171
7556
12589
8345
6035
1816
8741
3710
3355
1850
636
11040
12413
12880
12003
3324
16274
7501
3816
3804
8217
925
16085
5694
5629
11377
8955
7261
6439
3191
5923
2442
4399
7078
2379
13766
14766
5045
6492
11847
5458
3764
7436
7091
14169
4966
6240
5337
1595
15880
16239
13108
12014
13415
13409
11325
3564
8695
4641
14885
5652
9275
5811
1428
9807
15299
7018
8915
14521
9462
962
7074
7055
15968
12449
13211
6431
7073
8247
2773
1125
2044
15709
1193
5571
10924
5011
12634
11019
11965
13480
16354
13953
2107
4777
13439
592
9011
2160
10463
12612
1221
3609
90
15414
11043
11542
716
7148
4041
13065
5190
15387
13450
13572
6082
10386
10749
4960
3485
15985
367
148
14765
11145
13066
7051
15253
10329
8581
10391
4879
10788
8133
16276
1563
2544
11332
13969
11188
894
3103
14502
13586
1429
10136
7385
3009
14225
6605
297
15543
1235
9839
8096
7171
3814
5549
6566
11994
16275
1343
8532
2414
5291
12512
14811
15006
12636
15222
5674
15527
8470
1005
10836
12374
1745
13488
10013
3873
9962
3543
15297
949
3201
12871
2877
412
7049
866
2518
8164
805
6913
14902
14695
14352
11865
15201
7004
986
12051
7595
10272
13679
9678
5888
301
13787
4905
5103
1198
259
1733
10946
8936
6341
13163
15726
6941
8869
4545
10400
10720
3167
15158
1964
1147
14857
4163
15082
5079
15369
503
7458
12312
8039
74
2091
12005
5492
8092
2021
12440
9121
14586
2208
3436
11390
9570
908
13317
4535
14908
15516
15146
1498
7907
5041
7933
4055
3354
5480
8352
360
890
6218
8152
5522
15990
14222
4979
13272
7653
15721
13625
9086
1822
10077
5133
1881
10163
7507
7498
1300
8205
5869
12221
16047
5846
13245
2398
10967
3031
10645
1572
10424
12037
10770
9972
13278
15044
13173
15838
5333
4573
15200
6656
2247
8188
1644
1378
15834
2871
15047
14756
15310
2603
1729
2250
14181
14165
2482
12133
5568
10248
13353
6540
15161
14129
15661
6886
6954
11369
1586
3245
319
14480
12521
12237
4885
11807
14929
12107
7845
15362
2408
2476
6708
5143
8156
1424
9964
13922
8169
15159
13554
9147
10148
10736
13495
8527
14422
11777
11601
5946
7784
15169
7348
8497
9435
14345
8134
7905
11428
6138
5760
10954
2162
6769
1250
14851
3110
6853
6115
14171
1899
11642
4901
6277
4051
5035
14489
1830
12205
5081
7783
6309
2593
8709
7186
9148
3863
4271
14176
5170
6795
3057
3464
4057
14995
14603
12500
13553
10179
14048
13622
6929
769
15392
10419
4362
4896
13284
10917
6891
12953
2831
5510
8034
5135
8258
1089
6443
1335
5685
7932
15917
5848
3060
4525
4021
13160
8269
11431
4554
2514
15638
7971
9425
12831
7365
11317
11285
3054
1288
5792
8848
1836
1127
11828
4584
9928
3841
7311
15193
11289
6858
9842
126
10117
2677
2575
4425
1905
12743
14751
6403
9602
9445
2343
6007
10404
4675
9688
3923
6594
8614
7484
2487
8464
3308
4469
7263
12624
6184
14421
1798
7496
9600
5728
13051
10115
14327
6878
5710
3654
13178
2116
1217
15329
12381
12383
3889
13752
11381
10656
2048
6783
1885
16254
1786
14595
4775
8370
14073
7476
7738
9281
224
4391
14714
12021
14515
10190
1165
4524
13513
4250
2553
11205
1809
13618
85
5565
8371
2977
10959
9795
9756
8419
2299
7293
12997
1273
15230
11093
2614
13748
7029
6974
14341
4085
7849
12235
6495
12113
7344
893
1878
755
9927
15905
13672
11623
5907
5136
10221
2967
7486
11347
8941
15850
1345
5092
8857
1575
2113
9136
12165
334
15590
7601
12902
2657
11251
5975
4612
9912
10209
15165
15073
9081
3246
14391
4027
153
15455
3630
7929
10592
868
13692
11444
1973
10331
1657
4890
11871
10995
15494
15522
12332
12328
2619
11079
11890
3847
3249
8669
4999
15029
9705
9504
13401
6738
12443
4942
13986
1061
16137
4324
13789
4042
5698
12547
13799
13352
271
3702
2985
2756
9741
8410
6066
2668
11360
5657
4651
14114
7922
14722
14254
8954
6643
6560
7248
16080
7464
13242
754
11453
8803
4022
2478
12126
2405
1084
12627
13475
5645
11622
9682
2053
8751
6002
1875
5438
12335
1807
7480
14716
12805
14193
6248
1072
6557
11219
9799
3115
11879
830
4540
4907
6438
16017
1200
3082
8576
8306
1944
8908
3315
6662
729
14915
9767
2052
3384
9376
11344
10682
8906
15959
9961
3809
7938
2557
3435
16122
12667
858
9891
14776
5482
15929
13739
4329
4140
5640
1812
7946
3496
15685
13060
3217
4796
1445
13508
14774
13325
444
13372
14789
16289
15198
16124
13476
13521
12331
3794
12560
15296
8043
10303
10409
1718
6842
9637
209
9360
7202
490
13020
991
2763
11955
16249
8702
1952
4066
12108
7005
5002
12571
7708
9104
10640
6429
3834
1888
6232
384
7108
6014
8165
12262
15977
9020
15633
10914
9001
9473
5514
13170
11112
9649
6800
10022
5363
24
11091
7372
4095
12215
9117
15555
16197
1589
12263
13904
2042
5206
14383
6031
8537
11226
2949
8569
16312
1144
7478
4748
10970
14067
8920
11073
14488
7662
2394
10711
9436
10276
4396
14118
7216
7758
16016
3891
12918
2479
8623
6315
11697
8934
6876
3262
2891
5088
3779
14229
15067
4594
6496
8466
15043
6572
15116
6461
7529
10201
873
15992
1650
5309
8298
8926
8279
3207
2184
2998
11900
870
12642
7658
9245
6619
11677
14145
8729
12109
6779
12742
12763
15936
16325
10831
9286
3323
3578
15036
1648
6425
5738
13783
11795
13636
11881
398
11087
7325
1190
13966
9981
6688
13300
2540
2894
1450
12181
10507
10338
4222
1892
9361
4413
5330
3798
5426
6950
8670
8781
1189
6925
14641
12688
6579
6106
3680
7383
511
13719
11189
371
10425
692
1660
6487
15474
11256
4847
7956
2022
16126
4126
5490
13668
8226
7310
15565
13792
5789
1708
12434
5301
3017
11759
14583
12022
8304
7314
6509
13774
14962
3524
6084
3030
4555
2206
4138
15643
6737
15976
13944
822
2857
8826
14752
14152
15147
9282
5769
11876
15303
5678
12956
5541
15031
13708
16306
12226
14060
2463
4589
14974
2822
7754
14702
9561
12334
15885
14309
1352
11709
4038
4531
7996
11589
12009
12942
12662
15969
3988
6350
3846
4736
7687
3190
3991
14454
11528
5195
16082
6271
2407
9903
15585
9191
12606
3251
6036
1503
12250
8815
9820
3004
11626
11788
6001
1043
12477
14853
5892
14071
12837
15608
11628
6159
1133
12218
7466
11300
281
9836
1109
2202
12739
6193
4150
11738
15207
6395
4894
14723
14993
15175
16167
7822
2477
15081
6677
15141
6390
13055
13593
11566
12026
7251
16253
13909
8556
984
9639
6714
12941
1408
2063
2876
14630
1226
5642
10561
8635
10611
12056
12077
10352
4191
12632
6724
840
3455
5401
1629
11803
12358
5662
14608
4479
16217
10313
5115
4144
8319
8834
3124
5089
6297
324
10140
3150
11892
10732
5578
10745
14313
7297
13981
6923
8314
2637
2850
12750
15943
2231
2991
16288
5006
2920
13995
9547
9464
7534
15619
15372
4920
4436
14946
3477
2837
10261
5616
9254
2282
16345
5443
1410
8365
3498
10123
15291
14895
5511
12615
9437
994
7027
9395
4192
12016
12886
11739
9368
12967
13933
8678
1781
1357
3664
2661
12158
12570
9518
11196
2767
15019
1842
16178
11184
12604
4694
12797
2573
7886
6917
7165
1928
4309
3368
1797
8303
1242
15895
9652
14567
3187
10985
12065
7294
10743
5378
1262
14760
14800
4127
7492
1658
14933
15891
4794
15100
6483
12843
10751
4500
2059
11057
7011
5752
14025
5559
2981
11242
13870
13834
1743
7582
6266
12495
5988
9519
4615
10540
12437
2339
14820
3491
15563
6982
4958
9929
4201
8159
11280
14947
8679
2041
7574
14972
9320
14034
15579
9733
10729
4546
974
3301
9186
7236
12658
11003
3111
5601
8580
14564
8860
3235
4954
6074
11856
12341
10349
5202
7093
6563
1062
9107
13025
5150
1026
4287
9463
257
2503
7762
8528
14462
388
7702
7053
7198
3718
13437
9558
8889
6561
11988
13035
6416
14524
6349
14049
4859
1721
8938
3888
7358
506
5427
3178
16252
13954
6719
12482
2307
11152
16119
11557
6884
11761
6446
13659
15794
8185
2287
12530
16222
8397
7420
10125
65
12549
5408
5303
10049
14153
13578
8339
3545
4404
16196
5774
9625
12388
11301
269
12043
13467
5758
11281
3918
10617
10445
6600
10847
56
3974
3605
6059
16317
13612
4247
15820
13517
1859
7664
6869
2941
7994
2164
10952
10503
9689
10925
12563
36
1997
6154
15874
2084
5475
7868
3769
5670
12986
6562
10897
13845
15842
14803
6423
748
8249
3274
8870
6834
3313
14247
6201
12602
15925
479
9496
9566
14113
16088
13511
4019
3750
3359
9846
5635
14914
7959
10976
5826
3264
8986
9378
11365
2158
11611
8570
9182
3418
1159
4578
512
11720
7284
16170
7318
2445
15546
14180
9450
13498
9694
13217
2587
6187
14307
4543
12169
6144
8842
8075
8937
11259
3563
12922
2296
15902
15632
10155
13275
466
2953
7259
7575
5360
15046
14517
10510
53
5824
7238
5008
13244
10103
15013
4768
11449
9604
2033
16194
3417
7599
7608
10363
8983
857
10296
3444
2057
9701
8356
4864
5660
616
2758
4216
7342
4862
2651
6034
4729
11058
4813
8976
6009
591
8498
15807
1578
14989
12386
13796
7028
1021
6301
9125
10738
8447
4488
12663
9057
9419
16232
15290
12112
4727
5364
3732
5147
2502
11315
7585
16359
2723
1154
2873
11307
12689
11114
14226
8135
4494
8687
10195
2816
8183
26
1641
661
8209
11801
2909
15984
8999
8672
10996
10374
9658
4845
10653
15391
4561
8110
3659
3472
1968
4026
10867
9394
11780
465
6957
12054
