4923
438
5398
11754
8114
8874
13539
13894
15367
5574
5329
6933
13121
14059
10324
3810
1950
12558
6127
2119
1224
4726
2965
3873
11543
11622
8319
6889
7631
15310
737
11364
13960
15666
7080
14520
8496
8781
3457
1549
6106
5758
11538
9166
10180
5459
11469
14900
13486
4077
16002
5307
10359
13756
6660
11191
8377
7904
7893
12395
1069
783
10875
9411
4298
14203
4963
723
7242
3450
14282
13438
13893
1016
1952
4831
13387
91
6903
623
12928
328
1196
12385
5009
14455
10255
12166
8923
10366
14096
1409
8510
5262
3201
6045
3914
1300
10401
4603
15520
4169
14274
6522
15914
13390
10132
7534
12125
2759
7884
16214
13710
11335
7645
3678
11370
5717
15982
14100
9911
16279
16064
1670
7472
6936
5687
14406
5390
11663
14444
15315
829
1490
10885
4061
428
1495
13071
2430
11267
2882
14929
12352
14328
10046
8205
928
15896
13085
1814
4177
10974
11460
8214
13243
7961
5476
3146
9482
7052
12635
7798
12839
5158
3882
7668
15476
2131
13482
13766
5441
1388
15494
3791
3933
886
5509
12224
15776
8743
9515
8236
14399
331
6092
11396
2966
3180
3857
4825
7558
7616
2344
11436
9780
14246
9401
15293
920
10269
11120
4817
710
12734
15893
9668
12320
8984
8270
9067
4373
2891
7666
2922
9215
7595
14777
6986
3983
11821
8477
9332
2754
15296
5885
14873
13034
3320
6953
6887
6960
4986
12012
14347
12819
15211
9427
10960
8301
15537
11252
4890
6199
3371
12979
1433
16277
5990
11383
6443
1864
6204
8367
10938
3805
11197
41
14307
10276
10062
3649
16030
7430
8394
9403
1357
15882
12778
9013
8651
4829
4618
4657
7776
4727
7973
10653
3665
13
15313
8111
5805
239
4490
10540
5538
2204
12302
1396
885
14220
14379
14346
1013
9524
10027
8868
6865
15616
11585
4444
208
15581
6293
11374
7194
15022
6318
7938
12409
4115
13167
7298
15851
6898
1081
9389
6870
3880
14874
1861
5089
8902
3372
13728
4918
12137
8003
9039
6537
2586
1829
13700
8196
10972
8409
2807
12245
1424
1912
10071
2497
5961
16006
10624
10045
982
13966
15219
4088
16212
13924
13208
4073
12511
16124
15745
9147
4372
4652
14374
7367
6842
7082
1088
13031
9174
9819
14380
5545
3615
748
11373
5184
2951
15329
8555
300
7516
13647
4577
14060
1446
1458
13421
7836
12633
7143
15675
9023
8570
3101
16326
1537
15341
15126
12106
14744
12960
10982
4941
11553
1583
684
161
13587
14295
14384
12529
1108
7983
9755
12095
15297
14201
15629
10252
8124
5636
16265
15518
1741
4321
1991
8263
10878
4154
9239
6745
6215
9263
10582
11192
8839
2818
3068
10204
1527
10594
14135
14279
3053
1550
8699
3923
11950
9986
5608
13976
6088
4893
8972
9167
4733
10880
10388
6451
14578
1225
15852
2034
14861
7074
3209
12795
2184
15357
8943
4534
7056
11869
7611
659
6992
9618
11223
10870
1256
14582
7087
12580
13534
634
12830
966
3760
6711
14828
3333
10842
9938
2608
5354
10156
5502
14416
13465
13523
13672
7182
4591
12231
7103
15844
3736
12447
10098
8773
106
5408
717
5739
6179
13171
7062
5368
15683
14976
12479
5149
5969
8175
11714
30
615
10617
15901
10287
4316
2628
2714
806
510
3674
6005
302
7520
1622
14754
5788
6060
9779
4034
10926
14358
7869
6107
14193
153
1976
1138
5333
10353
11747
3376
7363
11149
8237
6515
8751
6491
6905
1185
7429
4064
12740
5223
13958
8882
10197
6734
7710
2262
6233
5934
15115
1863
3499
14318
3673
14636
16216
8475
6218
12604
4454
16171
9926
4082
4339
7951
15568
9991
7202
14591
5516
6729
2362
135
10143
6931
3094
7786
8636
14172
3967
4291
13136
12858
15862
9240
13878
11776
14291
2241
4567
647
1889
4139
11021
2524
6353
12515
14438
4623
14105
1706
1259
9243
15070
14012
12925
6651
11852
15743
15043
8974
2294
1974
15134
11858
842
13079
9257
14697
12356
11975
1857
1789
5512
13944
14106
5188
15500
5560
8659
12202
5088
15458
342
15842
7241
761
2018
1983
477
15643
6730
13870
6089
9979
10696
6828
14956
3866
4581
10189
2300
11767
4491
1565
8750
12318
11784
11219
5519
9810
9369
7802
15625
10889
13638
1463
6975
2757
6442
16119
884
9312
13581
12021
11401
14472
1336
8458
5658
8766
3826
5381
9652
14817
6665
2197
2149
7049
12693
13941
15454
4209
14934
6731
4866
5133
8130
2000
7015
5317
16351
13462
8965
7791
10848
9315
14516
9197
9625
4728
13083
11837
8092
10621
7135
13436
13460
12270
3211
6958
2256
3938
15083
16299
4973
7355
7235
14928
1219
11038
8495
9341
7673
13520
6063
15857
14422
8289
13026
1899
9897
5570
11965
10194
6260
13304
7982
12631
6790
10779
8178
2393
12976
6076
7958
6263
16282
4588
2268
11438
9316
6332
7395
11449
11569
6661
3390
3944
7448
4620
1270
15490
13727
6775
6468
16322
9663
9337
12236
9705
3694
4514
6876
13212
11113
7911
8806
15103
1783
8388
7988
12296
12429
6116
3753
1393
13570
3524
11918
8021
8915
13095
1057
7214
10896
13112
15768
9286
11036
6398
6066
12790
3378
11788
6670
2960
5962
5084
7310
5295
3455
14529
15812
14758
2607
6394
13845
12749
5174
189
9071
2623
10182
4216
11310
13134
3563
327
2488
5300
10764
4017
14300
3253
12471
15303
13602
13852
8036
11741
2020
3259
2318
1774
7181
11802
3039
1281
14407
2380
16164
13701
8937
9946
8245
8189
1667
356
834
10860
7834
5154
10800
15903
11817
12661
3311
8549
12572
2906
7684
7293
7108
5718
8989
11765
16195
4930
7050
4644
4461
5665
8215
3594
9592
15248
351
11592
107
10699
2261
8995
14970
10295
12989
315
7892
11079
15699
13616
15549
9451
7433
12285
9380
13315
4719
10225
12870
869
12535
14160
9817
1827
6535
621
5490
3228
14492
5993
1371
15485
16038
13269
12432
8201
6714
7810
1155
15063
2287
4438
13825
10726
3601
7841
5606
8917
8515
5916
13631
11811
3429
15220
11275
3741
3017
3660
1353
10612
16268
11980
15154
8311
11695
15824
12889
3215
15756
975
6432
1766
12937
16317
11872
14411
8453
14167
11446
7796
14601
7845
3232
14732
12639
4578
9056
12171
3884
1658
2465
3871
2813
10964
16035
2850
13574
15072
13047
8632
10480
11356
13785
10352
6383
9068
11850
2199
4539
15419
1235
9702
3948
4695
6586
12449
12991
8303
3720
2407
10661
15883
12303
8609
10219
9176
6921
13412
10911
9314
12796
16367
11555
8464
3015
15884
6333
7459
6957
15129
9350
2778
13497
2339
6421
8133
15447
11200
9878
3011
15761
995
1708
417
5820
8754
14799
11265
15450
3159
594
176
10122
16066
13425
5388
3939
6628
7490
4410
6143
5404
8221
10816
9289
9659
13073
13423
4039
2849
4028
6244
15637
10546
7793
14997
6746
11339
12439
6523
10976
14974
334
3982
9913
10410
10864
12403
14677
7746
3407
15041
15328
2490
12891
8649
9029
6240
10360
792
9581
7454
14909
7861
988
10285
15863
6718
10532
7855
12599
15403
14502
3664
9054
7569
13580
12888
1314
14647
11929
12901
10665
12885
12013
2182
2694
5328
15174
3847
8706
6506
16070
8351
6940
2795
1338
2912
5187
6156
10349
14595
11277
6153
10822
9887
7327
7934
6210
1521
4768
12922
2877
7275
1998
14579
10630
899
12382
1061
13649
2625
11499
9162
12463
3501
9367
6634
6971
5078
2157
5944
14110
10254
7110
3653
11399
2684
2744
10729
8065
13242
6968
602
7764
14335
132
1311
11056
4280
11709
11058
12139
14188
493
4914
3415
6133
971
10636
531
15286
6200
13202
706
11386
5646
11040
12934
548
1796
4268
851
946
7356
4765
11527
3339
2377
10171
4070
12329
4708
14904
4987
13146
15557
1785
15984
9596
6004
13378
8892
1808
1470
1925
9441
3169
6841
3000
2286
8833
12518
4981
5853
3997
9336
9324
13072
8926
9989
1236
12486
4820
12191
10002
3074
2707
7010
11395
4106
2341
6988
11978
1751
13226
13722
2493
10384
10149
7797
4057
3909
10435
3996
3975
13372
10944
15960
14924
9083
260
14887
7280
3238
7550
6877
12194
7385
8393
8172
576
12183
14566
9650
8883
12185
15059
9031
4515
15486
15132
5069
6516
4568
13040
11243
11934
10674
8688
4674
797
7273
849
10738
11968
16145
10181
3230
2554
6182
9985
15746
12747
3083
7535
14666
12472
3220
2151
13975
10292
14143
15213
10898
8364
2756
4368
3136
9994
562
15025
5601
6805
59
14065
12561
15013
10602
6930
10633
11305
3894
5190
4104
16263
13930
12092
8429
2703
15167
9973
6388
13947
9698
4906
241
5265
4469
8368
15150
11368
11539
8801
7231
9019
4957
10863
13896
3481
5780
1969
4945
11977
6593
6488
10063
13326
8960
5049
10232
2636
15875
1154
5409
4022
8068
10249
15540
8386
12301
1548
15908
12420
10073
9924
4629
397
8330
4554
13113
9047
6989
3205
16104
12998
416
858
13371
116
13963
2120
498
2924
10383
11740
5950
12498
2264
11584
3801
2374
10205
13864
13513
16219
929
12468
4246
12355
8424
6708
4834
2214
1073
1846
12358
2385
1636
9003
16300
6330
4569
12244
3480
3491
5504
2040
6869
2233
3123
3436
2343
5569
7069
785
11935
11653
9727
769
11831
12349
10328
12827
13776
7903
1965
11495
11007
9835
8669
14359
15831
4804
11824
10758
9834
3555
11367
12406
11352
14118
16103
10907
12391
5156
3347
14484
4816
9860
1356
12370
10032
8035
12773
3073
2145
5103
10668
3434
3341
11800
13641
125
12699
5191
14252
14162
8771
1258
8079
10363
1858
209
9540
2423
4497
15152
7142
4065
7780
3208
1536
9900
4714
7482
3820
15354
13881
14778
9621
3051
642
9407
5793
2082
15014
11626
8506
2372
6252
9
9736
838
6195
736
8900
6121
4724
12753
7451
8513
3761
12218
4329
1743
11601
13118
16316
6941
386
9964
14426
1855
2873
13092
2280
10151
1368
11960
3078
8293
5941
15935
8881
14420
15926
403
13837
9185
12595
6273
7553
14319
2036
4582
9479
15475
8677
13839
12926
10420
9292
15064
9770
11792
1047
8950
2229
10106
7737
2925
1810
16327
4058
5762
3242
11464
1556
13529
10212
340
5197
5321
9158
5827
11690
4656
4145
6021
8018
10289
13129
3512
8326
10428
14481
6757
10484
1444
7494
15099
8650
15810
6276
15534
15051
14720
15742
1710
1201
656
16131
2749
11160
10953
15585
8381
11728
8390
6142
7154
3283
12780
5235
14014
14973
4556
15428
4808
1763
6024
8449
2556
14432
2269
7772
9193
319
3641
5105
4672
13370
5104
6221
10695
8961
4311
7876
1961
6038
269
15498
567
4609
14004
5847
5930
11746
861
950
5867
1113
6504
11782
14866
12804
3185
12505
14129
540
10731
14040
8860
14428
1821
3112
13560
7757
11588
15717
249
6946
14494
15672
9528
6307
13062
5974
11443
12849
12939
1605
7542
3351
4473
3472
2314
1563
6564
15372
14234
6763
755
14760
5902
9447
6920
9298
7551
16004
14698
11581
5189
4730
12806
14322
3966
3301
10987
9553
12389
5515
524
2930
4467
14462
5392
4922
13131
341
12306
1249
8668
4879
2605
10787
15719
8283
1043
4926
11054
1379
4669
10879
1496
9014
4833
8356
3827
14752
9783
12503
14693
8323
6478
4622
860
13160
13511
3972
14196
15501
14086
14467
5806
8712
15798
7789
780
4424
7889
3580
15820
13093
8061
10386
9839
3133
10206
3724
7842
13851
5344
7545
2540
7295
15223
9093
9852
1485
8143
12961
9058
5066
16088
6023
3765
14161
10646
16186
14354
5784
2240
10796
4095
8805
9586
2212
12554
324
11046
5948
10461
15957
3663
4295
7918
13179
781
3958
5359
445
11623
9266
5987
16337
5594
16190
6447
11308
7599
4683
9435
15360
4386
11739
15528
4790
1914
13479
14916
13843
1702
6606
10476
2305
4872
5661
10026
3957
7338
3851
6652
4757
7139
1166
15010
2492
17
12295
11493
7392
15543
15622
6181
10678
3566
5144
9399
14337
7027
7815
15309
3030
12170
13404
3465
3047
12527
7979
1402
7881
4248
14448
2908
4888
3353
15887
3308
1939
11096
11341
7339
8605
6636
13125
7589
16146
6555
9922
637
7538
4440
1992
16266
14261
6068
14580
430
13861
10044
13903
9525
980
12904
4734
958
5219
6937
7319
12898
7601
7048
14093
15069
3152
5893
7886
11985
3381
2761
16371
13363
13350
609
3930
13416
14475
2748
13066
5268
10837
14638
11755
3891
8434
4432
9632
1476
6350
11522
13865
8779
9229
12448
4699
9631
3854
8944
5587
730
7871
8135
9017
2359
9204
13174
6483
14221
10393
7950
7036
10319
3728
896
7729
12793
6862
4138
7602
14517
14509
2491
5808
5761
15290
8693
15285
10595
6452
7838
15595
3575
12914
12549
10905
13568
9366
4915
5234
293
7477
7572
9046
11706
4146
12059
13687
247
12477
14676
16352
11030
5364
9771
1727
917
10404
4731
6548
7960
15563
6748
2530
8612
13919
1060
8015
15024
3323
370
2585
13709
14884
7978
3953
1210
13904
6835
6845
7201
8991
3414
9470
4040
7743
4234
900
15045
1625
4005
13469
6291
9362
2259
7607
14703
15040
16023
15073
9557
1593
13476
7090
1570
11719
13012
6798
15145
4565
14742
1738
6425
6013
9708
10924
9394
5815
9371
4851
830
4133
3132
7243
2639
3303
15565
10836
222
8845
12996
15934
10493
6794
6599
15415
848
14148
1964
8045
9823
242
2942
8150
4989
2171
1632
4062
1587
4974
3796
11285
1103
1179
11984
16205
5900
5907
14727
2599
2205
11188
9423
12850
8369
11994
5880
10682
11855
16201
9709
1474
4696
5526
443
2846
6803
3403
15312
6183
10713
519
5407
1202
1085
1420
3349
927
8016
3454
15081
9070
4596
4842
11400
1319
2015
15795
3993
7324
5706
4821
2839
10705
3623
8042
10038
3278
14689
3449
14312
2667
14382
10258
7228
10780
14802
8564
6337
10949
2766
7665
15504
14045
5688
12880
2596
16174
16135
2618
12666
6925
2555
9884
7620
9445
12010
7850
14357
2934
7949
9078
5349
3359
11024
14206
13907
3570
15230
3718
8601
16297
9741
14505
12980
12846
13653
2594
2810
7725
6099
5802
3764
11775
12523
2859
16339
937
4322
4000
8575
9693
9874
11376
9181
10479
11742
10436
5241
4917
13032
11217
10917
8562
16180
1511
6255
8043
6202
13309
12653
3783
6489
10283
12878
12444
16254
15162
11818
4500
10492
15898
9788
10510
6281
354
6785
8731
15408
15602
15927
15207
14547
15532
6234
585
2735
6403
16065
3766
16157
10140
4037
6655
5185
16142
12250
7760
1693
6934
9269
1232
8426
5576
14259
9754
9156
6484
7723
5140
9909
484
9323
3676
11101
15996
8153
8671
1724
2843
15606
12359
8422
15899
