15646
4019
13352
12272
3406
14499
15805
2989
393
6832
3563
4385
13247
5892
10583
7881
11100
4541
11107
14971
7339
4786
15592
11321
10340
7096
4507
9243
5722
6583
4120
14155
13902
1174
12704
14229
2957
15494
15695
10718
1161
16136
15714
5612
15781
2364
538
6067
4168
6834
6311
8407
15337
11223
3070
2818
13696
5812
6674
2024
7649
14004
9677
380
11870
10766
9692
14394
4562
12008
6331
2889
10968
3125
12146
426
14274
1986
15405
12864
3684
8292
5368
9620
16300
11960
5664
3878
12499
3002
8397
15766
3767
15648
10958
12627
9706
1106
10232
11477
15744
15649
8455
147
3046
12277
14351
13022
15336
5889
15495
14500
12263
11465
8566
5821
12481
14100
9626
15879
10101
6139
2553
4682
1940
12629
3085
6693
4540
7009
1654
6457
6438
16379
14166
3413
3594
16288
345
9559
8976
675
7111
8034
11406
5888
2930
15269
1141
4793
7357
11698
9584
12199
1769
15475
12446
6419
10176
2565
16321
5268
6295
11688
13781
12106
14231
4707
15210
15483
14812
8
7442
10046
7200
9326
1702
13214
6681
9608
3068
12958
15294
15267
15520
9086
1506
15277
10554
13524
4986
5938
12397
550
9851
13006
7803
665
16312
15037
12527
13531
10655
11019
14512
2648
8922
12342
4210
15874
10848
1653
9470
14118
5501
10781
4016
15144
7691
5350
3350
13994
4615
4182
11853
5151
7076
3366
2858
1642
15891
10579
2285
2086
14861
13189
5286
1596
11805
1151
117
13640
6563
11186
13834
2068
13619
12834
4213
3310
3922
11632
10956
4190
13082
2940
13845
4982
4137
5428
8131
12226
9915
7668
1773
2340
3224
2947
3437
1518
7992
14027
9227
9642
1122
10448
7379
6231
1093
12150
244
14510
6987
7327
13955
10424
1089
1987
12731
2145
9320
6302
12626
2880
12650
12382
8895
2515
11605
6096
3584
5450
14433
2887
6410
11445
7864
10446
16178
882
3612
16289
10290
15089
14684
15383
8304
12354
12982
8710
9454
8686
12657
2912
3339
11904
3455
16063
11062
6541
8401
12011
16050
4676
1545
1558
10256
3977
9202
11709
13173
1113
659
10540
8121
9256
16359
5974
6725
15246
13690
9749
15397
4390
12574
1463
2876
2221
7591
8855
15939
4436
2543
13618
13516
6506
13225
4554
3575
7101
6424
15852
9232
7755
11199
3657
1243
9956
5640
15229
15651
11264
9117
5548
3181
16203
6184
12321
14583
5680
14950
7614
6389
10315
11147
4814
11095
15794
6649
4300
7464
3972
10811
1556
965
16292
462
12930
587
13392
15450
7958
1356
3981
10733
4462
3167
8936
12244
3363
3888
4200
15021
4335
13454
8492
14568
5323
2374
12163
9659
13980
10749
7538
13311
3405
1025
4799
5595
2263
1282
3120
5150
12076
941
8718
165
8191
10277
6313
13570
170
13349
4983
13590
1047
4014
15453
15582
8873
558
4734
9760
16341
6743
13758
4779
14272
7247
15932
4383
8687
11029
1386
8443
12299
2227
10754
2348
6898
14966
4013
3315
10905
15433
13493
15977
9228
12229
1018
15645
13582
6884
12281
6439
12314
8461
4638
7679
6459
3426
7580
12933
1938
5960
10297
777
9609
7474
14267
8981
30
6828
5797
15106
2039
13065
1631
4490
3518
841
7342
15638
5929
6771
12096
9275
11877
9310
4525
13662
9335
15353
10375
5627
14743
8030
14796
11413
10351
8099
3347
2058
9047
4689
3577
1598
6136
14511
5582
15527
4651
6610
471
10180
14990
2322
3318
677
5629
15451
6576
10910
13458
15369
14677
6555
13577
10847
13856
12407
14160
3073
4448
11447
4496
9750
13740
11136
10395
4249
14998
3674
2691
11756
3377
15860
8221
15825
12509
12661
419
14925
532
16055
7604
10575
7171
16125
7090
5461
5085
8113
6815
10770
5842
3072
8773
8529
8154
9599
2392
1667
2320
4806
2511
16170
13788
6781
14258
11521
6446
3237
2793
13223
3913
6671
14441
11506
590
3694
10274
10335
9148
1295
156
11689
12964
10702
267
5074
15081
12165
2527
1100
6288
11947
7042
16205
1921
2738
14903
190
7224
8841
12925
4376
7082
8634
4633
2284
11011
7270
7335
4631
1628
7089
8919
10322
8045
9378
3352
9778
2266
11248
15256
11291
6757
11626
15768
3427
999
3126
16303
711
2437
14265
15390
11250
12984
12050
2178
3586
1656
13670
1164
12092
11868
11942
15534
10215
15986
9666
4082
8395
2891
5040
4218
4166
119
7572
4774
4414
3633
6103
10651
13350
470
12567
1032
12330
7323
4415
14523
3696
3276
8457
7067
15259
1878
10040
9962
12371
14470
6761
14000
9113
4394
16026
11789
1287
11442
14783
9684
11748
9779
845
8413
566
10545
8341
13535
2520
7797
13982
6526
9811
7010
969
1737
10824
10740
13076
1847
10872
15067
919
10884
11002
10734
984
2522
7718
9353
921
15472
6166
6215
5287
1858
6501
16329
381
325
9445
6195
1370
3746
11403
1181
15515
4282
9185
11930
12852
3984
3519
5802
3027
13628
8746
3266
2830
15787
14326
1512
9407
4947
13533
11683
12633
5309
7435
15871
1765
3678
15969
8369
1772
4101
5589
7165
3143
2299
15221
7831
10152
2454
12900
13814
10445
10777
5284
5794
6768
9046
11037
7536
2113
432
11909
4164
10236
3791
4859
5077
1637
2350
2746
14037
8414
758
2042
13139
15851
13322
3608
8602
15154
11473
7162
11374
1345
7186
9453
8820
4450
6752
6405
14591
6690
14189
11267
361
9791
16120
3131
12078
9507
9782
13713
15957
15998
5212
2525
4608
2945
10876
10536
7745
771
164
12242
13572
8766
14030
6189
6623
8453
1440
695
12555
7168
14544
7850
12811
16138
104
4002
13269
4718
2808
13844
7058
3121
10338
5916
12608
13680
13346
12303
900
13951
9867
3825
13966
12358
7923
13301
1357
11836
11361
2574
6431
5715
8255
12460
7765
2194
6699
11976
12797
4057
9886
2259
4046
1120
2956
13397
10199
877
9179
12502
6473
2212
8654
8029
9375
11032
2899
5989
11955
9959
7315
10611
15834
11279
11491
4319
2535
15722
843
15030
11300
4641
6503
710
8767
5634
4157
10830
7966
1801
9233
12484
8325
12400
4230
10892
636
9175
16173
7949
7307
1250
5117
2493
2129
897
12538
14140
9729
15603
16264
578
8274
7835
13651
6600
7180
9001
10507
1419
6074
15306
4232
15500
14585
12310
7589
8230
2026
1682
8775
10796
16339
10397
3763
3527
4503
12047
5512
6421
13596
3942
14675
1169
4233
7676
8524
15919
1780
13338
14396
5441
14870
15238
11191
1648
9979
10474
10914
15504
12568
2270
3626
284
403
352
8263
9206
5917
10209
15893
8533
12628
8165
9879
6374
7548
15606
10682
14955
15160
6981
3407
11368
1681
14468
11068
3673
13711
14839
7263
12769
3491
2618
7816
10317
8615
3052
12823
8186
1857
3868
5531
9055
13878
16107
2310
14354
16171
9226
8760
13045
4117
151
2441
5631
9503
14991
436
2652
9033
6106
637
2165
4520
16325
5671
11956
6579
1080
4598
5939
12533
16183
16315
10869
166
6251
13216
4181
16373
13811
8621
3404
11031
3664
10732
1528
9341
11620
1382
10836
6210
779
3480
5783
2907
292
1209
1053
7330
10806
9738
11041
7333
1500
979
9562
7772
7207
6260
16221
13109
12618
14002
737
13822
14119
4820
14195
13143
11859
15567
431
2619
12186
14076
1606
5651
2583
10330
4675
14252
14452
14148
1927
1103
4887
6197
9658
10969
4946
14589
788
13314
5124
6039
6412
5542
7697
1451
14270
14992
4637
11702
11762
15394
2481
8555
13416
1360
6578
13366
14262
7942
9649
1963
7720
889
1546
10480
15146
1554
11507
10469
5516
14574
11863
16013
12949
7734
552
582
4784
6665
10522
13351
5087
1342
16267
9849
14198
10658
9030
11883
5446
12128
3127
8589
5523
6020
12602
15975
5764
2620
415
6713
134
9443
9735
15077
13273
14853
8073
8336
11195
6341
7784
4129
11569
5263
5244
16087
10693
10182
926
4172
12697
8584
15688
1988
12667
12590
1452
4051
12301
2502
10305
621
10525
1019
776
6883
3860
7909
15406
11479
1114
9727
9576
11797
6217
9506
10864
11184
5666
14285
11087
2848
6344
7227
10514
952
2579
10359
9059
12957
13630
1914
13762
2233
1846
13207
3562
2164
364
1966
15800
15819
4551
489
14334
9554
5649
3616
10475
13342
8149
11318
468
12556
14642
16130
10390
5375
2202
804
2442
12997
4336
7960
4926
16187
3146
2657
7095
15663
8898
8664
2675
3190
924
485
7454
8425
16079
8655
4955
14912
15036
14782
5959
4524
1897
5326
3924
34
1703
3186
7185
5762
2424
13609
7746
15233
5057
9383
14823
9247
4728
6947
8380
7108
11165
15431
5941
12581
6614
15673
14807
6586
10881
9014
6192
7962
10299
3522
1788
2734
15758
14525
12652
9069
1997
14271
10205
14018
8965
649
16365
11534
13894
12880
11621
3057
9314
6852
12876
7017
806
11335
175
12192
120
8302
947
15890
15944
15029
11065
11185
14343
15610
10245
10029
10979
10434
15459
7527
2506
10680
15065
261
10054
6888
6485
15702
14261
15328
6551
6064
14081
2318
1265
3402
15015
14637
8934
2327
7901
1417
3264
15100
11556
10706
14477
7348
15505
1543
1535
6759
8881
2720
12029
10595
14702
6991
15680
5070
5773
2641
6114
1266
8807
4876
7534
14929
14436
1277
14946
3663
8500
8580
1715
8465
9315
9200
9385
513
14795
9465
12814
5997
12591
10429
8094
13913
11480
5421
7959
15113
4419
12623
8421
996
8918
1366
12082
9176
8854
11555
1759
13544
16093
10037
12331
10549
219
2902
6053
768
14309
554
7075
3511
850
16047
5583
15951
6306
11763
13964
16235
6477
6325
4371
4960
14177
15270
6086
12339
5922
997
2388
10604
726
9110
4908
12913
4010
15914
6670
9109
1042
4424
10577
12941
14630
13133
1859
4330
11695
7405
4825
16338
3911
2777
6642
6929
1291
9178
2670
6766
2307
14579
9966
15784
15
8880
15151
9498
8817
6428
6240
1422
10915
4826
6110
13303
5894
14515
14392
10270
7694
11306
13712
2291
7670
15802
6094
8138
6707
14123
15332
1275
10526
10952
13473
8352
8023
16233
12596
4943
529
938
6804
7031
6127
15389
13476
3332
948
2008
16038
10863
4473
12412
13459
1197
6273
15644
7929
16326
12605
16266
15656
14864
6474
8578
2668
14158
5957
9755
1774
12721
11578
7248
16355
12921
16126
15044
12689
15327
3549
7705
5423
11831
3828
11903
6444
16242
5251
9064
16208
7575
13746
11944
14483
2567
9123
16080
15108
15379
15371
5208
9661
16212
9808
7838
13823
8523
4242
466
2082
8303
11600
8991
1048
3042
8473
7905
15613
6265
14066
11415
646
2140
10964
10229
1062
6948
13336
2742
14372
15141
9687
7486
6388
202
1271
11483
8379
1946
3506
7375
7346
13004
5001
8620
816
4546
6870
3280
10745
1231
12510
4360
16067
1496
5407
15296
1885
12943
7436
7102
10202
15549
4777
9711
12500
1692
8362
12306
9622
1178
2019
15019
10151
15068
15599
14977
14696
3995
7732
2770
1052
10786
10086
9029
14293
10447
5250
12346
1951
118
12632
973
4212
3821
1660
3467
12523
13435
2501
3134
11325
2277
714
4948
4662
12539
2696
1559
5265
2337
3462
5373
14001
10135
6394
14163
16278
14587
9094
10334
12265
805
8826
14269
1609
3990
2851
12759
9973
13419
10907
11141
15831
3177
14405
8323
2041
13719
12156
13293
2958
11051
5048
14916
3707
678
6010
7366
16119
3619
3780
8528
6846
747
7919
2459
6312
16124
12232
11486
11911
8923
1695
12793
8597
9896
5576
12116
2397
6746
6588
7237
16030
11983
16223
3183
9707
12909
719
15242
6440
8747
11090
8875
11253
12796
4104
16360
12511
13312
13178
10759
12639
10402
14644
6230
12766
12784
12429
3386
6540
6298
6219
10573
14792
6368
5713
13793
4155
2911
3218
10538
4071
15911
4549
13551
14715
7156
7179
15591
14521
4080
1182
5372
7869
11356
3851
1867
10719
2705
13278
4699
11349
10675
975
5041
11397
3866
6045
14250
14495
14461
16265
1466
10586
603
16190
6411
14222
11457
14527
10090
13005
16078
1004
7758
6859
15190
6765
11596
13892
12696
13694
13414
7232
10098
15276
6089
14135
11240
13540
11657
13941
9331
27
11396
3170
14959
131
13391
16224
12515
10398
8459
6648
5391
12164
8776
5115
13999
12980
5638
5176
7577
4397
16210
559
14557
633
1344
16179
307
15887
15218
12715
3226
4667
5636
4975
4021
823
11758
8008
12218
7596
15749
1661
7378
10934
13759
6525
7922
8543
7537
365
14785
12246
9452
1674
8646
11072
12833
7620
13026
1289
9297
11500
6029
10385
1111
7484
9334
10482
10982
1942
568
2505
14913
10266
15868
11338
4780
2356
9391
15078
2154
10978
6916
9740
8823
5017
9780
8712
9121
2472
9627
4149
5014
591
4714
8258
3579
4271
1611
9720
3408
12701
10570
7884
5558
15094
11085
6223
4369
8026
8977
10683
679
15465
1639
13995
8172
1078
1778
16174
14311
10187
1659
12427
3803
14338
4677
4035
5149
12872
2455
6885
4458
5823
5652
15228
13421
1049
5874
8583
3643
4311
6730
13298
11310
8068
4588
3468
6395
9961
8859
11729
10106
2941
12850
10063
1202
8788
5920
2766
8133
10779
11133
1599
417
13672
6397
6470
12355
3773
15355
11018
2534
1421
9596
8110
4828
6142
15143
14935
1585
15804
5254
5312
10532
3090
10594
2383
9028
5170
2925
378
1407
12253
5552
3251
2243
7393
11854
10316
12962
45
1624
9654
3365
15812
6708
4739
797
4695
1753
15386
14055
7062
13818
1045
10271
6153
12820
2540
4710
8241
5238
5793
14914
6843
1354
1675
10452
8569
16045
15678
14333
13868
15723
12524
10520
6119
15248
11327
8567
722
2362
2414
11988
11113
8409
6605
15786
11563
142
2698
16249
9676
6508
5422
14979
4767
7690
10960
1249
4403
3047
5647
10967
5966
909
5735
1625
518
10269
6061
13220
13100
14259
6625
2167
4534
7652
12822
11263
7828
4152
9789
6533
15707
16336
2937
10163
11528
3205
8216
2678
1568
14191
5604
11013
13727
15454
2090
15674
1705
11649
7852
1107
13812
3817
12853
11463
5787
15268
13595
15955
5274
9125
14939
3233
8510
15439
8882
6321
6597
6789
6814
15282
11121
15947
1680
497
4617
3929
8281
14621
8798
10825
9724
12024
5320
278
13422
13270
3856
6936
1230
4093
5488
6099
5155
7395
3628
2451
7514
366
4693
12462
12223
7565
6504
2504
14582
1673
13138
12315
8975
7727
12826
12545
4126
6819
6797
16006
10519
12472
13036
3648
3781
143
1475
8374
4378
5694
7434
3274
14964
11407
13166
5443
7150
2114
4364
1595
11664
206
7242
15770
9550
13080
5484
639
5670
12262
11054
10304
12313
3122
1511
12747
6863
1714
2329
2316
11301
13908
10743
5738
2398
1584
12068
14143
2667
11715
12961
12130
11470
5331
6812
9101
6116
5321
3758
2124
14492
409
14993
10962
14304
3566
14947
13048
2658
6489
7932
13425
3290
13147
12210
12875
11704
2913
189
12336
5363
8530
12492
7331
8463
14279
12305
5094
7338
5339
14653
4198
7281
449
5201
8757
2308
7367
4153
13657
8065
10539
12805
1150
6379
5243
12490
1884
6626
3714
2185
7610
10421
833
3031
11673
13543
5982
16085
10727
16071
9712
7941
2062
10626
1205
7390
13904
2677
2869
10751
15234
2269
6013
764
274
2169
2032
3846
7693
605
14774
368
11759
153
7028
12350
8327
15101
1446
13231
4322
4838
13963
13070
16032
3909
193
8184
1547
625
3747
11730
324
8192
839
6323
15823
4800
9660
3416
2823
7403
15274
4089
10140
3118
15962
3974
12102
12200
4070
7581
11352
1352
7141
5876
15087
4236
13112
5262
6603
6687
14466
5236
2427
13897
16084
10400
3576
6968
11001
9316
3842
8001
13546
5791
11855
9268
2633
13235
12094
1104
627
12668
14156
13049
11701
12584
6113
2482
15255
14810
5741
11283
16217
8286
10261
12965
10530
8611
4365
9139
1333
67
5354
3859
4985
13925
2276
7107
8501
4022
5169
11151
12320
14647
11888
6590
14533
7139
12014
6598
3732
9989
9363
2357
3059
2745
9689
3369
5972
14382
6938
2002
9924
6512
12707
15395
10061
16020
7637
10027
9203
824
14345
6183
9484
10622
13096
12630
15097
8059
7641
12525
3221
7497
13483
7526
4803
11230
1882
3801
4184
3261
6350
4297
8070
11487
1736
13007
13095
3129
14313
7722
9552
1007
10102
7594
191
14173
11623
6877
5913
11243
16324
9093
1677
15122
6165
12750
8704
6156
2256
12607
1121
2732
1629
958
10430
7047
2510
8512
14355
10093
8456
11021
9377
5833
3882
2401
3414
5053
8816
6548
9902
12656
1393
7477
11476
9998
1962
1187
563
1223
8437
1070
7938
12849
7206
10194
1210
5492
4374
3432
13379
3993
7576
12276
4221
9162
2252
7120
2476
1176
1616
5387
13149
394
13426
15916
2084
11703
8296
13761
11658
702
263
3525
96
6547
7448
11773
2628
6611
1813
1083
3934
2172
4748
3588
9439
12455
5068
9319
5062
5728
5761
8606
15024
16156
2016
7317
10762
14850
12931
12684
3307
6475
4988
11594
3375
10576
4657
748
6304
13821
8839
12580
6493
8496
14631
11432
6940
7288
8337
3185
10799
6203
13566
3484
9446
14357
12101
6072
3617
9198
15762
12803
12109
3739
15489
10624
13326
7332
10840
9181
1560
6807
13837
14641
1756
536
12343
2293
11906
8669
1359
4263
4338
336
6297
11046
9965
13463
12670
7979
12709
5071
2158
742
8196
10667
16237
10177
15523
448
12169
9492
6829
11857
4668
4635
8477
2417
6724
10450
10287
4055
15105
12870
1590
7810
9135
10568
7562
15829
11311
6371
950
961
129
1795
11665
9068
13194
951
5650
3007
11036
6550
1734
793
10856
4045
2904
1671
4846
8931
1117
1903
1188
13627
15458
8499
13479
2180
5633
15313
4979
13714
1923
4253
1462
3535
3569
9254
5305
11008
11872
10533
11305
6382
1270
6427
14730
5915
8844
14029
14031
825
8544
7768
12695
705
8043
7369
5942
15752
7684
14318
9643
7743
1240
16204
14406
15082
3642
10381
2065
949
9581
9006
9619
3623
13783
4426
787
10574
11307
2702
12461
11219
8545
9016
4680
1190
9173
2279
7453
5984
12255
9130
11449
13233
16254
2232
8867
1640
4411
5784
12800
4030
12155
13418
9371
14566
13484
15756
12375
4265
6021
3329
7019
1823
7820
1043
12079
10970
4204
14973
15107
16342
6930
13910
9156
13755
14023
6954
7479
13703
4145
8114
8357
9806
14736
10160
9621
8699
10203
13944
5698
1030
15195
5832
11742
14963
1964
6314
923
3270
2446
14368
6593
9318
9197
254
1140
5083
14734
5836
5489
9295
7644
1641
14335
9668
916
101
15629
6274
9541
4643
5370
8714
8427
13234
13271
3627
6970
13583
2992
14028
2922
8287
7771
15751
13469
16134
9788
12923
9511
12837
2242
12437
15575
16036
11208
3649
11471
7643
5875
15173
14230
13171
12518
667
11322
1727
11124
10940
6180
5744
9412
14840
778
7926
2530
8656
14039
508
12117
3496
9539
12448
10122
8333
5435
315
13228
2179
12422
6163
8878
13119
14090
13532
11417
12097
2373
7761
3883
8907
14455
13219
4973
6616
7799
11091
4900
4074
5873
8148
1094
2278
2841
5033
9288
14199
4031
10465
16352
13245
14612
10080
2034
579
8671
15565
13553
16195
11977
10419
10494
8913
15609
5879
4226
423
15967
8108
10780
15545
14965
11042
14179
11794
3469
487
6404
7340
1899
5767
7603
15069
12459
15359
12653
12390
8147
2716
8137
12563
14359
10307
6270
4923
13213
6513
2351
5790
1796
9266
429
10868
16157
297
1332
7667
981
7707
13159
13348
6728
11063
1876
1984
6375
2492
16369
15163
932
5853
4940
8623
1676
3501
15326
4870
632
6520
9866
9826
16088
5047
5140
4194
12906
5995
7628
12619
1402
16065
5338
3282
11155
8161
8469
10258
800
2468
