9732
5123
5691
5159
12794
6854
12147
2619
1625
3271
3007
267
8351
7849
5277
1320
6451
13112
4767
8270
1337
4515
11912
13332
6949
10941
3456
6294
3603
14808
12719
11610
15397
16163
9650
11227
13004
12888
148
1089
3205
8698
9533
6908
4227
7824
13030
6531
9281
928
14132
532
2570
7685
9248
16137
452
5436
5477
12820
14974
1929
9766
11782
7807
1391
12326
6932
2024
9347
1233
9279
7320
13222
6062
1381
15422
5080
13677
15279
16362
8221
13804
1382
11167
6793
8572
12510
14790
68
10746
4449
13453
7488
10662
10318
10690
14055
14875
14475
1820
8386
7524
15489
1568
9842
10412
1534
6751
13473
7339
9777
14794
2269
14090
10753
6890
12295
8637
11045
13983
13744
14492
6956
9516
6353
78
12172
3747
10749
5340
10891
4876
13073
10334
8566
7104
12661
6553
7096
10510
3119
11076
8799
6545
4625
16355
11007
6914
6291
9338
11954
13530
1371
5627
13093
13028
2798
7607
13315
10585
4781
3866
246
9237
5856
7031
8932
14201
6298
8237
12365
13854
15127
995
14781
2420
3997
11377
15961
11049
10117
8991
12086
3515
4145
303
10768
11204
15964
7794
15646
5554
6850
11084
8859
7742
10474
3881
1000
10345
2136
15218
5972
864
4883
12383
11680
2901
1165
9215
5953
12924
2569
12393
15590
15034
8543
2586
9135
7271
3818
14855
7723
8912
16323
13046
8719
13771
9219
2935
2930
5267
14255
7743
4729
4306
10063
6981
6796
2881
7585
8514
15209
4373
13103
15936
11838
15657
6530
3653
10227
5954
3792
13132
11756
12560
9765
3267
8813
5384
10610
1158
11434
4289
6001
12499
2965
1667
11404
167
757
14771
1136
15906
15773
12651
3384
15466
3596
14066
13810
12329
5236
8517
9813
7307
15563
10483
3741
13825
13514
5418
15562
3961
16180
16130
4123
14216
7199
13889
9400
371
14502
10558
12315
5675
5396
9393
15310
11171
10310
6590
7192
12994
5828
14600
7620
9907
13287
6881
7608
4848
8863
2563
2862
7241
15520
3506
5034
11394
2620
7347
10413
9089
2214
11447
11787
15825
2357
5734
11939
11891
7213
8328
11909
16105
14462
2779
12079
213
7593
3170
2771
6265
9119
4295
248
244
8725
10973
11245
10947
7453
1290
1205
5365
10110
5628
2356
1170
3509
5789
5594
13955
479
10732
16125
495
16297
2836
3369
4276
944
2414
16221
6950
6769
8023
488
6841
15327
142
14281
2410
13834
6485
3766
14711
16265
425
6115
12260
4483
14890
7727
15947
14291
8362
4114
11236
2832
2506
4427
5737
11182
11195
3011
15013
11126
15153
3426
12234
2236
7528
15940
5712
12153
7346
11307
6385
1225
7810
7135
964
8142
5432
9680
9394
13365
4671
8884
12503
11164
1276
11495
4168
5216
7553
5907
8700
5035
4682
11157
15588
4382
7639
5616
5137
11883
13481
9641
4746
1281
5549
4216
3851
2599
4131
6319
8820
10539
8927
13945
2564
2023
5397
12524
7944
13739
1831
9859
11945
8192
3802
7244
10795
15650
11390
9487
13259
1061
11849
11206
13226
9315
8449
15357
2209
8138
13671
8714
815
2547
15352
3054
1361
3226
2940
6030
5690
13375
10708
1611
4026
9432
8081
119
6264
12703
4629
5026
3546
10494
15103
6123
10863
13064
350
1825
2464
9141
3649
15086
7462
51
1318
13674
1814
5241
12278
1750
10898
8811
14426
7043
2650
4436
11730
1506
12395
14226
737
11959
13146
5310
10356
12698
6951
10905
11924
8331
3762
1824
10538
11078
4255
332
10949
16303
9900
5369
6594
3772
13526
594
13376
16021
10490
11758
14979
7979
11775
2646
1141
6628
7152
3985
5345
16333
10942
7242
10475
14800
9879
13302
3489
9515
6205
7397
16242
9372
13814
13289
718
2204
3039
6361
6982
8983
4174
5812
4147
6075
4520
11310
13478
4957
7597
5152
1960
14715
13768
6487
10269
6754
13450
1530
13032
178
3344
1756
13685
5359
2333
7912
1554
12146
1143
8418
2749
10394
4367
15902
14648
13248
6334
10482
10713
14367
6209
15295
4303
7974
14754
2435
8723
6507
11115
5209
7108
9565
3913
2147
15007
15441
8146
1500
5186
5444
5793
12900
2726
884
8975
1127
3975
16153
4335
10826
13141
4089
209
8717
13104
5398
15280
9117
1315
4402
1117
6792
7025
13621
15006
4042
6816
507
12867
1373
2208
7325
5535
11280
9955
726
11902
14511
5991
5116
14672
11802
6985
11792
5372
1704
15809
7017
11771
16093
12138
12163
10086
14967
11806
5207
14379
13992
15332
12139
10634
6274
9736
307
2350
11503
15754
4024
10142
16014
13895
4518
5457
10526
3067
9857
7281
3265
14585
2576
10569
3868
16379
8158
6212
1424
13772
882
1234
14763
13471
5942
14773
8381
5239
7958
10123
9355
12916
13521
9517
8867
11955
10077
9693
823
9684
11990
9020
14463
6191
682
14075
13879
475
3538
13934
7062
12477
10404
2573
3159
9797
5347
8899
15819
15296
945
1793
6428
15083
988
13127
14442
10169
11225
11761
3482
14178
836
4537
7887
9361
1030
14028
10740
5110
538
15415
12467
10581
5223
6557
11855
9769
15898
15528
13294
11080
12601
5260
9132
7054
8267
10436
11044
1398
4591
10864
12563
6009
15174
10567
2029
12803
14607
7821
6813
8650
9064
920
12652
88
9737
4158
11937
13828
13848
7572
3062
1180
2559
11943
13927
954
12502
2474
5725
6862
907
10072
4804
6146
6468
8586
14390
4259
4258
5580
1599
4833
6128
14720
1733
15056
8015
11423
3222
11580
3865
661
957
14798
10068
1731
6145
1203
1703
10914
3419
3594
6662
12686
14507
8585
1209
8365
6044
1422
814
6962
11184
12117
11367
2170
3619
5874
4142
7719
4961
13351
36
14704
9805
11047
10006
15645
2012
7210
9254
5288
2834
12784
741
8745
7039
1052
14409
348
1579
15110
5673
8766
10438
15169
15463
712
506
5556
1724
10346
9570
6622
14234
7965
4112
9364
14853
16350
9161
7010
14230
4830
9092
897
13170
10091
11525
5134
950
14491
5558
14300
13225
1427
2724
9780
4403
8939
13873
7246
15693
5064
1601
634
7074
1439
4541
9808
15687
9940
4508
9419
7784
1190
3921
11716
152
14635
7837
8914
5841
6788
1663
5198
11781
11508
4445
14450
4654
3860
5138
12409
7838
480
2517
5615
9735
10300
7624
10273
8309
3295
12919
7201
12823
4596
4087
1877
18
2482
2584
4472
15544
8
11429
2465
6561
15611
5957
7026
13512
8596
11529
10284
6642
6068
13981
14461
6387
7920
7391
3562
302
12824
15602
2658
15971
4221
12681
2757
11430
13214
13843
12533
1426
11237
6702
4312
7693
13858
10587
10104
5945
13575
8865
9453
13313
1454
6388
6108
10401
11276
52
1279
11343
2843
10903
1570
4617
5722
5551
7480
13595
14703
11314
15653
14928
12855
5007
6944
470
4867
9380
3557
9297
5089
11720
1589
9560
9938
10435
9435
11479
3901
2148
10003
15852
3245
13973
16194
388
7860
9710
15074
4393
1355
8389
14006
7358
5172
8317
2768
647
1730
2374
11709
9717
15548
2287
9846
6655
8130
11507
12307
3894
1134
220
9365
1256
10084
6176
2315
15229
12955
13474
10383
5169
7987
751
3934
7571
11032
6204
13710
4583
4384
8590
10304
9726
12400
12043
11173
14094
1671
7360
15615
7113
10547
1823
11138
8498
12637
4949
10692
2439
3435
9561
11320
5482
3249
10
11190
11853
15749
14854
4560
3782
2431
12759
12201
15538
11650
9217
12215
9825
11754
16262
7720
12882
10727
4968
1628
15039
13256
4574
4528
12643
13444
6190
8864
8819
14105
2702
10906
10808
3496
12715
8225
5248
11216
8171
12963
14741
15626
10101
6942
3169
12290
3615
5361
13918
9495
7646
5801
4234
2270
4011
6267
6088
1967
11153
10392
431
81
34
15880
9746
8587
305
9752
8532
2048
1816
12398
12554
15783
5445
1735
10649
7855
449
8973
9082
15658
8818
7648
12893
12490
8000
16267
3995
14326
1558
15316
7067
1038
14366
11038
7223
236
405
6466
11980
15505
14159
5955
5498
2103
14108
883
9014
11136
2606
10261
9874
14533
7448
5101
12727
4510
10719
3705
10272
7661
8495
4262
10400
13048
2037
6101
65
4905
4661
12843
6289
10311
2495
14133
15911
834
9325
15929
11703
942
7130
5677
1107
2432
10111
13515
2318
12629
9324
8407
4485
1682
8577
4392
13624
8399
6947
4464
15554
12160
5458
13005
8287
8744
643
15130
6382
13385
4688
11393
14156
868
2630
5255
831
10199
679
843
14729
14103
722
4315
5258
12091
15853
16030
14417
7999
5314
14473
9889
7536
11355
3408
13305
4608
6922
10703
10963
16226
981
1348
14437
8215
2629
7641
424
9985
15171
5844
15616
247
16331
5298
9959
12396
3582
15388
8419
4562
15321
15839
15673
8582
7426
12800
123
1096
5923
410
3551
7022
402
14665
10554
10367
4311
6282
9015
5122
13501
7321
12226
1387
492
10165
5456
7005
10605
14355
574
7690
12811
6745
12372
11722
10479
11686
13348
4035
15987
10766
9751
4041
6614
12457
7260
2999
12917
2616
14788
10096
15159
15798
10312
12475
4283
8463
6765
15950
10070
16334
10440
15348
10151
8838
2101
6514
6475
342
14227
5753
2284
12793
11740
15158
15778
12687
9595
2288
15932
599
8681
2644
4750
10757
7173
4827
15872
8102
4487
3141
14123
6968
10575
9466
5788
9662
3257
12583
3728
15308
14695
3511
10828
11646
10012
12763
4710
6138
13421
7164
15858
10144
16264
2723
6279
7590
11139
10572
1150
4643
5112
2177
4009
9475
11311
10299
9245
1918
10046
1887
13868
1638
3503
15840
2918
7932
2719
14621
1197
14670
8836
15443
14844
2669
1946
7110
5243
12370
3465
6801
2385
2642
777
12810
7866
12087
5024
1057
11400
13301
15515
3064
6739
10349
570
4963
4238
1912
699
7136
3839
11376
8808
14977
11324
14278
13855
2233
4177
15533
4369
418
10303
12416
3076
15609
3380
16321
9129
2332
4229
15044
16326
311
1615
13892
4819
5568
13601
10550
2637
102
9620
597
15925
4088
6423
4890
855
822
8107
5368
13629
14923
2817
3142
6434
3719
13499
11844
7018
10122
511
4346
10194
5909
10624
9241
10141
13091
1666
8812
12976
1411
16140
7341
13902
1571
14238
14869
15191
336
5292
15740
1547
12472
14888
8099
2362
960
6302
2967
1532
10060
1062
13785
4413
3130
12135
14527
7611
6293
13654
932
5005
8078
6102
9756
2649
6768
2238
12209
15546
6409
10508
13220
9523
4730
4782
5000
10239
8620
8273
7949
2372
10162
8806
14309
3101
13435
2810
395
3897
15284
15718
1947
4991
7376
10107
10323
3842
3484
9170
9966
1812
12535
16196
3526
9243
9702
5715
7670
16132
13269
5699
8881
12675
10920
6375
6556
13980
4199
13025
7238
10112
2137
7150
7163
9397
6691
9822
4030
4962
5327
1772
5316
8277
8986
10571
4964
14329
15143
13874
7023
6572
16227
1746
11698
2468
104
8209
11412
5392
15151
5150
5830
8883
16268
456
14361
6110
2549
9242
15257
7841
952
7315
13625
9216
16034
13350
15967
12887
420
6795
3021
3160
1939
489
5563
1498
3112
14431
8154
5555
15995
12762
13177
5890
5998
1596
7993
2785
5363
14783
10937
11917
14350
10108
11062
15765
12618
4966
4418
13197
4226
5656
7267
4297
1771
447
454
10629
8548
13652
2436
3609
3678
3585
286
14000
12015
5961
10840
564
4152
543
1722
12884
7989
8667
7967
1307
10715
7326
11938
1351
5618
11659
13467
12531
4273
13787
14497
12567
1702
9044
15297
5633
6458
5199
6430
10493
3658
3933
7355
12253
3167
11207
8591
3475
8101
4282
10688
4849
13367
7098
1360
14007
8199
12992
13994
146
1880
12417
9624
10998
2657
11272
7070
14005
15391
13092
1016
4180
6904
8353
8382
15464
8734
5422
2280
7229
5904
11461
13022
1509
9306
14858
5092
2059
7852
10496
7713
6498
14931
4422
4122
5100
3967
5764
3512
10025
343
3821
13044
6641
13579
5876
13419
10406
11783
11054
7844
8445
13194
13208
4569
14864
7020
12605
14549
3255
6027
399
12262
192
4048
11807
1401
13553
14163
10478
11675
1994
7850
4149
15931
3196
8402
11750
14384
12408
10466
2020
4029
9613
4241
8643
6393
700
4763
9694
301
10695
5237
5875
12476
3155
4877
9062
12450
12612
8768
1079
2380
8845
12787
6660
6026
2971
572
5511
2899
13486
8706
3390
4230
4727
7522
10277
13753
767
644
4792
12155
8849
10121
7806
8894
16183
1932
8629
14072
9426
4979
6619
8758
4495
14961
653
3903
11743
6297
2554
15312
10987
5273
3258
8223
1718
7361
8248
5404
12263
10320
4268
15896
6471
1901
3633
14305
7427
11566
3611
11413
6803
1792
6516
8940
12939
16171
12439
11431
9646
6397
11238
14775
997
168
6461
2682
3884
1176
6316
1895
8425
6505
4398
5478
1680
5742
10206
11784
4810
11932
15455
4503
8358
8373
5149
3735
7217
11269
9153
10225
6211
3580
13394
5349
3395
6776
4256
7486
15701
4135
2009
3940
14802
16238
3634
12864
11979
10384
10788
13528
8907
6718
8431
5926
2703
8452
12869
3124
13221
3166
10862
8757
7769
11777
3447
4884
4453
3709
5643
6715
1642
1891
13577
11521
683
8954
13766
15493
1593
3763
15829
9852
887
6491
1991
14306
10266
11023
1909
15761
8213
7317
10524
11180
13569
12105
1936
15717
3727
10598
13189
3186
14153
8908
7084
5598
1486
11984
1920
7673
7263
5921
555
5464
13974
8721
1352
6323
3813
9945
9636
14687
8846
13383
9909
7581
2066
14070
10600
10028
10125
3096
14707
9892
6178
10109
6440
11162
10166
6979
806
10073
5553
7237
7633
2110
1242
11611
10057
4349
1997
15559
6170
13695
15883
11483
7877
3553
2989
12527
14653
1796
15941
3554
15126
13644
1840
1331
1768
4022
6833
1894
10053
3749
8278
10366
3019
11178
8342
2898
4690
5978
1040
8133
4494
11255
4842
6836
15447
13102
974
4832
1721
15594
7193
11121
5590
12096
7445
668
949
12795
14851
8117
12202
568
971
4434
3983
14039
14576
695
10533
10755
5106
4439
6961
10763
3446
289
1132
6935
6960
11450
5947
2358
7664
4488
10185
1810
13111
3841
2413
15537
2392
9396
1406
12010
12827
10069
13002
3058
14498
13747
15205
10823
5959
156
11339
7621
181
6338
3069
535
8184
10038
1655
4614
14877
3671
600
703
7485
111
10702
10307
14279
15398
1163
1836
8668
15746
10492
10839
7206
15844
8053
13999
15392
1220
2363
3789
3277
5674
9998
13952
14821
12193
3100
2371
4557
7411
14109
3531
6215
7630
11561
6173
11497
5489
4037
13827
6358
15930
8060
4644
8627
5751
15072
4202
901
1302
15697
2751
5892
13446
14799
9513
1339
14023
14012
5964
16029
9552
5544
16353
7028
4613
4954
1154
2473
4881
15617
1736
7313
1696
7853
1864
3256
12813
4823
6137
3103
1502
5632
2848
7766
10699
12196
5
2164
13900
1681
7822
14555
11082
11125
8840
14859
4062
16088
4364
14010
8175
9362
2153
14562
2491
10777
4278
8435
15472
3939
1510
5192
2699
8782
6343
9491
5805
6206
11871
2876
4820
8801
6845
14382
1417
4012
9181
16115
8325
4365
8539
11451
6097
5133
3354
2387
337
15702
9863
10611
625
10748
11810
10161
1860
7454
2031
3929
12420
14095
15431
1045
14985
1521
4380
8984
8966
9204
14733
15109
15884
13806
2567
9463
9607
9203
14732
10011
9144
5011
6798
6757
7846
390
3108
3359
13774
16079
11259
7689
3848
2766
7490
3849
1639
182
12741
3828
6915
2709
13675
9996
1882
13314
1576
5687
1112
13842
12076
10693
14341
5889
3760
93
2496
3365
13122
1890
9576
15435
8968
9418
8655
13862
6645
4179
13254
12005
15031
6541
7169
16375
5880
12996
7157
6943
11370
6786
11814
10246
11895
4185
2265
3177
2044
2782
5733
11972
13131
13370
15901
10033
2594
11834
2343
1985
8010
12136
1644
11356
9187
461
15247
9941
7438
1954
15121
11903
4299
4491
12063
10327
7077
3563
1317
4540
14347
15727
11906
10988
8301
14071
16170
5649
4355
9032
7959
1862
7817
4866
4300
12580
53
9936
11848
5280
2283
4912
7288
3348
16073
7570
15700
9350
8183
1937
707
8145
12628
14351
11097
12521
9906
7897
13459
8303
15831
11597
5287
4575
12249
8388
13252
3285
795
4253
4578
6563
4189
9630
2725
4875
2634
14777
11119
2127
9293
2824
2622
3363
4573
2212
15910
7733
7568
4322
7255
2232
7359
747
8040
16378
14047
7994
7510
2659
15526
11772
5940
4329
9142
2916
9918
14160
10887
12808
13755
9551
13649
9000
14975
12802
13110
5506
12030
9522
16076
9033
3220
3834
4489
6167
5385
6438
501
12832
6940
12556
6395
14618
5803
3654
772
6581
9097
4738
8847
11780
13080
441
10551
12657
7033
7330
5672
11146
3754
11961
11862
4975
10255
9700
7931
12954
13353
15136
159
13434
16032
14787
1447
8455
9253
1675
6842
5647
4811
5906
154
2795
4818
7616
4821
16316
3091
2865
8448
6986
7175
3547
8777
412
1553
5807
13613
2654
23
569
1272
101
14488
1017
10876
7118
8126
2826
9894
12369
5697
15848
9272
3471
129
10738
13723
13345
9207
10170
8283
7452
3925
11549
2737
7594
14522
11242
1169
7095
14376
14593
7079
11615
2888
15196
9582
4706
4999
8996
5777
8759
10798
12404
4362
9920
8279
11667
15637
13925
3022
2470
7353
11599
13669
2092
764
6411
556
4406
13941
11524
15014
5270
10120
13483
11110
12031
3923
7801
6948
9007
13094
13476
3158
13422
1362
15625
9465
8805
6629
4162
6747
13372
14734
3584
7425
8496
8447
15801
4210
8816
2853
15185
13890
15291
915
9294
8926
11799
3157
16205
6198
10168
2084
1042
8387
3410
1969
12663
4807
5521
1346
16119
10467
9222
13903
8807
13340
2277
16035
13920
15408
9798
13659
2011
10452
2995
15642
5795
8294
5252
6064
1413
4585
4584
15105
7845
9788
14307
11170
2849
9269
5645
12594
12825
2463
1709
4531
7787
9480
6611
6171
956
10024
14567
4270
4302
8995
4863
16300
9783
16296
1591
15347
3315
2758
8870
1120
6112
6953
15843
7460
2082
9162
7474
3290
15606
8837
8244
6794
7782
16003
4473
8082
8479
9168
2736
10674
8925
16235
7811
13215
13588
12464
11928
426
11448
10146
4707
10661
10847
14955
5279
11060
8044
8982
1029
3163
3259
927
8788
3982
8259
7078
800
2733
12638
6007
13985
1598
5155
6412
11254
4865
16018
2542
2167
10954
7795
2788
10835
13954
1349
16114
6595
8235
14346
94
9057
15542
13975
8892
9786
2787
6610
3469
2310
5571
6966
16340
14041
3460
1490
12114
4243
14499
12544
8683
5516
11002
2263
13869
13712
3593
9887
1232
9464
4334
15425
3231
2255
10870
10555
5735
10931
7708
8378
2722
5583
12018
8803
5784
5151
132
12783
13852
1094
14840
9716
1487
804
15187
8046
15830
2977
6250
4597
6671
8398
793
14137
15481
1770
11605
14374
755
10761
6790
14560
187
7613
15975
2645
8904
9188
9431
4391
4454
10231
13593
11796
14040
14337
4505
2041
13962
7056
1699
15024
15527
204
7936
8750
1760
14062
1053
2451
14493
1049
16213
12144
12178
6230
13878
13860
1958
11005
2244
4941
12958
12508
15378
3905
15824
13905
12796
13984
5246
3235
9843
6050
640
12055
1468
771
12185
11744
12542
8550
12933
13665
8332
7287
1834
13209
12042
13296
11571
13812
4153
1802
7786
3604
12930
466
6680
2562
606
10074
7702
12873
3049
6183
3638
11455
1647
13086
6413
15610
9591
6726
2796
860
2748
6284
12414
13275
2778
13578
3434
12982
4609
2572
12496
7363
8953
3937
16008
7132
3517
3437
5934
7064
4543
14275
4579
1478
7886
16110
6737
11472
13461
14154
238
12788
11586
10810
4603
2429
4127
12801
6002
3147
5421
9257
11256
10860
1640
677
2605
12757
7819
11724
8910
7429
6787
1357
11004
10671
10200
2253
8920
15148
14969
3887
7006
16138
1513
2042
12621
8017
10045
10098
6071
13047
4007
5631
1905
1149
7569
9665
4737
7703
859
1754
11317
6093
1581
5970
4936
8477
8394
10855
10609
2485
14524
941
6886
12403
8760
1285
2394
321
368
429
330
14592
6871
7809
15022
7554
4829
9679
8952
9621
4085
15219
5334
15012
1363
16047
14286
8625
7405
2135
2690
15699
11015
869
1477
4899
1819
12083
8527
14425
7198
1529
6701
5348
12672
4467
2884
6483
8660
966
3199
8453
10049
8918
4437
12231
4839
12151
16252
8324
10182
15376
13802
5490
10625
3286
14860
7906
2883
14756
2379
10251
1800
12115
4766
11565
9568
438
7338
9369
15908
612
11099
4045
5526
14837
3403
15982
13792
8296
4003
13717
14889
5308
5132
14983
8900
5949
9597
12347
5974
14980
13379
4165
12038
40
12022
9792
12484
12645
6954
12724
9527
4215
1906
15974
11095
527
12766
6824
10654
11770
14408
12749
5696
5854
1658
7606
7142
5927
14301
10754
1989
8123
579
5723
6858
11981
4744
13631
9321
11975
7200
8597
10116
10179
3942
6477
11271
3980
7409
12700
4192
7398
12140
11111
10669
11443
7523
3346
13997
583
4067
9856
16361
12962
15866
12516
11727
1334
7514
13454
9358
728
2773
11884
6269
5652
12158
13857
15629
7004
8699
5019
4566
15052
15630
10250
5266
7516
8416
2963
2005
8268
14327
4218
9987
13232
13880
8930
13993
9833
6270
11757
13277
5168
7308
5269
15450
380
0
5466
12188
6017
11264
8290
10332
10850
7483
2152
493
1420
10186
16188
3036
9481
7908
12449
3176
6158
3731
12314
13158
9532
11260
5831
2139
5840
3467
7992
1228
4317
9318
15951
12965
9197
15276
13628
13480
11101
10173
14479
861
6728
3981
8960
1610
7465
8257
8157
10971
7544
13124
7502
11030
1368
11128
11344
5985
11639
9537
4240
6239
4946
12702
5299
9801
11282
10160
5328
5387
12121
3746
14811
1438
15488
6341
1993
13549
13856
2365
15962
1251
3486
16037
951
4646
2118
15368
55
3152
6366
12466
15469
14506
7679
7874
11656
8711
12230
11183
6120
11613
12769
3908
14697
11500
10845
11406
12248
2925
2867
15986
3736
9849
11106
13234
14471
4038
12244
11283
2220
11836
7577
9655
11200
1852
11169
3413
15771
5912
16001
10040
8980
14087
3628
10908
1099
6797
2919
4913
6698
9485
13592
6993
12286
4451
15342
9195
2631
11402
4660
11950
2716
6425
5142
1056
15532
8136
16255
1769
15861
6867
16044
270
2486
13910
7754
3895
3729
9824
15416
5966
10197
1524
8502
14982
13024
13199
7623
1429
15508
15795
5263
12339
1697
9723
12289
8583
3044
12101
15811
16078
6666
9375
14128
12148
10298
351
15854
7657
1226
4337
11674
2717
12872
7243
7563
9155
5895
14735
14343
10089
7364
1725
3863
14548
5140
5884
11177
13958
1421
6870
5410
13738
6163
8086
10447
15604
12002
14509
10428
13930
5338
1504
4838
7038
8075
12399
14285
9390
10827
14629
4927
7531
11560
3115
12325
12236
6809
8779
3217
14925
6481
14611
4188
13386
7740
7653
14148
2055
7348
12305
6865
3246
8790
821
7045
12975
3140
7093
11601
15759
4146
4163
11253
2409
12052
1902
8530
11427
14667
730
1512
4550
1523
8842
5164
10733
8334
13274
11357
15823
14602
3641
1160
11941
4275
5211
2852
5143
4214
8282
10488
3957
7995
779
14385
12722
14785
7392
448
16337
15026
10946
3316
9091
11306
7549
6663
7753
5600
5166
13870
5441
12720
8430
1817
4683
7185
6527
12901
9088
12346
5984
15085
13617
1300
15055
13683
15628
11374
10449
12607
14246
769
4383
2939
10985
15399
7446
12625
5911
11396
9768
4212
13089
12364
10432
10189
12631
1188
14789
6855
10769
14435
14451
10296
7508
12848
12204
14176
8804
12461
2378
6083
14323
5376
14828
2462
12162
11715
11705
2502
6043
7415
3891
14378
12981
13469
5787
10041
14708
7764
9781
10969
14252
4697
6484
11061
9328
11387
15325
1723
12570
4290
8001
11974
5289
334
15486
10997
1541
842
709
1087
14407
13619
12433
1885
10242
13039
9539
6501
4232
10118
5800
2242
7963
7934
12634
5509
12539
3360
7567
8773
3631
1672
3296
15354
2227
8195
3717
2591
12126
6443
15985
12348
13479
2740
6550
15100
5882
4691
4529
3622
14957
14030
189
6694
3928
13007
4095
3300
6934
7892
8002
8570
15471
13666
16192
15166
15957
4046
16288
11433
1948
6597
8647
14395
6031
2157
9586
3573
1189
5894
9865
11063
2216
7556
2086
11815
8686
15641
3924
7270
12102
4521
6504
4862
12789
2686
10500
2433
14232
5695
13053
7428
5837
9718
16154
6542
10784
5862
9699
15375
4739
11109
14636
2383
14063
16207
2076
10158
4219
1213
1059
2661
9290
654
3135
4463
14760
1254
13393
14345
7614
3521
9310
10626
3685
8525
14933
3591
6080
9473
6104
16224
5117
8356
9840
8523
9642
14807
12751
9012
6902
4052
10902
14987
