4122
10838
15658
6889
6440
11835
12747
16004
8669
9992
16021
8916
16044
10794
4375
14902
5175
7271
12385
13668
8462
16131
8463
14530
7716
14991
758
12356
14792
12977
15804
6382
1386
14048
12033
15509
4429
4980
2969
898
10395
7012
5646
7240
1862
5162
7376
12689
6862
6711
13978
12038
6535
5987
10551
4238
12054
14578
13495
15000
9138
7826
610
1158
14243
10460
9994
7375
2764
3693
9200
15859
14916
8217
12469
16053
13908
868
6840
7561
15414
3291
14291
12249
9294
5743
10488
10922
6994
10741
11819
5524
15255
1242
1082
10706
9122
1029
9788
5302
15727
8447
8720
15248
12597
4842
6113
11223
13016
473
16166
16145
16046
2055
1987
1969
10050
3577
6591
6471
10520
9801
6418
7571
10899
323
7251
14879
7168
8797
12160
11885
2614
6950
6753
2934
2684
12533
15541
5827
14408
9125
14019
13064
7239
6363
16167
7238
15266
13387
3913
13273
15016
9775
9747
3559
5669
1498
801
1654
14696
12412
14387
7503
3069
10509
5820
10328
13503
3900
4855
1373
6163
7965
4591
6152
2107
14761
10523
9648
12282
9373
12434
10464
16032
707
4867
9598
1020
13014
1874
9748
13770
5919
4353
4818
14246
4152
4349
4913
14899
6162
1440
15529
912
5456
4804
4923
1952
15165
10836
1809
3036
12829
14454
3993
16213
10528
2630
3209
4956
7724
12578
11039
5650
10610
12923
4994
10877
7067
16336
12307
4771
8112
2377
10001
9243
10999
5390
2957
3639
8684
13657
13790
3575
11599
3867
6055
461
1805
129
2645
14799
13640
6053
1816
7076
2451
5475
2634
1165
5230
11057
5016
7332
2388
10804
3805
12407
990
11208
4347
16129
998
15178
11290
3300
4161
546
14969
4355
13568
8700
8931
13143
3824
5035
1179
13020
11417
7011
12524
8387
6760
7850
9249
9616
5834
2693
5165
12522
6561
4680
8900
9776
9429
13847
4406
2952
16356
9453
3276
13135
1767
4832
15770
5129
11195
12278
15817
5671
5631
9070
5628
10981
8425
7454
12074
11650
164
12706
94
3518
2514
5184
15174
16274
9251
8856
12056
15653
239
14907
8667
9726
9156
10113
1902
7517
7153
9479
12574
146
5839
381
3676
4935
10318
9866
2777
10935
2611
16020
6427
4561
16081
6377
11609
3562
2902
7962
8839
3049
5104
8849
12891
4168
7585
15067
12209
9971
8777
3380
14277
2827
9538
4485
392
3208
5243
12004
10976
14956
3967
2325
4418
6501
1216
6198
11806
8997
2656
466
9397
6276
16344
16259
8204
2043
858
7309
3514
4693
9027
8429
1638
341
7307
7471
8227
11430
14113
2344
9700
13297
5913
2253
11678
10303
15921
3199
12560
10635
12086
14602
4775
6650
11912
6372
14060
11300
10601
15312
8998
11317
8364
1185
750
10301
10104
9938
13196
12408
14563
6219
15184
13465
11145
4845
10746
725
5142
482
5885
13684
7070
5384
1983
7250
669
14692
5579
1716
13254
15455
15220
8911
13013
15230
13393
3662
9100
6313
281
6673
16314
10195
11353
5130
12089
10189
11123
1377
1535
8183
5185
5847
4455
8606
8313
16306
13180
16218
7818
8118
5607
11241
8384
777
10473
1536
1748
6531
1847
10201
10167
10747
6131
16157
5640
8166
754
8783
444
2079
12288
14040
28
10548
10968
4016
266
6953
2653
5500
12768
7653
5692
6386
45
3903
11067
333
9708
7496
7612
8210
6338
14981
5285
1761
6289
5114
3493
15134
5253
14336
9961
15818
9905
14227
55
14342
9746
14800
12993
2041
2179
3411
9233
13322
14356
752
3130
14697
13951
7088
8156
15326
1275
6719
7889
4868
1302
2517
11462
16192
12295
11266
6952
767
9750
1624
12575
8195
12672
7380
15791
2125
6818
4420
11634
6452
5531
13889
7885
3181
9790
15574
3832
12088
4723
2164
8160
12667
8976
6697
3461
7446
13031
1986
5727
5915
315
4732
6008
6505
4683
6713
13934
14938
6183
15427
13679
9770
5102
15080
596
7687
5291
9407
15919
4720
5516
14202
2436
14402
3513
14836
76
96
536
11287
15458
11691
10855
14637
6311
2893
15649
1765
1303
14306
12781
1337
14223
15824
16116
3347
15169
1147
11118
13235
260
16027
9739
8311
12115
11611
14449
7484
5452
8525
1311
13139
2665
15124
924
3071
5179
8391
12316
16084
15277
13399
3086
3667
5636
14462
11832
8238
1414
1400
938
6602
8590
3089
6681
13747
16263
14103
14912
11018
15959
14166
6635
10465
6533
5908
11750
5633
11156
1347
11189
5336
10846
13748
6579
2495
10563
2553
10737
14083
3728
7453
12564
3573
10394
1032
10724
4252
10386
7564
5541
12659
12266
6668
3269
12586
8105
4669
16140
11901
14476
3281
12082
7178
5395
13345
1835
11204
1929
2203
2586
11224
13164
7587
9259
1656
1369
1788
10668
3053
14412
4278
3092
215
4477
12956
9772
13219
13974
2696
4044
5781
5171
1737
1518
1701
9773
2382
4344
12173
4645
10832
6058
8529
3115
2409
14219
14249
6657
16071
8888
5224
5696
9580
7603
13888
10425
14900
11432
2982
11685
4315
13011
13027
4576
6940
3692
10780
10046
11733
1191
11703
14825
11550
1937
15333
10364
2580
7498
13674
8130
9668
12097
7984
11598
11535
12821
9567
15146
7041
8308
6782
4085
14730
885
1513
5115
5930
2389
5848
11450
12986
576
663
8226
29
9491
15655
9570
14420
11690
14728
2206
2521
4207
70
13299
15317
4486
12878
5312
2861
10646
12242
14710
8763
7567
13719
10969
14979
11252
9296
5294
12330
11953
14657
15332
643
13223
9372
7053
8735
3356
4866
13921
13750
3564
8698
15609
4101
4526
919
11335
4699
9576
451
4203
3800
11965
5387
11758
8586
14116
851
11119
9033
7389
7719
13879
3582
12998
13604
12437
14502
10381
11006
6708
14055
10346
1993
2746
4573
283
9559
14064
3607
13661
8033
11318
9623
11243
7329
5616
8826
14361
11137
5723
11260
3471
2974
9111
355
2859
4063
6232
5675
11109
12822
855
11001
10993
8866
8538
5714
3246
15324
6179
8301
3433
16251
13681
7457
9544
16246
11987
9910
9483
10251
238
10081
8486
2369
7327
16186
985
14843
14025
11942
11215
3598
8339
12675
12304
5657
13262
4415
8744
2407
12889
9047
15082
4377
4094
4822
2099
2932
5600
103
4518
7130
14974
456
9642
10731
14323
9454
11087
5297
8253
3615
15949
14978
5509
13287
7402
11784
208
10078
13008
6737
7746
6218
8298
3521
8205
349
11928
7553
10924
3117
11285
13338
15092
13980
8805
6774
9879
385
13255
9139
3423
2017
11162
15128
12741
13047
4997
9035
1749
10293
11464
8284
15524
13144
7986
6270
4513
225
8057
13200
5036
8844
4263
1722
14258
14205
14545
5348
2554
7173
2392
2208
8640
9442
14046
772
15491
7648
7092
14906
31
7214
16175
691
10768
7421
5145
2571
12616
6511
7113
9826
14603
4521
15225
15172
8561
1213
9939
13808
783
5305
15171
8443
15610
6974
1561
13558
14753
3033
1076
2722
693
12116
6893
1655
9786
10447
6116
9764
5667
13252
11194
10005
553
1908
12756
11904
14691
6798
3050
4906
1552
562
5659
3702
177
7858
13802
8890
2247
11289
15157
8346
15578
10157
4919
9229
739
12700
1589
8249
13977
15135
2711
4324
14333
1544
12952
13133
2640
10978
5258
10734
1531
15714
6364
2372
14535
9458
5662
8736
12477
7415
3398
3596
1585
12137
11585
14386
10150
271
12293
9272
15843
8716
10702
8422
1075
4920
5574
1252
3825
6488
10835
4366
5589
3358
14220
7151
8144
15257
9278
6086
2739
1348
13705
4524
8873
4096
10761
9656
4473
10705
16127
8121
3413
14751
6583
6399
10420
9019
15666
5481
8608
2536
7873
11936
11062
13261
9678
11228
9433
1159
15081
14665
2301
10577
1490
4885
15311
13122
5378
5684
11826
3272
2832
5222
4002
7710
3374
2930
8939
5573
9384
916
5924
13188
2444
15743
12696
7272
5811
15785
3954
12143
16178
14455
15941
14634
12697
14849
1870
3820
7646
8115
3087
12567
17
5466
11497
10341
3957
4046
440
15884
12462
7810
12722
9547
3790
3152
15361
15397
13414
9695
3404
6429
13536
897
6986
1940
5621
2723
1950
5147
7218
15683
2026
8571
9813
3854
3894
6991
11752
7913
14950
14255
1236
2082
15531
92
10590
12031
15543
8332
13199
3405
12509
11061
8926
11706
10518
12727
10779
14935
3586
8689
5271
6141
4345
996
2710
15085
5614
8782
4233
9582
3477
6885
4798
2626
12810
13905
6843
15586
8247
2267
8781
3343
13562
8341
8535
9082
2015
10244
10996
7747
14371
627
11356
8292
7888
13708
6368
4048
2846
1422
4154
9812
15663
7870
3158
6463
3007
585
1771
11569
8280
1092
9160
3755
15641
6133
7191
417
6421
12113
16322
6860
11439
13737
14883
10961
8790
14033
3964
2346
7578
1741
15090
630
2172
8715
334
3579
2763
13507
7390
732
7556
2465
12177
5024
4042
11911
12830
5007
742
14324
11103
4087
2426
12801
6527
9248
15827
8638
1576
16030
8816
9216
3877
16282
8694
10014
16329
12963
13566
3691
13702
13145
10986
9187
12011
14123
1427
11541
15783
10682
165
12060
3609
16369
13830
2002
11157
10121
13894
14072
5462
4014
8236
10035
13703
679
16149
9091
8068
6483
5892
2430
7493
3592
11582
6567
13217
16327
14195
11292
1945
10966
13146
10812
3776
8273
4955
12109
5910
15878
3565
3010
11148
4389
16000
15604
11948
5756
4277
13651
6065
4408
9345
12869
5745
11445
13201
9486
4882
8479
7143
3605
14668
460
15626
1931
486
14081
2360
14339
13639
314
7599
4726
13966
8194
3965
13094
7618
9707
12989
2589
14366
5041
10115
1851
3451
1101
7467
2440
13767
14987
6295
3
4759
8499
6314
12606
4119
11910
7109
3301
2738
15450
14678
10942
7280
11140
10560
6956
13594
1184
343
15556
6451
4979
9713
10152
6526
12649
11783
9968
13515
10864
13043
6895
1166
10438
9872
12327
12593
12684
11979
3733
13093
8528
1887
2566
8025
11380
2673
15608
13787
3119
3738
4054
10743
11847
5955
12794
4876
3720
544
7171
229
12148
5415
5322
15015
14516
15863
3296
448
13224
7577
14031
4457
1826
12135
7152
7258
3644
14197
10676
1873
1434
6230
476
1894
14968
4829
15904
16054
14933
9768
13266
522
661
3295
14612
1220
4318
16013
7620
1615
15034
5566
4211
10592
13077
15808
4844
8435
4084
10485
172
14101
9172
10408
9667
11939
8815
7579
4258
15203
12404
4123
2310
2341
542
1065
2851
6146
10699
15740
4362
7065
15960
14433
7172
12491
407
6593
5213
4088
1438
1442
16363
8036
4492
1155
8907
403
8414
4959
7788
4436
8993
5798
11977
2899
3221
13903
8983
4439
1079
11605
8360
13746
11034
11584
10637
258
6225
11081
9144
13078
75
6416
2794
1128
9306
1549
4368
3376
8052
10736
489
11246
11068
7296
6296
7490
1341
11494
6861
13423
11216
3073
1200
3857
9207
12390
11556
7170
12065
11092
1813
10536
2223
10773
8266
14595
9260
7842
5604
9853
7757
11878
10847
15180
11549
11586
14672
6016
6520
6285
14251
9997
8703
14102
5787
7225
773
14451
906
14337
6712
13867
2736
10016
3310
8562
15633
1743
14737
9178
4077
9000
9059
896
16290
3985
11722
9103
7052
10254
10063
8963
7542
11416
5450
77
12937
10552
10207
3556
12258
621
5593
109
8456
7336
6111
702
5933
3707
9358
13599
15873
2175
348
4548
10806
15047
1553
9937
892
10946
9265
11601
9519
9646
7552
2891
6820
8870
9513
12133
3055
3172
4310
1344
14544
13267
5533
15233
8663
10569
13413
15698
6438
13384
4671
16057
11273
5028
11125
411
910
1070
932
11991
12058
8544
2410
8726
7706
2269
15327
8282
6741
2900
9147
8614
13593
2106
4351
15758
1150
10925
798
7904
2779
15892
6819
9980
9929
14652
14415
1260
13402
6068
4634
9016
8930
9182
7596
15018
2570
5400
5739
11091
6381
11663
13371
10205
6010
14304
4364
4290
9221
10848
1919
9485
15460
8239
15068
15308
12537
12071
6083
14524
3204
4556
2390
2380
10766
9785
552
8867
6656
13799
15676
3600
12863
11740
1379
10236
4787
2013
10240
6097
3535
2576
8706
682
6896
3812
11486
3956
6770
3505
8534
4198
2232
11269
4996
15118
4300
7060
11134
7508
5237
10565
12096
15256
8662
9733
10074
9018
3265
8207
2492
5132
964
14104
14461
12427
3673
7492
12799
11906
3339
13859
2335
8016
734
7297
14300
11037
1430
14654
16168
11788
2378
5520
3928
9040
9892
11311
8263
1900
1833
3274
9596
4916
4514
15109
12272
3395
14966
7162
1004
9347
7464
10446
5583
12380
2370
15841
14674
15416
12066
4766
12887
11702
13126
1841
7345
1966
4221
15968
10510
6504
5267
15897
861
12128
16340
2092
2296
4158
3282
5916
8502
3410
785
6826
9955
1318
590
6566
10461
5081
12187
4815
9689
2470
15439
6688
15898
3497
2977
1505
5156
3313
6446
3097
2494
1800
5851
10917
9979
14424
9945
14551
506
5366
4437
5590
10361
242
11982
2890
4741
8406
2524
6155
14156
14647
11767
3203
15866
5099
6773
8508
1858
8653
9110
1517
949
9604
4194
11964
2434
3834
13045
3953
9967
13156
4131
513
15094
5679
907
11815
8433
8813
15638
13863
13912
12345
11708
13947
7565
14265
4886
1149
10937
14817
386
7303
11865
1728
14706
14801
5884
15148
11849
11382
6683
3088
8129
6036
812
12326
12108
11274
11725
5936
14760
8687
15675
8578
458
11301
3983
8047
2137
9983
13418
7839
13633
15938
13630
14193
1658
4587
6621
982
6674
7522
13648
8629
1380
15603
3318
12319
14228
5970
15563
4987
14463
12539
7108
14716
7679
4360
9051
9608
120
5301
15606
15138
13184
4453
11935
13118
10426
11503
10455
5034
11181
1133
3359
8668
6259
11604
3105
11988
5617
11672
6850
1323
8881
13026
5508
15050
16146
12669
7384
15760
8201
4900
6064
11099
2227
572
10995
1239
15152
7963
6762
2315
12314
8847
11050
636
4024
14782
4625
859
4779
12505
2321
2662
2599
13945
7761
15931
9510
7328
13641
16150
7852
11790
13695
12605
1396
7881
9197
7766
12991
10022
15370
13485
14581
2069
275
6530
15442
6924
4058
7055
14301
9335
15472
12915
2044
6663
7189
1823
15002
9045
9031
11367
1009
12571
9831
5085
12214
6413
1972
12953
395
7422
7233
140
13870
13883
12941
14768
614
13565
5361
10479
12580
12162
3681
1725
16079
13845
15195
10664
3794
6871
789
5351
12301
15410
7742
3879
6388
6407
10634
87
15468
7786
13445
5539
4309
16015
2855
12018
11886
5634
6622
5795
8880
11751
15369
10853
2291
9341
3415
5023
830
1138
2667
733
6958
4172
5627
15755
6694
1819
4201
16377
13342
8875
2914
12609
2136
3851
7628
3651
4179
13763
6470
11078
3529
6185
6707
6400
5830
15049
10388
10533
10616
11330
14056
15170
9606
4797
8138
15754
5437
15354
2572
12808
11131
10292
9738
9913
11411
16281
3696
2273
7419
5146
8058
9839
15893
7817
6541
12419
5995
14290
11785
8139
13250
38
7626
8216
11756
10628
7651
8991
10507
1807
3748
4098
12294
12806
10730
1578
15709
3811
7743
13221
14077
1587
12888
13104
14837
2063
9315
14666
14372
9989
13834
8674
1368
14203
10713
12519
14790
11842
6796
10123
11607
1600
12381
5553
15194
15162
2776
3796
14280
2876
15582
16342
9883
7900
10950
7784
12495
12828
6454
11864
12296
13710
1773
11645
10448
7219
7439
16258
4174
8566
3714
5856
2128
6734
3491
5018
7497
15422
14832
8995
10354
5045
10915
317
6984
2373
3363
15060
3352
2790
13541
12699
13218
14988
264
11644
4509
595
4917
9250
8644
1670
5177
10849
12200
10239
13546
8374
488
13736
9948
13160
15701
4433
12995
2437
3688
11201
8620
4796
15283
363
16348
805
2182
2778
9730
14880
15290
470
9338
10057
4557
15014
16075
7155
14645
1795
15254
11894
12069
6203
16279
13018
3213
4463
6242
7931
9683
6046
14705
10983
4610
15702
16197
2185
14976
4562
12199
8250
10396
9098
5404
1706
3525
2532
14707
11616
6804
3870
3944
7964
14491
14008
7383
8718
5383
11639
11505
13922
4714
15490
9464
6244
2272
9619
6805
1949
1271
1099
5314
1253
13359
2940
8385
8438
7202
15842
10579
8373
3784
184
12621
5418
11342
16338
16023
9376
10862
13789
14867
8372
11766
1703
2248
12456
5289
4143
15098
551
3320
6858
10661
2225
303
14532
11392
7701
15611
8476
6390
14213
6160
11191
9416
2308
9824
11976
6913
11336
4111
1514
7834
10253
10718
15552
11379
13530
13103
10315
12164
14863
3684
2067
13189
2661
8448
4212
364
12749
3694
14470
11593
11530
2213
3660
15802
606
4745
5932
7360
4719
1425
4569
8861
4827
604
3210
13590
4260
2491
8602
2927
7535
12805
12623
10372
1296
2819
2313
10576
4706
3314
11
16292
11770
12244
580
12276
12592
7821
8944
16349
401
14776
6092
6353
8547
3162
11247
1238
14758
5874
5513
8337
9023
1214
8150
7112
8830
325
6628
4958
4393
4728
15101
9530
2567
14547
2053
6641
10770
8822
8159
1202
6772
10497
8955
12831
16212
4410
15010
4390
8864
6405
4106
7119
3886
2276
8883
10912
15051
5074
4858
10740
14690
9179
13785
368
11860
9311
1176
16139
3963
7764
2459
10330
14774
8647
14430
7043
4354
1571
16069
10596
2959
3101
9933
7265
3399
10933
1984
10591
13861
5152
8827
9649
7903
3452
3068
1142
8390
15525
12050
2060
8746
12180
5134
11729
2884
8968
8244
3675
4652
3848
2265
12658
2479
10687
9143
356
11014
15989
10505
6696
11098
14068
6556
6362
5440
7185
6864
4605
6801
14901
4774
11048
8855
4711
5730
13969
13070
7440
15309
9734
7836
7100
8657
12081
12798
10449
2343
7260
13040
3138
13362
10893
14006
178
8583
5681
13475
8558
10333
687
4785
7820
13051
2483
5974
4248
316
4021
5197
9136
4635
4661
7210
7432
1433
3939
14895
7940
12611
4230
498
11322
9643
8799
15095
6062
12640
5265
15523
10739
3090
7281
6963
4038
1714
3222
1346
8869
6676
7641
11828
3701
5939
14795
10944
14543
4938
1989
435
7723
15860
3467
10738
7243
1205
3541
12643
15851
16010
4289
850
182
3112
4504
14611
15141
9206
14353
9873
8089
13099
6091
8197
673
1649
16269
10378
14518
11455
1022
6808
14314
4807
3381
7975
8361
12092
3560
7111
5521
12901
5458
8184
6917
5339
15998
5328
11288
12248
9374
11867
9911
8603
2632
13797
12396
16026
9349
8383
6021
15189
4396
64
15749
845
945
335
10145
2504
10863
1606
5005
7094
12486
6947
13192
12957
940
9709
2821
259
12705
3066
16211
14287
3337
11409
1291
15469
7547
13994
5434
4145
4374
9226
16148
5873
4930
10947
3585
7625
12765
5836
15700
9601
9499
13397
9295
11680
7665
454
15046
6863
1692
4577
3833
7866
4575
7386
15798
3043
11101
1477
11854
10410
5625
15377
11656
765
9141
933
7215
11316
7371
3723
1936
9740
12922
12905
7441
14973
10759
16241
5688
4770
6367
393
5090
16074
8579
6088
14285
12867
158
6912
3695
4382
15975
110
13739
11152
11589
6868
13649
11483
6188
14362
5931
881
9745
2686
8980
12340
5140
8148
10988
7102
14176
4786
8427
1865
2561
14597
9213
9581
12114
13159
10249
13442
4515
15559
12972
1955
14299
6109
15696
14919
15797
5174
1251
8622
918
16185
11306
5393
14234
8624
10540
3349
15999
7364
8164
7543
5528
4971
2266
2358
5121
15338
12827
2926
15063
14384
9716
3469
11603
9895
1204
4404
8178
2565
226
6877
6009
13198
6671
2574
14785
1863
11810
11003
9410
10722
11897
232
14558
3883
12450
10991
15618
13484
4440
14809
7557
1279
7668
15985
1312
7129
3671
14294
2027
4003
1592
8367
2084
1572
4287
7148
4682
6384
13113
9077
7601
5358
14998
4100
15252
2728
1294
10801
15799
4837
193
4640
2782
9842
561
7294
11045
2441
7474
14090
3424
11985
6982
14605
6060
10810
16113
7425
10539
2864
8371
83
1736
13154
9355
9167
15940
2591
3966
4763
4926
12029
4724
6006
14163
15895
13437
4794
7800
2929
7024
8202
3572
4517
10190
13237
10352
9066
4068
15223
8182
8092
8539
1594
13715
3144
11745
543
5
2597
3739
1694
14381
8320
2394
8775
11822
3773
11144
9615
6838
5262
2129
2252
516
13062
11684
4006
219
6189
13508
8992
429
6331
5622
5178
1366
99
524
1394
575
4482
15465
8228
10815
16358
664
10274
5809
11107
8841
14020
9909
9568
4295
11664
3143
5281
11954
9482
2933
10021
12907
2525
1866
10825
12531
7501
2962
2242
12359
1120
5379
10458
3201
8334
5693
5866
11008
13165
3042
14970
7069
14241
9441
11900
14201
9439
13904
10033
4416
3178
535
8309
7525
8075
5969
5482
8767
7009
5833
4017
6678
3465
2954
15966
16302
7819
11714
10248
16106
5172
8607
5922
3624
15876
1420
14554
1093
13455
5056
7594
10436
10501
3997
16305
13801
6000
5785
13645
4337
15575
3799
16201
4246
2365
68
7028
1724
5782
3547
8934
10068
7466
2949
15643
4555
6977
16059
2302
16154
8950
12494
826
7512
4912
4647
2563
236
4331
9859
3157
14429
10095
7874
8196
10941
2367
7704
3674
15620
446
12988
4097
11459
15838
16138
13730
11190
4510
8872
11166
3530
11232
3308
13439
14925
4245
3741
7138
15995
8958
4667
2928
1345
11110
7010
11250
1632
12334
3169
3183
2783
14507
1789
10562
9613
6814
16158
1042
1121
15518
9496
778
9101
3601
7124
15800
6873
7891
7926
11478
7905
