5447
14012
1518
15231
5481
8367
10589
6283
3074
14217
6344
14247
6864
14527
13947
15367
9571
6145
6175
15432
12951
5595
5615
2583
11808
4529
15869
2207
6551
15197
1260
916
3481
7037
8241
1859
8155
4897
112
2376
9612
16262
4651
8221
12346
10700
3443
15798
2285
275
12928
13933
15592
10110
2895
2329
824
9697
2702
8537
11377
9633
8855
2107
2903
5985
12695
8771
12691
8726
5555
8387
12942
15338
90
7426
9235
13342
289
11132
7949
6216
10789
5898
9295
14410
2239
57
13390
5478
14375
15165
5995
2480
11682
10259
9828
5002
13330
15671
5308
7691
9142
11218
10174
10671
7943
6192
11606
13545
5805
13617
14125
8990
15676
8526
10450
6771
5552
11981
13041
9166
8942
4339
208
6360
13979
14836
8048
1676
6934
13426
15619
14879
353
3784
1069
9708
11078
10798
15809
5804
12066
6000
3500
11289
13535
14317
7171
8847
536
6643
1521
5884
3489
2335
7623
1082
2927
10857
2262
10369
10383
15961
7673
9653
12180
467
152
3582
13338
15684
5078
14807
6256
13753
13034
9265
5266
64
10305
8521
10235
10176
2356
11878
14303
2133
3878
12624
8502
4235
8906
7032
12997
5498
5129
6224
13000
14068
12277
6699
14344
6621
1837
2079
7409
5993
1870
1524
14265
9763
712
15610
354
5576
6662
11570
12432
7835
4528
9603
2058
13341
9588
8694
4777
4338
4569
15159
507
13111
2168
8865
14332
2426
10160
9116
7284
13747
4734
460
14485
1433
13758
5142
2416
6706
15650
12340
11240
6935
2980
16221
10129
10493
7671
2733
11050
3121
3769
6721
3618
4298
13685
102
9764
15590
4993
12661
4431
3073
886
15983
16278
5402
616
12710
1607
5917
2770
2357
1057
6863
1274
12916
6882
279
9393
10898
16026
16320
5640
1748
554
5581
1654
11734
7476
8466
829
11444
13248
10137
2138
399
7665
2486
2929
3016
3225
83
10814
9663
325
8380
2119
100
2334
3386
12496
13985
10959
3548
10651
2526
5821
7104
15966
2224
8037
5961
14107
5661
15246
9623
10829
1881
16281
11818
6926
2810
10304
7267
14562
7711
13612
7359
14742
6372
14730
8585
3088
8961
9991
12615
12672
3631
16116
1516
3268
4579
7199
413
2223
8670
9933
11217
5474
996
4709
7544
6465
3181
2845
10013
4983
9127
3719
8244
14280
10970
3366
16086
13320
950
698
12751
8848
6010
1171
11604
1196
11083
2442
9877
4646
15424
14370
15934
4279
4016
13075
3857
4661
1200
5631
10107
13040
5812
3659
6163
11101
16022
4383
12015
2226
873
8348
2720
4619
8411
8214
8594
7827
6893
9690
548
12354
5347
5975
3892
5115
9383
15663
14145
13208
9652
15734
2672
13721
3789
12465
4131
6187
5179
16096
2447
16179
2724
11938
4169
10125
15738
4452
7258
14430
10510
11833
13999
9228
9055
4247
3902
4702
475
2874
9766
8503
9809
12739
2111
3086
2101
9332
5245
15195
8356
11619
14803
8532
1263
11042
13840
15792
11745
13664
6566
3107
714
5908
12817
10284
11265
8782
6473
15445
10729
7704
10046
3042
1786
8350
14794
4062
8377
2272
6730
6022
11401
4152
11522
13013
11474
6690
6674
6729
1467
4355
6654
16188
13326
12813
14735
13011
15963
16144
11060
5536
5794
15784
5011
7974
8189
14103
3865
13484
7674
2418
10983
6712
27
12602
8937
8363
4746
7439
8404
8520
5240
12473
15891
12449
11272
2995
795
14158
6499
15452
12946
12912
3981
1698
10984
11508
13841
10480
15463
16380
10825
10479
9793
6574
8956
4366
11789
2793
8345
762
7887
12063
11749
13046
13865
6464
12030
1497
9679
8139
3155
8500
10963
6420
7748
10765
1239
10523
13651
766
6081
14174
14124
525
10023
15067
10436
10847
3252
9781
1477
8488
214
13907
5624
3056
6550
7211
14676
15630
11009
9709
13222
11801
13114
1454
2905
8630
11934
12582
10225
4957
6450
380
6141
12413
10291
1210
8047
276
8086
1644
4286
3795
9082
1117
12919
9922
2082
7507
14422
1463
8513
11845
7821
8740
8126
7595
5063
2358
10725
6856
16233
6921
14912
15429
11880
10462
8991
3469
1428
13144
7884
10492
11632
3824
13467
12827
4680
13666
7899
6164
5929
10654
10054
11400
15562
10405
1221
1490
947
9586
3407
11916
5990
15496
4318
10528
11412
11790
11442
16249
6871
14251
15322
11613
303
16264
2128
7190
601
1983
5087
14992
5157
12759
10999
13336
5480
13194
11752
2866
8285
6245
10336
11409
4687
4742
10250
5564
10732
7873
2172
1343
9234
12448
1840
3424
9112
11984
9861
3141
10465
11311
7561
12151
7023
14371
9507
1312
13719
1086
5855
12258
4336
99
10298
6424
9988
6064
1114
1108
3523
833
14789
8515
6009
9900
12391
7978
3742
5833
4903
4550
6719
13624
15453
7818
8079
14349
3240
8752
8218
3511
8501
1851
1173
2073
15681
11327
5642
9186
12959
15154
16073
14851
361
14877
16230
9280
10373
11987
6080
6332
4130
16023
9746
1411
6389
8814
14347
2785
39
14081
7186
1438
14741
875
14495
721
3385
11000
11732
1784
10388
1892
15560
14969
6571
12191
6848
15349
1128
2265
13063
5455
4970
13876
6205
8112
12822
5151
8337
5071
12034
8757
1562
13432
15566
6444
1395
12744
5062
10286
4921
12521
7010
10962
7276
6764
2401
850
15810
13175
2181
3118
3191
16001
2067
5715
2933
4312
1946
188
15
14258
1354
305
4634
3953
14024
14631
756
9106
14755
7354
10504
10911
14116
184
11751
15028
14585
7049
11497
13460
9799
10185
2820
11662
15335
3693
13049
6722
3647
11277
12439
13954
3741
14564
16373
14152
2875
7111
10906
5711
8967
13217
8343
6537
6446
5236
580
13553
3946
14625
2013
1415
12796
2147
6657
9022
5234
10238
10444
12735
15105
10570
2731
4601
1598
6059
15466
1444
15449
905
8108
6980
4332
4604
16324
5837
7557
1591
16274
3676
11029
8825
5914
3467
8794
4317
14613
4186
12763
11974
14091
3912
10886
12966
10652
8365
10996
3668
2456
9823
3202
10712
8944
6775
4174
6509
1313
10240
13802
44
15770
15659
1702
1045
13795
2603
10541
8953
8668
4780
13559
14588
4400
7205
6666
13177
14131
11887
2270
979
183
3734
11279
8167
5160
15117
7307
5541
6669
5951
14748
6099
3282
1897
14245
13936
6567
3199
13086
7713
8208
6656
2925
6069
12845
98
5066
2983
5329
2549
175
15577
14461
11261
9397
12317
2020
13591
7705
969
6805
10776
3578
15418
14341
9535
2773
10742
9751
6954
4083
13120
909
14913
6613
444
7152
2096
15442
7143
15772
11112
5178
4151
4031
1071
7185
16136
13343
3185
7843
9822
13873
133
14323
14660
111
5789
3171
13020
1331
8467
9174
1402
207
10423
16171
15061
5737
8539
14488
8762
14040
2832
6198
8393
9305
3859
6223
431
1576
4977
7444
7912
11207
12328
2024
9170
4872
16101
14787
16142
1552
11623
848
4587
12369
5807
14073
5342
12583
4301
9034
15074
10260
11904
1667
7986
6677
14829
1169
14549
5019
5741
15907
9278
5270
3245
4439
4424
1106
971
5605
7402
15046
3580
7139
5233
14464
7777
5250
11064
7792
8132
8965
1175
13518
10642
11836
4027
12395
4611
5349
7415
12874
7259
5761
4171
14653
6599
3924
14802
13892
8770
1430
1124
11997
13466
16158
7745
15651
9733
735
15914
792
2806
662
9364
6063
7851
921
1816
658
6217
9269
6138
5629
3534
13748
4446
6814
1065
4022
13221
3965
16100
15055
11273
2313
8248
16369
3991
6117
4644
1649
7611
994
6232
8818
9229
13171
4098
15305
16357
6133
8289
14063
6208
8276
14295
15040
4650
8642
9802
9392
15059
9352
10035
5635
10034
2969
15346
7460
5781
4375
7620
14974
561
7556
5554
2858
2943
13505
10975
4402
2645
1839
9020
4166
7545
3947
8659
8353
13911
4409
4245
10830
9357
12717
15004
14519
3798
12224
10582
11565
7721
13028
11851
1004
10832
3547
8459
8621
4227
842
9965
10949
11928
5202
4307
1009
334
4889
10524
8727
15497
7643
11136
257
7180
2057
443
12701
12023
5840
3318
8395
15533
14459
2918
12738
7260
4328
8240
2510
3003
7547
14775
8610
8829
11580
10799
1718
13889
1658
3889
3227
6553
14287
16131
9103
5926
13788
8451
407
8438
5459
11177
10733
2825
11513
12635
2093
2337
14277
6752
15890
14282
14322
126
13121
10908
11214
12956
12434
12255
378
5126
419
10808
5036
7017
4353
4603
5875
13365
4033
4417
15213
12687
356
14704
13661
5040
15311
12443
6837
7425
2315
5492
1544
773
7028
4562
6598
11292
11645
10474
729
10604
10026
6768
16288
6325
15908
13525
4564
7255
6062
9043
396
15849
2651
7559
8512
3360
6014
15949
15826
15753
14845
2624
12603
6846
4554
10205
12025
7418
2626
5479
6716
1441
16044
611
1352
14469
5443
13448
14129
11844
10085
7923
2031
7789
14511
4998
13765
8586
16299
11195
1153
10972
11367
10858
246
11813
8130
2965
4175
5470
8498
1616
10083
14521
11453
11485
5114
5671
16287
1967
3063
13934
2546
1977
16363
1755
9395
9820
9529
7645
3437
8524
5802
2193
10891
10571
12420
15835
2800
4534
3682
7033
2692
16203
11736
14220
6894
5729
324
6447
10102
9188
14808
4964
7469
10937
3863
15901
1161
11675
14965
3592
8303
3681
2629
12511
10871
5625
11404
7148
12150
4051
1505
5637
16165
2818
4486
11567
11072
1019
920
12003
10155
16294
15440
15943
13090
10839
7825
13428
8205
6001
10917
6128
11531
15504
2408
1961
5145
8191
2736
6623
1165
13276
6633
8535
1090
15621
8900
10114
13903
5861
1703
9608
3818
2441
16243
3553
8168
7567
10060
15010
3451
4813
10308
1303
10525
5831
6434
14050
5319
6964
12856
10878
11483
1237
11019
2028
10934
9672
6482
13164
6916
8704
1872
6812
10559
1016
4179
140
3881
6880
3866
13987
4946
7939
10781
4838
1760
9036
11255
4656
4643
12902
13065
445
13711
12957
4345
5396
5170
10376
2950
14203
14896
5513
8591
13096
15489
4475
14959
14967
9986
6395
785
14365
15107
10258
9121
10596
9952
10933
7064
3751
1000
3378
4078
8187
4406
15822
6350
7963
15006
4021
3464
1963
1154
5758
2667
10344
12749
59
10333
2876
2727
13480
9347
5797
15601
4682
4577
3239
4343
1226
14534
15119
4195
2961
10341
13162
849
13187
9423
15032
11582
8849
7320
6794
11976
11858
11768
3420
14274
3875
14589
3212
6527
2474
8142
1267
3914
12431
16189
2086
4280
7712
9038
1926
10693
13850
15697
2524
6047
4376
16273
12226
16377
2951
4139
7161
15634
7686
12914
11070
8544
196
125
10106
6419
1737
7166
4791
6244
12099
11909
6185
9227
11511
5806
8798
6675
12197
11890
9293
6171
3628
9162
16062
9279
6012
5882
11977
624
9361
14753
9783
11415
4485
6347
7348
3237
14199
4215
14956
12248
16347
14271
3508
757
4024
1061
14331
2754
3334
11013
5136
3535
8234
3450
12270
8
8861
16296
6517
1434
224
1537
2502
14436
7728
5787
7241
13431
9033
435
10232
9885
13504
14891
7488
3722
10352
8723
9160
1624
2783
8418
14929
464
3421
4182
239
5147
550
12080
10187
10734
10221
7576
9204
15419
7988
4069
8743
15746
2698
15168
14664
2338
10420
1475
1368
6243
614
12578
3320
15781
6564
5791
15210
7763
3755
13756
723
15870
7922
11481
1674
15996
8962
995
6093
6235
7051
526
11553
4585
4327
3095
754
1808
7527
10670
3872
13362
11498
10050
5965
8674
3566
14740
14117
1683
9073
313
151
15318
1014
690
14090
7248
8197
11363
3673
14368
10393
7514
4821
10457
11228
5881
1922
12793
14931
5694
5252
6502
1083
1270
9748
2175
5287
11970
8371
8265
8565
13262
5792
14987
4013
15819
11435
4990
5424
9488
13863
2405
953
14973
15406
15786
2761
11840
11663
6958
10199
9792
15125
8202
4563
15151
9028
1709
3903
4906
11096
12903
9337
12888
6160
4218
4496
8310
8975
13630
2957
16381
8010
15089
11711
13695
296
1903
10218
2609
14998
6523
8966
10942
13486
7021
1761
508
2392
4177
8084
16301
404
3000
9051
2184
577
5037
12655
7183
14182
784
7636
14396
5709
12295
1203
1446
9762
2331
11263
10706
15678
1714
3775
8548
2406
3569
5257
13292
2366
423
8858
7020
9217
13733
3718
7109
15500
4836
14221
15790
6896
15701
9435
13277
13503
12004
6489
6201
9153
2414
5634
14659
9999
11597
2639
11731
7724
6777
12580
8143
6166
8105
13994
2851
10163
12713
16018
8405
2618
8117
5916
516
15034
13861
7125
2489
1286
15622
1118
3691
3492
6507
3907
8379
8251
3329
2622
7299
8680
2342
10626
6302
123
13528
4815
9001
6545
5255
1835
6488
10003
896
14647
10690
15315
7533
14522
1211
4645
7176
4816
14487
2290
14022
12707
9730
13397
15683
4313
1675
5137
13479
1365
8150
14263
8661
4833
8885
9830
4509
2478
1503
13168
12216
274
5001
3888
2002
12327
15071
11337
3364
8316
11478
8582
3127
6908
16223
7599
4555
13972
7512
1245
8979
5842
3951
3516
11084
1338
5626
12963
15922
15733
14008
2596
4494
3391
6026
5934
9365
1954
12809
5022
1177
5485
1070
15952
11817
15114
9947
4263
9876
8397
4154
9473
9447
9270
1320
545
3894
4077
16160
1208
3860
5121
7436
14518
6421
9403
6987
6779
11114
5524
11823
7723
12792
10385
10758
8710
11564
10806
144
12342
11825
2291
15643
346
3455
5185
15887
10945
8683
13335
7788
7380
12742
6920
3103
11642
15540
6530
3316
6102
8291
5020
11123
4213
3119
4020
7921
9692
8748
12921
5079
2881
1488
840
12600
15886
7519
1088
3672
3966
13946
11848
6157
7399
14360
4303
10241
5528
16251
10919
1101
12077
6640
1677
8312
16154
2234
3226
15278
7511
12665
11196
9047
4240
2092
8322
7826
4472
8841
14160
11216
11181
10290
1864
11605
9261
4035
11524
9866
12745
595
14831
3695
2693
9291
11316
5231
5896
14382
2189
3094
6852
814
15342
15502
13240
7018
11399
2823
4350
7045
15029
11764
9260
7684
3536
6737
1554
8381
12532
9577
1439
6578
14170
12073
15657
12278
8730
4192
11794
8207
2771
8423
9687
13447
12447
7295
1068
7422
7273
13391
10966
5722
3064
13079
3217
14014
2452
6044
9522
15135
14860
4768
1084
15108
4265
13185
12972
12390
5765
2220
10343
13776
2465
5425
7228
8327
4278
866
11422
14302
13826
2236
9667
9240
1181
14554
6322
3170
11788
10625
5430
2377
15970
14846
11431
15725
8724
12585
3595
13642
13275
1309
2130
7178
6481
15256
6510
16071
14219
12651
414
15768
5073
11230
2986
13003
7958
16338
13647
5611
11664
10598
14066
5377
13842
6914
12358
15329
6116
16207
9405
6437
8056
5962
13855
2200
11807
4322
13918
6726
2413
7492
15450
2481
11373
3414
8164
1849
14120
15664
11479
9640
9544
7162
1197
3704
7604
11698
6429
1643
16147
9469
12290
16143
10478
608
3231
9062
5717
532
7569
13043
14711
14276
5592
11260
4390
16210
7308
4828
710
9146
3062
2132
496
6236
6655
15616
640
7580
15244
6825
10503
15308
14058
563
10837
10149
12000
11647
7983
11410
815
3817
2857
15749
16183
5155
4386
5716
4490
1213
9898
14372
9767
14043
8790
6188
574
9662
16004
8907
14701
6885
9642
9970
8558
5414
8426
11128
13546
9829
2544
336
3115
10097
10061
1232
7823
13419
10610
15842
9096
2178
13641
2955
11392
12454
5785
7581
11305
4305
14705
1573
12043
7108
3480
6594
7813
7960
2300
8902
9420
1369
8556
3322
16367
11432
13179
11965
11493
7551
10439
8111
6032
12592
7815
13856
12240
10838
4159
7437
1558
12427
13328
8288
5994
3551
11390
6683
15536
8094
15049
5712
6686
3614
8364
9199
11969
12201
5473
14215
8018
2924
13393
3393
15249
9714
13920
6285
9852
10315
10675
15298
6024
15051
8033
4945
5403
11538
12841
11502
14638
7592
5621
11455
3776
11236
6402
8386
797
5888
4902
11439
11011
11893
14788
8175
15409
10028
15947
15381
12269
6859
6109
6668
12586
7690
9889
14106
6910
6676
11040
15912
12495
9168
6813
8420
1290
12154
6515
7908
5312
11855
9537
2242
14611
11846
7231
13604
15962
3836
15189
1830
8911
15522
6533
3066
2421
1032
13304
5415
11777
776
15787
2364
3049
3097
14979
8093
11968
13522
6040
13575
4986
12867
5822
5832
9912
10620
8219
10588
1655
12316
13958
16124
10893
1504
2666
12931
12254
15905
12252
4144
7484
3057
9689
11322
5688
14329
12584
2579
10903
12392
15492
10848
10146
12724
12638
8692
4508
9371
5361
14094
1937
4364
8756
11475
12467
1448
2836
15283
17
6105
15181
3796
2841
5043
11760
14897
10599
8964
15009
12551
11346
5490
3804
16098
7606
2992
15468
4087
11718
9983
10256
9772
1248
1347
3051
4905
8246
9303
1734
6341
12088
4641
14914
16163
2343
449
3913
3292
15893
3522
9351
5289
2202
1358
15974
6318
6547
4694
11179
15594
9211
3790
5501
6438
348
15495
12279
6388
15662
2039
4304
7395
10749
2855
3608
2997
8734
14208
8938
12960
6158
9368
2424
9834
4047
6335
7714
3213
4676
14583
11026
3277
11242
14574
8157
13189
3263
2395
4300
8378
1893
6365
8196
12688
2560
2887
11352
5839
1227
14584
5565
4473
10446
9035
14057
5092
9233
7101
14087
3525
1244
10542
13743
3964
5190
6562
15297
12022
11568
1821
10880
10851
10930
6123
5988
5580
11020
3634
8305
2065
5744
11528
8616
10550
10227
8029
381
11854
6362
13872
14164
9926
1940
9935
9212
1422
4583
12563
6091
12437
1569
11942
15606
14785
15873
977
3346
10032
1474
13793
9362
2867
3298
5967
7314
12489
11717
12764
10823
4311
5953
12795
9298
1970
12068
2873
2293
1929
14470
10124
11939
3235
3794
16375
16304
11607
12779
7689
1223
12031
7440
16254
13325
6193
16270
9066
593
9924
9504
7759
15314
9904
8481
4068
1120
15620
2577
937
2527
11169
10434
6049
589
15854
1366
3190
302
15259
14250
3706
14805
12380
12326
5262
16197
5469
9744
10057
15228
7008
13392
11471
4433
13198
7537
12246
9616
15157
13993
7720
2657
10509
12891
4148
9815
7871
3667
7420
4756
15008
15437
1103
12654
7285
6385
15705
2098
3918
10410
8699
8134
14818
1471
3238
12803
8085
5215
14670
1386
13990
13223
11122
5857
2095
6312
9727
10516
15023
4788
10399
12884
4365
12167
6816
7772
8569
14579
10685
2908
8287
1149
5364
2060
16092
3698
823
9190
7396
14830
7860
12
2170
363
4387
13688
15123
16195
3587
2025
12608
780
13008
7112
3685
15802
15951
15356
9702
1887
15274
14357
8263
14703
12538
4613
3325
11891
5091
6945
2228
3380
13070
7964
15094
3114
12731
8280
15751
14146
3332
11587
210
16322
4868
8669
3812
1212
8870
13521
2394
1597
2461
7385
10555
15024
3499
15373
12753
10964
8334
2520
1565
6392
1514
16090
16114
5016
11487
15402
11577
12971
1629
14928
2402
13374
2690
1613
6647
9519
12719
13881
2052
9532
11611
15343
1176
5045
15321
803
8149
15417
9313
5575
13763
3521
15565
3671
5880
4890
876
15614
9621
13307
298
2842
12218
7081
12272
8088
6110
3955
12038
6177
13579
5326
10914
9378
1447
6661
5594
870
12718
883
3737
3664
2641
3893
11150
392
13656
9591
5504
8915
14733
15464
6282
7281
5201
15971
9023
15896
10587
6153
14883
8785
105
15270
14443
13007
4142
15385
10012
5220
14824
1012
8802
6651
2056
6994
2567
10923
3556
8936
7693
9902
10407
15706
11053
4086
8567
12788
13061
987
3638
9817
4354
6359
7225
9856
6401
8369
5724
5164
14484
4008
14713
1694
403
8102
2687
430
6733
9556
2795
6586
263
11091
3300
531
5310
12649
14832
9309
5899
5582
11695
12202
13548
8400
15987
6877
12179
4066
2974
9477
4513
15498
1335
5105
15025
6658
8562
7981
13787
7302
8545
15182
15916
10703
2188
14550
10441
15556
6154
11533
14909
14153
4071
11492
7771
4367
1563
1580
13256
15176
9901
5972
9706
1981
11046
15260
5796
7119
12078
4204
1701
1337
12486
2548
3887
1799
14261
13890
14398
8933
14435
3475
65
6503
7203
8009
16119
15690
15702
4399
333
11719
14452
10622
9021
7094
12539
4958
9169
5005
1829
6462
8813
9389
6543
8194
7613
12485
11558
15863
10200
15198
8854
4721
14339
14797
9906
11211
9458
15459
10150
13218
14642
6638
13196
14504
15068
519
6490
2923
2749
1939
440
8296
5339
15857
12382
13094
6005
10123
14936
4401
12175
1807
12072
8233
15072
11873
16219
4495
4150
12103
9660
10673
10108
1883
8949
16065
1532
1183
3272
352
14514
5551
787
9701
13732
12169
3343
14997
13904
1042
4567
15740
1865
160
2827
1672
14034
709
13725
4693
9281
15625
11701
4396
8652
3243
11450
7141
6496
10779
4867
