9137
5072
12768
3368
9380
14596
12645
12382
1007
5536
10252
885
13747
1710
14748
10905
13991
10186
4234
14149
2310
7458
5760
9576
2540
558
5430
5831
9117
6753
14830
10952
3848
6347
13625
10679
3150
11581
9293
15954
7348
4850
8738
6353
7593
7437
12656
3631
10910
7321
14312
3892
786
2824
12286
15275
915
6376
7600
13531
5170
4367
15180
5290
15237
749
8390
14740
12682
766
3004
6526
4991
2062
5893
16144
11801
3532
9107
6268
12497
1606
5886
13682
11751
10269
5471
555
8098
8520
14831
13118
3294
2026
4721
5771
2814
12718
11306
11586
9263
14350
4032
15318
4561
674
7354
6922
9876
10942
13120
15870
7746
15774
14887
8482
10586
10451
6241
16229
15041
1317
9192
11100
14247
13536
1100
2080
16353
9411
13983
12465
5382
7236
10654
6555
10357
6828
11888
13674
9396
4147
13913
14327
9803
777
16051
13776
6943
13632
14064
10681
10834
15936
10256
4227
8645
6860
8851
2460
6057
3834
12297
9007
12428
6560
7531
13344
9976
11243
14898
13965
6982
3170
5791
6284
15949
12101
15226
15416
15225
14277
10990
1057
12552
5782
15240
5257
13112
331
2334
13735
1976
12203
10817
8033
4762
5390
6368
7586
11682
15744
5683
14994
13967
13875
9206
15121
15056
14747
5921
12305
12873
15118
15235
9963
6484
168
1403
15049
2002
9185
1141
11140
7466
6620
6568
11523
4531
13481
14055
13027
7779
2726
2033
612
14295
4964
11632
13286
1505
1565
3522
8349
5013
3504
13865
1936
8560
1394
1066
10583
1939
3040
5400
5678
5614
4087
8360
4400
7351
6847
5899
5565
5181
9459
1900
3627
1756
12369
15138
4092
10894
6087
2143
9623
2459
2984
12126
7855
16252
12313
11406
3968
4305
9472
2551
14474
3957
11376
932
6078
6814
3328
5706
8070
218
1090
10507
7298
754
8875
13947
10094
5376
15332
13874
3853
13629
13465
14967
8594
11221
14363
5164
6390
14588
15741
6214
9300
5243
7122
5124
15453
6072
14667
11429
8794
3733
8833
6682
2179
12448
5806
10783
3844
10196
12407
6722
9945
717
7319
14401
14122
2328
13921
10832
15343
7671
732
13982
12673
5849
1879
14470
16068
9215
4710
10532
11752
7998
12581
16018
7639
2064
13398
5292
5239
4748
11790
4599
986
6572
2225
2765
12029
3549
16034
13132
8516
5525
14555
13017
11381
1146
15933
4669
678
2538
4444
15562
12414
13867
13078
3244
15999
7300
6031
9509
14454
6801
1083
14780
15111
6401
3041
576
3640
462
8089
11535
716
417
13420
9943
1004
1854
15348
13021
3926
10530
14855
9151
13696
2053
11904
8141
1940
653
13931
3852
6906
15162
510
9619
3899
9303
223
9088
14527
6921
6788
6290
1699
6383
13684
3281
5185
857
7100
801
7650
3674
4477
15593
10425
5932
3407
14603
15980
9851
10710
1778
13961
15181
12734
2438
3590
7976
16294
4318
10378
10704
19
8474
11829
9585
7952
11351
15812
2300
2589
14929
6427
11861
6758
6174
12659
11219
1523
10027
1744
3884
11991
3184
10082
9255
10377
5035
4763
3179
10607
2556
4854
2816
15674
3349
4198
11289
1381
11081
13917
4191
5795
4647
9191
3485
14291
1491
13729
1402
5552
11038
8169
12828
12246
3142
210
549
1727
8548
8767
5885
7432
2152
9620
7489
252
45
1457
8534
5638
3969
9783
59
8430
16351
14099
11286
3022
1162
10218
14606
9225
6651
1189
206
12489
4048
12186
10071
3696
164
13545
5862
6083
979
8496
8936
9922
4430
12745
3054
12278
10381
11019
12604
13138
12877
14904
3200
7818
14001
13018
3915
10520
10620
6794
6009
8290
3413
9152
3962
9166
2445
9942
16011
752
3948
15928
8171
859
6242
6604
13321
12320
6858
16368
7569
11547
2753
13683
13856
121
3687
4213
1676
10632
1723
7440
12441
11220
16336
3857
7223
15039
9241
10048
8768
11603
6277
1533
10921
6461
5743
7388
13186
7079
12933
13486
11662
4942
2354
8101
1109
11627
150
7521
8157
13380
682
10822
9464
14586
15368
11838
965
6486
21
14622
11542
5347
13143
4396
3775
7476
4137
15244
12765
277
3155
3822
11293
13400
6584
4915
15757
8387
15190
14655
2618
11633
14109
14240
15382
11614
6789
14782
5183
3382
2462
2101
13307
12697
3922
6440
7530
16143
9220
15847
5977
8142
3098
13338
1509
2642
12802
16282
12638
12781
14729
7812
7350
2461
132
8364
6043
8064
10724
12307
10341
8160
6398
4706
2444
3424
6130
3720
11388
8408
4978
14013
297
7357
12992
2625
11088
1504
3966
11022
14759
10202
12370
4528
9538
8871
13106
1383
2078
11767
3015
10058
878
15230
12026
15184
16302
6236
4667
2810
14982
1183
10810
3678
6768
9545
6931
7991
11296
10231
15023
8628
5222
4135
13675
10486
7422
12916
4714
14869
9979
2112
2888
13057
3596
16142
15582
11711
4023
15559
11074
966
5069
5961
7225
13768
6203
3477
13161
10775
7620
9861
12577
12092
9267
9096
5407
13664
3975
5307
4037
8815
13427
13628
7842
11170
1450
15708
856
3840
2550
9762
6866
10973
8500
15058
14999
5034
12513
8773
6908
5554
5142
12356
3361
14390
10828
11391
11485
3713
6111
11186
1292
10139
4482
11630
9134
6425
6348
12727
8916
14950
7156
3272
2221
13922
1506
2874
3099
7444
9608
9624
14443
6647
15009
13007
6424
14368
2382
12808
8332
14578
821
1065
3972
14472
13834
506
9404
10883
1140
5653
1054
13981
16165
4381
9891
4577
15978
5479
11822
9936
15479
1192
1783
10395
11815
11372
12691
5348
9964
1211
959
7123
7239
2926
7248
697
9617
15843
9177
5534
5463
4824
14020
9259
7438
1766
2670
771
5150
1570
15212
8620
4645
2612
8699
16291
12967
3238
8008
6287
4751
9429
12548
11946
9261
14890
13583
2520
13061
8237
6603
13131
385
10125
15227
10490
11451
9900
8662
13368
6910
3659
5448
2758
12899
15126
9001
8225
7305
13952
4397
9930
1508
1820
11310
9160
4166
8706
2793
9240
8938
3229
9359
13417
8234
8974
7540
12529
15522
14735
9527
13574
9338
12649
10565
1870
5145
14174
6515
16344
5004
15642
9016
11997
3555
1719
3803
12732
7308
11985
7377
10797
11377
10522
8327
1608
3856
15544
4139
14564
9533
7960
3441
10114
9548
15167
7871
9447
4934
15631
5604
16077
14084
6911
1182
7228
153
10418
8760
4552
3448
7730
198
15505
1974
3728
6537
1817
2082
983
5080
6769
9489
9695
15993
15951
13630
6267
1702
9797
8031
5444
3429
4663
15063
7547
16095
14197
12672
6918
16104
1754
560
7043
7203
13864
15078
7459
11175
12788
7646
8292
2317
648
10412
15402
12698
12671
13976
5509
4665
7555
12729
761
2108
10084
11454
15254
10661
10478
15990
15258
14619
15686
5229
6487
12110
2714
9955
13168
2978
793
14378
8587
14920
4913
10373
802
4254
1028
3735
1200
14248
14254
14707
3027
44
5738
4938
5959
14504
14881
322
5312
4011
12894
11204
6408
10343
5603
14054
514
5126
1248
31
5883
1695
12374
1044
8442
937
2952
7853
1539
15297
2837
14672
7179
8459
607
14530
4808
4389
8113
1023
13381
5895
13822
8802
9932
5366
4910
2623
3769
1164
10731
12867
88
14257
8461
815
11788
215
13410
10293
13984
13705
6034
7701
12594
6735
11058
6990
2368
8068
12387
251
8957
327
14921
9934
7096
5067
13767
3257
16151
7627
6544
15427
11493
738
3781
15415
8042
11059
2791
5022
14410
9055
2771
11965
7022
2426
3778
5922
13385
260
3701
1689
15755
1040
2147
15294
15474
8039
6779
1544
6352
10096
7944
108
7352
12782
10021
9923
9536
13959
15525
11382
11839
609
3999
12616
9579
8763
15163
7745
8156
14463
8703
6822
14301
7289
341
8025
14017
9012
4447
5090
16325
2945
14922
1776
5481
10211
6863
2392
3859
10621
2702
628
7360
12752
7169
11148
9271
1757
8184
5115
3795
4270
6317
14088
1132
1058
8521
1680
10290
1801
1351
1243
378
8085
7454
2073
13786
6683
15183
13066
12810
11562
15545
12929
12779
14633
1711
13163
5550
4909
684
2421
7202
1989
4662
2799
12182
12279
5317
5777
9607
1361
3739
1286
8376
6022
15143
14375
1628
11421
14024
3689
1654
7545
11561
15841
269
8788
7711
13845
10249
13430
3502
9673
48
11785
14096
9304
7852
6139
14877
6614
122
1635
12039
15396
10732
5872
6332
5262
10674
9769
1337
3632
7928
3148
7472
1690
8306
11761
70
2344
12928
5586
4133
1264
7132
2466
14384
3253
180
5510
1609
5925
9868
2549
7759
6953
5204
3201
14411
14121
11064
1847
15675
9974
7766
7445
10673
7725
201
12771
11600
1691
15087
11695
10647
15066
13279
10753
9232
16211
6608
710
797
7118
8425
14025
8515
8913
10835
11906
9326
6422
585
11663
14902
1359
2717
13331
11641
448
9227
14609
4049
16239
3685
11927
15783
4172
14666
11992
1118
15981
10771
15821
4810
4501
6841
15464
13989
5904
1819
8647
4848
16317
9860
8032
8071
8569
4852
14935
10156
4451
4050
15685
597
5809
12592
10492
8161
13826
1257
1797
2942
3447
12017
15910
11084
5232
7989
12019
6185
973
7385
2066
16062
605
5144
6015
1227
3014
11899
6349
14086
5195
14612
2712
4704
6482
4452
9494
9921
11320
16145
10152
3186
14692
5223
14319
9402
10631
15490
2074
8473
8188
16154
13395
14987
15186
8428
3033
5698
12046
16134
15105
11206
6064
2850
7829
7822
8712
14164
6324
12608
8190
1216
2584
11799
8670
2057
12162
2498
5889
365
10115
8808
6925
16090
8323
6687
16382
1129
9248
2150
5452
5122
6967
10234
4189
2132
1799
13239
9514
7870
10740
3112
10727
10372
900
15716
10642
10088
7556
13475
6966
4250
11540
4653
7026
3232
100
4689
8481
6898
14189
997
10818
16332
1991
13509
5643
14129
8122
13180
12473
14732
8247
15964
15714
12595
16101
7280
3531
5515
4722
10493
7266
12655
12343
14569
2690
5098
5933
10414
15688
2030
3550
2182
4656
5988
15298
8635
13441
14823
1607
10261
3960
15249
5436
3788
2732
9322
3412
14204
12429
7755
14052
11816
15403
11054
9691
12280
9786
4906
353
14905
8040
9172
7039
2881
4617
9323
1917
3330
13302
8115
3307
1239
8293
4431
7638
6781
7511
4522
1158
1312
5099
2659
10505
14822
7255
8504
8528
369
2006
6429
5621
10730
10523
7677
6093
9170
15007
4518
1640
5341
4370
7854
6304
13564
3298
13582
5573
2027
335
13930
14628
14670
5692
12233
11390
11574
1781
9700
9849
7883
14824
8440
13330
8384
15780
4153
6354
2492
12494
15901
9883
14912
8555
12834
14379
7590
1177
8842
5064
15311
5532
2604
13900
11401
15711
4093
3847
5746
483
9049
8928
8191
6099
3706
1117
11265
12578
2451
9065
13488
15425
15835
4120
8303
1059
12798
5530
2903
8918
14874
10677
7382
1134
2377
11733
12603
8807
15231
5103
12083
540
7560
12501
4572
6700
14400
11823
1919
12291
3252
12981
1947
8065
10837
3643
687
4334
10814
9038
1493
5427
5533
15929
1518
13431
12621
8255
12206
9638
8055
133
14065
3641
834
5088
8024
11687
3151
16285
14544
12917
11720
1707
4115
5120
8745
2508
575
1627
3359
5373
3497
6725
15658
2322
14795
9519
13170
8559
5609
14499
12516
14806
3259
7112
8022
2524
5278
13218
8278
3145
1254
2680
12814
4987
1780
14213
3628
4911
9848
10080
2285
16110
8532
15591
12574
15381
12422
2842
3823
1975
11052
16169
15648
9487
1678
11621
10195
15228
10692
10191
6296
9014
5244
14424
12350
9652
16197
16275
15060
4593
13500
16096
12411
10140
12650
15825
6282
11271
3654
15829
15333
10966
12607
15215
5412
4868
4158
14590
1772
6851
4359
5913
13518
12747
6438
1145
14177
10050
10712
2009
3301
6329
2100
15133
13463
14414
16214
9642
11172
8252
646
8285
2596
13903
16078
9367
13274
12908
8362
6239
14926
3827
5428
9101
10589
15528
667
6489
13190
3919
8522
4907
16235
4633
10371
6339
6797
1061
7541
12822
14816
5342
15483
12037
3588
12247
9091
4469
13462
6677
1273
2214
15027
15570
14031
14821
11290
8054
5660
4864
3176
2477
15166
5493
6645
4833
11852
12406
8770
7965
14077
8464
8174
13022
2325
2161
10514
16376
9246
10318
8708
6720
15615
6371
6907
2828
8588
15848
3946
14007
9418
12956
1856
6842
6012
13140
7803
3085
13355
14880
2685
6775
5174
10852
14158
9697
4101
13386
9975
4265
15261
4855
9939
11576
11430
5704
9787
12150
4407
3428
9822
11618
14517
14684
15013
14535
11258
14322
15538
10525
3260
13250
7539
15627
3404
8016
7327
7839
8627
1171
7085
12774
8484
5113
14680
13349
2853
2671
10437
9073
10159
4997
3152
6341
690
9580
6118
9254
8158
4001
8590
16160
14709
12510
14954
3577
11907
6986
8269
47
11261
7503
3057
8342
14723
1646
8992
13495
13203
9333
11881
13411
3425
15598
90
10200
14891
7082
5133
15836
3589
15818
422
15814
5537
10272
11275
2175
13778
2372
5275
9644
2570
9745
3443
6175
16012
12960
12043
7956
15778
10494
10055
4136
1853
12190
3525
12783
11577
8843
13605
15364
13298
14477
12630
15931
13543
9383
3673
12351
5019
9378
1031
5246
3553
5612
8772
15906
10148
6671
14751
9559
9210
14106
11691
3172
10124
8724
2022
13584
14303
12700
12535
12812
16041
4095
9370
9802
6378
9208
11688
10212
11704
12696
1931
6444
177
10301
1927
11719
13407
2982
7477
3242
11639
3747
5840
2204
2626
4631
1830
13553
1233
1818
13197
3797
9026
16273
4201
13341
14988
15290
10587
15236
14567
15174
7770
11744
2689
5007
4243
7175
6937
12196
14184
4229
12687
4144
4302
5180
404
1352
4187
10032
3536
12254
8838
10364
15214
13876
12047
8467
15191
10682
3325
15082
5152
12160
9669
1752
3408
2218
13466
12018
4360
184
14428
5865
5018
15798
9960
15376
8939
9480
13479
3661
9723
14127
15079
11569
13343
1732
10516
5759
14431
4794
5571
16247
12886
13842
7240
4929
13671
10453
7453
13828
8351
12898
8777
14365
3938
1663
16121
1003
956
14198
5928
10924
4289
14970
13397
14862
7670
13649
14561
14432
2829
12015
9565
2380
4644
12442
5284
13721
10978
6744
7844
12457
3108
1920
1908
7155
10953
1071
6320
7031
8148
8634
9224
6397
13055
135
9600
2217
3131
5334
1390
1540
3705
2005
6640
10741
5711
6048
10637
127
12708
14224
3868
5207
3124
3087
8123
4879
12418
1166
5694
4185
2502
7148
8356
464
3616
13510
11365
5464
7796
2248
5717
14925
2946
9590
12753
7641
13727
10273
4570
14770
82
13453
2808
3021
1832
5868
15020
861
3446
12796
12909
5758
10696
14493
10560
2505
11319
3517
6971
4495
7648
16025
12139
4812
6868
1224
12256
1806
11837
5747
8266
7237
6384
15128
11149
14739
16015
7157
16267
6248
4052
10470
9659
15424
4009
15571
9061
1885
11386
10857
1152
4303
12515
13099
7832
15378
16072
9758
9604
9959
484
6793
9715
6650
11444
5402
8526
3821
2743
1579
14334
12895
3080
10862
7260
1387
7817
15864
7028
4504
9280
7987
8181
2419
10961
7662
4760
1829
3379
9387
15727
11378
3451
2924
62
9257
6146
14648
2275
13889
4729
8475
7506
6817
16075
14557
12553
8952
10735
11716
12684
12579
8576
2131
4111
13783
5415
8295
15044
11873
15014
2456
7810
9249
6091
6518
3371
10255
10549
5271
9653
13613
2591
794
1599
14963
60
4313
15430
6280
9207
4366
13988
10765
1384
8828
12416
10270
8221
6027
8541
1995
5273
13383
11025
14175
1643
7484
5458
10784
9892
14407
970
3137
4249
15976
9991
1338
15280
7966
13151
11325
7194
15171
9574
12825
14079
7992
2435
4019
2105
4730
12632
12016
15573
12241
6310
11128
3384
452
8138
4244
12399
11348
13208
7563
2396
2283
13232
1568
13026
15250
6454
14107
16116
5364
5784
4387
1462
15542
12136
8318
11037
16293
5956
8457
14076
3414
8132
1943
8897
6350
9586
139
12907
6406
14100
7076
11531
14485
14763
16188
1768
7442
9176
9780
4029
9405
12129
8694
10049
12211
11057
4453
4096
1101
14771
15550
15142
11300
4867
14030
6621
1859
15581
13581
9774
1949
7739
5744
2922
6400
1848
6761
3791
237
10944
4262
16106
9584
1108
5421
8231
3114
5695
2718
6059
3120
5812
3861
15911
10980
11174
16203
6562
2043
12475
5439
11714
15147
1287
5803
1299
823
1510
6517
2039
2891
11333
9364
11674
4857
7632
3873
10300
3790
4606
3053
1520
15278
6470
12009
643
83
11199
9992
1545
9013
10718
13324
10843
8604
478
12145
2555
11708
7932
4754
2866
13806
855
13050
4937
6141
7985
12056
1165
14757
962
16060
13171
1903
5527
7052
11563
11607
9665
13023
12325
626
10063
1866
5521
6554
15867
13071
3140
573
4831
11387
15353
1325
11782
663
11
12559
305
16363
1563
6994
10987
13525
15869
15339
12466
4142
13512
12997
12486
13521
3563
14377
11078
13513
2086
10402
11890
14943
7115
14355
7091
1785
9070
14773
2282
10285
14896
7798
9361
14053
15484
7141
12685
3796
6534
2262
10095
7133
16306
1745
10065
4537
13158
1374
9276
125
12443
2603
382
13948
6453
2509
11846
4883
8195
16367
8363
12124
12707
13147
1480
9739
10842
2821
3539
3398
7335
3890
14201
7361
12633
4503
16067
4716
2729
14156
14223
5125
11212
10324
8537
13588
15594
12156
14139
1442
3770
888
13396
12602
15803
9222
10845
15328
5127
12661
12339
10121
1027
13068
13117
3337
4084
166
2681
5646
10667
8567
14676
8677
10335
15678
15988
97
542
10955
13626
5240
2760
3276
15792
6246
3646
9386
421
2594
14534
3703
5813
16355
3365
3843
4898
5311
1279
9633
3130
9002
3388
6392
2503
8599
10238
11467
13342
6704
6100
5206
9733
9843
4207
721
6103
12541
13689
2015
4219
2936
14984
16237
883
5578
7450
13592
4731
876
5426
8395
14523
15637
8960
1485
13963
3649
13146
15312
11657
12817
4995
10630
15689
174
902
13258
8291
13502
13813
392
3396
526
16181
2826
12084
13888
10092
290
14775
8692
8617
6081
11998
10808
11532
8212
12271
705
364
8727
6850
3035
10187
4276
11555
4597
15566
4286
15506
16040
13547
14356
5699
1873
14261
13570
3064
9128
10866
1236
3208
14721
7517
2479
8483
1638
9043
6122
7899
12610
6308
14861
1365
7427
5581
15232
119
5406
4691
11866
6837
9089
14793
5891
7644
1440
2763
6574
491
10221
4923
14886
340
13072
1948
5470
12566
12615
5147
5595
11572
15921
10349
1137
5808
13388
4718
13255
15937
2857
13116
2947
15704
4591
1812
10596
14661
4307
12214
14136
15916
12348
10240
11541
11456
9660
16185
3278
13503
6878
3695
12627
3039
9894
11252
7127
2512
8213
5468
12099
6469
6930
4069
7917
1712
917
7251
15323
11694
1280
5645
13281
4017
3133
4499
14241
348
7728
407
6973
4614
5193
11579
6385
2658
4733
1185
4885
7788
11893
15246
4362
3912
8286
1470
14953
15273
4209
5200
14451
2649
10223
7015
645
2167
13777
9610
398
8947
15576
11693
1472
15761
624
7877
10950
6791
11092
5834
8005
12087
13919
1458
8340
15447
10033
5011
3730
6876
7349
543
8283
5814
14233
15192
10971
15456
13716
13666
11400
9375
3185
1728
4301
13962
14951
11740
13779
469
2206
4811
15868
368
1382
3073
11988
12863
12236
16228
14856
1624
226
4112
1601
8038
11077
157
6662
941
11065
825
3427
3220
7566
13148
10461
7417
11122
12
13185
6182
9525
11755
8381
8229
15781
13497
14034
12915
1250
6970
11522
13594
12219
2281
5514
11474
8058
3893
12628
15223
15477
13909
655
2293
8668
13374
12622
15059
14190
7047
10584
11753
1263
6684
6669
3636
15417
13894
14571
6708
6257
6237
12982
4085
7613
1446
12667
13363
12683
4603
2482
14960
10899
4899
7366
5752
16319
8176
14347
3991
10969
2920
4316
2762
2737
11291
3584
3540
414
2688
15233
1698
3333
312
11249
12312
302
5345
9917
11863
13807
16327
16288
10319
15974
15523
4177
6724
9907
10762
10311
922
8380
9377
2692
16231
13188
11448
8308
9053
2779
9119
9641
2539
13327
4350
683
8333
9005
9817
11959
10838
7380
11449
16204
11015
6382
3981
16300
257
279
12617
12447
1122
774
11413
9287
15497
5639
2547
2379
14352
10813
9966
12013
3813
9022
7195
134
545
4779
12025
6403
995
15306
7340
16254
580
379
8088
9102
960
11276
3306
2316
13261
9408
7863
8719
10405
8178
7161
10085
5945
8905
2331
3111
9349
8277
12664
10258
7543
3402
7447
9093
12386
16342
11941
12104
16006
4205
13945
8580
2575
13540
3652
2491
11653
14294
2565
1063
116
11226
5611
4288
11979
4051
13622
10914
11459
8914
15320
8313
7780
12468
4214
2222
10889
4070
16084
2747
12496
5294
8243
2878
320
7694
13173
12882
3392
3081
4181
10456
3495
1953
12036
1706
5270
5763
15209
3157
7365
4680
152
7911
15011
1959
5802
14719
5378
14919
15865
3814
13393
1367
5010
8
736
4344
16311
8608
11196
11114
3951
1160
15539
16297
4479
9640
4210
7606
317
14300
7760
8873
3977
16002
16174
7947
16357
13741
7209
2488
4215
7030
5106
14533
6874
12502
914
13079
10066
10150
6529
11106
352
1986
1412
8357
10354
15657
13723
5279
8136
6936
1295
12290
6018
13908
16362
10644
4887
7410
8529
9971
16318
16374
9779
9153
6836
12283
3136
14776
13415
6321
12643
14556
15157
13288
5172
12744
12328
1648
15991
9915
5520
3984
6790
5713
2511
8502
5783
13329
366
11472
6726
7774
9406
851
473
1413
3295
4481
3792
14271
12585
2433
2748
15369
531
467
10087
15100
15700
7356
13966
9832
4872
1923
5291
2510
842
5038
6119
12790
13825
785
5065
6523
5690
15740
7391
7742
9713
12678
7081
15787
15719
6472
6824
2652
6387
6252
7893
15340
12710
6358
1569
225
1341
8774
13437
12713
11107
16221
7423
13375
957
11332
15963
5733
13667
6899
14009
1862
2613
7504
8354
4461
534
6948
3965
3529
8370
14818
10083
14185
12947
5651
10788
4261
6140
6210
8074
13164
1809
16074
494
15408
9933
5003
13780
14351
8131
9760
2314
2164
13957
7346
10242
15850
694
9631
2056
13177
416
9749
1899
11993
11715
15488
12681
14440
3101
1188
10815
11072
5300
354
14711
6667
4780
4727
903
14476
4324
5305
831
2935
837
13993
3044
8744
7857
15431
13096
676
13593
357
559
3714
2034
4493
5602
2410
2201
6479
11277
15647
12229
2877
2308
2259
14885
9203
1502
1645
7986
16088
6188
14305
15609
425
8476
15575
6086
4079
11655
15595
6977
1838
10072
3851
6826
840
13598
15800
2153
11035
5360
11466
1694
4646
1366
10165
2632
13192
4342
9836
15012
3725
12816
7019
14191
2010
1970
12463
955
15185
15935
11743
9068
6540
2452
14345
16334
11396
7764
8084
8582
10250
11108
481
12111
11854
7614
12940
7961
3051
3401
6106
13318
16139
6381
13457
10688
2261
10649
3434
11237
1993
993
16058
12231
5283
7941
2858
2770
14452
8226
833
10880
8618
748
9272
9658
1452
13280
9789
4595
3156
2473
2521
6796
9094
2429
11435
13542
896
14182
15854
5362
1721
11628
14731
13094
14686
1722
16212
15886
4545
12063
3679
8753
12764
2956
10222
8920
1620
15440
427
3129
16292
5934
8924
15679
13043
2776
5684
7056
2029
7559
905
8400
16312
6207
8145
8235
11530
10634
1465
858
4042
15913
15096
7483
9850
15086
3100
16120
10146
11976
13596
11159
5109
9479
6913
3534
15943
7405
9352
13275
7078
13603
12723
15449
4988
581
5816
3838
10031
5829
8933
5233
2085
10831
4936
6490
16379
15646
1659
5241
5054
219
9334
14289
2576
15446
12394
14512
7370
12547
6871
7737
11870
14059
16119
7823
15373
5419
12983
5936
7131
4222
6557
1229
1828
14568
2983
9688
4281
9236
6538
8585
7174
10548
14492
13871
13770
2785
15797
15509
11509
10537
5179
4075
11158
14911
3116
14613
5753
9320
3593
8146
4300
12461
10703
5322
6978
5397
9062
14860
8143
9161
7880
2643
12651
2036
466
14168
12876
3561
6873
1396
9228
7481
8304
4963
1013
5535
9465
10701
1674
9728
7769
12666
13793
15200
5234
2497
10446
14797
3753
3353
11935
186
10925
6607
11516
12478
2212
12488
991
4502
13193
5898
5083
4546
11371
4126
12116
10475
9223
1386
6014
12902
13454
11595
4113
14103
14491
2735
15354
440
5541
8761
7207
472
12543
10291
2585
5508
3586
778
15973
10536
9682
14605
4008
10538
9199
12636
3225
5984
1967
413
4950
14510
12035
8978
7439
6821
7902
12308
12949
11877
4221
12775
5365
6464
11479
7124
5786
4893
12060
12573
2294
3032
10598
7894
15512
6626
9000
5691
11506
8495
1558
8431
15531
1551
13230
1268
2733
13290
4690
1042
740
11355
3423
10488
5673
9265
5368
7024
243
6038
387
10481
8456
12359
7089
12202
13085
1408
4658
4869
10276
14641
2703
15033
7316
14339
6459
12163
7661
7876
10030
13663
3620
1447
343
7698
7925
15051
8784
13960
11112
4524
1603
10167
2035
2647
10723
11004
3759
14993
2800
13045
12071
11446
15423
699
6721
6301
12962
3779
16008
9392
6458
5780
16339
7922
12091
12146
10892
7443
8713
15638
8326
755
4319
11225
5830
13688
40
412
12584
4849
12833
10479
7700
8661
8135
14884
6566
10970
3505
800
2698
6184
10859
14382
16383
5186
3816
12575
4986
10506
15387
15693
3456
12758
4154
9714
644
14166
14473
1685
2453
9182
10719
5551
15801
4576
16049
8870
14430
2939
13932
5851
358
15124
10576
12458
1226
5046
6313
4757
11836
8688
13877
12137
4768
1941
15422
9330
13514
5869
7362
13191
11536
10759
3262
13372
11171
13401
10062
8445
77
6319
13743
12038
7493
7833
1725
11214
9884
13527
15517
3603
13829
15589
10120
8825
7257
13627
15377
1591
3474
14022
10329
2130
5081
10601
14903
7706
1267
9283
13440
14102
963
394
10466
1290
7570
12901
10713
15072
15855
14256
6498
14335
7732
307
1534
5169
9554
13235
1489
14358
14279
11550
5951
3188
12859
71
2706
3585
7792
3006
4947
6693
3634
14051
6609
11637
24
1069
1503
3138
46
6245
10134
5735
2472
4168
5489
8705
12175
10958
3917
9675
13719
2449
10792
13276
7553
15154
318
16335
6849
11427
9365
5982
1557
4274
13650
9571
15070
12686
11701
11962
4548
15404
10986
5503
7806
9670
13585
13219
13941
11126
4420
10875
11284
6391
928
10388
3675
12066
13538
12619
11346
5993
2908
6367
10827
14045
4686
15208
5221
3167
3879
8388
11385
10780
15004
8610
9060
13838
16137
8453
16097
191
16347
2011
3914
14688
11165
8281
10499
6712
296
148
3097
6366
8841
7426
13293
10292
1439
7431
14359
8624
5845
10440
3513
6283
13846
8248
3762
4819
16059
10136
1217
6834
5960
11560
1230
7105
2601
3147
5647
16052
13686
13422
325
7797
569
3927
9958
5359
12106
13364
4735
5467
10960
4351
2439
3400
15553
6295
12844
11841
9761
14617
11073
14060
15643
2807
7647
5631
10207
8663
1321
763
5259
92
7901
14548
13314
4385
7933
5918
1731
15476
10567
4285
512
13927
11631
14118
7585
2989
15668
2070
15302
15687
12209
3958
8596
11248
6710
436
12201
429
15110
4543
5969
15054
5045
8330
4086
6278
11880
13836
15151
6418
3545
4450
4702
635
10107
12642
12897
15255
7821
4815
7067
7727
7428
6271
1245
13524
10605
8530
3697
5815
16109
15104
15587
11215
703
12424
2711
14450
15300
588
4881
13577
12906
11302
10002
1479
13176
14068
5042
13361
1475
10306
7062
13618
6047
7339
11847
13557
3461
10333
16175
3758
14852
15917
13595
14342
1174
978
16250
10887
13533
5361
11283
6176
16337
9147
1202
13092
14267
5742
562
1795
2764
15179
7799
7250
7962
7757
12120
11986
14258
4673
2893
8066
15492
7756
14611
9458
10070
14965
5811
13311
2205
15629
12020
15392
8659
7814
6838
16193
10517
3776
9569
11612
12569
14730
9531
603
2127
12503
14032
13642
9770
13790
1896
6630
15926
1423
12102
199
8359
8311
6783
13878
947
7807
15331
8595
2200
5504
13990
669
1594
15165
1615
3768
1320
15511
8547
13809
9442
10448
5838
14916
10785
5765
3290
8061
9690
13392
6549
5297
4724
577
7150
516
1331
8037
5327
12749
8035
3841
4026
15367
3480
14200
4090
12512
2795
1937
13749
14777
345
1715
12452
15282
423
8709
1747
9776
3372
12689
6212
15050
3901
1585
9149
4536
3908
4565
15454
7873
12361
5482
12912
15099
12807
4232
16035
3079
161
15074
15048
15639
7617
16276
15536
5009
4441
4251
8173
51
942
6597
9425
7011
15875
5440
2749
5253
14402
12531
12335
6228
11508
4150
7591
3889
13499
12891
8747
9350
6857
11330
9813
8096
7680
9772
15117
1996
14012
1407
14132
3644
2627
7185
15705
6416
1755
14137
15426
15791
6148
854
15134
14215
1815
7913
10591
6125
3048
15410
9928
6443
9146
5820
5681
6243
10982
128
8267
15919
15540
8346
9973
16299
10917
7402
11270
11061
3473
4777
9916
16258
5280
2474
7012
13041
10045
2663
15692
7256
9116
145
11169
15986
9889
4238
14550
8462
7582
16071
3193
16218
12864
15450
870
13340
8215
2716
1463
9634
12096
211
16039
2723
6663
6483
910
14265
2564
16085
14332
14549
14288
9613
10355
10836
4713
2450
9709
12922
14986
12920
14138
4578
12334
5237
11218
9998
13144
843
9692
5914
8892
12500
6405
13073
2190
3825
2628
3299
9407
7656
6105
14272
12724
10239
8741
6995
9497
11598
7061
9452
3567
5462
1444
3323
2675
3059
1378
4513
9366
6061
13154
4024
15670
15264
2848
1370
6864
1395
9568
10773
9872
278
13624
9064
14807
15496
10768
5165
8728
11996
1276
13345
7145
6556
5708
4437
13657
12226
13994
8192
6844
4758
6840
3606
4920
1942
1334
6113
5644
8785
3664
8795
8937
7143
15176
8611
16010
11781
9074
9578
9535
15257
14631
14081
16324
11857
4474
13264
14153
8230
5451
165
12717
12301
9831
9279
3741
7579
5409
8015
7217
692
13010
12795
9082
14968
1356
14058
3937
8676
3143
6686
15656
15729
16213
14062
1339
1519
5756
3266
13272
11646
8238
10915
15604
5349
9926
8011
14057
15329
8337
1176
65
8792
13569
1068
7676
9833
7968
8910
12797
14585
8602
15895
5461
3247
4356
11926
7878
11006
12050
9799
4457
8857
1314
5788
11464
5626
5326
4596
9573
10452
15097
3698
12587
10627
6648
9664
16003
5453
561
13406
10370
5073
2087
8105
5560
15621
10941
15967
7479
15527
2501
10330
2123
6485
14519
9931
2163
7926
2258
13763
11521
2679
13943
10225
6802
13812
11312
5418
3980
5261
7958
11982
3635
1014
3288
12856
6460
4914
9741
12676
10264
9778
9258
8310
9190
10286
11739
10182
15428
6316
12544
4486
3478
3964
1397
12839
8027
3269
2194
4873
8410
12937
13459
1247
11046
13313
3329
16179
12521
8700
6956
14403
13646
3514
2822
10564
4549
3350
4875
1112
10375
10129
1571
10902
8904
14131
8715
13869
3435
4643
8183
1884
1047
7184
11003
420
4888
9122
12668
11490
9719
4252
14462
7114
5677
14148
11403
7120
15279
16063
14372
2938
5655
15548
7815
2930
16256
3061
14675
9680
5031
4535
5792
10666
976
2809
14660
12220
12481
9004
4741
14227
4723
493
15498
6809
10839
4277
14928
1032
11568
1650
5641
2243
8782
5282
13047
11726
12165
13322
4715
9268
12460
15758
1751
13172
12455
2713
1612
15080
1096
2916
15094
12392
1655
3230
3289
16369
14531
1114
12366
1232
2838
9332
5884
3726
5974
14396
9421
9890
10802
1115
3556
16037
14105
2775
9816
3832
4840
7044
10580
527
7610
8164
8821
10007
1928
15443
11777
790
11335
3358
2756
11110
8466
13530
1333
13316
9815
7535
3083
1580
3219
6901
5949
10347
11027
15358
11553
7004
3587
6225
508
4527
5952
14448
4237
9840
14607
7916
5775
13801
12493
9052
8125
13336
13754
9384
6255
4972
8383
1522
15375
3463
5318
3169
16117
7227
6152
16222
1997
3332
9455
9171
9138
11324
12451
1471
4059
9321
4044
7892
8494
13107
2561
1782
8284
11900
7046
68
3582
8402
12397
9614
5948
3011
12133
2860
14212
363
15073
2906
5466
2330
7505
6678
5030
14514
13301
1012
11103
104
12425
3018
13717
5449
13097
15503
3560
6892
99
6875
16338
8345
10313
5395
9962
4114
498
2158
4119
909
4068
11859
7994
8764
12057
14516
167
16271
9663
2884
367
7567
14120
10878
8155
13792
13728
15493
11234
242
5709
894
5676
9307
12803
8850
3422
1874
7898
8355
8097
10102
12665
4145
5702
2102
15940
10502
5737
9187
12261
8765
9910
11824
10360
3716
4809
10137
1765
7859
16361
3824
2914
13713
2546
8563
6163
14802
2961
12304
7689
806
10040
5979
12395
16196
4574
15083
406
6628
14176
1064
13432
3086
3992
5975
1373
7263
13098
3352
13149
7734
4061
2696
3254
3845
8007
8262
16263
7276
9099
11831
5425
13142
8535
2849
14323
11763
9953
4785
10742
4983
7848
2434
9865
16161
4507
15293
8150
13008
9502
4853
8507
13435
15461
5538
9508
5267
12530
6261
7003
7170
4202
13955
15516
11771
11471
4844
9358
8553
16255
15385
3196
10144
5915
10669
2084
11813
13228
3341
3472
4030
15718
5396
2665
12299
13529
8990
14196
5082
7072
3378
918
11956
12644
11634
14101
9347
10359
4771
5672
1072
4687
3777
3748
5201
16284
15863
8147
6765
10332
1235
4894
2937
14768
4571
4143
4410
3444
13818
10870
6524
595
10504
16131
7667
7299
12970
11949
1098
7323
5620
4526
6618
2060
14946
10546
15487
2048
7109
8274
13391
2887
11124
2423
4949
15407
10868
14161
332
10476
11885
886
4131
8533
6208
13205
7626
4354
6612
6719
11492
6445
15006
15296
7573
6465
14171
7467
10720
13924
10151
5544
10496
4613
9510
2788
6082
2786
13511
13498
6351
11070
390
5854
2350
3559
15827
6748
4550
6286
13042
11089
2025
2704
6999
12831
7982
15712
7581
2637
7659
2991
14435
8511
3645
6181
7974
16044
9444
14457
2787
7789
5286
895
7872
4282
1596
9615
1005
12044
1530
2633
12735
7374
13637
118
3343
12590
12408
5215
14286
15789
13312
10977
13032
9605
15857
5079
4655
9277
8391
15352
13668
10599
6872
9331
5177
10185
4782
247
1309
8045
11144
4459
5724
203
336
6771
9829
11672
5518
15838
4890
4123
9337
10416
5999
10056
10855
6149
11969
14429
5981
14172
3921
12784
15152
15620
7937
15141
10984
13744
12652
11994
2943
1308
2761
14293
12292
8993
15207
11724
9296
16177
4743
1062
782
14695
4664
7597
6375
826
4028
4346
9564
14160
11020
9542
12776
15759
11463
10433
9736
5640
3354
11119
6583
2375
8704
7687
238
2021
6703
16094
5385
13692
7507
4323
14889
8106
2083
9306
8637
5006
8197
7312
15555
15289
2909
14203
7847
11878
5209
9811
15636
4517
6959
8856
15842
5719
3214
12045
13273
9867
14471
15568
517
15811
12134
4629
8082
7315
7201
12576
8216
12450
5383
5800
15091
9008
10399
1049
1021
15500
4916
5289
756
2641
9035
9727
14422
15201
2755
15357
3988
702
7918
12245
3056
11913
4058
4164
9689
3630
8636
15360
1477
321
14159
9483
8621
15391
11200
4696
16378
3870
9164
15455
13925
10467
10037
13831
2516
443
14111
10572
16224
6823
3146
9103
156
7329
10298
8686
9015
10307
4961
8797
222
1742
2948
9737
9308
1223
8315
6666
12762
16298
11697
9899
1630
6811
7283
4720
4688
4582
4411
8477
11652
3162
3658
5908
4500
7381
1850
5332
4423
15466
9204
9862
2120
598
124
7166
14228
3303
5287
5505
81
8365
7604
8412
3464
1758
13737
2687
10752
651
3023
14931
13247
2882
4278
109
8557
3489
14991
2170
15770
14733
7741
2468
10122
2427
13853
8698
12030
6254
3104
11944
5636
5352
12635
6881
12495
105
9083
10995
5866
9656
10315
10232
10539
5734
14311
3095
11062
13104
36
1128
2463
7215
4639
9194
6596
1872
7279
3487
1038
3047
4828
16289
1807
616
6832
15472
12903
12821
10366
15019
3810
13640
11402
2759
12761
8917
10853
4628
6219
11832
15644
3710
5697
13371
3767
14070
13165
13733
10178
14270
3221
12980
10983
13199
8406
743
12646
7623
8796
10610
11567
10253
12419
5314
12623
4484
11780
15695
1901
4764
1552
7688
14071
6895
10454
13567
4917
14217
7522
3159
11940
6054
8921
12767
2725
5615
12517
3979
3391
6327
11024
2950
5576
11539
9881
8455
11828
6094
8926
4383
9951
7528
5242
2371
4365
4940
2801
7684
14383
5143
7210
14087
8732
8272
7058
10943
14653
2336
9592
13535
11675
11770
15028
6859
14532
3144
11142
1964
11259
8949
2880
10147
5630
4463
10473
11443
9898
0
1500
12159
13004
250
11152
12277
5930
4884
13847
6988
5230
5227
6346
359
1466
10386
14930
2999
3490
809
29
13328
7752
5826
6056
12540
2370
11545
550
5942
10658
8200
6220
2345
14157
14659
1237
15021
7418
6259
9211
7018
9278
9221
11093
4046
15840
972
4525
11835
964
10501
5354
14859
1589
5173
5096
9721
5954
8809
11594
5686
6861
12972
15846
10093
10570
3265
8334
15303
9481
13473
9694
9360
7685
3869
1092
1800
3722
15047
15288
10039
6235
2020
16083
5002
3439
5563
15717
14996
5478
1761
12319
7367
13346
12338
884
14063
11615
1467
5016
9381
12346
10777
1688
9705
5549
13873
15485
7446
15763
3055
10699
14090
12653
11920
3492
563
9133
4327
11383
280
6134
15952
2813
8080
14376
618
7051
13402
4116
2790
848
14235
291
2079
7934
2280
14040
14664
5484
14465
2823
7342
1905
523
3815
5667
2292
4162
12176
5445
15856
572
6813
11094
13093
10259
6116
11315
6702
418
1078
11321
13130
7542
11154
8222
4169
15557
3609
2818
5136
11121
7518
12528
15148
9625
7595
9775
388
11707
3749
1297
998
9154
5260
15205
13893
8982
6120
8806
6279
7655
308
9077
15742
12000
15958
9686
2031
10091
4671
6171
5086
602
2977
13905
7358
13964
9555
8829
2185
15194
4033
12952
14094
14095
12295
261
12966
16149
2160
2581
15319
13501
14490
8775
4832
5822
7909
8930
12479
11207
4473
1203
6073
12996
10881
4082
9397
3667
12242
15025
13287
611
10938
11929
3910
8690
992
12757
2424
13129
3110
7010
3248
15767
14761
4031
13469
16365
14028
6714
5041
8219
7497
5847
6033
14749
15890
12709
7529
9340
14552
7035
2981
14910
2571
14642
10180
8869
12396
13798
12264
5008
1310
4012
6266
8110
9006
6695
2324
11760
15103
9716
3976
8898
3623
12181
15871
11648
7014
4466
2590
10164
9722
8036
13379
2242
8077
15085
7625
14635
4138
12352
722
11791
5567
11939
6997
7508
4926
13821
12368
10825
12340
11864
7702
3409
5625
2272
2394
15828
381
8584
2912
15932
1060
2504
6954
7704
12508
16129
11295
8718
11651
13399
5696
6044
6508
13187
12341
8102
9577
14393
4117
9066
4322
3013
525
12626
8353
11117
3672
4834
229
13742
12789
8882
9139
4791
409
16380
13866
495
9718
1127
15723
8865
3547
5056
5963
6357
2886
9912
14985
12117
15650
5429
15977
4635
1845
1855
13907
2812
2602
16226
7066
11411
3160
11585
2783
9989
7213
6003
12850
14370
15042
7474
5068
2184
1335
13244
9809
7523
13841
9839
15795
8394
6493
613
15824
7653
5299
2915
10916
11362
1527
1017
14726
16029
6756
919
10749
12978
5051
15563
3305
14873
9291
11364
6323
14715
3043
13986
1994
1556
7805
9995
12195
591
8126
503
6689
12680
592
6505
3092
12074
10557
4151
3798
8299
347
30
11486
6010
3445
7996
9484
13048
7286
13412
5842
5967
640
596
8379
2059
3345
2106
938
4838
11705
8081
16168
9401
11354
12114
8435
11301
15923
3694
1045
7921
11202
5858
4953
6766
11894
2208
7060
2925
3500
7729
15362
16066
12040
15037
9341
10937
15556
4904
14669
9746
11272
3183
8903
5066
6632
1882
15984
14572
14811
5994
5665
10988
1531
3983
1675
9557
14236
5166
9830
1891
15102
7578
11217
5836
3471
13541
839
511
14150
3621
4564
1720
13890
4253
4089
14654
623
9412
10562
1717
4622
11915
10577
8076
5380
55
4827
14340
1878
1020
16316
6374
5685
12423
6715
7059
14959
6197
15720
13284
779
11040
6664
15946
9046
8421
11787
14074
5628
1831
13058
1371
217
4818
13528
8518
3190
5191
2622
6815
5263
349
15435
7320
3126
2966
11583
151
11095
7678
10161
5741
11703
2662
5433
14909
15055
14021
4074
13236
11819
3932
9550
12829
1642
9754
7318
14195
3998
2315
10450
15089
2745
10356
15308
6551
2046
935
3933
8002
3871
8339
8883
4296
14867
1186
12224
15374
11702
6654
5873
14056
3738
6767
7664
1036
10396
11604
11475
11068
11625
8209
8660
15728
1336
5855
3236
7938
6804
4766
2965
4698
7307
16069
6701
74
660
6335
7027
3122
3880
8941
551
5599
7383
1260
16050
7882
15469
2333
14419
901
4491
3818
13854
7324
5635
625
10283
1437
2238
10171
16307
4266
11629
16091
14313
13080
15809
15521
8489
11146
15405
3783
6474
14981
12365
11231
16210
6251
3012
9534
2177
4935
7607
13940
5329
1703
12363
11370
15310
14736
8095
7959
7393
10474
6805
6467
13974
652
10613
13758
8343
631
6049
10393
15543
13899
9873
1667
6431
1212
5499
7782
11036
6957
12791
5015
14489
13487
2841
3591
12722
15513
6413
1672
13483
8090
8536
10295
7253
1736
11616
14899
13824
15380
12991
3431
14781
14274
10076
4693
8578
13815
10133
13732
6200
1634
5542
658
6306
601
4109
15788
9316
3405
606
141
10668
14405
350
12054
1492
8103
11076
7924
1278
13551
1946
7102
14595
9575
11797
439
13517
2269
13366
4465
11903
3677
3939
860
2731
13537
8389
3755
7460
11495
13141
4558
13309
2661
4948
15861
1015
9463
6463
10376
6496
15149
7825
5422
3258
12007
6227
14906
16114
15785
2297
6311
6521
9069
1963
3348
10531
235
4310
15442
6622
3224
14209
5789
4627
3465
661
10284
720
1759
12663
13124
6934
16261
7314
11580
10128
319
13995
6437
12298
14154
14693
3246
4402
11424
11343
4657
8309
7599
14216
4347
11044
891
3973
14238
10268
5892
15109
8722
13266
15309
9325
1658
10860
8861
2241
2216
9552
6128
11947
10964
5199
2007
9985
11575
12005
6877
2624
11198
14681
9351
14933
7395
14832
11002
3940
14220
10409
3542
3509
7464
14511
3263
712
12225
5414
15005
5650
7886
1219
5033
8648
13126
12094
850
8296
11533
1222
13414
9244
14506
8855
12296
11972
2919
2267
8438
11886
15551
3255
16265
12426
13781
6293
1319
15164
14700
7411
9821
4681
12904
6270
3745
11167
4703
1762
6880
10455
15899
7836
2286
5712
10616
12944
8847
5600
8289
16207
4156
12804
1142
3961
8613
1441
14000
13795
11656
16140
9492
7471
15891
2609
2400
871
1926
7331
1348
15384
15816
4489
7583
15934
5306
15529
15872
9597
14466
9132
5339
4388
7722
178
9842
7306
15210
16032
9980
12252
6051
10697
11193
13139
11528
12123
3052
2374
403
9129
12519
7113
7408
5772
13992
14857
13978
8233
10918
15772
1593
2224
8498
4845
4841
16073
9193
10003
12824
1484
9451
8664
5398
14722
1929
11185
4585
2273
3618
8813
7492
7514
10869
10160
463
4315
10166
9475
15743
14901
7334
15421
13566
9250
16100
11426
9474
7232
10447
4038
7208
12438
12194
13184
5393
6649
3986
2480
11710
4682
2976
1326
496
15610
6063
1718
828
15619
7007
5175
8696
6187
15032
10391
11758
8199
8232
10138
2955
5277
11398
695
15188
13439
11389
2533
9856
15220
13697
6193
9672
6394
8166
10912
10387
13787
7532
8568
12596
5158
9097
15175
1753
5198
3970
4413
4954
11340
6362
2159
16153
13240
405
14563
15569
10010
13973
12522
6223
1277
14306
6760
2094
10705
4649
2326
10585
2148
6110
9750
798
10760
14870
2478
2490
4773
7008
15851
14420
8358
2307
1614
8249
987
15389
15337
2744
708
7658
15608
10413
16266
4247
13100
11871
15515
6476
12011
4099
4
16198
7317
6751
14346
16304
12208
4002
11153
7552
2525
12890
7337
627
9260
13421
7500
12333
479
1537
14318
3488
12854
9671
12375
8877
11431
14140
14989
16036
12948
5860
13830
12055
13387
9112
15883
8427
15982
14398
1204
5220
974
4705
15216
2343
7840
15905
8415
7865
3374
13221
7513
3411
11517
8264
12773
875
3367
8963
6344
15135
16305
14264
14789
9471
15222
2608
13750
16056
13693
7949
13827
10123
8433
4391
214
10739
11017
9178
3896
4487
8322
3334
15043
14146
610
12385
13035
8896
285
2832
1683
3454
14344
6893
15098
6058
10267
1453
14483
4159
11784
6646
9595
8771
15475
11494
10748
6543
6694
9473
520
1084
7070
3626
15281
8361
11958
5266
15081
16199
14697
13816
2678
2542
10594
4506
11830
14023
4922
8239
5160
1130
10774
4895
12006
15747
10778
10226
824
10145
1999
11825
15067
8550
5123
11447
12847
4575
12491
14187
15325
11775
638
1425
11952
10236
4672
10847
11274
12001
1011
6002
6195
566
707
7945
13670
15561
13448
6434
6126
4338
795
8525
1865
9063
14990
7226
4508
3704
7744
8721
13938
3886
1604
9738
11236
4183
3839
3676
1560
9393
14705
7399
892
8240
714
11251
7905
8742
1342
2296
7786
7761
11313
7826
3300
2476
15862
6004
9461
12932
13575
1385
5507
8953
15938
12270
4149
10118
6825
9003
13997
6269
7420
14714
11018
5370
11010
14412
5114
2041
15552
742
12282
2682
3812
4651
6019
1979
5032
5793
8217
12743
13292
8862
355
10790
2347
7509
14787
8961
12931
15782
13289
8152
13814
3863
4173
12170
14649
13044
3508
10745
1030
9010
12323
10736
10708
5358
737
7485
9376
11734
9453
10073
5001
4460
5391
8109
632
3217
14592
539
11498
6230
8510
4648
15574
7524
1741
10672
1401
6433
14526
2672
9546
15616
10206
7950
8542
4974
396
10404
15344
14285
3736
12892
4171
7041
13207
13507
4336
7488
8083
8043
2265
13086
2284
9635
5156
8984
16238
14528
1888
15420
16164
5926
15267
7182
4634
2327
2235
7160
12943
6291
1729
6561
14565
11187
5947
9918
6764
3304
12858
16313
11812
254
3314
3743
10895
9109
11461
9095
11309
15510
7707
11501
3380
10949
4467
6830
16076
3523
10020
15697
7055
11477
13358
15560
6492
14918
2298
14073
1887
8441
10989
3486
10854
13999
9826
13389
6933
1906
2998
6924
3605
6633
2418
10645
9414
6145
528
15665
2531
10535
12022
8469
4802
5937
159
6238
13617
12919
12923
15229
10401
14348
11489
12693
8479
16249
14206
415
14381
14391
14964
3622
7971
6005
7827
12953
664
4498
391
14810
6021
6732
14656
1234
14416
15879
14805
5171
3161
15347
4399
15217
14488
15030
6325
73
11551
7494
989
9019
16246
734
7139
16001
172
14262
1957
14142
14436
13769
15040
13153
16377
6843
5078
9792
16013
7919
