3867
12292
16337
10961
9233
6139
5490
5643
13830
6637
9021
10117
13129
8925
16168
4969
3520
6690
7967
14983
256
6424
13998
6107
6831
14046
12955
10632
8027
4698
13832
6888
3937
1517
15206
15972
5280
11073
2674
3305
8818
13029
12066
4345
9184
11058
12297
13851
1821
10144
5029
15269
16111
11960
8067
5374
95
14894
526
14275
16335
8595
16193
9835
5186
4068
12552
5409
6740
5088
9403
10365
10419
1029
4743
7347
2085
4733
8537
9752
4573
9447
3388
8671
4796
10924
6501
12217
5923
16270
14254
5460
2666
11531
15381
11798
10443
12582
5458
4894
12933
13540
9702
14283
2840
14520
6010
15508
2218
14141
8243
13489
15668
1051
11895
12340
7508
10836
10719
10951
5857
12581
5903
2185
10363
7590
15866
1975
8227
6533
14975
9277
8814
13202
11527
11645
10332
9994
2127
5740
1623
12072
14642
13237
14332
11868
11819
9914
9166
16229
2934
7908
12403
245
10003
14922
4532
7787
4221
5924
7680
3542
13672
4374
12170
15726
10550
12906
7695
1165
5076
773
4851
15690
3724
12201
4009
7767
2235
1351
6091
13768
15878
8335
3079
2405
6235
14182
10019
4806
11167
11076
1087
8569
324
7563
10636
9141
5736
2334
9800
12149
8450
1498
1417
12746
5286
7486
1789
1414
5412
9615
10203
5718
3972
11583
3370
1490
8397
10279
2443
10523
12595
12376
5529
2143
9855
13734
7008
185
859
46
15021
3709
6879
12455
10288
13012
14135
12379
1505
16336
15203
14194
13665
6032
13785
9360
12431
13120
12625
9058
15218
12136
3534
8419
13068
7956
905
239
887
5748
224
16223
12940
14998
12351
6825
7410
9100
12880
1311
9631
453
13
142
11744
7759
14385
66
2255
2736
1952
8709
12324
11863
9641
2075
7539
8
13238
10643
12757
11101
7412
16313
11243
14755
11476
8568
15977
14492
16165
10559
12126
13156
10042
12397
9146
3679
669
8524
4771
15286
1451
12438
11530
289
3144
9670
3951
6771
76
11692
7229
15495
11447
8916
7990
16323
16334
2593
9708
3904
11023
7720
1685
14451
13827
12498
7077
8825
2908
4584
15856
16319
1544
8721
9272
13446
2357
15938
13216
15300
1410
3743
11239
6601
14438
12056
15994
10038
882
9614
5558
9507
15438
10663
14991
2995
2381
1129
4899
2193
15603
1227
14201
9170
8696
9524
9876
7785
268
16130
3701
11436
4553
6484
9945
10764
2310
4859
15916
339
8184
11914
9881
2811
1235
16074
14813
3587
6500
2457
5581
4411
147
13902
11544
2720
9280
4472
11112
6415
14528
2618
8182
15265
13056
702
9267
14203
385
572
4949
6358
11130
1081
9947
1504
4376
13929
4607
10139
7414
8172
14542
8936
858
14179
9208
8991
145
13999
16146
14352
11493
11083
16299
1090
16080
4278
10222
12191
15868
8122
10414
1331
5746
2617
14396
1489
9444
626
5784
6485
6056
6912
16297
1966
3171
12881
11215
9383
7657
3673
1953
10373
12312
10634
14478
7678
4393
4027
6017
11640
6758
10432
13860
11279
14533
16353
5330
12875
1268
13624
9487
3183
6261
9424
14765
1808
7429
3363
475
13176
14653
10118
3802
13787
3167
16302
4600
5916
9132
15505
2216
11199
4710
11158
8271
7735
15036
6104
12150
9210
2044
7697
7844
9335
10688
14237
6143
5089
10217
875
5974
15236
14719
8096
9422
4161
10180
7526
4807
4382
9563
9291
10713
2927
6794
433
15065
14224
15172
8634
7024
2921
5786
11707
2989
4081
6673
15573
15999
1044
3837
2679
3202
3285
11125
3184
2030
10491
7171
1162
12611
12755
14722
8717
706
9851
13082
11773
215
3283
9819
2645
16316
13182
7104
583
9578
13893
1472
2282
3773
12135
7928
9113
8230
9639
7029
11399
7430
1750
14493
8603
7878
12378
7393
1340
3426
11836
2968
6477
1244
9761
7754
13962
8127
3641
946
3494
7152
6304
9940
6326
9122
2352
6184
3008
2391
9456
15104
5042
15391
6320
9385
8841
7734
7557
8640
2459
8332
2444
1926
15251
4661
7949
7607
7726
9107
13255
5971
1907
11562
15852
13909
2770
9667
1130
10936
6764
264
13006
9294
6881
347
2845
13499
7379
16213
15577
16199
465
4639
13359
6141
2453
3543
1934
4231
10544
7909
3060
3808
8031
4906
13478
1144
14711
6828
6922
11963
1914
5705
6273
1426
13538
10661
12514
12299
10285
15735
13844
14725
2401
7905
13262
390
5032
10866
1075
828
8008
11662
8761
1596
3288
14916
7136
1655
3809
3704
5111
5818
12545
7713
12221
12303
15998
9606
940
8312
10669
7178
10181
1600
992
6097
8932
9962
2495
7440
7718
6958
13420
4203
5812
15142
5438
4266
1428
1310
2755
4646
7753
1119
9644
2919
4352
6075
13700
12008
3368
4476
2152
8919
5445
8361
13141
11501
3272
12782
8735
15017
2396
15987
4581
14691
655
5068
8993
1012
5635
2180
10968
11828
1273
362
7666
15831
14625
116
3811
5954
8982
3591
2704
9394
8064
11679
8216
14872
8515
3691
12522
542
3625
7118
15766
11406
8272
4944
7009
7647
7768
10412
12722
6793
9197
13820
7469
6797
14107
89
3637
16038
9611
2422
5059
11723
13669
2862
16379
10166
2011
322
13482
9595
10300
5364
12964
3648
14029
4694
13529
779
771
7010
16085
12471
15816
9745
13992
3707
191
6250
15296
1984
11799
4330
13675
7039
4289
3000
3991
13042
3508
13399
6763
14627
14969
6321
12293
11953
3733
3047
15237
889
2712
12156
4261
2200
11314
10206
7394
2516
5957
10647
1055
16227
6312
5975
139
7307
15677
7770
14660
7708
678
14578
6573
12990
1897
2622
3529
7556
14781
12037
9142
7405
3211
7279
9695
13309
4921
5273
7531
14445
10819
16251
2501
5739
15673
8194
919
15689
1389
8136
4870
14594
10053
7102
647
14439
8412
5684
650
6388
1391
2399
11105
12586
9519
13543
5378
12048
6208
3280
14367
5594
2950
1578
6134
6393
16242
4019
2891
5341
3579
1856
3381
5145
12613
6240
13952
8333
3131
8687
13453
5090
14260
6985
4440
5962
8544
7599
10023
6066
8466
13488
3236
11002
7476
14938
3511
4106
15419
1604
5837
7258
12817
9417
6270
12234
5003
10581
2656
1187
11227
6762
8496
727
4967
6390
599
3660
9924
5550
14227
12604
110
6660
2986
10005
11062
1111
9441
3296
7625
14075
79
1791
9808
2843
10295
13275
7621
2201
8396
15557
11121
2663
12039
6150
10237
14115
13930
15466
9187
10182
3100
14123
10914
10938
15311
13833
16288
9387
14871
3094
125
15168
9001
12461
7549
11122
15969
13897
6842
1640
659
13219
4013
4662
9758
9623
6093
12417
15468
144
8740
11806
14825
6513
6672
703
12560
1256
14251
12843
223
3533
9249
9347
6406
15691
12855
7982
14404
1927
3063
7641
15631
13754
11160
14173
14845
9619
4304
13172
14946
5034
3489
15844
4259
7571
3466
12020
909
15266
1994
7643
14780
3607
9172
8341
7696
1106
4486
13544
4609
13770
4670
14747
9736
7818
10021
5762
7494
11747
548
11609
15533
9378
5353
2509
9359
2385
2861
2182
10179
13240
11585
852
8175
2631
10442
6521
11298
14081
10393
6228
2221
16030
8045
15712
11553
7176
14590
5778
845
14615
6792
12211
11432
7826
6146
13476
11403
5998
8133
15940
13737
13600
10401
5129
7883
7496
16175
3088
10672
9414
13045
12910
4539
13400
8894
14279
4343
1773
12808
226
14555
14985
15190
8326
10543
2409
14140
8155
14796
11737
4722
6880
4523
5741
4568
6869
7074
13554
13753
12064
15398
13447
15240
15150
5758
15492
11752
15102
10453
3126
7603
8856
1239
7418
857
7070
15942
1745
12767
15693
13579
6643
8795
8342
6839
10852
15158
8232
3655
9775
13188
10949
7719
11519
5463
9040
10408
4368
1367
11400
8463
6478
10281
14459
12693
6817
14865
3798
11281
5826
3715
12679
12416
2506
2076
1710
15641
14318
3345
2251
3946
11624
11526
7762
12394
2669
5649
5636
12750
14557
11983
11746
3422
13279
14726
8870
14368
13222
5535
1541
5440
8234
3909
9412
10150
1014
15961
13976
3652
214
9224
13074
1037
10077
2236
6186
13663
11896
15273
11418
9312
1971
14506
6622
10284
7523
8235
8724
14926
15504
6829
15093
14504
15396
8470
1042
2821
303
6697
9643
5737
3820
10530
11991
11631
7497
9717
6620
582
4202
10283
15716
1697
5206
9772
7914
11912
738
15223
14200
6543
839
8241
8089
1744
6688
4958
13086
1520
4861
11088
10440
8559
15201
16026
1365
7487
7030
6247
13440
1104
10186
3164
13873
100
7841
15453
6013
9116
4158
4543
9669
8158
3879
3223
3906
7354
12721
10287
14097
7658
13908
872
8821
9119
9147
3654
6385
11316
14295
12224
8820
7271
5654
8533
15550
14062
13773
8931
15436
2621
7138
3592
8969
3267
3246
3957
151
209
1480
6639
6213
10883
263
11897
7341
2305
8950
716
16081
755
2907
12667
3575
3139
3249
1949
3647
16132
657
8062
1999
12120
14515
12310
8504
421
11096
5656
6111
9365
12255
98
7569
2214
15898
14562
4436
6997
6954
9826
3198
3810
5226
7181
9036
4898
6586
12957
6745
14087
344
14066
8985
5788
14967
2302
923
15523
432
4172
3311
488
2610
9645
2634
8944
15633
12966
8503
10362
16118
5761
15299
6744
8956
695
10399
10476
8323
3720
13413
8440
9173
3213
10690
3050
1597
13291
15319
9356
14104
10806
4561
14931
4082
13345
2721
3041
14291
14282
13427
12849
6548
5058
12263
8793
6598
10040
4162
16051
14476
11604
4473
13495
320
11472
15155
6621
9880
9455
9474
3572
16187
9682
4711
7619
6723
14621
11133
15229
12947
4638
15378
15442
4153
10744
13810
12637
8891
11262
1512
2551
12538
7260
1038
12259
6612
9018
10824
13749
14585
5086
14500
15996
9052
8226
4960
7185
13336
3352
3271
11580
6972
16284
4460
1007
5622
14518
6037
7106
1978
7012
7113
12711
5492
3130
14646
10977
3718
10683
9996
7649
1965
7331
3686
15224
11398
3035
9245
6965
5692
2575
6872
15416
525
15338
1032
535
16283
2607
14601
1200
13537
10033
515
12827
12319
12999
9014
13775
2598
9774
16164
2362
6085
14025
4520
5610
14415
2885
14856
9633
9296
15770
7790
1968
10310
15415
12463
12635
14650
7368
2609
3830
4367
9935
11300
13784
12592
9653
3843
12864
3216
11800
4886
3812
12626
372
317
15719
2750
7340
13791
1587
1701
11543
15141
2520
7175
6427
6870
3435
4317
356
2323
2063
11285
2857
4619
14534
7660
6511
7576
9404
15386
13747
6544
13815
3128
1173
901
15893
2774
12986
8457
15618
8586
7295
13642
6602
15753
4281
1663
3459
903
30
4463
14384
7253
4980
12953
15763
10648
5800
15166
11329
5161
334
12138
5031
1440
6941
6103
8976
1969
6249
9442
5422
9026
14472
8257
8433
3639
4900
14136
5097
3566
13637
13282
8059
6951
11954
10964
13491
13441
1730
5721
4884
8576
2629
1732
12266
3979
9773
6296
12540
4275
422
10500
2764
2498
9755
13911
9084
7475
1026
6956
14759
2973
7701
4501
11157
4728
3086
2118
955
2380
12434
15539
11672
486
11943
1066
6668
8061
12869
9144
11183
6819
1083
7850
4061
9591
12758
2478
6400
8474
7319
1078
6481
3304
2935
5864
9437
10720
4431
11673
10706
14122
6848
7632
2630
6317
14514
10165
12665
2015
1591
514
3174
10740
7243
10008
10992
15208
13971
9106
13087
4750
14547
12902
1611
14839
7318
8726
12564
12707
8774
3729
5355
834
11057
5707
14935
3856
7996
4606
11986
2244
127
2441
7512
3191
8775
7901
13181
5399
9624
4941
4255
8609
5007
16306
2514
4251
1956
1152
16126
9757
2012
9501
11427
4929
1846
16238
437
6274
3071
6788
8849
2658
5304
7051
9817
3746
6279
2456
10242
3448
6525
10074
2951
11278
6266
8602
3049
2837
10239
10175
13744
1551
15565
1170
1998
11383
804
11486
1243
14247
9984
13958
5293
11678
11835
3748
8145
8657
15597
5191
426
13173
14914
14325
13541
14434
4088
1669
7978
6955
2777
15886
7567
14212
7761
7963
15413
13261
3412
11804
8079
10750
3635
10335
3853
8500
1810
4392
14885
2529
4535
10653
10600
13901
5038
15181
11701
14531
7502
11338
14652
8625
3500
9134
4954
13344
13011
11421
3631
6581
10488
11108
5213
1475
12903
14821
10081
12260
12810
2751
13057
12568
2023
2511
2661
1593
7906
5472
7611
2032
3263
14293
14705
12304
10171
8800
4413
6356
14418
1557
11674
13652
7150
6303
3787
4945
7703
1338
7454
16100
7532
7873
1582
10452
7585
11809
7903
9976
2966
13656
1132
6578
4480
24
13070
11658
137
9781
15525
1053
14667
6333
8776
5190
16218
672
10575
1356
15607
4506
11097
16084
9433
7461
10784
3580
1771
810
8164
201
13429
2518
10098
2932
776
1320
12819
10254
1433
10138
7225
134
16066
69
12134
6755
1413
4091
14919
11120
4373
15333
1908
4618
11322
3384
4290
5475
1326
15134
36
351
14527
10863
11597
7984
11178
11833
13551
13130
15494
2716
14911
16310
3778
11712
4579
4169
2123
9698
2997
11905
13051
13072
9638
7918
3255
16205
642
10220
6715
892
1201
3530
12593
9888
6943
14519
14437
2483
1746
1558
12650
4050
3944
2162
3563
4036
7650
2714
3009
11693
11248
5633
1478
13118
14225
57
14234
15917
12607
10652
8464
15548
11435
5559
13053
3333
7400
5747
1721
10905
2169
7160
8295
13290
12443
15085
8134
1871
13643
10557
1306
4562
3621
7664
4732
15221
4704
5159
12993
7802
12678
5528
6373
15613
6635
14824
4671
6012
449
11384
14026
10574
15743
2579
3796
10700
13154
16371
7336
13783
6980
15426
14971
12686
3678
3556
8191
15192
14570
16148
12889
1777
3522
1718
14507
3550
6588
10439
9782
8868
2572
1277
1191
8475
14709
12322
14148
13183
15509
14869
14831
15334
15414
8378
1901
2953
16183
14011
6041
4518
13411
2748
13926
3327
8451
11302
6921
14666
448
15697
1004
4678
10860
8284
7505
4847
14372
1126
13289
713
14145
8435
8685
13389
6807
586
5557
14827
3988
1889
7673
6785
13335
14904
9719
15282
12177
9276
4150
6360
10590
9307
1677
5579
4957
6417
5512
1546
10212
5495
8185
3482
1670
6499
10859
9219
15943
11124
6491
12719
1796
3467
7111
3207
11941
11328
1379
2410
15777
1562
13340
5303
5631
11247
16185
300
3671
9129
14846
503
9778
1424
9686
4716
15876
14952
6710
1673
6065
11899
14864
2371
11368
1682
6072
1543
11015
965
10156
11143
9350
11315
11416
11369
10368
10850
10272
11387
7900
3485
13685
2653
4877
1115
16377
14812
10174
11588
6403
4481
5841
2292
1970
342
10562
12030
4676
12317
12163
14157
5092
2472
8808
12951
11629
4093
8738
13326
869
11978
9943
5214
4052
2322
1049
8411
14057
15983
402
11201
4109
12491
7581
897
8755
11891
14541
427
2247
9973
11695
10649
8319
5601
4365
7226
346
13627
2536
15926
11056
9369
14191
7648
2281
9527
1618
9082
11784
9354
13210
15146
9722
133
5807
11864
11644
3201
8049
3895
16342
3675
9211
5652
3172
3439
3309
8402
2376
6699
11758
15985
11643
8246
15165
2877
2550
12578
13661
12307
1817
15054
9523
15148
10710
15486
7958
11557
7201
13829
12270
5777
4769
4693
12590
8499
11335
13670
13576
15474
5715
7110
12488
16022
13159
11793
6957
15549
15682
9216
6437
7980
8437
6855
10871
8764
11842
15889
8606
11777
10596
8292
3007
15995
14286
10078
847
14059
5210
5641
8753
13134
9189
9926
7636
7452
652
3209
11053
14417
15745
4828
10113
1250
4185
1304
4749
5980
13939
2210
1833
3717
12863
8842
11853
2606
16063
3752
1288
8853
2314
5683
14635
10587
5600
1202
11370
7038
12147
4887
12114
14862
12798
8658
14190
158
9967
2539
6820
5885
376
3065
2963
9426
1775
6392
2172
9858
14913
9934
6961
13198
4188
11791
5836
4826
13046
8607
11654
5731
741
3540
1422
4301
5125
3831
4596
12785
16255
4624
1703
2256
1997
6191
11059
10441
9790
11188
10398
13662
5515
12097
9231
10107
6861
10269
1497
4839
11089
14147
2248
31
7760
221
13459
16256
9237
4160
10545
3692
8023
13532
5500
5615
4017
14892
8431
150
4652
15444
2850
1462
7722
840
15289
12314
13762
6877
15731
10586
8704
7628
1696
12929
8258
2613
7296
331
2209
8947
10343
6210
15592
6838
14649
11107
7292
1482
13596
7808
13603
10112
3382
3929
13570
16147
1291
13298
1799
12963
1613
6731
11463
13774
6021
12213
9508
5415
13292
1788
11337
5456
12561
723
10766
1761
13602
995
871
2066
4591
2484
126
12004
12783
15255
3027
14338
15005
7037
9647
13802
6702
14723
452
4037
1226
2013
10855
10569
15567
12058
12349
9496
8591
15503
14313
13874
5379
15024
5138
15243
1400
5973
8078
9832
4249
9033
11550
9570
11066
4409
13978
1566
12629
5653
11084
4282
14109
8998
10092
12944
12000
13705
16143
4285
4224
7552
10163
15934
11043
8137
8401
3154
15802
11495
6180
797
11689
4696
12643
7159
13126
9331
2832
10088
2577
10828
2062
10447
6960
12991
13047
14235
4713
4283
5140
13751
893
4489
3887
922
12920
7197
8149
9569
5606
16076
13228
12606
12019
15580
8889
13034
904
12132
6905
13653
2915
12484
569
135
16178
9042
4758
11500
12248
11045
14561
15022
12320
7492
9337
5244
7420
8632
12799
172
6256
5079
7312
10742
2373
2253
8699
7066
9241
3259
3638
14223
1269
6202
6450
7228
2766
5166
22
14356
12343
8846
8779
578
2706
11993
14810
619
9225
7369
3622
1411
10515
10076
9035
6023
816
5064
16290
7464
10741
2232
2638
5991
13379
3735
8441
11357
15359
9175
6401
1900
13959
10227
1686
478
8459
15209
15059
9269
3751
8879
1779
3074
10050
2418
14242
3149
9983
6988
13553
10818
10705
9143
8382
5499
8878
15772
2017
821
12347
16197
9862
12042
14397
3908
4252
14677
972
5134
15811
10125
5342
6327
143
8259
4492
4014
153
7259
15231
15500
15862
7054
14795
7164
13125
7550
2036
6591
15248
6344
15589
5049
8531
16339
8759
14934
10480
5790
12942
2694
13234
2366
8845
5847
9985
12771
4987
545
12797
12296
13319
2125
12907
592
10312
10598
13739
12546
7937
5943
8358
1748
7215
2789
14724
13376
1987
1547
9803
7045
14941
14429
11924
11319
10525
8803
9824
6587
11565
2039
1487
14465
11816
4211
13542
4307
8217
7238
14702
11255
15817
13122
99
5163
5173
930
7473
12192
6894
6044
1704
6718
15061
6138
10971
5302
15406
14267
9740
3547
8517
8010
3110
7281
12824
9912
3190
13698
3875
11034
14880
611
6683
8296
3501
2738
222
7530
11374
13877
12961
13114
3996
5648
4735
6367
7629
8805
480
4777
2400
1918
5301
3355
13614
4089
8364
4946
5420
16350
3902
14498
8939
1530
5014
15014
16011
15446
5126
2165
12529
7575
14092
8199
3595
1790
1372
10357
15754
10541
11759
7608
15570
7481
8992
3927
11904
9304
2337
15678
9029
16176
4863
6031
8979
790
15043
5794
