1609
6866
8954
15237
4228
8152
11545
10946
3161
2869
1534
15793
1307
3396
6870
15141
11390
3429
11380
2310
9907
6053
9668
14440
7609
1347
15575
12891
13741
11020
10641
437
1750
16221
879
9961
7688
1877
11437
13632
9669
5998
2236
14164
15152
7579
3637
2166
13397
2782
15812
5689
5160
11308
12756
11259
2473
5331
15134
13094
6505
9436
5880
10835
3094
3470
6291
16189
7101
9804
8435
6466
6407
1530
16022
2809
12453
13311
4388
15768
10991
499
3982
4125
5726
7163
8903
3802
3427
485
541
6552
6897
4389
9978
12582
9929
3182
12903
13336
13142
5151
3991
1586
1447
7017
12257
787
8430
4198
8777
997
9888
9893
9504
7005
4120
3968
13053
1393
6661
13884
9527
14676
929
4930
15665
12864
6072
16030
4199
15657
12904
6847
9900
15502
11481
8145
5255
6099
11580
3188
8059
9523
13812
15938
13578
4806
980
2074
7575
9302
14976
679
14617
12189
6563
9348
5333
14565
9858
3475
5158
13257
4189
10510
4130
9551
5914
3707
8729
6250
7137
5219
4337
13814
12902
4383
654
11759
9044
8033
15104
13055
13246
15801
15021
15436
11132
10217
12658
4547
13711
2508
13443
7844
3129
861
10714
14964
3527
8659
11281
5964
12560
2984
10227
12736
7934
13636
10340
2358
3223
7284
10525
1844
9335
1646
5841
14250
1635
13430
13965
5254
8707
8070
5589
6657
6076
7240
11408
11939
9914
11883
9123
15088
1981
1241
15636
1104
14446
13922
15290
14122
5732
6319
10753
6493
10952
2317
10933
5424
4431
15750
1280
9052
2239
2932
6393
11284
12003
5126
1340
8561
15463
12613
776
4064
9231
6693
2126
5950
4591
15451
4944
10995
13989
15600
7107
11235
13917
1125
11041
9788
1661
3803
5643
1533
1059
15988
3494
13027
4289
5068
2806
11802
9875
13060
2127
10903
11398
15268
7487
7705
2961
8190
2151
12591
5906
14786
877
14505
2871
7381
9537
1647
2109
8168
10410
9365
7516
6140
8542
1248
8306
15122
22
11678
4543
8115
5063
8373
15383
13395
14338
13179
9767
2399
5488
2559
16290
13934
8321
5759
5196
5237
9975
7709
8062
2754
12813
5506
16017
8573
6244
11569
15072
2357
7126
14173
13382
9128
1327
4532
8940
3440
10258
16223
1536
14259
3050
14409
9517
8919
6372
14725
4353
9347
10453
13045
15014
11550
12959
5942
8822
13391
7473
12685
5822
12865
9626
7371
7871
3325
11642
6026
5731
10830
14545
11551
11726
10610
5108
4933
6988
3622
5734
8270
745
13319
10533
2626
11465
8499
3676
9515
10437
2707
7253
11351
363
8834
6235
5213
3121
15045
11704
1757
12238
15296
3334
12183
16106
12529
7623
12700
8967
10710
39
13126
1930
8313
3092
7347
11394
6913
5902
11924
2725
9389
6128
15865
7690
5296
5821
5778
9803
436
2622
2784
4395
3557
14673
15201
4179
5896
2897
11227
180
7965
3277
8228
15735
8141
10143
4563
14223
10559
11018
3949
2291
12046
10549
6702
15483
12328
1807
12372
16102
8039
13137
3709
9174
13472
1476
14678
6016
4630
7430
3890
15323
15560
3013
7233
238
407
16145
8635
6582
955
10875
3409
13087
13817
6603
12492
9268
6437
7550
1537
16379
6503
6779
15699
16134
11185
3612
16275
348
3747
46
4587
2727
11435
13488
5054
8114
9663
12158
3065
10034
4639
10420
10937
11234
15324
3217
10904
3489
7545
3021
14298
192
1186
5668
6968
2448
7768
2293
1090
8606
1389
609
345
7683
14130
12108
14590
7941
666
9571
1335
11080
14322
4225
2609
3405
12782
15017
243
4656
11376
6518
14656
8293
16122
5884
378
14031
1046
15076
10588
16138
6741
14970
3083
6375
160
4028
7203
1495
8769
5337
12343
93
14474
2368
5242
4604
15434
9851
9010
4956
14138
6813
12365
14497
9225
15022
14934
12414
5847
8935
12860
12210
9904
6302
9717
2668
15832
5284
8303
1721
9145
6081
94
1794
9559
393
6335
8804
16194
12001
13012
11561
2053
11508
884
14770
2964
15382
1578
114
12975
7116
9938
3203
11254
9131
4536
9505
11938
4578
14766
12100
2306
11047
13005
7467
7878
12671
13705
11810
2267
13111
13990
9706
3075
5681
5399
11239
9048
6855
9130
14251
10707
9103
12513
5328
1516
311
14762
10606
4714
9333
326
2943
1430
7564
12633
13722
723
5903
8860
8304
6589
15160
10125
11044
9381
3738
15630
15975
15038
14175
8229
5367
16002
4925
12114
11974
15714
5119
7777
11143
8121
15424
12593
6540
4529
4542
12044
15842
657
4523
11527
3503
1615
12540
7574
9427
8724
9944
15903
6241
1519
8244
12321
15059
8438
11034
464
14494
3972
12009
13550
15628
12751
13357
7454
11177
1311
894
9288
10643
14158
9444
7866
2330
15897
630
9260
2789
9795
343
10878
12289
9567
10220
9194
11688
5897
8411
1547
12740
5334
12857
5878
10540
624
14178
9195
6756
1004
13611
8590
2598
15344
13587
11853
8497
5779
12622
9229
13725
7532
12080
5886
14891
10051
12045
10860
12432
8350
953
6727
12147
15032
6230
3580
16350
7410
1752
4167
2458
9308
5810
15310
12939
5195
1394
47
636
1509
798
2338
1613
9341
14679
7760
2318
4498
11046
7558
11158
6524
7990
15060
15246
15398
1964
1127
2206
10639
12775
295
15418
11576
3639
13844
8570
13528
1640
1653
13656
14010
8171
4436
853
9078
12993
5069
171
12084
1427
8571
12154
4114
5044
7991
10964
9361
2618
7614
4857
1159
12171
1319
1140
8026
12358
7994
5086
13581
11128
1612
1008
6871
11819
5985
4636
13163
6366
3500
10740
8186
14378
13157
6256
3582
13730
11426
2678
3522
1869
9993
15161
10289
1556
5330
912
3753
12616
14925
11935
9160
278
4975
13155
5775
15955
15523
9223
3980
14082
5657
3040
2303
5495
16373
971
12467
1935
13880
14574
14359
4920
15945
5784
13272
3895
4746
1408
1719
15430
4681
4137
9075
6431
9856
9476
7841
10159
11304
351
9837
6981
8
724
14215
2079
6828
5351
7273
6712
7814
5523
11387
251
12391
15178
12376
4392
96
13859
4261
3869
5876
15844
13771
13850
12475
7958
6534
1121
1596
11706
1971
1184
7143
5076
2716
7120
12295
12288
6048
4303
13848
8125
11141
14759
7445
370
3595
3078
105
7031
2776
4473
10916
13259
14655
15360
12589
5872
1884
15435
5776
4753
8977
8979
11475
15027
4584
11949
7954
11269
902
3574
12974
4433
2173
15626
14411
14376
1204
8783
711
5473
10183
15615
8985
4866
12604
5505
13285
4796
6715
5290
5262
2729
3227
14081
5828
14343
5204
14028
14054
4561
3539
4306
9038
14043
13235
7373
15561
15316
9009
15738
5071
12063
15927
12640
6208
10218
1968
11283
8929
7479
7968
7762
1078
8431
9147
443
7028
14067
13896
9699
952
8065
10313
2328
10142
1735
13565
2648
3318
1374
3981
12194
8991
9647
375
2803
3224
8316
4259
8898
12350
5956
13593
13502
5931
15192
4077
3700
2775
5943
152
16053
9168
11345
6655
13877
2762
10397
1418
6377
9270
3974
1563
10192
15245
2431
15051
13241
11242
11498
7645
2587
2619
10520
5769
6680
5246
4580
5670
13782
15621
1560
12687
6734
8126
9366
6327
16239
3698
7180
9230
12353
16101
11057
2477
15829
10902
5455
6110
10299
14800
1637
9259
1540
14798
5241
1297
6791
13871
11603
1739
15193
2885
15928
14316
1705
13117
13133
3299
1659
1298
6472
12465
8855
15522
3306
3346
13503
4065
3879
4993
12548
11691
15242
3478
3824
14700
11109
2487
10982
3917
7250
5227
12243
5307
8866
13951
2800
10766
4524
7034
8930
8263
16361
4555
8920
7893
12545
4109
2029
15105
10849
10392
15145
3562
16231
11293
13440
11898
15363
11972
2244
2322
4338
3160
14584
8692
10147
2429
1190
13384
8479
5550
13164
6171
16307
12614
1597
10512
4373
5398
5993
15925
9899
9419
12329
14115
4824
13509
6337
5475
9185
11529
4665
570
14672
11918
11013
14300
13527
11743
6976
8890
7601
8668
10124
8793
3847
2680
11322
1218
12992
13268
2064
2764
12644
7659
3699
2264
12407
717
8409
9445
240
1711
1169
4059
293
2700
10033
11258
1153
11855
12915
7053
12576
16206
13469
13592
9884
4124
5319
10557
1988
6399
15443
12999
6405
8211
13100
730
13365
3963
4001
7099
5624
1293
4022
7213
8286
7435
2121
1220
12389
12533
12336
3330
15503
9652
6541
16193
623
177
3243
10842
3361
13079
8122
3581
14113
12173
13362
11858
3174
11191
831
7351
4300
10243
1529
2081
15042
16013
1639
13392
11705
11362
10338
10973
14794
334
6699
14753
11796
15824
54
11115
6831
38
4525
8951
9433
4208
11406
9148
2995
7030
12494
808
3458
1744
4160
14696
5698
2414
4456
1595
5995
11344
4766
9448
16058
12479
1403
15198
8242
9780
9135
15991
1815
14861
14441
10317
10747
11821
9624
15544
12669
5467
3787
15900
7992
7096
14936
9487
2899
7102
1551
4352
8203
14504
4487
13958
11066
7938
6091
8517
13493
4623
10461
613
13481
11050
15478
14205
14736
13849
461
2128
6191
6334
16148
4672
7672
4716
4674
417
9553
13208
7551
1023
3349
2204
3408
852
11847
5849
6902
15185
10371
11240
10646
5891
9653
12958
8155
14887
9149
4606
10562
8974
1351
14929
7779
11279
6328
15612
5458
7301
3614
9338
8667
12490
3779
3372
7922
14616
1590
5844
5572
7202
4158
6595
2529
5173
13193
7522
581
14377
560
11951
14745
3930
1576
4360
9807
13256
11876
8252
6972
5936
10058
12713
618
8551
2760
13169
6632
391
4180
962
13854
3725
12356
1957
775
1513
4928
3254
11912
10758
4257
7396
4322
6476
14601
14784
6160
4
12239
7236
4423
9387
8964
15936
7757
11312
12625
7769
8109
4101
14075
405
582
8816
4333
10310
12286
15740
5952
16258
1896
3140
3214
14831
5955
7066
15848
5838
7379
5922
7819
2083
5494
5130
6367
5564
12761
15238
8352
16184
6305
12428
7658
3432
12040
9294
16001
2247
15818
13960
3105
5081
12571
9241
11649
5718
686
8927
1052
3304
8728
2892
2263
5463
8766
4845
8569
5179
14994
4171
10014
15646
11903
11907
9897
6353
12752
4367
7698
3399
2685
7826
12032
12075
7162
13916
10160
7384
11355
13802
12896
2249
5749
555
12579
15520
15128
6935
8415
6401
10381
10150
6767
15767
10577
9922
11127
12580
5243
3143
8538
12825
12934
12987
4926
1038
7460
13254
1989
7755
9631
13933
2130
12771
13151
4248
9297
7074
2105
9953
4140
12474
7363
7898
14869
11007
15175
4998
5165
13194
13348
352
7821
2352
2798
11196
12201
3810
2002
11197
2259
1271
8359
1693
14382
9390
14385
2778
14136
13661
14193
10499
14372
6917
6697
7914
10845
11789
12477
14896
12836
11431
15582
3356
15974
14732
11010
13198
7993
3755
13910
9124
12741
7524
10541
2320
4955
3208
6963
8914
9982
5222
7644
13562
5513
15356
6946
3452
4917
469
13893
12697
8989
5554
8247
15754
10909
11504
5037
15992
5050
8118
14711
3799
13991
2057
2476
15348
15876
5557
13714
7072
5233
6013
10713
4885
2373
1075
1409
14876
5412
5200
91
15244
8760
10409
9020
2112
15540
13685
8405
12566
9741
9423
1165
5357
14877
3929
13773
13350
755
10191
2504
10619
255
5431
4647
10948
7369
371
10844
15886
3374
7094
12983
4954
9240
9580
13293
4873
4271
14088
5590
994
14512
6381
14639
2606
15799
13495
11937
7179
6787
9739
1810
10288
11968
6533
6225
15044
6089
15661
9398
14120
8082
5041
2449
6445
15631
15995
7567
86
6136
4325
844
176
15220
4450
3996
14330
14069
7642
4003
2302
13870
328
9438
5349
1424
685
9003
2215
5042
14510
11564
16005
2228
9876
11432
8441
14257
4187
1994
10750
5164
8043
8579
4844
8290
6536
11544
12617
506
4242
12497
8873
135
9460
1772
16049
13831
10892
4486
11723
4758
8130
12833
1333
15047
2733
5763
15311
11077
3205
2647
12366
1222
6234
1925
13363
5400
8620
6093
5414
15637
1648
8796
16317
13224
14824
15795
14754
9637
5448
1521
7783
8632
4157
9736
13752
1315
9692
12461
13042
594
6770
4417
6470
13050
4625
8046
15013
9525
8677
9447
9066
9708
4410
2644
7536
11270
10144
6055
15727
5060
13231
2059
4331
2629
1657
12918
4058
15796
15350
12832
9966
13909
4113
7607
868
9596
5979
4396
14692
250
4969
3751
7842
9734
388
8210
7228
12251
8379
1631
10886
10678
6555
8861
14682
3718
5224
9073
5077
2633
11188
11578
1352
8448
4902
14218
10259
9204
2367
16274
13894
9411
14297
1422
1562
11660
12762
2641
12244
12178
8721
5259
13463
8314
3153
4362
13621
11697
6355
939
10655
965
13938
3891
7774
14407
1056
8462
13013
6297
16235
8400
10260
1414
659
11335
12069
6551
3561
15641
11696
15354
816
3497
13000
13867
10045
4609
14012
15899
15250
12489
5823
15031
14292
16012
3377
12195
9503
9468
8483
15315
8143
10364
9206
6065
1232
12646
9812
10481
10017
15294
11352
7843
8511
8432
10117
9958
15515
8291
12293
14416
7109
13032
1720
7122
2284
13924
12124
8025
83
1433
10686
8896
11120
2379
8436
14644
6189
3531
9334
12783
605
16313
5616
2928
4048
1891
5675
8267
1163
10874
11452
15920
3734
16355
10286
10123
1740
12882
2182
11687
10756
10103
11505
12240
1641
6027
14320
12945
9686
1998
10038
4304
11350
13510
14220
8040
15184
12127
12541
1915
10000
6204
6278
11253
15415
5804
5560
12314
11363
7556
174
2427
16254
7721
11756
7056
4945
1806
12142
12459
3218
2108
12163
9538
12150
1239
7303
5072
8489
12176
8575
13875
10609
3919
12554
11851
10274
8416
6690
9850
4620
3541
14843
1449
1845
3170
16318
8853
426
6865
9973
6275
6895
14952
15724
6945
5466
12440
359
1656
11707
8439
6398
7507
10194
13595
7662
2048
6790
4994
14246
11763
15885
15679
7026
5205
11879
13932
336
1638
14986
8642
8198
4528
12192
3004
3771
5982
7949
13913
10872
7440
15789
12703
5373
13068
12155
13847
3486
9974
12130
7129
2552
2157
9501
9766
14306
7582
10712
1188
15095
8995
9625
10967
2467
9313
15861
11571
2761
3472
14335
5377
2747
5393
13929
8863
15895
8380
9046
3479
7282
8032
11816
1166
5326
14025
6921
5626
10598
13620
14920
2709
13354
15210
11812
12333
13438
8288
11651
8907
9049
9585
4326
9286
1348
383
6119
2621
12922
6345
10111
901
10871
2898
10985
3345
3190
2565
3420
12219
956
8524
2837
12651
15511
5571
13881
13399
9219
10947
14607
4405
10030
834
6172
3107
16328
748
1208
479
7882
1902
6163
10834
301
4484
780
1496
12705
8009
15300
8798
535
14084
55
10197
11548
15673
16249
6905
4718
379
10918
14434
3761
1487
2877
5051
6864
15910
15697
2241
14822
12430
6310
11790
6736
7010
2553
10913
5986
14323
13299
13545
7220
6584
14150
6273
7142
1587
12536
4341
3922
3739
5345
1178
650
12526
10957
13003
7258
8588
3302
5277
14366
7562
14112
3368
6117
5058
12863
10096
13097
15889
9594
7807
5085
2445
1084
3512
9227
10700
6849
2653
13167
8177
11058
9085
14432
11314
7671
3425
2850
4207
12188
6802
4168
1979
4686
4698
12281
11198
4554
12531
3772
14878
11635
2118
10917
6107
15475
13317
13645
9263
10539
1809
11785
15439
10050
3766
9156
12385
649
10739
3834
12839
16185
16108
8107
6515
8786
3435
6296
13313
5309
7395
10195
15647
1767
13166
10820
11485
484
9828
1247
673
10043
10460
14579
4688
11881
6567
8737
3312
6145
11663
3066
2586
11535
188
2280
5905
1284
923
11230
1040
9674
881
7313
11301
14466
5099
14841
3010
3785
13931
4977
14827
857
74
7448
8037
917
3884
8604
4657
14740
15594
5690
8042
8714
16056
10907
7737
14615
14693
4700
1321
12020
3841
1686
4996
15568
12965
13473
520
4798
9253
600
2567
4221
5816
489
7523
10369
15329
9190
13575
2591
10681
6414
15666
12732
1895
10498
6805
10199
10267
11331
8495
10402
13743
12242
3421
6038
1960
3171
2614
14109
3150
6796
16024
14569
4247
10671
11286
14557
401
11101
5895
2965
6167
217
6301
8788
165
15729
12004
6428
12851
2994
5474
10175
10114
14146
2519
15555
1074
5403
13267
14380
16247
1171
3119
991
7643
8485
13717
10504
4052
7732
1938
13981
8234
8666
14821
15994
15569
12161
6074
14155
3127
11808
814
4291
5061
6987
10049
5736
10782
2945
422
7441
16023
4412
9396
10611
15981
9330
4000
8818
9673
2962
14604
8289
15949
14971
4839
11271
12551
14167
14694
10935
17
7420
13724
8076
1644
7549
11429
2662
5033
5104
5580
13610
11574
12200
10398
15308
16299
3118
1501
8280
6111
7612
9431
15968
9933
12206
7217
9682
1182
1209
8044
10119
9093
15956
10797
8071
3822
15877
5385
838
1135
1286
8598
14622
14196
14650
12272
14993
8547
8925
7343
9343
6709
6751
4499
6527
2088
10976
13221
1632
4266
10086
15986
2824
8824
4520
7957
2555
2873
12308
3347
475
4991
5127
15619
4595
10829
9945
6858
14969
6340
2051
4145
3710
1603
9824
16243
7356
16260
57
2735
11647
12447
9819
15490
16174
13228
3727
12387
6639
7241
10298
2998
12360
14737
14488
7230
2408
9863
2773
10698
7003
10997
186
12052
13821
12652
6826
11490
15278
5387
5014
14795
15299
3202
6216
164
11570
3210
9006
3355
9001
7378
8559
12609
5808
16264
423
13588
5236
2930
4673
6883
15803
2908
9134
5169
13353
153
6873
14087
7134
11368
1982
6175
1443
5622
1865
6773
10155
863
739
14715
9186
5168
8709
1034
975
13180
10115
12883
1001
6992
4747
2089
10745
11444
13775
5074
14078
7389
3559
11804
12038
12456
5658
4742
4118
9032
13417
13517
498
5959
9074
4503
8939
14226
12790
10544
2977
5418
5248
13686
14608
4170
14856
13338
6822
8078
4817
190
3248
12381
9488
1252
14198
16308
634
5507
1043
127
12553
7292
968
8595
13594
12164
13461
9278
13791
1808
8504
11450
11327
12831
14556
5527
2889
15658
8292
16263
8948
9285
11267
11216
16181
7329
9008
9290
15447
8757
7132
14931
6444
2325
13237
8105
14008
15270
6720
2180
4254
9211
16340
9926
3130
12852
14554
11555
8419
9610
15351
4874
6096
16008
7778
9159
14263
13428
16039
13307
1462
15979
5627
2580
7013
7206
7514
6129
12721
8638
13466
5049
3716
6908
7772
9025
246
850
11655
2176
6818
10514
10235
4501
1421
4295
1488
10819
1548
4026
10060
3908
8844
13898
9700
324
11856
11730
8363
12868
5644
2974
9495
10897
8195
2406
3283
7045
3082
13086
12279
6944
16214
12848
599
895
15675
4923
12057
6835
9604
13309
2251
11506
15650
3468
11787
5498
14838
13067
8412
13071
4715
7649
11965
10089
9615
14895
5021
8200
15002
4281
13389
15347
11190
14636
3228
653
9170
12424
12113
10497
13755
8366
14540
3279
11226
409
14947
13672
13963
13897
11690
10843
1246
11995
7492
7311
12019
9367
15068
13824
12140
5306
5004
9791
6251
15606
12647
6475
7563
347
3687
6397
316
7625
12422
2859
14523
3819
8759
7727
14278
4116
13609
13639
9977
11152
15953
9545
14305
3553
15659
8374
429
3745
8540
8564
8772
1114
7093
11664
11103
11162
7478
3763
12534
6490
7153
7469
1811
11795
12204
12854
8255
3413
12784
13829
10553
6678
10605
1122
15871
4618
11159
932
8376
2012
14187
11339
9894
8845
9566
2599
12375
3230
5146
6526
5793
6635
9932
5530
944
11085
16034
1349
12104
13649
12537
11129
5383
13082
9023
3675
964
2255
6121
12255
15521
13383
3767
13451
13728
6227
6419
467
11252
5112
15195
12395
12146
10925
15101
13009
6329
2702
2102
7128
640
198
2810
15004
11278
15357
5621
8096
9719
6556
131
7489
9608
12035
1438
11733
1388
6255
3241
6949
1825
2767
14955
1273
4713
15159
15455
13891
11931
10062
1214
3229
13952
2566
12926
9821
13500
9210
3117
11223
12605
10693
655
10905
1816
3621
4972
14519
1338
6646
13628
10701
2203
2820
2968
2261
2365
572
6264
1145
2092
65
4915
12657
14624
3324
11073
15065
11658
16236
11182
9054
12946
340
5361
8298
11845
2049
6587
12342
5275
14124
14139
7956
16205
1748
13966
11250
10162
10332
12570
14208
10521
4836
15874
4081
16363
1878
15518
2134
227
15309
2848
5845
14030
7064
10139
16026
16269
2484
1432
1375
14141
3029
14867
15133
11413
6070
102
14755
13462
15514
6323
14326
11685
97
15524
5710
8066
7820
6613
10511
15283
14870
14103
13233
10923
9830
14174
13992
9508
15879
13887
7256
6904
14914
8636
7585
14757
5659
2216
10239
6798
12359
12162
6754
11936
11395
13325
12132
1695
13544
1370
9648
3436
13160
9176
3110
16279
5917
6652
3791
7925
14868
11337
9479
5610
16007
848
14430
11893
2364
922
8899
3760
1508
1132
11002
1301
7007
472
16119
15107
7756
9773
9511
3920
2136
14317
13308
2323
8580
15687
12972
2532
2783
15723
9730
7325
15507
14321
6875
6050
13580
3437
12577
4424
1126
2790
4494
8401
15985
14666
9264
13798
15328
7905
11297
10831
5240
7539
13806
6530
10631
11381
16078
10236
9595
12092
7640
7001
1940
8276
13104
8833
6694
3074
5266
2359
15194
15652
13044
8369
7598
9068
14052
1937
7704
9847
521
5531
5696
12787
2297
7095
1148
12082
7305
6449
6247
1168
11554
1133
7932
1095
4270
6528
4988
11016
13955
1193
9418
14110
3893
13297
15786
14857
8602
13405
31
9089
1099
2983
1901
14529
11150
11637
10817
3657
2356
1363
13054
10001
7161
6436
4878
12015
11393
9414
11140
3505
8665
2430
7788
10736
8694
15541
7442
16266
1958
14268
13029
5308
11945
3292
11999
2926
11215
14778
2233
6298
15410
9787
5401
6025
11095
1538
577
9119
13786
14310
12611
8337
13828
7555
220
12707
6100
10623
3269
8325
6544
1119
15129
53
9642
9033
4670
805
10366
7216
7205
8261
5010
1928
15851
15484
15942
908
9798
10324
15401
9167
7738
9533
5949
4594
12099
339
4765
6971
2273
810
7012
12384
7962
185
12815
8273
15763
10024
11729
12334
3780
14988
1522
10188
115
3625
9845
4089
5854
5697
561
15845
110
8253
2161
6523
11830
9041
8427
13776
14148
9887
14227
6489
6808
6511
1318
9697
3837
9867
5101
4358
2426
15807
502
6500
312
10435
6833
14950
14722
8399
5500
13796
14296
14444
9620
998
166
8433
13499
11934
519
8678
11599
15249
11035
12867
10704
3526
6624
3200
12
8832
16365
14744
6413
12532
14348
1259
8607
2835
4893
12339
15460
3451
11612
12908
2045
14209
13762
6594
744
1835
1328
10206
13048
7355
1358
6786
4344
7339
4442
3173
5258
12826
1009
576
14658
9623
2153
8628
6684
583
10731
10210
49
16140
731
5355
14899
1985
14597
13790
12275
1882
15470
3862
5396
16324
12085
9772
7184
5723
14286
10105
8708
154
466
11447
8541
1360
7073
2140
1899
5705
8630
10232
6090
15106
4193
14809
480
3096
13862
10676
13860
15978
2996
4743
4072
4696
3686
10200
6509
7933
3197
5178
4726
16146
14431
16376
2726
767
4038
12820
6888
448
935
303
13693
10446
1931
11735
12309
5137
2814
16197
12252
4709
6952
9765
12603
10362
5774
9528
828
9831
4697
4759
10214
8854
13774
11111
13108
11725
1589
11404
5709
3231
6994
703
2260
11359
9891
13591
14470
12692
9834
6320
11172
7404
14629
2840
2258
13778
11193
7780
14991
11774
277
12804
14787
9951
9761
10249
4842
15717
2745
3654
14355
15053
12964
830
9136
10600
15587
14614
10894
7548
667
13105
6014
809
12755
4432
8938
10953
2242
11711
12909
4126
7042
15663
8549
628
13284
12061
5887
12773
7896
3885
8725
8915
5646
7237
15884
13999
14944
8486
14341
14719
172
10093
10395
8496
11684
832
11137
7146
8894
9931
9524
9659
9114
6368
530
10290
16055
13314
13598
15643
15320
822
15138
8872
15229
7853
6674
4231
2333
13202
13856
9781
6869
9968
11032
5193
12585
11742
6488
4761
14820
14050
16270
299
6198
11639
3697
7513
1030
495
2887
14503
12228
13046
5516
5598
10589
5840
10376
7830
3730
3369
11518
8264
11245
5688
6596
6115
4788
12527
2268
13081
3833
12436
12935
13019
11534
15216
5253
10663
15469
4267
6713
2388
7319
8232
9823
3941
13149
11280
12989
10118
4292
8301
11160
7464
5476
6182
10723
7231
459
12921
6889
4588
8443
10350
15902
7570
10418
5286
10393
2550
9234
10725
1843
13154
10422
13696
16256
12885
8608
2698
4860
3564
7707
16044
6738
12678
13918
10343
5761
8477
7260
12693
5661
8319
13288
5365
5812
10121
2731
9199
7854
12623
1762
15890
11221
6480
13832
6164
204
10202
3285
3459
14983
7341
6453
2570
9266
11148
11608
544
4386
13676
14092
2708
6426
4298
860
11412
11469
7346
13793
1504
15162
11290
12411
14340
8647
6517
13279
4635
10699
13124
637
684
6628
2795
5272
16267
15705
7195
13668
14221
807
3473
11045
1020
11287
48
3812
4797
12517
7873
2294
15856
3225
497
11703
1289
6984
2193
403
10513
9793
12250
1170
13642
4712
14927
1791
3295
11717
10569
12340
2828
15573
16144
5534
3585
6561
1195
8501
15811
5017
8895
728
788
15306
5727
10122
8585
9382
7970
10067
15702
7158
1649
12254
4875
725
1440
10401
1395
5613
5298
15677
8819
13375
2911
3658
6186
1619
15024
1729
4177
12525
6725
5720
15236
11210
15850
2063
3163
13689
13551
6794
9426
13895
13837
574
8356
6774
4377
373
3278
14811
13484
8457
3613
10179
1852
12464
3962
337
9243
14236
12399
14271
11985
7309
3389
9590
15873
15609
12280
15720
9514
13964
13702
7497
3158
16099
8710
2780
4634
12145
2713
6479
893
10423
10556
2082
7212
12326
5161
3237
5479
372
8514
6463
2496
15074
6583
144
9573
2575
12626
14702
11944
14704
10737
13555
7068
9305
1506
4366
5765
4313
6671
841
11966
13923
1571
6604
13230
16226
1956
452
10580
13742
12516
13344
12659
6416
7505
4287
11753
13418
2704
15825
11484
12655
7851
15167
937
2292
10538
3181
12271
5078
8460
6316
11295
14117
7268
4196
14620
5948
6185
658
7500
11950
6284
9192
7634
15043
12128
10532
5094
11927
694
14904
6006
6641
2531
2030
2018
11844
12469
12878
8742
1987
16124
1655
14649
14016
9394
9097
13401
14670
9478
9378
14633
4894
9267
6890
769
10920
287
5134
8408
15549
11311
15397
14817
306
8701
11543
2957
13558
9051
6272
545
4192
15154
5795
8727
5544
4017
384
10141
7747
15345
4014
11017
9860
14269
6271
15426
3086
15753
4051
12066
4815
6448
4046
10006
8988
2160
11963
15387
13830
1477
9908
764
10300
1607
3912
13116
15427
3360
16136
12543
9704
824
6153
13321
6675
13496
946
15500
7681
4108
11805
11906
1890
8808
12283
9184
15110
2335
7417
10635
7663
14893
6220
15494
10368
2541
9408
12521
15704
1285
12749
6562
3024
8702
9106
5464
12897
3471
14311
6966
6194
14859
11838
16333
6504
15597
5858
12037
10154
10771
6018
13258
1396
842
8092
15146
9548
11846
6636
9080
11526
6630
1840
7419
16003
11675
11577
1437
233
7660
9752
13998
9513
6637
2237
16190
9121
12352
5201
4613
10108
7358
14479
366
11724
1378
9158
13400
2765
15930
12425
12602
5013
1049
12402
1620
13669
6837
12508
6017
14076
5711
13560
129
7062
11601
3660
5962
5751
11581
14204
12656
3108
9151
7606
5733
5155
12858
10592
14898
10560
5904
9776
8996
4103
14066
13242
397
512
5090
400
16240
11074
483
2863
52
10949
12509
7647
7999
11106
16242
5341
2955
12630
949
3120
201
12175
15585
5423
13333
10165
513
14346
15896
3873
13553
1498
11065
3244
13784
6214
13327
2384
7619
9355
494
729
6538
8825
10941
11992
253
510
4347
1654
1675
8371
671
1288
4096
8619
7340
15103
10022
14773
12978
263
3263
13095
9296
7481
1801
13808
11672
1269
5800
6990
918
2870
580
8215
7674
272
14312
9322
11839
5323
11632
10223
7036
9846
7917
11309
4896
540
2596
1710
11156
2087
2786
5999
14960
2111
15399
2811
7485
7079
8237
10182
10390
4465
3842
771
8103
2625
12941
14765
4818
8034
10406
2753
12716
5801
12523
4999
4363
13065
1142
4854
6907
11920
6625
10244
8372
753
4995
12690
6696
947
2952
8235
2115
8821
7330
4732
12936
5971
5430
2535
6052
8613
9832
2054
14299
16171
11762
11189
16125
5984
9535
9582
15187
15868
12060
13846
13729
1368
267
1671
9340
4932
5166
12013
4586
14968
14500
9208
7725
14521
10092
5267
8741
4098
4881
16076
1212
4402
909
7480
8367
14570
15215
3575
6654
5354
7605
12229
14646
15029
10677
6906
9139
13504
2617
15822
1829
1842
1379
9861
15094
6031
6314
3378
10265
8864
15685
7950
5445
1977
1792
13127
8246
8182
7542
12586
7686
8466
15405
11909
2834
16089
11049
14932
10101
8802
4085
633
7316
16315
12932
8225
10
2611
15617
12728
3880
13177
13732
13039
754
15449
5850
14154
6939
15591
4931
10479
11887
15686
7835
9485
15806
8243
6618
7773
6686
6308
8157
13200
13719
2832
825
1416
7483
9728
5490
3084
8077
2607
12995
5699
11829
1151
3913
10109
13335
10279
8309
14267
3794
9440
16153
12451
11367
8209
2602
7666
3387
6352
7326
1601
2464
1700
14854
14905
12874
7033
13339
14990
12024
14972
4986
7196
12098
14723
6024
11456
15067
3838
7386
733
15756
414
14262
10488
15223
6181
2305
8688
11105
10441
10564
6219
8341
11811
14
15258
10222
14751
10888
3952
14591
2434
3351
11836
3260
2361
8583
4296
1662
1897
8028
3750
2075
11848
12750
16075
15307
12325
13908
598
1580
12354
4828
3073
12111
13407
1050
12086
13825
11220
4509
9633
15547
2951
7272
4581
11792
7571
5390
2366
2830
897
4030
3942
4075
6358
5120
3466
14823
4989
8422
7865
7600
5620
8146
8353
10841
13011
13036
16114
12966
15342
12724
3958
12278
12181
13878
13347
10632
5537
12149
5170
5746
6670
10792
4122
3619
8738
9822
760
2000
3109
15231
5885
10304
10566
10669
9721
795
5636
7484
3375
2665
4354
7771
3371
3464
833
7886
4458
6270
6467
7752
2608
5024
16338
8302
8011
15846
9412
12377
1914
14522
8248
15787
5181
14910
6784
11645
9018
1945
8368
7439
2815
15411
8214
13278
7824
357
9360
5176
6011
616
9079
8722
1566
12547
10733
4556
11669
3665
4593
13274
11305
13078
4497
3341
1753
3961
5974
14293
6514
6600
6197
10133
8693
438
3515
645
8698
5433
3988
15148
11734
2980
16381
8493
12048
15917
15742
1300
2348
13332
15813
2282
14344
8233
1881
2283
4238
2315
11668
11231
7344
10801
4962
16014
15394
12053
16304
14812
4087
7211
2793
2679
2407
7597
9629
9632
15151
13978
3863
2221
5614
16104
3667
5649
5444
12088
11265
6830
3496
2412
441
12799
10883
12635
5692
3616
9350
12302
12923
6877
9336
995
8375
10003
1709
6627
15378
11264
16112
3067
14852
3145
741
13855
4722
14902
16128
10354
11770
4507
0
4010
12498
5927
382
7160
3786
3631
10090
898
5192
6941
41
12137
3314
12431
12036
3635
1158
6829
791
5185
11815
12457
626
12786
6965
3336
16180
9179
7937
3136
10009
14443
2829
4097
7308
1836
234
14746
12919
3424
11323
6543
11722
15601
10164
14830
139
11461
9462
2091
4814
3769
16172
6819
356
11307
15332
16073
10858
15036
10728
9577
7971
15790
10749
8262
8685
9015
508
662
1948
9492
3813
7724
10506
7071
439
9481
1621
14462
10847
2465
7655
13207
1120
5110
15960
8192
1861
2062
14276
353
14129
2377
2538
5684
5968
6365
8791
13465
7630
13985
536
7805
7306
7287
6330
15669
3578
8605
32
10352
4318
7488
1085
11244
3331
3608
5717
528
15987
9235
5772
3012
16074
7723
7331
14938
1213
4780
1856
13360
10661
12351
759
16360
3301
12711
4951
3651
8471
5932
15119
12297
6662
15607
9307
9705
8800
712
3342
16232
11112
15472
15156
10407
4044
10113
3907
10421
12118
15570
1337
2919
7422
6215
8739
8258
16072
12754
10226
6152
2511
9461
9616
12298
2061
7291
13803
3748
7924
8150
14375
1605
6213
7691
3532
14688
8960
9277
323
7921
15453
16316
7928
5680
7785
16156
15071
8749
5142
981
14041
1128
3274
11901
3926
6339
9965
2386
8704
16018
7746
2349
10642
6374
4791
9985
14729
205
6663
15488
5096
4379
6482
6623
4941
15773
12006
14885
5422
2454
3732
4646
5226
15733
4219
9163
16364
6861
1329
9298
14004
308
13658
170
5933
14125
14200
5450
7526
4506
4152
15901
7963
12937
10931
6380
15279
8175
5715
4619
13930
11954
10919
1131
10547
5503
222
5282
14206
5032
2878
15797
12695
12054
14334
3480
8908
14496
9113
11775
6925
4667
6222
98
9273
4117
4651
16154
10459
5280
15887
12674
6916
7829
1611
3894
6512
7583
4964
10682
434
7238
13733
14677
2199
4545
3296
8149
5645
7845
16048
148
12777
13947
2295
7086
15782
15539
14687
6704
3677
1949
15957
12861
6710
7617
8269
913
992
10850
5056
7761
15809
13967
1535
9658
7559
244
12650
13351
11698
9483
3715
4549
2893
8581
6752
2269
8022
1157
5599
13534
8081
13699
10345
11482
989
6001
12550
15708
15976
10211
8355
14172
683
3431
16252
16068
14848
4361
5873
7032
7945
10614
2183
8629
6363
14761
11890
8137
8901
5366
6788
3261
3282
5470
2637
2332
811
11748
8510
4838
3825
12408
12215
11531
5362
1732
349
15062
1332
1862
8518
5379
12636
6418
10783
4340
13113
321
3881
6977
4453
8509
6825
5802
5724
14989
3743
7059
5867
150
15839
15372
1383
12361
7525
7967
335
73
16066
13644
6592
10065
647
905
15006
447
12165
9691
1531
12914
12917
7210
16028
6464
3946
5261
4222
15557
1361
740
12818
7322
14919
6309
550
6548
15624
157
12530
3064
2257
7985
14074
13195
206
11364
13956
9534
15916
7458
80
6760
11638
8918
10135
10100
6324
3098
6266
67
4958
9493
9502
3095
3860
12248
9662
68
256
8178
11670
3447
13516
4740
1359
2222
6008
13197
7856
10882
6763
183
10494
7813
11997
5252
15932
4890
6846
15762
4638
2804
6689
7289
7926
3545
13511
4308
6640
11082
1083
4786
15379
14567
6834
789
4689
200
11566
13770
2046
8216
143
13827
4745
1887
14279
15285
4645
11509
14493
4965
2189
8961
7887
3630
1380
11813
5234
9872
9207
14079
15280
8814
3758
317
14810
3298
7749
4090
9116
5892
7144
2757
1961
15668
14395
14166
8470
9731
10463
8750
10207
8891
10859
1913
15551
1445
4408
252
15462
2562
13455
10760
3552
2907
10271
7327
12335
4922
15780
13969
11428
12487
118
12299
12011
821
3220
15533
14524
14583
12827
2208
4391
12785
2009
702
12378
9836
13713
3426
3388
7019
6609
12313
6041
1992
14832
8193
11262
8449
9588
5856
6108
5773
5281
7742
1094
7586
101
1053
4546
10742
3091
1372
9764
11874
11556
5893
14283
5250
7998
8098
15450
12398
12429
14285
11055
10268
1706
12875
2787
11911
8164
2041
14561
8388
4846
13507
10035
15866
14439
14471
13869
15749
10796
14404
3817
13543
2479
12116
15977
7113
12607
6748
6293
7152
14995
1097
1256
8123
13421
2948
675
15595
3255
15590
7626
3041
7249
15019
16015
5672
4279
14270
14797
9911
10104
2446
11794
5533
13356
7515
1614
1022
8328
3061
531
4799
8747
10416
15445
6677
1203
5075
2004
866
13146
2468
9785
8260
2624
10945
1771
6134
1343
14609
11960
11520
7299
9757
1920
15362
8545
7560
2156
3166
9755
13277
14943
9881
9215
10578
3099
3036
2026
584
5853
16182
4371
1599
6138
12520
5837
2712
13007
7459
12982
6569
2146
1499
2902
9410
6267
3392
13590
13995
3720
12312
11458
1974
8949
13547
3821
3859
3776
11463
6061
4943
6519
4472
5376
15535
4420
1625
1598
14813
2394
5469
15255
2439
11797
2584
1117
11575
8532
7198
6196
6997
12047
2650
15136
15504
14254
10666
15325
13479
13188
3844
2966
13836
7604
3554
11468
11219
1069
6059
199
14176
11374
8955
9221
8472
3106
3705
14020
3937
8491
15823
8557
4212
15941
15448
5899
1240
11860
6911
9183
7052
1667
10231
15765
3152
14464
7888
10169
680
1272
11656
2400
15081
1963
10806
5630
10673
5447
591
12701
11674
13106
5934
8254
2013
7274
2903
7364
7334
16375
5372
6954
7092
3823
9921
6217
3876
6953
11213
10448
15034
