14035
3685
12093
9930
9811
3016
9501
335
1915
11512
13413
1674
16192
6926
14798
14634
8620
14949
8850
15033
13165
8034
15126
14430
10215
1752
3500
5730
5202
2333
692
1843
5399
1114
15520
5618
13739
6507
10595
15921
8723
11788
13511
6749
2923
1920
7328
14394
7960
10449
6458
13747
8445
13809
4092
14345
1124
640
16244
3949
6294
10583
6143
4800
8182
6387
5406
6993
7974
676
13724
215
7420
7306
2462
647
12570
16039
5294
6180
767
3134
9349
865
15085
7063
10915
2370
2606
8469
1962
14209
11412
8413
11559
14336
11918
8202
7087
14025
12302
16230
1505
12828
1225
1819
13513
5405
3015
7959
15021
3283
5609
8065
15841
11142
8451
2940
2570
10593
12739
4504
12121
5896
16053
15712
2354
4396
12288
5530
6731
9152
12356
5262
968
11201
3983
11153
6541
12864
13240
13926
7812
7890
1480
4639
4898
1583
7589
10055
8272
16172
7460
9407
1371
3923
9709
10795
14056
12471
14972
11744
5473
11398
11315
4133
15131
14762
13661
9382
3617
9860
9994
13452
14202
10502
16337
6707
6435
2093
3529
9717
8521
10735
11107
3201
14076
7622
12249
8155
15578
11905
8985
14723
9901
3598
2935
4663
871
3985
11131
9597
8299
13414
4483
9721
15974
6153
9331
7678
12004
2420
13250
611
7956
11247
14688
12592
5559
5384
11996
10302
496
9825
6887
6081
15342
1608
416
10246
14636
2221
1620
5735
1998
438
11806
9272
4775
16208
15466
11871
3177
6729
7046
13981
12011
221
2405
7870
15911
4135
15
8372
10032
14769
2423
13402
10331
5800
1127
12883
3621
14961
6597
10237
7874
9827
14314
9873
507
9784
1741
7888
14395
1045
4746
198
1355
1425
12388
14970
15667
10117
12950
6776
6346
8627
9020
6337
2059
6700
14589
11716
15662
870
1507
4259
461
5139
3573
14676
3706
6336
14946
7337
16097
10099
5602
4996
15292
2365
7873
8555
14026
5190
11898
15068
5717
4619
10355
9371
1616
8295
1289
4226
7098
11186
6429
13609
8859
13785
8313
11270
15192
6139
13002
9719
14618
1861
6309
15417
13197
72
7256
7934
14731
8461
5344
2846
15787
6244
5509
12349
994
1771
1175
15250
4998
2313
14140
8493
11093
3240
510
1794
10892
4689
11655
42
9335
2862
518
11847
9084
598
13401
5348
777
15501
7950
8810
12617
14853
13421
15509
1825
9797
7331
1112
8721
3828
6720
1830
12537
4340
819
7242
6325
2215
5753
8868
8774
1912
10587
15571
15458
5541
6730
3084
7676
7231
14399
5767
7679
5192
14742
11720
3520
10579
15898
11243
4431
522
10466
9772
14184
5054
5613
10988
5540
14234
9551
2843
6856
9527
13493
5770
4809
1044
575
14237
964
13515
9336
1578
15071
11258
9482
8919
10204
558
10486
11858
4780
10733
10417
6229
7240
16163
9202
1866
15098
10095
12785
9352
12629
1852
8636
8856
15129
1028
4711
8495
6224
2562
6553
8004
12942
2571
5
13063
11117
14162
16338
5160
11051
13256
1614
16335
10703
13178
2240
160
1420
14573
5307
6922
9114
9576
1721
4480
11561
837
8998
1522
7541
3207
6744
7314
4666
14895
16
7023
2956
9914
6543
9033
11251
7685
13038
13323
7296
3437
15801
10585
5876
14841
10708
15512
13853
12045
7224
4373
1327
10240
15589
2389
1714
3524
13477
1610
1673
15162
15403
4852
9896
7467
11283
878
615
10607
177
13717
10650
6923
7135
5490
1455
16188
15827
15822
14767
7097
10072
3431
3260
5075
3618
12256
15184
12163
5947
9601
15115
13294
630
2498
5857
15166
5674
2268
12885
13887
5367
15032
12188
776
8582
9847
4767
3444
12360
7032
12410
13235
6561
4910
11522
10006
11184
6644
11580
9301
10779
12234
11289
13144
1191
3745
3382
14052
4086
2932
2264
3658
13566
15464
9120
2357
6635
2752
15424
12662
7279
3124
4949
11031
6721
11069
10763
8040
3031
15649
16153
11568
1791
2199
16231
4271
6693
6936
2398
12971
8336
13597
13395
13734
8388
2622
4716
406
16159
9706
15197
4068
6972
10525
6191
5701
6959
251
2329
7599
2575
4105
7826
14426
6861
11015
6569
10850
13554
947
12994
4574
11490
11004
797
14850
13922
1052
255
9695
491
15450
10197
14717
4871
12512
3214
13526
6410
671
11709
5016
3680
8248
14962
12977
459
862
1903
11481
10687
10732
7739
10714
2982
11085
13921
2331
7024
14227
13151
1687
5042
14815
12417
3921
841
14144
11492
3809
1502
13355
7312
2679
16342
1806
5680
15804
9814
3167
5971
13900
3196
16162
10093
1478
13
3088
4613
3772
7258
13606
8078
2691
9195
5512
8401
12095
6023
6834
6364
10538
9699
7515
15875
6318
8549
12627
1086
15038
1381
8027
7694
15169
4477
15157
15153
12226
7714
11891
6920
7896
12159
16034
12496
2102
14779
2851
6658
9232
1600
2475
7655
12731
7606
9029
4565
269
9298
9334
5894
11413
14729
15654
8005
1123
16145
13663
11554
14562
8833
6243
6760
6851
11560
5394
9718
3050
14544
8098
11174
7174
16201
7658
3118
6171
11595
5902
6407
9595
3955
7247
7831
11517
6115
14682
6279
5535
12952
4416
4954
4640
10885
3343
11724
14659
11972
13541
12664
11237
9894
2387
3263
14559
14502
4179
10520
514
6129
4830
10484
6408
8167
2074
5934
10042
3967
14760
11964
11875
69
560
95
10452
4463
1593
7235
234
2341
8479
3843
132
5625
2644
1306
9960
1444
8822
15323
6713
2167
8949
3136
2030
14459
4021
68
11820
7928
15449
5913
2503
15119
11805
564
11039
6784
14018
9635
9974
2216
1172
4459
12176
11663
2893
3687
15528
3551
164
11305
15580
3483
15069
5092
12938
10414
14567
9707
6943
14965
1956
6213
12266
15770
8945
15976
13242
3952
1612
9702
8039
12855
12689
5407
6889
716
990
5084
1202
7592
9403
12167
5011
1786
9135
11953
12704
1234
15873
8652
1697
9421
10314
4686
5711
3844
8963
13967
12287
15028
1707
6863
13268
204
16166
4213
7963
5196
14129
14089
2542
10456
11678
9542
13164
12639
6144
2015
2194
5547
3728
799
2065
13722
14543
12657
961
7450
7529
11036
13575
5351
13174
3218
10537
6994
5072
12510
3259
3689
6420
8785
6788
10022
4501
13450
1787
14163
1977
15749
1288
9103
8481
6169
2230
14118
2839
11783
10238
16154
6173
13640
12827
12077
8584
15488
9650
12821
13655
6546
5128
9924
3262
5652
11021
11935
8238
10556
1020
11613
6603
236
3425
2103
13904
11385
10673
14097
16323
13112
6726
1351
10230
6826
12648
749
11235
7893
8174
10962
3665
14210
12153
8455
10143
12529
2559
4110
223
13730
9027
10065
758
7090
802
8359
5430
10651
4290
1521
2051
7632
8673
9268
4591
6344
11612
1334
10549
10407
15683
1873
7645
4009
4655
14667
4651
5518
12594
1822
10706
288
7552
9017
16331
10926
608
1446
2522
10747
14147
809
4733
14793
12363
7884
14359
12141
10442
6401
14486
4089
5966
12985
11807
6790
6929
6478
4815
5656
7719
1323
3092
3014
5479
5315
3434
4615
273
13486
7194
13326
11168
10879
11924
7997
7039
13818
14000
16030
3569
11825
8957
3633
14834
2536
6154
7007
15260
9525
12798
13715
4460
12579
5598
14476
3866
14161
12987
11048
4963
668
3481
11948
734
8421
8514
12071
13850
10543
4892
7197
10849
1743
9197
3920
11347
3971
11313
2822
3957
12372
15344
4683
8861
10743
278
985
12929
12465
10541
10870
13451
3246
8204
9557
12389
8190
2650
15865
15352
6082
8842
3291
6660
9899
11033
10263
14366
11176
15486
14866
12834
7653
15771
7424
5201
5766
12884
13875
1247
2414
12057
5861
10369
2705
12007
7451
4461
12129
11944
153
12964
10629
10843
10295
1758
6718
3831
6542
856
15859
4112
8146
2207
6069
7973
10991
7245
13573
11232
5247
11213
4971
7511
9275
8214
15279
5803
6263
9945
929
3782
3011
8103
8738
15615
2269
8635
7488
4370
11864
3386
2235
2205
857
12691
2377
2304
325
3041
15658
4579
851
12084
2002
14059
5088
16377
9473
13489
487
2335
15286
7417
12615
12154
3061
5097
10576
2077
1411
12381
10039
13313
4264
8297
7966
7569
16143
11567
3700
13498
15627
2014
12023
8462
6034
12796
795
12039
13548
7150
9324
3071
3707
8605
319
2664
8739
13260
10421
6261
15160
11545
142
8342
1131
8142
15739
3652
6074
8217
7370
5197
3714
9632
9750
7668
9211
14805
9792
2252
13444
3412
2500
11985
11962
15559
9472
854
5938
15489
7121
5281
4401
12151
13086
7520
8569
7355
440
143
1705
7927
11076
10279
15663
9064
14154
7109
4055
8932
3833
1885
10950
6044
2033
199
8944
3777
11498
13700
3508
4022
9746
14100
12294
3787
2980
15639
355
9041
9452
12613
4679
8096
804
15073
13207
2309
8407
9612
1126
12055
12311
3979
13118
10647
1066
13564
6612
10321
3849
1853
6045
8684
14796
14910
5432
5925
13973
134
12144
9426
10821
9549
8106
13637
166
110
13897
1846
6368
3131
3669
4747
14560
9661
3586
10985
939
5777
15892
6796
9904
10534
11329
10324
14770
13873
5683
3430
9312
2233
652
12574
5955
9125
14849
14441
9794
248
5043
699
11641
7834
11691
7818
6549
5661
1667
1475
8773
7104
13826
5786
12692
14708
855
13000
12280
4131
11319
14901
3327
3226
4657
2260
4814
14092
4641
3904
9938
13623
5297
14248
1324
8269
9234
4216
7310
10221
9119
15151
11046
4172
13784
13366
3358
8143
14473
14273
14436
5472
14875
5284
11195
7982
4344
2968
14690
1128
10635
13153
7543
13984
15508
13447
12986
9225
6255
7284
11023
3558
8793
2574
1703
9460
14702
11933
15387
10716
6083
3128
5226
2459
10207
506
13878
15345
15537
14116
73
3411
107
3028
380
11132
9292
2701
8516
8531
2012
10451
11978
2879
7134
6359
9618
11030
2226
12464
11537
8239
8397
3722
9110
2056
13993
11379
2845
14332
9455
448
8281
3087
6799
13398
10514
1733
15831
4877
8903
7875
2213
5279
4297
7947
4713
3640
5769
14429
4694
15258
9682
476
8909
104
2870
1850
6352
8717
523
16305
10727
9835
11733
8934
10124
936
10190
8917
5021
9626
7367
8699
4748
10507
13274
6954
14208
7081
2970
9919
14295
5622
6661
13532
5374
2712
9565
15642
16348
7099
2751
13571
7211
179
6520
8664
3910
8808
11075
13183
10748
2121
10993
6673
13990
8872
12081
15781
15813
14120
12836
7272
7954
13889
5851
1859
12934
2041
1429
10851
561
10614
7218
1294
1243
1111
14721
7978
8467
13681
10786
5796
9026
9819
7321
13288
917
2308
2364
2689
3433
458
7628
4227
15354
1662
22
7054
12732
9283
11457
13692
10772
14548
2708
8527
845
7996
13418
10923
3666
1090
13978
10966
2537
15711
13238
3580
11275
7499
8163
3290
375
8109
1781
13070
5653
4327
13545
6485
2520
606
2436
10364
3295
182
488
6402
14370
5422
7619
10506
5455
7281
13069
5308
4485
1878
2507
8363
13914
13079
8118
9082
12089
5635
761
14143
10285
9889
7538
4015
928
15148
3836
329
2256
1187
14232
15288
4526
2678
9479
11710
4473
9347
3220
14552
2147
5723
8331
4550
1832
4885
425
4645
2747
3393
537
1775
8696
13509
2422
5233
2714
8576
8946
14301
768
12212
14453
10827
3314
8567
12392
9733
10734
11747
2717
2671
10805
11077
4650
4210
4395
13980
6176
7129
13925
8259
922
4472
14490
11960
10265
1320
7682
15339
11007
5462
10377
6026
4359
2502
13627
1966
1210
6807
6029
7396
15552
2889
5327
4122
12835
9769
6251
14468
8708
8710
15966
3793
10955
14454
5206
9449
12539
5952
11756
7527
2589
12327
13841
5477
15437
15538
908
6820
2136
2000
8726
9145
2156
9035
6795
7665
8474
5859
9478
10530
4719
2446
1343
2891
14442
5058
10499
4249
14424
4053
6772
9164
16343
8790
10400
8623
12755
5486
3802
16313
13539
4270
6391
470
4
5216
8302
4750
15774
11660
9454
2599
9217
8094
14568
677
2518
4646
1653
14896
4520
4567
13281
3464
89
6283
551
11937
13598
13170
10784
4974
2451
10276
5488
526
915
10270
3149
15230
11300
5918
7439
14218
2408
6590
2904
2146
2733
13459
3718
15946
9318
1760
7905
4648
3626
4456
6734
14470
2595
6341
2089
9634
5666
4586
13245
6208
11970
4909
888
2229
16051
2175
7753
5814
1162
14364
3634
3981
16157
7270
15687
820
172
603
2755
6741
8703
5927
3401
1339
10628
3003
8958
6901
773
15744
7387
4119
6426
2621
14060
10129
4867
13629
16364
4488
13234
6948
6654
13462
5812
15764
7209
16118
8573
14071
4916
4846
2351
5346
13604
5679
12006
3173
10508
4180
411
1059
5596
250
11445
3947
16124
13466
370
8599
2433
10504
12254
2992
5557
3006
681
16325
5729
12918
9028
10952
14748
754
5558
14404
2583
399
7472
4578
4057
4935
11478
1974
4899
12370
10756
14200
1947
10023
15784
10397
7708
6806
6113
2684
1093
1212
2445
8087
10698
8032
5194
16275
4553
8896
9093
8674
3404
3106
12595
9409
13968
8689
3597
2236
2212
11178
11718
1543
9918
2549
7775
6725
11590
2593
12674
3272
13691
6406
6572
5243
3209
15425
15996
7809
9276
8940
8484
420
14600
7117
13988
5244
12899
2812
7056
13742
1580
12625
12204
11198
2631
15668
4577
12542
3729
14713
4306
991
12175
12418
15186
6560
11473
6514
3183
13822
12787
4266
8802
412
15380
838
9953
16212
5402
2444
11947
12546
619
6199
1152
10998
8378
2637
2448
10526
38
15310
6711
3719
5259
15826
6319
7455
1395
7725
11427
9326
8475
1357
6445
2545
10887
3734
106
4451
10439
7683
7908
1782
1564
16141
5119
5531
13093
11876
14751
11040
124
7716
11345
6111
6291
12171
11082
7492
8887
12111
9796
2553
2990
9332
15510
8535
14646
9009
483
7787
12896
18
4906
7124
15267
4356
8683
15741
6902
5096
15399
12088
11420
13620
15845
14703
14991
9570
13259
3120
1740
14228
6404
5640
13882
167
7027
3615
2864
8193
1418
7941
6958
4377
12695
8464
16207
14086
11257
1295
2303
13043
12439
13057
15599
6735
7481
3025
9411
2804
427
12957
6105
8203
11404
2483
1496
11019
2957
13280
12050
9279
12658
11328
12589
12975
10144
12643
14316
3848
3138
6138
5935
3821
10657
7371
9591
6544
5879
549
9302
708
14414
3561
8135
10431
1107
5170
10788
12700
2945
12215
7445
6952
6500
2042
2039
6289
3859
5025
13934
15979
10386
9700
10054
12583
4985
9971
16308
15917
7416
447
2472
14610
11776
509
13713
2638
5981
5972
3893
200
11815
2732
7045
7123
5482
14936
7607
2460
5223
8258
3340
8350
8834
13082
13891
15525
7869
15263
14754
14976
8351
469
11423
2403
8074
3878
9066
11064
3808
500
15809
12382
407
4870
2383
5055
1360
3323
13041
11074
149
7547
11209
10769
7833
7544
12051
9947
12832
14916
10012
7948
6155
4805
15418
8886
10738
5187
4366
7339
12378
6121
5212
15902
2407
1336
3367
4127
2049
8694
8195
6640
13244
9724
11945
9550
2360
11172
691
6499
5459
384
6298
6978
5662
15574
1738
11765
12028
1299
4046
11866
5159
14159
12833
9457
3926
382
7436
8954
9160
7393
10780
1833
2435
4609
8512
14856
12222
5810
15091
6813
6206
12966
2858
15780
11265
9115
13056
3166
11882
4851
2366
8648
16199
9752
943
6998
3682
9670
10667
12000
14411
3829
1348
2314
11637
7061
14591
13672
4132
2225
6804
12747
11027
4962
1628
13576
6137
13369
1033
8989
4069
3345
1644
9671
8429
15871
7138
8488
3812
8800
8867
8053
3002
3997
15456
3502
8072
4430
14902
8658
14758
7028
14806
371
11635
15752
6550
10447
1009
14201
12139
10612
2636
5962
14582
3847
8729
11303
122
1506
14677
12395
10841
5191
8343
15548
426
8296
6215
3445
15888
14207
10188
4428
3398
13718
11443
14980
2007
10411
11583
1055
1208
15858
4111
9933
14920
3512
2993
11779
15797
13670
9571
13660
2591
3701
798
12678
12887
4957
4608
1923
1392
10496
3506
239
15636
9640
14363
6440
16358
1305
9870
16082
5604
10866
13777
48
5862
14300
963
6912
14894
15505
8158
15468
3127
13894
13731
1812
9562
7723
14836
5089
7596
1484
772
10906
5329
15079
6212
15026
8073
10308
9236
10632
6868
14692
12087
268
1828
11846
7593
14355
1400
16349
1492
4754
1954
16347
14785
13341
1964
15824
11895
13379
1742
12879
1029
8021
9235
14851
8885
2948
9311
2581
10102
12201
3310
13706
3294
635
2523
5158
11759
8597
8911
14465
1406
5830
7823
4494
8679
8127
12140
528
4902
6858
6997
15490
7201
5163
1668
13940
10320
11466
8188
6186
3959
11098
3948
6338
5503
14323
5412
5461
11272
8752
15652
9596
15903
7283
14155
2780
5957
11727
13645
15325
3453
1040
4411
9561
11809
151
6398
7468
10297
9753
3182
5520
7780
14772
14664
8009
4267
451
8209
12257
14212
4706
5600
1622
4895
1443
13030
10741
15583
4099
7291
2297
3467
2639
12329
3761
13480
12740
11409
8655
2497
861
15333
3732
8595
12846
4692
1698
8626
1064
5854
2924
1353
3472
12995
6769
15266
14488
11708
4588
13476
9188
8149
4710
8588
6245
4691
13581
4394
12348
3154
10229
10173
2391
3994
14007
723
12711
4759
4139
14337
13348
6503
8844
5317
12295
15521
8745
11255
7382
11616
6019
12056
13307
2254
3021
6919
8970
7261
3715
9431
3664
8933
12455
15419
6916
7673
919
7751
14165
14170
12060
11749
15047
15430
13648
9227
6691
3148
10816
759
14041
5765
12998
13527
8624
3769
5296
6538
8601
14964
4013
4794
1457
8995
15928
7791
2258
6092
7404
542
10876
11797
12237
13995
8059
9153
5808
9097
11598
16100
13106
13231
5056
12451
13907
7988
3231
8176
1472
13264
12022
8967
3376
3169
7122
12411
1328
331
2456
10970
13915
472
7977
13114
16227
1876
704
13927
15036
7011
9038
1155
13860
6928
4444
2324
13721
137
480
16255
6605
4849
9468
16344
8914
14712
1562
10671
162
11973
8825
2660
301
4571
4824
11393
12776
14087
2981
8685
7769
14458
