6673
15294
1451
5811
6186
7915
14435
4066
16207
1865
3664
6410
6562
10989
12945
2206
5760
11194
5765
13359
6607
10134
15497
1408
651
16211
244
1793
7420
659
2146
15494
444
597
14864
16206
8017
4666
3393
2281
7888
9191
9439
15380
8117
6268
1224
6091
7754
13462
9026
5120
2936
2257
5715
2029
10820
15869
11460
7748
11956
8051
8004
5605
9201
4806
5153
1056
5255
784
890
12725
15820
10275
12270
798
13763
2125
3763
6032
15128
15520
4006
8638
6245
1983
2880
4070
3742
12169
12600
8509
12186
10549
2785
690
11756
9313
3990
15943
15508
771
4403
14321
8732
6571
7879
14523
9565
6754
4042
10726
2445
5095
12658
10795
2830
4893
13346
15690
470
12597
13820
12060
5684
12080
9957
3559
572
3729
11995
13493
7207
16074
11696
5101
5311
3791
5392
3343
13934
656
12311
1482
5504
14325
49
5136
11658
98
4559
9972
15531
12103
8592
14025
9962
8122
2810
7761
2219
7927
803
8184
735
3814
4994
13941
11568
4498
13733
3289
7853
14627
2462
16294
11564
12991
3356
5391
8053
16026
1892
14703
697
14274
5528
13994
640
7260
1458
3974
5744
15782
14854
558
2964
13522
13425
12790
1785
3137
5060
13634
8855
15653
15866
7496
14802
10525
2182
5631
10286
9553
13283
11504
6449
12084
8649
11916
7937
14899
4757
15722
11009
13517
2295
4789
1267
1961
13949
13926
12611
4129
15926
5220
5249
1342
15763
7628
14433
1096
4826
14443
3823
14946
1931
6806
1170
7985
9825
15443
14381
9474
3178
11632
7520
12968
13587
1694
4841
6982
292
4995
13229
7956
14933
3923
2609
1058
15526
6453
12138
1515
7270
15217
6171
6008
3352
1354
1252
7696
11156
5451
13198
13795
11915
7824
5912
13964
1296
12415
4704
1619
7480
11382
11292
270
414
9049
3891
9279
4885
1881
12994
7320
2144
3271
6921
5111
2444
2923
1629
13505
4199
15640
10098
4119
14996
13561
13560
15121
500
245
8281
3577
2699
93
7201
6164
343
8662
9379
5869
5518
6232
629
4492
10660
14981
12925
11445
2940
699
15571
4755
3593
9041
5574
2383
9755
1209
6025
9748
15299
5207
717
14768
9682
3370
4150
11307
9463
6215
10374
12228
11456
13830
8906
1337
6198
10283
5813
12170
9641
6933
15712
9007
6252
12391
3867
10543
4599
7586
9694
3054
9141
7693
14092
8082
13824
12605
16060
14430
8030
14659
5972
5052
6209
7898
8349
7784
1922
2608
6498
4915
4459
11940
16324
4838
4197
1946
10528
2942
9756
5834
6162
5730
15465
9778
3977
2972
6795
10563
1509
5751
7332
3804
4577
660
4225
4288
9779
11573
3548
7237
4165
8466
12671
4342
1879
11045
9513
12467
10511
8116
6430
9853
10799
1053
8790
1312
16002
10933
4628
15482
3549
12974
6504
2111
846
8933
11727
15090
10779
3282
8853
9421
103
5260
10129
2367
6534
11652
14070
1212
7809
5360
2390
224
14312
480
14421
10700
2795
1965
15638
8277
12096
12274
14931
15069
3116
6894
13987
16236
588
14303
5329
1016
3581
16355
1647
3740
12348
4011
14612
1749
15868
8957
10727
11389
13693
10171
15650
9575
14257
3067
13293
945
15389
8486
10313
12956
6192
8901
566
2818
14209
14881
12109
1858
9536
11457
1097
7261
5691
14789
1687
10096
1917
5349
16072
6241
13191
11907
4832
4969
11655
12735
1943
7135
6085
3680
7288
961
1632
4977
16360
10486
3338
7757
12431
11510
10991
13133
10256
15780
13
3230
8357
1905
332
1584
8186
4791
15733
13232
14524
4350
14575
2813
2066
13692
3526
8070
5375
2449
7257
15811
14781
4394
5
6409
13350
3099
2183
9781
848
15117
7762
14840
1403
4376
12147
1954
10701
16362
3912
2155
10409
9794
6463
13018
8660
7140
5049
10007
7627
14670
4245
9377
13712
10548
1453
9768
10972
10677
3739
9538
13287
16121
147
12057
10484
13828
9416
14429
3967
12047
14173
12315
7637
7931
3010
9232
3179
14159
6055
9400
4912
1897
6825
12738
8772
2108
9680
15037
4033
5696
1129
13322
4736
4957
7941
14681
3318
12282
13776
12466
7358
14509
8049
206
133
2631
3761
645
8329
13316
10473
2827
868
11969
11100
14825
11319
6320
3783
1355
14406
852
1434
3143
8028
5460
16067
12550
10211
12133
8285
5002
9655
1549
14261
14020
7633
2657
6134
2884
2784
2380
14162
8375
2188
5606
1978
8697
5585
4357
8644
2587
4188
11180
7991
12255
5309
11926
5829
12531
14201
16307
15729
8197
9395
10724
5326
16243
8934
10061
11192
8124
15266
2948
3064
4940
4716
14129
5860
8293
15240
9366
2049
14051
787
12236
5166
8217
15870
6964
12043
6231
4081
5592
5635
8881
10480
8076
8369
7342
5793
11851
4278
13030
13113
370
3498
15245
11499
4281
7149
3436
3214
3833
4943
5347
4464
3130
5988
2069
6500
13407
10634
5559
6520
10876
3315
9745
6713
2268
4765
2211
14405
8930
11340
15696
12759
7369
13849
1226
8637
11333
11819
14293
10209
3918
13959
2452
10749
14906
15551
3126
760
6641
4556
7344
1686
14565
14456
15648
13170
11102
13397
9813
3502
6762
6542
938
10202
9256
5268
7650
9457
5341
14034
5008
1370
15209
8338
13908
16363
3135
8282
13271
8415
11125
3418
3769
15834
5241
7447
4729
8457
6543
11111
15498
5243
1445
9322
12542
13832
10407
16259
2943
851
13759
7733
418
6953
8731
9456
8059
15743
2432
7253
13502
14815
12416
1242
10214
1466
3193
15040
4032
296
7750
11062
5165
3789
15778
4948
8843
1970
6842
7829
11394
11071
15954
426
8450
4928
8286
4933
6784
11712
2797
2392
3287
8793
9763
16320
1657
14797
9460
4547
6457
6572
14267
6237
722
3057
13953
3557
8267
15501
13037
1148
1806
15447
11362
11434
20
3994
710
12593
13666
4399
10439
3466
12942
2980
10887
6094
13192
6880
12757
3366
3441
6340
1334
4719
14956
7061
4902
14318
16353
6435
13299
15330
14880
8782
13206
942
11872
15735
7698
11845
7311
5191
9994
14895
15131
9444
13218
15146
1262
6078
13877
3365
10419
12219
5849
8262
6432
4390
13470
4986
5706
3355
15670
1692
1025
9786
7079
4156
13238
15308
15280
1786
3406
3897
8126
15963
15408
7134
5551
11423
10675
9995
5649
10651
7526
14767
3208
15698
6173
14278
11048
14535
12297
13305
3928
15289
14682
1479
15074
6635
1225
2185
7037
11811
4439
13230
7688
4821
7678
10195
5409
1256
3192
10124
8599
14084
2816
3741
13827
15880
14068
4344
356
13080
11497
13326
3886
2620
4487
16123
4807
9973
10022
14571
3982
4944
3854
3077
11310
5827
8026
16034
5123
12425
2919
4484
647
10479
12318
4077
9742
10954
6624
1864
11772
8300
3970
2239
15107
15674
8954
6843
7216
10158
456
4887
2296
5573
12512
5186
3108
1944
9009
4287
11482
3808
10234
11792
1626
5173
8770
11189
12249
9271
7644
15942
38
5139
5487
11502
16176
9901
8128
1333
5907
4754
2756
3226
5607
6369
12890
2990
1127
2879
4871
3265
4804
16059
5133
8057
15747
6550
2651
7214
4093
7680
1519
9237
16258
8440
2253
4766
4252
12390
13013
15718
8243
5588
6180
5019
574
10738
12516
12319
6391
12295
12995
11435
13254
15309
16375
3540
13880
3474
6730
2616
4715
12776
2566
8488
6450
9096
8084
3154
8574
2747
15446
7613
10258
13274
8223
13579
14127
6332
7880
14268
4891
148
10485
5788
7923
3153
821
7515
15164
2439
11082
611
12448
10164
5030
7779
2998
11248
16186
2970
11117
14460
5609
6154
10981
1803
9348
4338
10829
16102
1128
2625
12317
10695
15002
14763
6310
4584
10908
12696
12530
345
7668
4790
2711
2984
6681
607
5738
4067
8781
8923
4264
13819
8658
1925
12100
13443
13463
4788
223
9243
8805
8481
10956
9182
3719
3879
6505
5808
7709
8905
16129
7995
6676
114
1988
1266
2354
9673
1797
4562
13974
5290
16020
3541
13487
6986
14806
10610
1290
9723
70
7286
1390
3491
13436
11167
5164
4999
14875
9500
13801
12705
9744
8875
13533
15345
7942
694
13550
13989
6822
9829
12886
11107
4496
5125
9358
9058
13630
4321
5600
2746
9496
3093
13061
1250
259
9985
3917
5121
11959
8461
14852
4086
7460
12920
13213
10676
8085
11070
16325
7085
9700
4290
3049
7513
6302
8258
12558
9954
14912
16357
15406
5454
7557
715
537
5732
12560
16239
7811
14939
315
12146
473
4363
14347
5529
11244
13742
8250
3652
15711
8087
7786
5301
12302
13166
13907
3015
4047
9551
9352
9601
5875
10145
3715
12802
2284
12752
2147
11691
4898
10766
3250
13715
7457
12132
10226
15485
15
15081
1131
4983
11799
6337
12750
14813
2595
12025
4874
8774
7393
13221
2805
1804
5683
7559
6335
2006
16195
10506
1172
11282
10225
517
15660
8273
1440
15796
13660
3925
511
9005
4946
7424
3233
14479
13843
8630
14944
12538
14525
15298
10190
12113
8582
8416
14319
15737
12460
1472
2364
8672
4112
13303
14107
1385
379
7509
3104
1781
9526
14338
8335
10454
15802
8
5957
10966
5442
10996
1556
747
13159
8944
13222
6836
12062
6548
7676
2841
13765
13016
7664
4539
13335
13214
9560
5250
13169
5261
15911
5294
548
8815
8177
10623
3038
15938
12623
10431
11254
5361
7662
14117
11987
16337
901
2731
4793
14193
13960
2037
9294
13124
15949
3909
1863
10235
12549
6972
8377
13710
4523
13131
1317
8880
13167
16364
5816
11001
11489
11520
975
10333
6648
13005
14024
12269
14934
11235
6114
2018
2598
9346
13164
15846
5007
1106
12497
10463
1547
13178
3532
1871
4008
12128
14403
9325
9018
13588
15242
5888
4839
4018
7029
1431
1602
12015
6179
5314
6417
8642
1935
16051
10329
6844
6767
14876
14346
11964
15116
10218
1513
10353
4202
18
2080
4895
4317
1237
2122
11931
14143
9081
11043
11270
14037
5802
180
14469
1168
11996
4922
8910
11941
673
13641
8968
1192
1680
10043
10009
339
6404
11133
1802
4882
12635
4228
2022
1162
6418
7008
13175
12012
7053
1035
3247
2387
12231
10674
2319
7497
5012
5358
8936
6593
3326
3008
12266
9625
15995
5822
7581
13247
13177
15176
5823
4659
15947
8469
7139
10405
15537
3281
8664
3371
9092
4510
10259
1862
14373
8792
9808
3259
3494
12883
14790
3759
13967
6128
6346
13773
3689
14898
14566
3799
6392
5679
10920
1319
9632
578
12366
15567
15877
15585
3866
5712
10449
7171
14556
1714
1765
8158
12291
336
10264
14607
2225
3048
10812
6143
15801
3477
10707
7567
7727
2761
11390
844
14327
6244
15385
2436
11027
8303
5179
14241
16105
8562
2714
2429
6502
3733
14833
15291
14245
6909
16076
7087
6226
10800
13194
13334
5566
692
13432
3098
10601
8606
11742
7476
7857
11896
2256
1112
3243
7797
620
596
5555
1435
3910
10690
2824
8543
5531
3775
10315
2997
13719
12615
9528
9312
5434
4526
13938
9571
6393
6124
460
11893
6734
1593
1160
11917
11385
1404
4277
5967
12791
15312
12267
8060
2291
6444
11571
9149
10161
14072
8110
11758
5080
8708
12081
3469
6489
3521
12933
1512
6372
14938
13083
4644
15342
2932
11994
3996
8857
7910
6615
369
7812
6660
2660
9274
7110
12097
3595
6639
16007
9110
5289
2252
16120
7186
2116
5805
1813
4519
1081
916
14849
10995
6405
6131
9453
2443
396
4014
225
305
1531
12632
2794
5839
14030
3803
2374
2285
6010
14643
15158
4752
7056
13998
11874
10177
3016
12857
9722
12349
904
7468
3813
2522
14457
7335
11144
5889
8503
14239
5185
10798
5665
2249
14141
12383
74
14957
67
15050
9516
12312
3012
3465
10951
1189
3213
5516
8959
6957
3050
7789
12520
11526
5388
12663
8572
14908
16262
4661
6263
9840
2581
8320
1287
8086
4578
13866
3497
12353
10711
11444
708
6280
15702
5978
2759
8907
6621
13887
11530
8150
5537
7976
7328
15764
11273
6850
7884
16274
9480
4875
8210
10664
638
3881
15391
3984
8133
9868
11982
3656
10895
14333
1958
2808
7708
54
10754
11957
14838
13925
16127
1318
9368
3216
10781
7753
13600
4280
5939
971
11986
7165
5740
13324
8870
6798
6968
758
6988
15862
4656
10570
4223
2624
5171
8743
1038
8810
10038
1090
4835
14069
10465
13068
8346
5128
293
686
10308
9821
302
13140
14196
13440
11218
12903
12793
13375
1471
11474
1673
12242
7357
5040
3037
1639
8520
15059
15579
202
9197
1210
1375
1893
3748
7236
7371
1422
1534
11557
6672
2922
13051
14532
15731
10334
5517
12206
11230
5055
11876
2846
8290
1024
4361
16268
4099
6791
8484
9707
10716
4184
15975
7104
13497
3133
5847
5523
13932
5362
9134
13228
850
5253
1109
2825
14228
14841
9799
9643
8024
6837
10276
3264
3210
13193
9251
8225
11540
10592
7467
8825
2274
14063
14340
9391
375
250
9891
12461
8062
11336
7314
8653
7874
1074
10233
7199
5452
14343
11719
4415
13911
7389
10169
6696
10346
688
7226
4196
2258
6000
4739
15373
2600
15757
6448
1254
8211
14336
1356
9703
8317
14481
15593
2840
7791
5924
4186
15592
3828
12692
4585
9056
5687
10081
9254
14512
4583
13203
644
7120
11004
12285
10148
8054
1923
7578
13266
11529
10357
14954
8733
12341
10684
15575
2192
515
9202
11492
891
12619
3001
6910
12489
3142
11980
16367
14192
5624
146
13999
6107
12369
11542
7943
9974
254
1945
1968
4304
769
1545
7349
4764
2172
14964
3231
632
3924
535
2667
14263
16157
15692
5403
3778
8439
8207
15411
2132
13207
8863
2016
9519
3241
15259
7682
9627
14599
13955
15405
1260
8199
9620
11058
3367
15893
3907
14709
15160
12107
131
14414
4555
5466
1504
12813
494
16141
14282
10358
2871
13396
8143
1265
2438
246
13889
4413
764
11556
14564
2757
7719
15815
1760
2136
6087
11258
9688
5695
12144
10455
13720
10848
9559
9767
5610
267
12112
5593
3331
9158
15883
925
15401
2885
5947
10990
2981
2305
10040
5076
11641
5430
14818
14932
3888
2214
7718
15522
10714
15456
2965
12021
7045
5001
8890
6580
5930
13022
3590
8372
1777
11184
7681
12069
15848
5623
1142
172
3535
727
3673
9335
14353
283
9319
13753
8538
3686
6956
947
9326
12633
3047
8523
13728
7593
5949
7945
525
11414
631
11665
7929
4763
15058
7143
7338
11600
2079
14974
13756
10777
14444
9509
836
9244
10320
14817
14617
7514
9642
7591
6544
4591
10207
12288
5148
9886
13275
15432
1659
12230
5989
3053
9032
4375
4298
14735
9206
11251
1341
15825
10032
6412
7336
9926
12286
10120
5714
4167
15118
1876
12570
5339
16202
11174
2326
15332
13952
7441
12259
2546
1995
29
989
9894
15166
8167
1794
12907
5654
1194
7365
13471
2722
14835
8608
2345
10166
9268
5270
6175
11253
3606
13996
13019
14701
12469
1691
1705
16270
6491
4674
8596
13568
7225
13144
1291
15080
5589
10324
3030
355
15386
12260
4738
15896
6440
7548
9070
14991
1571
707
10422
7592
1369
966
2240
1427
5024
15014
10905
863
12029
10461
1177
15841
9172
723
6579
10744
3734
7198
3081
1272
8533
10782
13689
4007
65
9647
13596
6111
4751
9539
9196
12064
6793
2373
12433
9847
2082
15250
6290
1986
10062
9955
6459
2128
10041
1241
6204
11430
15511
6610
1661
13032
2246
6054
8074
780
12935
7634
1288
13410
12483
15830
11089
6887
5862
11715
394
1565
8513
2751
6255
2894
240
2346
15267
496
3146
8745
3425
6093
1321
6686
11939
11301
15853
13362
12511
8991
11376
6424
4200
16193
1523
5527
5698
10869
1729
16244
2173
14992
3246
5584
5396
5534
15478
5708
6183
4780
2671
1019
15519
15374
7665
11911
7296
4708
13897
15828
10499
10745
10698
466
8069
7070
6949
11755
13648
5355
281
8052
3737
1401
5298
10970
15468
3785
815
3483
2103
6954
11311
1543
5866
15451
10842
13671
2352
12875
5768
12601
2017
10844
8477
4686
978
1763
6841
11856
420
12505
1952
13799
6378
9978
1088
7177
7704
1627
5900
9452
4503
1980
10269
12032
4566
10356
1563
10877
2883
9385
14140
6313
2606
13399
11507
6172
8634
6110
9253
16246
2031
13841
8442
4
12034
3199
13746
15873
2025
7142
3035
13881
12657
8103
10114
381
2897
11623
7952
11681
5061
6279
3615
6568
12841
12931
2978
8777
10452
8387
15278
13951
7379
14791
15381
8092
655
8362
12023
1066
11875
13036
13014
1849
7060
11966
8873
13511
2440
13054
14424
6446
5545
682
4717
13378
10816
5271
3570
6487
8522
10475
10155
461
9753
12981
2224
9529
12822
1610
12465
8668
14671
9806
15681
13490
10834
12889
10249
1044
14252
12799
7604
11303
7659
3197
9757
761
5217
14630
13509
1679
8982
10097
1251
10359
5820
8471
1204
16316
6467
6519
4031
2323
9524
15414
2063
2130
14547
6809
1825
13878
6061
5182
10173
581
13724
1901
3794
3796
11793
10828
7508
10850
6645
2652
15775
3930
2673
8721
9273
10605
66
27
12609
879
200
11710
6329
9730
1579
3522
8827
9477
5327
11066
926
1464
5348
4950
2564
14484
15169
11182
4082
1073
15252
757
12544
9727
5229
13740
5429
1182
7203
724
3632
7837
1938
10606
3253
168
1717
13340
5960
14229
11634
15204
14349
7144
2242
12210
12293
10010
1677
15450
9689
13028
6556
14569
10049
15123
4209
5671
7574
15215
9552
9636
9986
9166
8632
6576
7686
13413
6140
9540
9850
3940
2496
1031
12262
10682
7231
8393
307
15070
12887
2778
2976
9895
5990
563
10703
5766
5308
1872
4044
3152
5958
6307
6752
5938
7697
14259
10645
11785
7302
10613
7145
11722
11801
12048
7399
13962
3510
2505
8388
3894
13313
15086
6006
6166
5542
13946
10167
9764
4613
15244
10977
4815
11999
9408
10365
9296
7428
2832
979
4981
88
11263
1417
15755
7109
16021
9091
15910
15964
1481
44
3736
7951
4332
14265
4868
7013
15310
5168
6736
12005
5853
5269
13240
10538
14094
12044
7380
13656
2062
11059
8233
11544
13181
218
4325
3882
10254
13138
2460
347
14220
13842
12499
14990
1456
8779
4631
11177
2532
8334
11168
7282
969
6846
6994
14723
1274
10697
6760
1821
16231
10861
14615
3056
698
15624
4855
12612
1060
4444
9102
13966
3391
3453
15810
15601
10778
2180
15239
6622
9048
2247
4726
3913
127
15581
1605
1020
15930
1852
14506
8083
11988
15402
3657
5161
129
14552
221
11462
5142
7875
12819
10986
47
14915
9719
887
6276
8517
16124
12762
3413
1258
10522
9066
2375
11774
5625
14513
2105
4002
14700
15783
380
2917
142
3721
1772
8682
9573
6943
337
14307
6342
7372
10075
11549
3693
11332
3286
11343
11673
3709
1740
13418
5568
1285
15407
328
5192
1175
7589
9943
13363
7493
842
14653
12354
11119
11403
2712
16079
6213
3571
1120
10599
4894
5645
5758
5562
432
15900
7326
1468
8179
12636
6323
568
140
11533
10149
4134
350
11296
16247
112
14004
11781
2121
8791
3311
4553
6901
10497
5604
3336
5473
1104
6521
2959
9735
6590
12089
5613
2567
365
8046
1171
3499
5733
4954
10369
3669
8307
14482
5009
15679
2528
6979
499
12832
12149
3868
107
1711
10688
275
11012
13957
5028
10654
8952
1013
13528
15263
4703
14471
1454
15617
5068
12324
670
9890
14382
118
15479
10267
7892
12502
4250
10438
3857
860
11436
5223
12087
8546
14870
3973
1022
4164
8111
11559
4603
5422
10282
8879
8564
11528
12443
10383
3363
9187
12529
11825
11979
12754
8332
13096
9061
11023
4330
9616
1517
320
6555
8742
2534
2745
4076
3899
16136
7042
1541
9999
8465
14530
12459
16169
451
2562
11293
13672
14518
6999
13876
941
8524
15473
6248
6602
11172
11406
13219
7157
6366
15541
15099
1012
641
6510
8997
1358
16062
11707
5405
2738
8864
14179
14358
14396
16
5287
9842
14168
3288
8640
8263
128
6275
5550
14292
13141
12873
5879
10638
2265
344
13434
13004
5385
15991
5488
4629
2552
5368
6014
5985
5097
2510
6963
16332
8089
15525
16010
9125
15951
6223
4231
1578
2904
4859
3136
609
5149
13780
623
3417
8355
5629
8146
4056
13308
9204
7446
14122
8746
8548
12631
3044
4601
14664
13329
9503
3818
3324
2573
9233
16126
2426
7005
9736
2475
3855
230
16084
2682
7839
10270
2339
4289
15549
2867
13477
8610
1546
4691
13128
1208
12337
14922
14118
10411
5172
6461
7800
13314
12688
14719
10788
7939
6117
6729
4411
12645
15111
4040
9491
10715
6477
3263
13549
15047
10997
11748
1154
11976
9260
5408
11731
13943
10797
13330
6148
9409
14160
4490
6965
5718
3648
9844
7576
10847
777
8330
5921
8903
12850
2322
14913
14715
13945
11409
10200
10868
16288
14417
3927
222
575
12978
553
2907
3086
15625
45
1624
6259
1575
2728
2560
3732
1329
8005
10535
16190
8449
13870
3386
3920
6771
89
7793
15137
8452
9542
9657
5505
14544
13526
13738
12909
9497
13199
13345
7417
16027
9221
13863
1681
12749
1728
15785
14111
8479
11844
5296
10942
6776
2849
9160
5784
14438
9532
13514
14046
5773
7838
15325
2052
6190
8789
3276
11501
7291
14186
7152
4952
13800
11603
3224
6537
15073
14527
5713
7907
15912
1039
16106
3687
1998
11776
8446
1535
10866
5016
8861
5221
5955
12990
6116
8511
4670
4242
3643
169
3949
2168
6304
15421
476
11732
4260
14504
9399
10076
13451
15875
12244
9306
13607
13836
2179
6599
2344
8942
12865
4470
9814
13108
3460
10349
11886
8081
9465
16279
55
13280
10138
9481
13875
4572
135
6027
11968
12494
15591
1490
6274
14106
11022
14468
6146
1937
126
7
15223
5202
15101
4146
11741
5399
14428
11965
5085
4201
8988
3692
8476
8464
11852
14362
137
6881
5670
6203
10668
2142
14902
14465
5187
1149
5697
3723
11324
15564
8115
7367
5372
13079
4300
7492
13570
14027
9130
13683
7876
6835
14883
13500
16378
1233
7448
15588
10889
15459
5962
7382
14315
7928
2277
15563
1470
15773
14736
15398
181
1920
12421
13862
11578
9583
16265
14198
14105
13567
14911
3202
5265
804
13537
14123
9566
41
14090
8343
6707
9906
3435
2814
912
6104
6452
12984
11924
15464
9615
11134
1942
4359
13860
4783
14592
10533
15382
1537
7043
10157
4660
13584
13491
9173
360
624
1165
16006
12432
2170
2013
9801
5366
5248
12844
7294
7767
8802
14079
4873
1124
15409
6528
14102
2100
6532
2480
351
9738
378
2521
2710
15691
2868
819
3884
8222
13423
5790
4742
4079
7292
6141
11205
10426
11543
7653
10450
3717
11051
6437
11039
16251
7495
8605
15565
11711
10302
2212
50
12233
7817
2773
10578
8706
10878
105
6473
9332
924
2245
14555
3757
441
728
14369
13065
9837
15503
10295
5942
13156
9383
6115
3843
1220
872
149
1052
2514
12281
2167
4680
15552
8884
4159
3002
10285
11473
3097
3160
12837
5359
2385
3062
7534
2607
7702
3821
12681
4174
6045
12640
10541
5909
10014
3004
1725
6428
9240
6436
9231
14516
2223
1730
6915
12642
5350
7643
1808
13993
2634
15124
7691
15110
11928
13697
11240
14810
7240
7679
10326
14584
13995
3368
1625
13459
15889
14925
709
183
1853
3788
8619
13092
2890
10554
10433
8497
8301
14397
11566
4021
4204
6746
1835
7010
14997
2059
13556
6742
13645
15349
13180
3332
11121
7303
12794
15297
8696
4654
1360
9882
2994
8570
3588
12565
10229
4720
8068
15174
4436
14216
3811
13040
13441
6416
1622
13448
6650
9987
2720
12208
3895
15578
12492
3836
16130
4774
5107
14519
6900
4331
15011
6632
2681
14149
15264
9905
15724
10621
11947
12941
12300
6855
6321
15684
13055
10577
1960
10757
3617
14248
1494
14285
15179
15150
15067
7353
11885
2925
12515
603
11469
8425
4814
8819
16217
4458
657
6617
11775
15850
5622
8135
13643
12027
11858
8266
4616
13625
13405
602
11365
11412
13060
3650
7392
10822
15822
9953
13300
5317
15347
9984
13580
8713
5837
1202
4012
14374
3279
531
11448
10056
5201
3820
4685
15993
4899
3793
9033
9674
7740
7122
5543
6937
1664
15444
5373
1779
10759
5500
3447
8962
11346
11106
1789
13979
9195
8902
12002
6732
7055
11255
10814
8240
1592
14901
10265
4048
11508
14650
5658
3470
11716
2900
13153
11286
6284
2512
11335
13714
8956
4522
11525
13404
7366
10594
8722
11064
1075
6325
1878
4416
12694
10912
937
6629
7404
3011
895
4071
10529
