6688
14468
691
6146
4825
15322
10572
11693
327
11374
12662
13361
5362
11089
2425
10046
5770
14282
15795
16051
15607
2995
4106
15457
12661
3342
6890
13112
8422
12134
9377
12100
8744
11633
1495
10236
231
16038
11667
2428
8898
3173
10455
6347
6462
15578
7434
13050
9373
7673
2791
9603
7410
1740
9089
7631
11632
16378
759
15507
3750
13087
3952
5788
7792
8256
10916
14094
12237
15627
6987
7635
15517
14576
11424
6915
4938
1743
5474
12166
11111
3476
12667
5603
4633
6629
15077
12796
16061
10628
4590
13556
5496
13380
12788
16088
10892
11582
7341
12163
12211
12143
8624
8293
6682
3205
15028
6897
2886
8769
11228
11184
608
12398
1718
3312
1457
11002
15179
14706
12992
4327
10929
12503
6568
16164
7923
6677
6555
13610
1460
7850
1462
6668
9291
1421
12921
13226
11310
12884
10032
725
9175
14518
5648
1694
12835
3846
3140
13053
15187
11325
14569
9167
4674
10733
10649
5753
8482
7242
5239
10794
2087
14880
4704
11736
12491
14884
12050
6328
14723
12543
11535
2816
822
8413
3484
12392
4817
11596
9895
8733
6685
13934
8421
13831
7707
12210
8997
10355
14637
224
1617
14496
8718
12929
9598
12682
4393
3284
7929
13890
4844
12671
10403
8409
10384
14521
13229
6435
7004
10966
4959
3951
5799
8094
6323
336
10818
12381
5956
4210
7862
15523
11786
9524
588
5456
4909
2045
12720
3884
11317
11754
5606
5007
13885
15691
4496
12559
8317
5286
1381
1176
15802
6502
12837
467
1985
11021
7550
11506
5344
6516
1249
3374
13693
15065
12275
8588
4971
4335
6687
4911
14630
9070
12202
14228
10602
4417
11039
13791
3573
16153
803
2959
5856
14709
10761
5326
5748
1199
10268
11678
5575
2381
13145
11059
1195
14606
16175
11742
11307
11797
9816
854
13571
6154
8996
16015
15899
15677
706
14039
7977
11366
3260
9444
3442
3504
2514
9433
9105
11097
6841
11183
4617
10054
12035
9534
518
1072
16009
10676
10199
9528
13184
15613
11968
11419
9259
7975
1310
16161
15001
9330
11921
3994
3776
16123
2675
8747
1783
6957
4140
12024
7391
12255
14915
9251
2018
12473
13358
296
15231
13609
14105
3201
6042
1428
9786
6256
11552
14890
14767
6239
3855
10108
10446
3737
9072
2386
7227
1607
12433
10252
5460
13036
5743
16073
14635
970
12367
6640
4398
3861
8632
6722
15206
1240
15681
4782
7041
7249
1424
13674
15349
13045
7214
2452
14413
329
864
12205
2447
1719
744
16180
6532
6862
11720
13285
170
8957
16014
10251
11837
3184
1568
7743
15567
2997
15703
1218
13735
7131
10358
13798
1947
3740
9045
10513
12191
9921
4850
12612
2080
6271
13117
15296
8589
2315
9067
12294
13268
8008
14666
1311
409
14464
5089
10858
11764
5391
9383
15880
6123
1404
13925
14754
2183
791
9793
12724
1668
12123
3319
9059
7853
11977
10529
15138
8880
5047
15308
3210
13173
5728
4815
8989
934
3871
9686
15391
4322
15081
12782
9111
1258
11636
2906
402
1459
15935
4553
5129
15997
1132
11868
3899
8813
3451
3551
15826
7614
14881
5851
12385
13274
5454
497
14274
2765
12918
7331
3635
6879
6800
14458
12181
11060
10250
16044
8492
1813
807
1550
13607
14776
15153
9334
7521
16204
6118
8885
12353
15901
13920
9908
10867
8544
10885
3836
3160
16293
2550
506
1640
10258
7689
11071
13849
1661
1866
1289
9992
12262
7008
1378
1638
7753
5178
2511
9151
832
1208
9189
11870
8908
2191
12038
1461
7375
11047
8373
8159
10872
3833
3788
6789
883
3222
924
12833
5285
4180
7626
8660
4997
3738
8939
11883
10448
1315
4886
5063
15643
4988
7118
11331
14168
379
9630
9124
3808
174
11193
11729
12514
3614
9233
10092
14891
13234
11517
3885
6484
13680
12947
8924
11143
12160
592
4795
14882
6735
7577
3144
10720
15128
11618
10034
5252
12752
13489
12871
14817
15606
13678
12789
7767
9095
6548
11943
4389
16306
6298
14058
2735
11473
8314
8564
14698
8166
10328
8684
4681
10938
11972
9696
1787
10379
600
11025
14093
14924
3230
9145
752
91
8504
8654
12172
829
1129
9642
16156
11708
498
12854
1631
4586
12
8886
1900
2798
8973
13824
8964
2246
7383
4583
11394
10146
10786
15992
14552
5698
3748
6649
16302
4785
11233
5413
12949
7326
9451
12526
14419
4416
4611
14383
2385
13896
15107
8151
65
2784
7737
6285
16171
698
14169
12351
1370
4910
3820
10898
4898
3917
3783
5996
8698
141
14430
9442
12562
16046
8789
13817
4652
8125
5839
6529
8004
4864
10149
4208
8592
15257
1820
1373
11245
11398
5949
2360
10001
13557
10139
2603
14479
6237
13501
4414
3355
16375
12186
2992
2596
11391
11299
5945
4126
8796
15310
8580
1297
6819
7696
16239
5108
255
7960
6929
1149
15887
10688
4891
959
11390
9574
8397
13988
12036
3070
2657
9168
14261
16267
9730
6858
9218
12709
3601
8411
9268
5303
1913
9132
5722
12745
7291
14292
15345
4812
12629
2097
13519
3869
12090
997
12456
3989
10414
6926
10481
13539
6608
11591
10815
13174
762
2533
9015
1525
5065
4088
10369
14482
8790
8926
12480
14241
10757
14489
12588
11380
7050
15636
5353
12448
14829
10972
693
3468
14239
11337
12177
449
14643
14669
3678
9701
6064
4072
1693
4547
14110
15803
4592
9659
3974
8948
14435
3364
11931
4305
11731
5547
8822
1464
10997
1806
6621
15583
7506
4282
14906
14316
13670
5262
1441
14226
9284
1627
11904
12669
4486
2941
15744
5642
5058
15401
6738
9361
6320
12249
4916
15933
5123
3778
10399
4351
11212
2340
335
4649
15268
13628
10039
5897
13345
2827
7258
10924
7252
14943
11578
14001
6349
717
15950
7208
13658
1835
2380
6981
2038
1005
8423
12352
2408
14523
1836
5043
3804
9266
15079
9260
8383
14396
14229
3835
11559
10470
5459
11852
3418
9993
5117
7052
9195
10163
10590
7956
2202
8323
13192
6066
15539
15399
15610
15796
8523
15136
7200
3090
3207
12923
7362
1377
8299
12904
485
946
5199
7392
14185
8009
15580
1415
11652
1856
3617
5997
3503
4204
4247
9223
12533
8331
6015
7662
15852
11784
13769
11937
9522
16110
194
14903
299
10238
5873
12691
11978
15013
839
3110
9192
12502
7698
3000
7529
7406
2952
4504
4616
8783
8203
6445
6593
5813
14929
6466
7930
2640
14779
15534
2800
2436
6826
1326
1991
8941
8575
13528
5652
5760
6791
2794
13115
14362
8307
10954
1657
4152
7871
1206
6360
7013
7715
15574
5359
6444
5911
9842
9930
10411
6277
8049
15817
8106
15724
6992
15736
11847
3093
4935
4427
3121
712
2535
11302
9069
6823
12850
7901
10873
11753
11703
15214
5414
2066
11594
67
12608
6716
11521
14244
2243
5085
4779
5703
15358
6814
14792
3334
10899
6499
1592
11277
9831
10231
12085
11586
6260
8330
14423
10866
14748
2600
15145
10097
1102
1138
4174
15791
958
242
16045
12990
385
14285
16336
14543
351
11624
6191
12710
5887
6769
13142
9504
4851
4922
10559
9125
2330
12190
14409
1674
14682
1150
14076
9106
4132
6703
6189
10617
16075
14425
15856
4191
15945
12731
7108
10805
2181
4005
7430
3317
2148
3924
1779
7365
4742
13974
6852
13701
2783
10730
8857
14951
1504
13719
15511
15777
16047
7784
464
2426
8222
6172
2928
3754
3709
4435
13788
16350
4801
8850
10335
4490
13752
14183
12878
5669
3077
7186
7533
12253
12532
5674
14448
6395
6622
14992
12393
12806
14678
4500
280
699
15976
6743
5621
12179
15398
12976
6777
3494
14460
8959
9705
4122
12984
10999
10180
5074
15263
11613
8220
1615
8381
523
15773
7077
14724
14017
5775
11037
3251
9535
13991
1961
5120
13324
12922
3826
12722
5138
9960
15402
9922
6741
13221
11791
6047
8811
11365
12387
3159
8075
7190
4288
12003
1330
11262
9518
14990
9271
13065
2357
7140
13030
10498
7034
2035
104
9449
4463
13998
5077
8370
3916
8077
2294
8797
4869
11567
9666
11699
3330
3953
14594
13740
15207
3381
7664
9464
13209
15319
13014
9925
11750
16314
6333
14694
5004
9552
14854
5061
13751
216
14150
594
9580
1954
11908
2989
6684
8368
1822
12925
93
5549
11741
3385
9345
13169
10671
9823
3318
10616
6717
16163
1487
12169
9473
13336
660
6403
3107
14262
11947
1444
11629
2120
7978
13165
13958
6379
9907
9623
9775
16121
7
4919
13892
1904
14795
5804
572
30
2619
2828
3823
2301
8800
10176
3625
225
7257
11608
4498
2431
14256
8823
15513
8483
1716
4750
5614
13964
14654
10986
13949
2163
11147
5821
2464
8743
9429
12639
13902
9440
9406
8637
7423
2391
4762
14170
8897
8775
14163
15892
9217
8851
119
1863
1014
14685
14969
9230
4033
14485
10028
15381
15025
6351
1125
12175
8396
9384
2812
7161
11330
15621
1919
6016
6270
5351
3609
6232
16256
4887
586
12412
11361
7927
9783
5697
15882
4542
5974
10023
14087
8395
2085
2293
7611
2200
8399
5967
16286
2135
4855
14535
1393
11411
14713
15943
14102
14516
12174
2815
11934
3913
10556
6911
5073
260
10871
14837
6324
13560
7579
5636
15851
8499
7000
1843
10777
6882
10519
9324
12278
14558
5150
2637
15219
11561
3027
4441
1565
9219
7684
9027
8122
12273
11194
10497
15809
16247
183
1246
13472
7920
13764
2914
14081
10521
3252
10592
7060
6588
14717
3925
1540
6647
2334
4014
16299
16227
11863
1858
13796
3570
10996
4569
5494
11110
3296
4040
13526
1915
6984
4000
13055
9684
10838
8146
325
15591
2292
1845
9016
7416
14354
4444
1741
11385
9400
13381
8180
14528
10578
2705
15996
2778
8292
2752
11724
9611
8260
11046
15921
3262
7963
8922
11454
2375
7713
14010
10079
4355
7358
13787
9968
3169
10893
2170
8012
8300
9019
3035
15994
328
4063
8212
1939
10143
5171
11127
1650
11695
15195
8185
4368
6325
10381
7572
9543
7972
14481
5274
4826
14176
2542
14931
4234
10081
5536
4154
10901
6178
2092
16062
7551
9411
9496
6428
9610
10743
5933
12705
12619
10937
12350
774
2442
1875
12417
11112
15148
6229
6564
14567
15544
4461
7731
7769
12649
11823
2578
11300
10443
12472
784
7346
12234
6060
884
2020
6346
6515
11044
2312
9102
14831
9204
12732
14790
10304
6924
9397
7116
3580
9327
9938
15387
15810
14620
12568
3304
2740
13681
8071
500
1303
10405
13718
9617
16330
6511
4155
8261
11487
4312
5028
4556
5439
15185
4507
12836
7530
3867
6359
8852
429
15073
9305
7096
3293
10807
11856
16243
1791
2742
13181
14634
14127
6155
6944
2832
7304
11145
5586
4749
11420
14803
13211
14833
1549
1826
9039
13022
6968
10651
1711
1407
8177
9459
9209
14434
5894
2399
4575
13794
2646
3534
10387
16150
11258
13951
6830
16179
7789
7293
5325
12227
7813
15715
13164
8205
5983
13615
133
15131
10037
11502
16000
4036
189
7729
82
15807
11062
10362
11397
10973
13343
4099
14415
865
9103
7441
12677
479
4830
10625
11631
12266
3025
7578
12523
7301
15831
2304
16300
10208
16013
12729
15617
9022
1797
291
4238
2799
3714
12334
3725
7764
13443
1385
13387
5372
12958
9211
11655
7143
9777
3560
6673
7854
139
15937
8178
1854
8710
14243
6803
13279
7435
4372
13555
12717
15473
12708
12449
10058
12948
15705
16055
8149
5232
14770
7523
13854
3427
5036
10953
4744
12860
4967
12507
3876
14532
6159
9693
158
5936
2160
6624
8484
8766
1686
3842
3055
1799
12216
7024
14695
1992
6905
16112
5014
6192
3888
7307
14116
1270
7535
11838
10906
6556
7012
15212
6090
10970
4428
15686
1861
10368
13586
7451
33
9155
16166
3883
12666
10518
781
2449
3195
9868
4605
14553
9250
7876
15936
3126
14850
3544
4158
1107
3390
7692
1666
11747
16372
15676
2743
5545
13488
9371
3554
6318
3058
2150
4373
4965
10227
3373
6234
10610
1313
6278
13567
1945
9362
7289
71
1699
13834
5751
15798
2492
14629
7336
6420
11336
9456
7839
13767
13936
5021
4430
10170
6081
11404
10870
14900
4299
13257
3183
285
4984
5998
12810
3697
1273
7814
10552
5585
7528
2258
10391
15884
10783
10563
514
3036
2929
11216
12496
11378
4061
15582
2462
14825
15923
10532
6785
14304
11952
300
1481
10910
14930
8912
12840
14037
13494
3043
7612
4015
12955
14847
9099
10796
11725
12495
8787
8842
1103
2541
6796
11118
10565
9036
12787
5375
13905
6407
11137
3998
5208
10774
1628
4440
4341
4746
3657
9460
1089
13029
12343
6650
3392
8573
6464
3101
7903
10727
12917
14573
214
1187
11906
12230
7547
7238
2242
179
15579
8279
14690
1265
9852
2520
8891
14222
8468
11250
9505
6253
8913
4632
13491
10388
3129
15903
2343
6354
954
7798
8026
13617
1219
14356
11922
2669
783
15951
3665
16124
8809
5820
2870
6614
5561
12026
10512
3132
16260
9904
10464
15820
9791
12690
1734
5704
10706
6218
9531
10459
9615
14486
8900
3224
10259
1688
11000
14154
15047
16222
7027
7171
14283
1296
7895
5592
7367
4307
5773
2835
7457
15746
503
2621
14971
16305
7105
6645
14030
307
13108
2024
6108
1363
1832
14658
10080
14427
4396
14675
6077
16140
2320
14939
6728
6003
7763
193
3255
3739
1364
5802
11789
16077
14254
11274
2273
6414
13120
6158
11210
6892
9503
11102
6252
11072
14530
10447
8916
2673
10939
8826
4165
12798
10089
16133
3428
1848
3907
4316
14513
5038
9972
4469
15389
12252
10614
13130
6571
12310
5764
10949
14545
14736
4839
1078
1988
13650
5483
10035
1515
13159
14784
8235
10895
2677
10390
12516
14242
10243
1538
7325
6099
10366
13127
8190
2562
5639
14287
3448
7120
11751
11438
4585
374
3893
10828
6075
338
108
5870
6389
15115
6163
2430
6193
15329
1029
4833
5994
4059
15393
9399
5216
10427
4880
667
5991
9990
11621
559
4359
12530
8873
2444
9467
11824
2591
6009
8308
14857
15509
5360
10690
9380
692
14640
14286
308
10218
10619
8951
662
9539
5111
8846
9314
16158
15893
14144
9476
16380
2786
9236
11603
13357
5268
989
2059
9586
15981
13047
13384
6794
9840
1906
13703
2777
15377
13391
8703
11035
8339
8562
1178
10442
1589
5665
6433
12765
10808
11270
16229
16289
3991
11249
4001
15064
1528
15332
7553
397
2850
731
4078
694
13052
3137
1198
12694
1956
15659
14447
12853
16082
2165
13207
16030
10645
1579
15508
6762
6534
6129
11944
1920
5320
9664
4650
2197
2192
10038
6844
8656
16025
6307
13084
10533
13961
15496
15199
15363
7994
12794
10607
9159
2837
13161
3775
1288
9477
10643
12577
12453
4551
6071
13989
7889
7851
15068
1884
10517
13981
4457
4828
15811
11912
11218
14268
9758
9717
9207
9804
15566
5841
12954
13664
2460
13840
11095
14751
2189
15593
14953
410
4552
160
10948
9243
7282
15710
6770
8560
1003
6745
15546
1595
6977
11819
8461
15161
4010
15733
6215
16373
4111
8044
15017
7546
221
2434
8085
2254
10179
15475
3042
14501
7091
7159
2999
11907
3063
9507
13606
9035
3065
4423
3868
4644
9833
10622
13618
12738
15812
12919
3920
6030
15317
5684
3684
322
12683
15697
14294
5552
14065
4784
5393
11120
9632
8513
3811
13876
8647
7846
10734
10253
7560
12644
1115
13826
7218
9367
5206
14156
10741
5860
14211
15719
13208
7342
801
2893
1411
1052
654
14952
6292
11600
15258
14034
6331
8599
1050
7276
13912
6235
2848
1724
8577
9011
15670
2224
623
8406
15452
13351
2793
2721
2488
10298
2079
2531
15127
7588
2764
14768
12569
2690
7615
9906
2942
11294
11911
11505
8388
13243
16048
6646
4113
13089
14498
9951
5520
1061
13177
14219
15300
15529
2405
6188
15313
1737
8322
11252
5449
1282
13946
2648
5167
15543
7205
12618
9418
3940
5729
8824
2594
11166
7709
14932
1470
9368
8013
4581
9164
6038
11639
9081
14452
15029
13263
15000
3164
4265
12596
5012
6055
3682
5511
4796
12386
15977
5680
7046
1581
14716
732
7420
11846
4601
12303
841
10611
3969
2211
3756
14029
9806
6404
5526
11991
5180
1164
13939
3687
10606
877
13690
1016
5655
6718
2822
6869
9809
14300
5624
16311
3238
13969
9799
12446
3985
2019
855
4987
15771
15176
16095
3648
10595
2851
13897
1594
6623
14979
10814
118
1285
12751
4668
7147
9592
9876
14095
7989
1255
1761
3407
10283
12004
6132
5003
8724
15730
11051
12515
4037
1212
5503
5308
11381
852
5209
7135
2033
387
7624
7155
14970
12315
8673
900
3829
3621
1034
8040
14571
3176
12501
8252
3546
12591
14538
10627
16065
2044
12157
15554
14623
5874
10912
15991
6001
7754
3880
146
15224
12605
528
8845
11840
14972
773
3565
3710
1030
1771
14399
971
8041
4224
5583
8028
6896
9608
2353
12425
2858
12851
3703
9536
2458
16135
2654
121
6377
13442
11024
13671
8273
10351
1145
3937
3701
15581
10269
3550
526
7690
13507
3258
13095
13352
5657
8456
612
679
5737
15699
11188
371
14997
8467
3902
9882
14954
793
12972
814
845
3154
7228
2275
14018
11279
4397
15170
289
6176
9588
14013
7554
8742
7175
350
6269
12655
8420
1331
1257
3726
7049
12199
2278
8538
1031
4100
13995
8057
2809
15596
5935
5364
10603
7786
4401
4897
2439
4890
14646
8607
5049
2566
13822
481
618
137
13404
5287
4615
2868
7225
10725
4759
15172
941
15400
7313
7555
1649
8437
14213
14359
12299
14549
6822
7426
6005
343
13474
9303
2506
13340
11456
14175
7735
13200
12314
4857
10360
11525
6494
186
3197
10547
6870
6804
10812
6230
12674
6868
10831
9113
13954
8441
2802
3167
6138
293
7345
3464
11602
11543
4946
15256
10210
11392
15014
15602
888
9315
15188
399
12444
1056
14057
2244
9555
14293
6265
9894
7274
1892
10875
4147
4021
13818
2537
10135
9238
7908
7600
6087
3964
7938
8101
12872
6020
10956
3014
5966
14757
15177
14329
9956
12152
5094
5165
1599
15927
10201
9579
13393
16276
11768
13083
12221
1976
12829
6225
10659
7783
15486
250
11362
10293
3409
5504
9933
165
15032
9417
15315
11329
11531
3087
8469
14563
2574
15335
11579
13189
4773
12564
12767
16011
13103
3912
4831
9948
10775
6590
5607
6343
15119
15799
10377
7900
6471
9468
7574
15671
9915
2966
14579
11395
6569
1746
11462
11507
13305
16333
10588
14083
13906
8463
2233
13423
2785
12144
3593
2965
3619
13927
9810
14416
3013
14944
16195
2911
12340
15586
11196
1335
4162
1450
9210
4186
7461
15150
3294
13857
2661
603
5510
1503
9773
11286
3430
10650
3323
4006
1392
3038
9857
5604
9370
14719
10273
4365
12726
2741
12332
1870
6603
2077
7471
7315
5024
13777
8556
6264
16326
8695
536
6871
11719
2527
15218
859
4639
3231
6501
5307
12469
10925
12664
3086
9221
3767
676
10237
16290
2986
2587
13158
12061
10192
12734
3422
1463
31
2831
13975
7948
1768
8114
2502
14011
13909
878
12844
8727
3856
8142
8503
3606
3363
1750
3495
8204
6114
3616
16118
13842
9516
3483
4424
12777
15690
620
6408
7241
10564
2833
7834
14755
9197
235
10157
9172
2821
2946
1065
14813
6577
2700
13531
1388
3698
3236
12000
2881
14778
7275
4626
3113
13987
7366
12867
11106
13386
2129
1839
13388
6465
10779
15464
15619
4371
6589
3177
7701
11406
6085
8152
15524
14108
10479
2376
14151
12506
12069
12828
6778
6289
4954
14759
6
11828
675
212
15173
11423
966
11884
8522
3792
8929
15839
5101
7759
12598
579
12883
1932
15146
5365
8773
777
5275
15113
4056
5166
5397
6636
3548
14191
10692
16231
5228
6514
7488
9048
6630
13017
15750
3962
13741
4328
6991
9721
6694
10
15519
7726
12993
3583
6258
6319
14756
13323
1230
7149
937
14031
915
14401
14975
5902
7398
11805
9137
1514
9660
368
5702
14128
7184
5277
7617
3122
15478
15792
15016
13886
12062
7167
3972
16377
8127
7182
3801
15409
2882
10714
4304
4927
12748
15654
6573
13919
6007
2111
7819
9117
12404
14009
9604
2757
13465
2049
333
16021
9529
12023
11858
7872
9683
7010
1394
632
5609
11601
7856
1117
9437
9129
111
5838
4344
6489
2041
12333
14272
8608
14583
2695
12638
10333
6036
3942
5845
4160
3630
12648
6074
14387
5144
13713
4356
9849
9028
6221
13114
4933
6447
11962
2903
13097
540
9870
11011
7836
4543
4192
11570
9423
15718
13589
4889
8601
21
8076
820
14686
11180
69
896
123
8424
1489
684
14797
14483
9974
3982
8429
4269
2558
11204
2612
4139
4294
10935
4293
8284
10357
14782
12740
10971
7824
16367
7343
3571
3143
15752
12529
11152
11903
11523
6513
6139
6405
8933
6656
10367
2220
15102
5626
15999
15449
9161
7788
14422
6876
681
13167
14794
8719
12868
1524
15294
9553
12378
13137
15947
2234
16238
4596
4413
7323
15287
8741
8001
10297
8915
9274
14557
10750
16368
12098
10615
12841
5525
2873
12130
12148
6937
944
10536
10359
11763
9033
13602
8866
12632
14199
13753
6337
3049
992
9782
7582
14234
10926
4769
7185
7748
5090
4915
2750
7278
11276
4643
2534
15940
9435
15514
6309
15551
14187
4947
14146
15418
3114
6631
11234
5995
1977
12978
490
7762
9495
3481
7413
8027
5215
3190
7990
4893
10272
6315
15098
7537
6097
815
8191
10287
1497
10164
9351
209
15666
431
7746
7298
5304
9910
2108
1671
10138
15396
7290
1780
10482
8286
15600
13452
13101
3149
5347
13790
7841
6321
4856
16303
2427
11173
3328
3694
7233
6906
581
1498
13019
15467
5486
8987
15228
3182
2679
9521
6715
2036
15713
12651
728
571
6975
3541
12108
15626
2451
14020
1301
4474
4032
3929
43
2003
13252
8884
10583
12250
5757
9455
10314
4319
13883
11179
14045
3641
1214
2773
12950
557
10009
11530
4803
2739
13037
8233
3273
15778
3919
11519
15083
9890
15556
10566
9107
9269
14554
11642
6704
12995
5104
9110
13032
10120
2951
11744
12233
76
13552
3479
11350
10256
14333
1477
268
12902
2328
1966
15181
12760
8539
1200
3715
13503
13758
16262
13770
7090
14026
13375
6956
15564
6144
11497
8942
1864
11257
4049
3155
16071
4642
9918
4669
12497
13122
825
5279
5617
3569
11698
14791
14566
5844
4284
3809
1262
1815
13955
8400
11280
3289
8853
8516
6388
6710
5160
9501
701
10754
10096
455
15255
1874
8238
11619
15435
7295
11556
7373
10667
15652
7590
7508
8224
11268
15487
16284
8366
6653
11839
1948
4205
11923
282
1978
8088
7089
2572
15171
1765
16043
4151
12880
9734
10261
11564
12032
3764
1053
10932
13805
2467
15568
4285
11843
9747
11650
11253
11986
2441
10136
4711
458
2247
14232
3958
12188
6746
14962
15003
5207
14322
14173
6802
5246
11580
4263
2549
6875
7459
13943
3157
6361
4094
5889
5923
15355
2507
13371
4876
3891
5577
2060
10770
13148
4057
4882
14337
8818
14004
5562
4144
16285
9374
12206
13250
14610
4952
12866
9843
2710
1769
8571
6779
4451
1907
2569
7520
7562
9012
11732
3040
6410
1944
8436
9174
12831
8680
6609
9687
792
1942
1804
9625
4638
2516
10585
5801
3321
5554
10843
6306
7758
9567
9681
13410
11723
14032
4449
683
4755
7629
14358
7988
12657
827
1522
15108
12421
11421
13144
15339
14325
8616
2002
13739
15333
6759
13090
204
1543
12028
629
1468
16254
6971
9708
11879
7099
7777
3721
13362
16327
11689
11266
8920
5421
11208
2846
7479
10704
923
8600
15510
12192
10421
14522
11019
326
1140
4258
703
6980
276
7271
7721
1431
14077
3420
4287
8119
15114
1685
10260
3300
9441
11131
6156
10056
6733
15375
4046
12886
696
10209
4574
195
11709
5656
13973
2598
9056
15926
7599
4086
14456
2970
1536
2806
12073
9353
6150
7065
3098
4878
5500
8591
5335
6161
9854
9720
11909
10316
7396
9178
16298
12768
11834
4515
7669
9177
1432
15741
10290
14214
6877
7652
16251
10693
12476
15410
6049
4065
8416
8039
9724
15008
5772
4198
2240
5992
15019
12006
23
14212
909
6689
173
11980
2498
16352
7015
15286
10394
16002
5985
14834
11230
12808
12405
515
10656
13048
2982
7806
6834
15618
5218
10270
3733
951
8262
15533
7566
1180
11877
1555
3816
7603
14384
5289
2767
11387
6338
7194
13872
10890
7945
16129
7907
1895
14947
12379
14025
8784
7123
11029
8958
8711
9657
11854
10346
14844
7719
6490
14989
7968
10841
3279
16278
8280
8104
6812
7507
13634
11971
10095
10087
16017
5385
5392
13319
12899
13155
1456
13282
15326
5675
13408
7542
1453
9672
3848
13643
14948
12500
771
7456
2161
5376
154
9698
6821
4673
13204
12182
16288
5710
15338
5523
13223
4339
12263
5076
13043
8755
14550
9797
7496
2656
661
3168
2067
2308
8402
13598
15439
15836
12176
12197
12056
15535
7377
9290
15500
8528
8010
6459
4073
13723
16115
7414
2615
10666
12214
11023
7058
3520
1295
6031
9486
787
4539
14504
11049
3950
10661
16259
9697
8664
5158
15082
14186
15548
3060
2807
5871
14600
6797
3755
4729
13245
2454
5863
8046
14747
12009
12859
4576
6953
14529
912
298
14161
7368
566
14431
13359
12059
3309
5152
2260
724
16340
14475
3069
13057
14814
11472
7718
10326
5535
15595
16355
5110
12027
5013
15860
471
16261
1596
1789
15129
6131
10279
10200
9329
11349
5937
1094
5291
2888
6969
2776
9740
3934
3253
1302
8020
4701
11722
7070
2477
12366
13559
8007
14288
6815
7393
365
2350
15631
6480
12137
7232
10662
3666
2958
12432
14615
12574
16120
16381
12689
14417
10207
7655
9489
14856
9530
4786
9185
2415
1847
4758
13370
317
14745
11898
16369
14159
2232
12111
10575
1319
12597
7243
3263
8840
13020
6004
12696
8666
7213
5301
9320
6180
8092
10821
4011
11368
4336
6311
10594
664
3391
5905
10240
14966
14225
12484
1576
819
15813
16091
2010
6162
14404
5336
12290
12420
15069
2613
15413
16362
9896
5436
2070
4117
1362
1154
9568
7180
9864
3320
9046
457
5968
9703
4715
5217
14263
14007
10686
16182
8661
8086
10457
3193
8992
16329
6345
4651
14278
4274
10184
11607
10190
13662
13575
14762
14376
710
10859
7549
6262
11817
5749
11297
10747
6363
11739
3935
16151
8337
4860
1969
12082
6625
1690
11746
13482
13626
13940
10350
1667
2473
5406
5891
5184
9551
10557
14275
4300
16252
1221
2605
10119
9257
8568
9216
13455
9738
9484
5002
3099
5867
2697
6786
7384
6125
1624
1897
9814
203
3692
7932
6305
2027
10490
13682
12360
4501
5446
556
10334
4877
10554
15865
13754
7154
5383
4275
14672
8943
11048
15462
11663
1036
9647
9725
8641
1233
13846
15094
4584
239
2290
13016
5319
5382
3948
7668
2720
4177
15712
8134
4695
2731
5006
9326
496
7078
16080
13511
3724
1118
5431
16162
15678
9873
14742
6279
2616
5630
12084
1351
2973
11585
10514
9861
10460
380
1570
15988
5527
6665
8892
9751
3044
14876
16241
9548
3322
2365
1207
12757
8018
15825
9983
6783
2571
8170
14727
8109
7803
2117
5155
3862
6580
3628
16235
16191
15411
13732
14220
15436
3026
8356
8019
201
15420
11288
1957
7647
15873
14561
11920
10702
12513
10516
15052
14223
3024
13447
14641
11662
3642
10393
1419
15140
5042
12183
12576
1359
11478
10568
13041
3488
1928
3216
2993
1374
4462
7380
8631
10476
13948
2184
136
11550
11244
10434
12464
3417
14872
15949
11081
11334
16337
4781
15078
3938
6255
14050
10156
2650
15492
9506
4628
12427
13736
13001
11409
13613
10771
653
0
14086
13956
14785
10632
2715
9538
14616
11034
5176
9321
11928
13306
11240
9427
10205
5806
9880
16199
9550
10979
10994
8408
2760
10018
7666
13768
9009
13246
281
1574
9350
1348
14661
4829
6749
4114
15321
6381
1811
7674
11867
6084
5200
9262
10344
12439
15563
5578
1955
13063
4370
14728
2043
1485
7433
1165
2687
1203
3538
7158
447
10477
13816
4544
9275
16103
15692
7835
14171
13395
9385
11372
5670
4138
6171
12707
15477
12813
5623
6429
2046
8266
5514
4789
14042
3133
6070
7527
4558
13538
7628
8382
9919
3406
7739
3480
11175
5008
2611
5059
16165
3827
14608
4761
13838
4436
12075
4983
5249
1710
9526
10767
15939
15834
1354
6455
3181
14671
8182
13420
10960
13548
8776
2225
8928
15051
7618
13864
8253
12087
4411
8244
5676
10501
3454
695
8985
7941
13125
5823
808
5225
2317
7585
12512
3023
15007
9139
12483
2830
7222
362
5318
14520
14284
5017
15392
770
1534
14348
13687
6818
8099
7616
14449
2602
11399
12057
8116
14702
11917
11080
14215
11091
10030
228
4538
12291
3992
15585
2961
16365
2955
5485
16313
13367
12213
4296
7002
9619
10397
4534
11545
4323
10371
15905
11256
7466
1443
3335
3397
9112
10855
12107
144
16168
20
13564
10364
12524
4058
3587
10803
12856
9584
49
13054
11457
6617
15158
3677
10262
15644
14914
2645
4105
13638
13724
9669
5088
12240
9905
9979
15990
10877
10168
15394
10278
3966
16052
2944
2983
9196
3270
1127
12358
9510
1986
2377
2130
11389
4384
13018
4895
14248
6585
3067
5257
3843
8173
15460
12033
2518
1542
13479
5345
4579
8932
63
2688
12260
10352
14104
13327
14218
3838
12338
8187
11713
3459
925
6430
8065
4421
15918
10274
9058
12251
9308
8709
10167
13485
4266
12150
15050
5148
16213
9087
15674
7470
8642
8129
4998
9520
5087
13976
7268
6808
5847
4179
2265
12430
6601
1339
1927
3146
10674
6581
11108
8179
12284
9301
11807
2981
12167
3280
10065
7260
6528
3485
227
13256
9279
5913
15390
11396
2056
935
12790
15665
8611
6836
2554
208
2332
4181
8657
12719
13464
15215
11683
14865
9987
9313
8150
12471
6110
6434
3563
5890
13070
609
2372
15278
15804
1445
12517
1488
10029
8243
9214
10612
4737
9884
15151
9446
12634
6979
16183
8132
3247
10753
16029
4526
9818
238
14158
15369
9127
4645
1215
12766
1113
2595
13611
10187
3281
6705
10392
8714
3637
10373
14139
7348
13592
11431
13205
3629
5205
15868
10864
12279
4720
12504
15353
2139
6103
16169
15144
15072
10181
8068
10042
11558
3031
13706
11077
12296
6267
9461
6725
8353
12988
1327
9276
7852
11961
5238
12937
8781
14240
15872
8056
5374
4383
13630
7924
398
1491
19
10927
6133
3068
131
79
15031
14051
1496
4053
13039
7465
11590
5294
15359
14469
630
8258
11291
11860
1136
7723
16192
14280
2560
8713
760
13903
6294
12462
14266
3419
14692
11340
16190
5487
7955
13517
2172
3611
4702
14585
9605
2658
4993
12636
11470
2943
12750
15201
14720
980
11803
9049
9357
5712
11691
10203
553
9865
5329
10086
11802
5025
7804
11538
12563
4489
4028
1912
181
4364
809
1511
7967
2910
9498
4471
7660
9079
16063
2681
8864
12534
1837
7137
14818
15026
9939
8505
15695
7670
7170
11466
15244
9462
8821
8511
16007
3198
7589
288
14303
7512
552
2226
11874
14024
3828
1318
4845
2084
13835
11520
7112
16194
9750
7016
9083
2373
7138
6468
9295
7838
9032
11617
13608
283
1637
3039
3150
14055
4013
278
11474
4536
6958
8326
7686
15444
10264
7310
7575
533
10882
8051
12934
8230
16248
8540
7998
15304
9123
1873
11114
14067
5342
6380
6664
13587
9053
243
5975
11415
13378
15745
253
1575
5738
4587
4520
6061
9097
11342
5849
15427
384
6940
15134
1008
3266
11312
8621
6845
1047
3074
10228
13990
6242
3857
4381
2780
15106
4093
4722
10271
596
9934
7720
10992
3742
2475
15853
9743
11806
10543
11282
8199
9063
14749
10061
3760
3521
14653
9358
16274
4597
10255
264
10879
14182
9378
7401
8699
11241
11400
9545
15472
7467
6702
4863
11598
14733
3473
13646
6200
15311
11006
6680
13267
7843
6927
13021
14092
9395
12960
13537
15226
8496
1763
15614
15960
5659
15912
4767
9714
14238
7256
12797
6736
16081
4482
13807
930
3736
6642
3447
7658
14597
7966
6376
16050
7339
5009
11055
10713
10306
543
421
8991
16246
11376
14869
9135
3784
484
10308
10636
1045
5253
9589
9913
933
7918
2051
10846
15875
4870
11605
3640
14106
3908
2309
3305
10066
4134
15163
8227
13418
12966
3537
9502
13941
12327
5551
2703
5317
14235
2556
6967
11453
470
11614
14296
11351
7443
12005
4172
14874
1951
4901
7623
11915
12345
15350
12288
213
8219
478
12142
11319
12156
3719
4135
15057
11830
7212
757
9225
8464
8060
753
1825
15197
306
4719
10710
5480
9756
16226
13916
11491
1828
99
11759
4494
10538
3780
9179
4303
1324
4170
14763
1413
8054
2481
3053
2138
4382
7844
13581
11468
2931
7039
5156
16383
7905
9512
8668
11942
12488
3659
7565
8415
15342
9800
6157
6866
13171
13950
14902
1569
1458
10802
13086
5591
3076
7842
15735
10294
15293
9998
3443
7514
9945
6554
4146
13651
3837
10416
10709
8358
207
13421
9281
9732
2356
3679
6398
2112
6416
831
6756
7728
6990
11774
5719
10473
6592
16068
1153
3875
1420
5031
8248
7316
11232
5327
16361
16069
2884
2175
9040
8869
11441
3947
2530
10744
7251
7656
9096
6194
6860
3923
9532
422
13962
9845
1808
14351
902
5096
16056
1924
3607
4778
11945
11665
13859
6438
10672
2801
7263
3676
6615
8053
6951
12540
13081
2610
10409
5502
11796
6945
14118
16335
13005
10465
15260
3716
2919
10202
13132
3226
7725
2389
3956
3125
13877
3223
15657
8762
12380
3645
2418
14121
13119
13601
8343
15822
7540
3602
15879
6648
9558
558
9581
2235
7141
910
2536
11671
2342
14246
8126
6393
2001
2717
15537
10182
4194
8633
11597
12001
1962
5742
5840
9985
3685
2557
3946
15352
1308
10062
12933
13302
3612
5671
8558
8817
12440
5445
634
3623
3211
11197
2459
15095
10475
7931
4069
9719
4362
4822
10639
5369
16018
12414
10549
5328
12505
8887
5453
11096
3662
2180
14207
14289
9599
13584
1982
6572
5920
11964
7793
14494
8837
13621
3759
4003
5570
14968
6166
8879
4103
1698
11756
11574
3822
8022
16040
14667
13377
13869
3382
14809
6863
853
2839
12981
4573
836
15480
14864
451
11162
11536
2438
14927
15312
7221
1778
8758
9828
9889
2722
8561
11092
10665
12775
6130
772
8462
3325
15776
12072
6168
267
6254
11354
7954
4843
742
14466
10624
13699
6238
10376
11130
13573
13318
627
15415
4499
3085
5498
6332
15808
15904
12957
10417
9613
3306
504
758
16084
6079
12443
7654
3910
13085
9757
9341
11573
4292
3162
5852
403
12846
7042
11178
180
9546
7965
9692
12776
13060
8404
1612
11417
11444
388
8341
15382
8305
2263
10670
9166
15721
15919
6880
3057
1027
3831
3387
6559
1665
2009
14085
10694
12017
4956
110
1471
254
7564
12146
11267
1824
10853
15701
2976
13917
13506
7157
420
7609
11680
5833
10489
5256
8452
7675
8365
14977
4419
11761
1376
1352
9949
14510
811
7950
15870
14090
3673
13972
3622
2484
7124
8394
10263
3757
11260
8475
12865
1369
3894
8911
2538
13915
14908
9952
6562
12377
1715
11338
3965
10103
16154
12487
11198
3217
4725
5005
14815
15062
8100
9596
6578
8786
12679
14189
2885
6365
53
10220
12242
12151
6475
7563
12292
11205
6350
4775
3901
1325
4740
9716
13298
3977
13433
5259
1217
6458
13056
7387
7820
4892
10383
4153
14016
4439
15794
9525
8536
7269
2440
5273
10830
5662
9165
13227
11551
10050
10984
778
7231
13331
8491
9037
14866
14729
12348
987
7439
8610
11482
5386
15248
11333
14147
11476
9744
4609
5244
1753
7128
14955
5885
718
1286
3594
3030
11298
2756
12020
9283
4732
7942
2699
5022
8128
1898
7028
1493
2015
3834
1817
9122
11440
3313
11623
1896
4289
7598
13738
13772
6522
8024
13684
13100
15930
3689
4487
8878
1300
11541
4271
4142
4230
11087
6683
292
1238
6874
7085
5922
802
15824
15669
15274
7661
4256
8902
3021
7203
2712
508
10654
7216
14109
5726
14710
3741
5848
9627
15483
12552
10337
126
7943
8855
3897
14196
12584
438
11295
10107
12830
4226
9590
1205
2378
3033
11235
8450
8058
6008
15922
10324
270
13397
13075
4203
9333
5204
15180
15167
6224
7094
10158
5791
14839
10419
1390
10576
466
15130
15525
13287
4409
2522
11369
4295
8313
6207
11489
10496
12395
9969
1776
13629
11955
5859
4156
14821
9771
3997
979
2963
9387
11827
11938
412
4716
5052
5195
4448
16376
1474
5428
414
2141
4360
4324
9980
14068
9887
5338
3368
2579
4450
4102
14073
8048
10004
14982
687
14290
8844
10291
510
3421
9248
9256
12971
1111
5377
7859
7001
911
3746
8706
16344
2706
12336
12823
9382
4703
606
1782
8439
12465
6317
3735
4565
259
15538
12595
5462
12319
4566
7818
9148
14673
5644
11687
4412
10715
2476
9955
5741
4926
14279
6989
8635
7677
11247
8490
9838
3034
15848
13046
13428
12706
9668
2573
1169
14598
645
5163
12843
8140
13179
622
5909
13806
11146
13468
10961
2429
5083
8034
13238
8697
1124
8788
1038
13784
13419
8629
3172
12325
2853
2409
6851
893
5673
4620
14411
8426
4903
1539
12154
1651
8489
15815
13603
8805
11588
10630
16005
13673
4571
1307
3185
11700
4472
3243
10577
11528
15588
3655
16012
16070
14613
2348
15035
13785
8548
7823
7870
10040
2455
2495
790
14680
3349
4932
6051
9523
2559
984
6707
1416
7744
15737
7899
14472
7821
10332
3465
7581
5660
3540
1395
7645
649
7206
9711
9776
11994
10705
10852
2620
9263
3352
6467
442
9215
2299
4254
12802
7142
12889
11515
11160
9652
4659
4168
5812
2210
1093
4696
13320
5223
876
15284
2414
3456
1551
13196
7160
502
8442
11022
8520
3498
7146
10302
10504
12941
2030
4999
12624
13369
8455
15611
2417
798
12474
3889
3071
14027
15558
6963
8549
7890
13445
8730
6026
15005
6670
4477
7534
11743
14537
5312
10530
14424
11853
12646
6539
16287
12959
13034
14053
13463
590
12739
4948
444
7022
10689
6546
10861
3353
5826
2714
6072
4406
5373
6151
10485
10700
10010
13865
1983
4066
15414
6299
5542
2319
1865
2086
3660
14679
5768
3268
12774
9041
2774
8495
7873
736
2125
5588
4888
3218
2384
4918
4119
14153
7199
10219
1886
12040
3978
5055
3103
9354
10541
15832
11090
4202
2555
7678
13153
11169
12043
11136
2599
8270
3626
8069
1278
4027
6888
12407
11905
12897
9839
14247
7390
7766
4388
15388
6530
15672
15575
11547
4996
2289
1704
3261
12522
14019
9866
5927
7911
8043
15706
12451
15006
15911
344
13300
8595
11727
9848
9517
11835
8417
1950
15830
6523
266
12772
5878
14506
8155
11569
13781
15316
3037
2253
10959
828
6919
2510
6399
7906
9789
1349
15289
14281
9170
8806
5235
6302
13064
15913
12603
3389
12623
8622
6850
11987
7436
9901
8354
7191
1451
8059
7270
7799
3338
1751
3453
10183
2182
5762
11084
5663
11542
10361
86
9491
10031
2094
16309
2643
4774
2147
4306
3656
12779
6495
4757
4678
4445
658
10487
2990
7745
16221
430
734
4675
4231
5078
11676
15205
11705
8662
14339
13002
13328
11483
8449
10420
273
6498
10152
1580
2123
14612
12723
13141
4861
14184
2300
3232
14737
1994
95
7489
2364
14210
11458
2227
2902
8277
8335
5596
13363
369
9285
3458
12106
14619
6431
15862
15728
13374
13799
8162
10571
1936
2543
15717
9582
1280
5263
9819
16266
1717
16004
10544
6939
6362
6655
13979
8584
5019
8393
4184
3002
12665
7710
10321
8774
15816
8782
10509
11346
13993
1949
5346
5501
8432
8982
9154
3693
7438
9497
6341
2040
7192
4691
13914
332
5248
22
14379
428
8614
15323
13341
16240
10915
10638
2689
16322
12208
39
1622
13292
8310
15485
5455
14295
6216
7181
8321
13527
15726
14588
13523
3939
11669
3526
11088
16308
11593
15489
10936
453
12079
13160
7513
12267
5124
9176
11224
8506
9150
13088
813
7606
10824
14096
5786
303
10483
12201
164
9309
14120
3590
6899
16127
2662
261
6840
419
11185
4150
4723
10142
8096
5717
2678
1659
12326
14390
14410
1701
9929
6719
12509
4291
15470
14525
10019
14477
474
936
10810
15075
10041
2105
12773
13006
4193
16072
5599
11379
12120
13704
9481
7449
918
15336
4064
11326
6835
7681
9421
381
6618
6290
14202
14788
12818
2813
15251
702
940
16053
2005
11099
4840
5766
14777
15059
3777
3896
11965
516
13839
10432
7288
7119
1306
8072
8257
2583
9883
2521
2081
12809
3675
716
13486
14326
15642
15147
4007
11313
3510
12435
14301
6044
2820
589
5774
9709
11357
5142
9982
9408
9085
9976
13342
7019
13376
4096
3936
10851
11649
5783
8218
1759
3434
5758
10755
16
10567
10963
370
7644
8986
3793
12329
8210
13426
9253
6809
10955
6073
1586
2758
7003
15299
2393
2590
8217
5946
563
7411
8102
8798
10978
10933
1816
2303
10254
12842
16157
12744
2696
5929
10826
9803
3874
3688
11524
2207
585
12015
3250
12814
707
16325
13825
10561
901
565
13028
1204
10074
4091
13446
13568
5855
14655
13521
236
11829
15318
5154
6145
2071
1044
6164
7014
8708
89
1062
5843
9229
1226
15054
1795
3291
7518
11104
9513
9409
16198
8231
3075
15305
12324
5524
14895
13076
14604
11532
5543
2272
5679
11963
8111
4262
14827
7946
15938
12058
8715
9458
8691
12359
8221
2738
9658
200
5597
7312
5705
1439
15383
10286
12606
2311
13178
13594
14743
10845
16346
9119
7283
10900
5411
1166
10920
16321
8682
15220
5265
7891
9616
15364
8438
450
10106
8606
8283
435
4734
2935
14631
1974
9867
2470
13182
8197
10385
4020
14141
4268
2318
3702
8372
2196
1092
4476
11956
4190
13746
6295
5458
1853
2177
13042
5434
6148
14807
4329
153
7633
15828
3730
16023
163
7100
9181
12784
13241
8907
1202
14368
1893
4989
12518
439
1500
15112
3802
11804
10809
4752
14463
8627
15155
9872
15267
14391
7122
321
3870
5976
14033
8014
6261
11150
11144
16320
4896
5688
14662
1608
788
13454
2980
14193
4698
1541
1618
11984
3408
2771
9731
12475
8779
12248
7114
3731
3995
11685
13272
14512
12450
9643
2496
5264
2152
15754
6825
9292
8124
1229
12037
3999
5618
7421
9540
14249
7643
10078
12133
1106
5817
12198
13932
6413
3358
7069
3765
7493
3344
3212
4491
9576
159
8362
10511
7485
3204
12579
12225
9424
14919
14534
8477
2987
12158
6552
10832
15787
1170
8375
11283
4048
2212
6183
2100
14377
7702
1644
7382
14556
11818
11345
8971
4377
4317
2857
302
6537
5490
11553
3425
9052
10410
2876
16304
7797
12442
2524
3636
961
13462
1328
15731
10981
12928
10122
15747
5250
8250
15121
9975
4930
2195
2523
4618
16090
13665
5416
14421
5916
5491
11383
11684
6293
10395
2274
15889
13136
943
4721
81
8214
9051
12812
6493
2854
15952
16319
15888
8716
13509
2127
12780
7937
13774
2927
3072
16207
3029
122
7925
463
4548
7863
2745
4337
11973
8652
14270
9853
9466
16334
4386
3605
2359
7830
15973
15357
6634
11714
2609
4905
5517
4115
779
8938
11648
3131
5198
3089
11428
3584
15182
1173
12390
4225
13432
11191
10974
171
16281
14028
14699
14149
14633
1333
5169
16058
1448
4945
7782
1141
644
10894
12640
10889
5425
7163
7033
10508
1162
13918
6679
761
13308
5649
8117
2316
10102
6092
4212
4052
3491
4936
6392
4452
5245
2889
13867
7981
6094
13131
13545
5488
4535
2519
15590
5420
1146
6272
3745
3794
8918
10064
4508
5371
1013
4004
2057
13942
10722
324
9583
13696
10881
10732
1175
8754
15497
1100
1840
11174
7516
5389
14721
3644
4939
5378
15297
11388
5938
5164
2570
1881
16332
14192
9999
13140
10211
60
5794
7858
1253
5528
1934
7057
2617
11643
10148
7152
12235
6089
15325
13168
1696
2374
2849
9859
190
5082
9420
2653
11272
2629
998
7454
4994
5033
2977
10005
8515
6740
12511
15196
1260
4561
763
12155
9143
13612
12633
5964
10348
13126
13396
5132
1316
14870
3903
7395
14459
6772
17
9636
7700
8704
9560
2223
4
11896
15368
13051
6082
689
9537
13913
10663
988
9533
1850
12362
9556
15863
14826
7915
3124
6889
4242
4809
3450
14221
1366
13118
13450
12131
74
16249
11322
10719
1508
11290
16236
10415
5
2104
711
9244
14217
3109
3326
16122
7079
15056
7497
522
6111
11998
3955
4495
3535
10047
9082
9186
6820
12601
11989
2361
5214
4824
6533
10596
12119
6859
2926
10265
5790
4273
2069
3123
3188
15237
4699
9088
3690
14342
6698
1091
2759
1006
4195
73
10177
9841
8350
9205
10634
8524
15637
16159
8471
13240
13198
5917
8543
9879
3814
6714
2652
1679
3265
13394
9304
13339
3431
13400
7474
9656
15186
8843
11985
9480
6041
6024
7787
13692
5682
10331
11163
14414
13409
6170
2580
7511
14330
4325
10189
14942
10587
4868
14497
1181
10090
7072
15883
6006
1490
10684
7712
9222
3499
11008
15843
8494
9792
11066
6657
9062
15458
8478
15024
15931
2840
9834
16228
12053
9633
3596
3022
3256
15386
5654
1167
15685
9076
13549
9206
10837
9452
9005
2478
8108
8526
9700
8653
7933
15542
13105
12293
5466
8819
14374
15560
15646
9860
1533
3608
10312
7351
11611
6949
6247
15967
2166
5693
9812
6339
4278
3600
8451
976
105
16086
16041
13874
8391
13427
215
838
6000
5926
4366
15907
7151
2485
4280
8808
6214
1379
9674
11
3462
277
3732
9162
4810
8954
14162
2017
7306
13237
4354
13152
11712
3118
3298
1998
12998
10129
4872
13269
9226
11332
16188
8738
908
13644
2335
12676
11666
6010
8694
6988
4029
3395
10613
9144
15049
11767
15397
13625
6997
5611
15456
3790
12680
16010
9375
13895
15328
14103
8955
12688
1126
11113
6943
2157
5477
1931
1155
4717
14493
5442
8472
8674
16037
5727
11794
15972
10863
10225
15022
11527
15954
16201
576
9706
1068
8209
3095
1891
8609
15814
12115
10155
10968
15141
1321
14165
14003
13110
15761
8602
2407
11238
12419
10052
12663
13259
843
13492
16116
16245
16106
13952
2091
14993
16264
3208
7409
13697
14896
1849
8598
7730
7363
1996
9163
8557
8176
1018
8978
14609
8112
3045
11010
6895
577
8546
7517
9335
4137
16026
10699
14901
4802
11815
3370
5944
8876
10849
5777
9570
1670
2508
5584
15276
15283
14607
9336
10942
9796
7262
14760
11494
7524
10128
3610
360
4251
9858
10441
11758
13317
6734
748
15751
14271
9298
4479
10133
8476
3810
10884
13224
14124
13929
9346
6966
6658
1436
6846
1821
739
12987
13747
11154
8016
14155
1263
5808
8186
9286
6025
708
6056
16366
3331
14366
14540
3508
1360
4847
129
14119
15087
1025
14388
11093
448
14627
14855
8078
6057
492
6524
11539
12547
8569
12044
10868
11783
6582
15221
7048
15785
7394
994
13493
8387
1037
2153
2754
7464
1337
12097
4656
12203
8015
6985
7229
16049
7587
1148
7045
4420
5904
13685
1275
13233
5582
8671
11498
13847
6210
1984
13082
5787
15916
11692
6773
4488
2836
3791
1057
15603
12793
4606
960
9920
11941
5149
13435
11816
5170
1382
15469
12986
7774
14822
2109
6342
13558
14373
13780
41
90
13833
4753
7620
10338
6372
13744
346
2218
8091
5023
13576
8223
15929
3983
219
15004
5816
16148
2149
7519
11929
15858
5613
9296
10811
376
1479
13311
12147
5691
922
11681
9547
8966
15249
77
13080
2411
10773
7802
12819
7679
704
10127
10762
7125
906
16359
6382
11078
6385
1317
2623
1116
4017
4223
14462
4852
12826
5779
5869
5034
1159
2825
13497
13067
14632
1691
3905
8630
11065
6486
7235
3847
6308
7139
6795
3700
1469
5355
1403
10609
4136
16307
14476
6887
8444
13810
3444
6029
2025
1760
5734
13717
12298
11848
9366
2090
6063
8148
3242
13146
6427
7452
12479
4968
11537
2443
5040
631
10282
15142
15424
4981
6660
15213
1547
7153
16117
9564
135
8547
2327
2073
15281
9989
12754
11914
3051
4395
14405
12824
187
4754
8839
9634
13129
10162
3004
12570
7399
11861
9988
14687
4866
4879
2682
10681
16294
15924
14934
14148
7888
14683
9430
15896
812
15209
14983
6931
10707
3807
4607
10492
11787
14341
10123
10708
7693
8802
1042
13683
2896
10825
15597
5780
3758
15662
8443
5834
9612
15679
406
1632
15663
11503
11677
7397
8193
5427
25
319
2504
3003
4741
12295
5493
7807
5563
12711
13779
1959
7557
13908
12335
4928
2922
8047
8232
13218
8251
12581
15021
15605
3652
6115
13588
12684
11511
844
2948
12074
2054
1777
8239
10540
6222
4018
9900
14592
11777
14711
11148
7887
12799
6053
10300
5091
11306
1635
6695
14507
2250
10430
5931
13239
9014
14980
8380
10795
15109
1256
14381
12927
14562
9044
9629
10930
15419
7961
10013
14956
16143
5213
10022
15432
10006
11544
3525
1347
8113
8369
3858
16318
2006
9723
48
8590
11780
13632
1108
10923
550
1309
13580
2396
6329
3376
3345
5098
12374
2323
15971
714
12783
13830
10817
5340
3369
5977
7035
7422
15594
8348
16342
13641
13649
5819
10703
5866
11888
5482
6291
12007
889
13458
7526
10374
10756
1689
5548
3337
7018
6920
36
7921
15645
15772
14780
15801
3423
15092
11109
10677
2797
5026
3502
11264
591
921
1225
13437
8772
12822
13253
6390
6013
14928
2193
1781
7877
15275
12365
917
11659
2216
8062
55
8497
13389
11514
12635
8349
4443
4899
5350
2029
15516
12364
14793
9443
775
1399
7356
5858
11526
18
6127
13811
595
92
14122
4636
7584
10716
12939
2171
3825
10461
4912
10043
1970
7133
5284
7162
1707
7884
14230
8465
9566
13149
860
6747
15993
1773
16224
7595
10084
9737
13453
252
8909
5452
7795
14860
2201
417
8645
12228
14343
6579
9875
13304
2676
12545
8970
3797
14123
10111
127
15074
14319
16343
584
15917
9871
4326
16178
157
2634
6105
929
8950
9755
6022
4232
5736
11275
1535
13322
1271
13982
1375
3895
5402
16130
13843
3301
11358
4572
11217
3339
542
668
4244
6121
546
1142
7627
8285
5955
3136
6700
12862
6460
9790
15941
11831
7029
12815
1989
2423
13733
14080
9278
15380
11976
8881
15608
5276
7043
3496
8576
5532
6199
11940
13399
15272
12029
12604
1885
9042
7866
15265
11772
11638
3416
9965
3286
480
5242
3615
13365
6661
2864
16280
12301
7569
424
15010
4350
12140
2283
12200
6543
14994
15061
15504
7353
8473
14335
3396
15417
1277
2383
14858
8791
4313
476
6936
13031
12467
5037
15821
5041
460
6487
8289
7400
13071
2867
15894
10887
15886
7817
10398
3968
10059
15982
7286
6881
11459
9727
5573
6855
15421
1320
10474
2841
6974
10990
5370
1721
1609
3990
10944
13596
5293
10221
1647
2420
10598
5857
14402
8613
6764
12795
9128
4676
10746
12384
2723
4823
14307
11895
4331
15989
14705
7738
6574
12264
2544
15900
15459
8596
462
2140
15720
1733
1356
10985
15476
6233
6415
6531
10860
364
1805
9465
10071
9190
38
6669
8063
1642
14066
2173
1643
3773
8229
6774
14564
10726
2632
5646
7448
5194
8734
12429
12554
5620
6692
15660
12885
13495
3415
7552
4602
12654
14200
13473
6213
5724
1017
7676
9607
6217
12855
13553
12132
9153
4531
10908
1767
5035
14921
13705
10967
15727
13424
2707
9728
4379
6775
14750
11534
1841
4949
8364
4022
1396
12807
8693
5122
3595
13
15264
14056
4012
868
7338
7245
11740
4349
9936
13170
15354
3329
3624
15193
4972
2693
9644
6972
927
6334
7708
15447
6540
8074
3108
11686
9199
568
12931
11645
1772
9
13104
12153
12423
15604
7573
5440
3930
13627
7869
1063
10248
415
8831
9695
6731
5258
10000
13157
14088
12781
6817
11734
14758
177
15279
5405
7608
9899
7499
5281
5448
3424
8367
14251
5959
7861
560
1350
3928
6481
16316
1191
13852
7093
205
8281
7596
401
15210
13383
842
13648
418
7064
5754
400
13676
6723
5288
3559
7329
8073
1433
9360
12083
5574
7168
7716
14863
12967
2843
2337
5196
13731
10418
251
14208
4964
8726
4894
9369
4484
5387
15962
4045
605
16212
12184
427
2204
9911
8502
891
2333
2347
5942
1446
9578
14691
15239
1964
4127
9621
10718
4145
3957
8752
3667
9393
6231
1714
16202
1076
6873
12363
2474
5126
16206
9746
14957
1043
13595
3634
4024
11052
4340
6663
8435
1075
7829
8133
3346
15711
7648
15152
15515
13793
11658
10445
68
2608
10429
14355
10560
11467
8925
6314
8254
3463
10247
4431
12396
15488
9091
8
2913
15885
6596
8216
10804
7370
11581
3359
7822
13284
13983
10792
11219
5699
1507
2631
6976
14267
9569
8836
3062
13040
10197
8765
9200
9379
15101
1888
3779
16107
13344
1211
5114
7805
1235
800
8247
14923
2614
15749
4030
11983
2096
4211
10522
3165
12715
4768
12578
11223
11792
8521
3631
2683
6612
2137
11209
4546
9270
5107
13922
15044
7532
4682
5898
11343
3094
15012
5234
6257
11050
10946
4783
9066
9381
4434
991
12630
7636
11701
15058
6955
15174
4369
8287
11509
11227
4582
1914
9323
2908
9511
318
14470
665
3130
10188
3882
7385
7865
9183
1572
1987
6397
11788
13123
7314
5457
10109
3770
8828
16035
7509
2366
9679
2586
16360
8136
331
15040
11020
8721
3441
12104
3179
9935
15842
8567
10191
4629
6824
13107
7604
10914
5677
7469
13996
15648
1250
7868
1099
10212
14313
2626
15450
12067
4173
6898
11529
7237
12466
640
2424
15687
5689
9991
1809
11979
6686
628
10836
7605
15909
1629
14437
743
12170
13801
16268
6547
12653
4221
8460
12114
10742
8945
4578
3472
5056
1196
472
263
7297
3812
15370
13992
12645
14386
10957
11200
6274
10525
3393
3973
5220
14801
11016
5352
11301
11902
10629
2698
7020
14936
2787
2957
8534
1009
13729
7369
2909
14935
4594
8910
4705
11702
337
16315
13225
5143
6091
14174
11082
315
14129
8312
10015
4361
1793
6212
5069
8333
6461
14454
3890
7265
11121
5066
626
3054
5508
1188
5795
349
