739
1269
1782
2
1822
15313
5815
9055
11121
6388
13645
8172
10881
2751
10395
10932
14003
959
5217
3298
5606
16290
5711
14121
9142
5223
16052
11667
8906
13266
4299
1473
11636
6112
13626
7992
3424
2066
3448
7503
9185
14652
10511
4252
10987
6590
3385
14016
13251
8983
1016
8682
6934
5600
14629
2559
6971
5416
10045
4535
4448
1528
10472
16072
9580
3447
12444
397
12828
11617
9066
502
12672
890
15771
11230
1551
2881
5187
9479
9910
14858
15792
1347
15398
8796
7219
6331
4815
6983
7757
9440
3230
10928
14136
9149
8594
12915
11782
12905
12946
10295
15754
13387
1208
10026
4300
8628
5038
4758
9010
11749
12503
2194
7797
4852
1048
14887
8974
3240
6011
16133
2281
9176
16103
6322
7694
13511
15656
15893
4770
2948
126
11101
13610
9146
11157
11567
12999
8789
3293
13908
1146
3346
8781
15916
8737
991
4575
16114
5355
6594
1812
8553
613
5289
7539
1931
5054
2276
894
11712
11831
15261
12384
15756
5874
2664
8719
2243
15272
8604
14801
4429
7843
12647
8635
12640
227
9588
15613
10679
8887
3097
7371
700
15700
12108
1521
11134
261
14412
1708
8595
4025
7096
11631
12755
14033
15029
11858
10946
3239
4027
6082
3128
13809
2813
8551
16187
4175
8531
8800
6532
828
1039
11410
4510
15924
8795
7473
5424
10917
2731
15966
15422
10369
5523
14202
4619
2688
6405
10004
511
3202
9111
6122
11668
5518
13350
15385
13436
8832
1560
2547
5697
12154
3955
5734
7168
11686
6913
13145
1552
2457
14165
8173
5011
6948
5794
10264
5751
4131
12452
12058
3345
11179
2245
9172
10102
11510
10720
4642
3635
421
2583
6898
4422
1042
5950
12625
6886
15130
3373
15065
14452
11188
8804
15546
10790
5362
10718
13147
413
11767
8593
13222
3957
12110
14115
14881
6546
7566
3798
814
8861
15490
10516
409
2750
14571
7482
3431
1909
11471
14899
13196
5588
12692
2536
1525
13091
12223
15466
7362
1127
436
4014
9474
14038
9767
9356
15705
15005
6380
13882
14333
10084
1301
14888
9847
2182
1500
15110
16310
517
7712
7308
8934
5327
8284
56
15456
10024
5386
1735
5236
6270
5848
6463
12008
7467
14379
2836
1088
15181
9562
11154
15736
4697
9286
1442
9278
9338
7765
4120
10741
7094
12789
8466
14193
15032
5813
4063
10113
14052
14882
15238
3407
8154
10671
12695
2199
766
14034
8428
4777
8867
229
6418
8962
14591
5801
7932
496
10320
9249
14729
12425
13922
13673
8142
218
4205
9539
13378
6610
3788
889
9449
1023
10561
1295
6834
7274
1181
11997
10385
15731
9460
10925
6930
6603
4324
14552
14141
3991
8863
6203
3297
259
3922
15252
4336
1933
4012
215
15922
14871
11022
6227
5929
5174
10947
13707
9446
12260
13805
371
15563
9967
10611
15208
13380
1695
10245
2730
9258
7677
7702
2488
525
7081
8965
14739
10629
6328
11619
9920
10522
7940
1599
985
14991
15553
13743
15615
14240
15469
15091
3914
2485
12763
7029
14621
9481
5002
1759
8881
14040
10879
2903
15714
9540
15360
3885
1513
7032
7277
2803
9643
2442
11850
3267
10598
10798
5193
10462
1954
10435
4955
5580
7793
10930
15437
145
8265
14742
10884
10341
4442
12706
14502
3333
2088
14048
5398
1732
1133
3956
14654
1763
4693
9038
9255
5919
2117
9480
12761
8180
6904
1188
8334
1785
9319
8417
11694
6051
3303
9722
11444
13813
6448
3466
11013
8194
6233
16309
9042
12561
15484
2041
16300
1276
13864
4348
14814
16107
4046
10722
15585
11707
2941
7396
615
12113
15390
1160
14755
5555
14308
536
5862
513
15078
10127
11600
2214
8816
14465
3575
1368
4513
5333
8132
11075
8554
13359
5001
918
1333
13041
5808
7791
8441
12567
14847
9990
3587
4774
6862
12777
11042
6628
16095
11917
8583
12998
11199
4100
9072
4602
2829
15655
9941
3977
13965
1191
15813
15066
9009
1409
13309
1363
8308
5755
10273
10062
5447
4734
2486
2434
1585
5399
11778
8786
12094
11566
11677
2725
4943
1386
10708
11115
1636
10050
6609
3769
14229
14727
173
13230
16295
8000
4330
13980
10119
14474
8792
15304
4992
7057
4156
1244
11454
9974
5391
6165
10499
2251
8500
13932
13890
8015
15306
15095
6039
5547
6106
846
1078
2195
1578
711
127
7451
738
15099
10409
8115
672
10604
10505
2539
13811
7017
14101
7432
7625
3392
12642
2507
9161
9195
9697
10161
15578
2453
473
4576
3648
14879
100
10870
14791
636
7554
9537
549
6759
10729
16121
11703
12362
14643
15346
15695
4873
460
15367
5509
10424
14824
8753
15779
15521
10693
12506
339
12308
11773
2560
5802
7781
12255
8207
11061
11897
13765
11359
6049
2483
9116
1932
10562
9650
8815
71
8577
13854
249
4713
13731
10077
6565
8480
3215
10791
8912
10221
8147
16113
6038
8524
12954
11626
4234
1030
9000
13052
5269
7193
5847
4641
14190
8633
16030
6330
15698
6197
5700
8004
2538
16098
7685
11754
14460
3454
12318
4199
15532
2922
15833
6567
14763
5108
13360
896
2788
5730
420
6364
6044
13231
11084
6452
13346
5135
6684
2467
15980
3679
9256
6668
7355
2606
4339
10415
12886
384
16177
5973
8463
7859
4930
191
15923
13871
5490
13541
523
3911
1635
8340
9263
12477
10613
1662
5616
10202
6533
11136
11825
2398
16023
3858
31
11173
14644
10630
8089
11238
1852
8028
1392
2173
3473
11937
1605
11063
7223
11574
4521
608
4214
10123
903
4804
1021
10057
3327
10967
3238
10463
12525
5181
12664
1971
2540
1689
5064
3963
3433
481
7841
16317
9593
15557
2866
8489
5235
11515
4859
12656
428
11733
500
10876
13095
6153
13749
14673
6516
3102
1713
4714
2811
1700
14129
3516
7344
207
3776
11007
15262
10833
4434
12871
13981
11824
8091
5994
13263
8053
13564
600
14423
12972
5958
12793
8597
11205
10158
1310
760
12181
11374
16188
19
9706
4914
8588
12928
1685
9921
10043
8914
4481
9984
63
3862
10370
2503
9186
50
3733
7377
9700
6170
2644
12990
998
3398
13281
14438
14290
9107
3609
8842
1043
949
11647
55
9134
9407
6060
852
11607
5149
13590
899
9387
7753
12626
12392
4111
14835
10433
9869
13788
11243
468
7430
3531
12691
9891
6589
11284
7678
10927
1026
14112
1249
3259
7556
14869
12081
4365
725
12833
5742
4626
15717
2253
7741
2737
8008
10971
221
1190
13919
11933
12582
1173
5245
13666
14656
1049
6543
5106
14526
12714
2767
8729
14249
12627
4959
16092
7270
2297
13003
12485
3446
1856
10270
15441
904
15927
11443
9736
1047
3994
5668
14008
5542
11537
1682
15240
13770
9191
6401
11060
13297
16209
4358
2706
7148
1838
6269
10950
13139
2246
5934
11994
2870
10143
8283
8949
5460
9179
8107
2776
3940
11911
3734
10621
4421
6849
5120
10225
15481
2381
11287
6864
347
11389
14601
6505
12302
3315
8576
11906
10206
938
558
14394
2611
529
7280
8540
396
6925
4968
10194
4838
12320
8766
15229
12934
6965
9815
10226
3500
2989
3704
6701
5499
874
7716
1282
5020
8288
12799
6588
11450
9154
11272
7996
13597
10244
13452
16371
9013
7760
16345
3201
4822
10525
13736
12560
4672
7191
13343
929
5725
9471
9504
387
688
15572
6030
10940
3214
5576
1897
5738
6351
1643
14247
363
15721
7998
14001
7546
15102
7748
16352
10568
13622
9046
5841
15234
15185
6510
6629
5147
12645
803
1565
604
4635
669
9802
10498
674
220
4851
8275
7613
5743
9002
393
9391
9006
10027
10966
11854
6054
13527
13017
14128
13505
2786
10647
2897
6014
10885
6140
6300
5768
4144
992
5792
4923
3552
1424
1648
2910
2230
12461
2871
10148
15588
323
7837
15854
13655
1963
2904
14365
12796
11852
2165
405
16037
11763
3576
3761
250
14377
14995
10600
5396
6823
15291
11735
11955
15536
12902
9369
1423
4964
14946
7199
11870
14400
9712
1691
2011
12823
2191
9783
6147
5540
4590
12065
15354
4284
3142
9505
11747
6058
11100
5800
70
14431
353
1887
3850
11727
2294
13002
12433
9683
2020
10066
9098
4437
8094
13097
15746
15976
3803
6833
6382
12050
9916
5268
3023
10913
12857
4677
9957
9097
9779
3362
11874
8580
14257
7925
6910
11180
9964
1082
11248
12267
5390
15808
1122
6596
7402
4542
5491
1341
6301
3171
2855
13618
1567
9789
6242
15339
9649
2634
13174
16171
9215
713
11160
3021
15570
9318
1217
7108
4812
777
6365
205
2228
12604
5329
3686
5091
4724
4218
69
10860
7136
7944
7651
6061
10135
12916
3279
15571
13437
16218
13006
11305
14623
10961
13924
2777
8548
9841
524
15935
7332
6334
2993
14695
9237
3532
11252
5637
8985
6204
12360
11681
15177
6002
10606
14687
14994
3118
14157
10133
1743
14586
14911
11129
7847
765
5443
7153
9182
9234
15897
5806
11662
6591
14150
8536
251
14793
12283
15939
5037
1005
3717
15364
10174
2149
2343
6525
9788
15575
6739
4017
7245
1640
3305
14440
7122
9267
6938
7839
15545
9405
1663
4082
8697
6284
8327
12987
8630
3144
45
9155
14690
10336
299
13567
7336
14514
7054
12170
4887
8408
8454
8081
13807
5721
9500
11890
9304
11125
8570
4107
4043
12217
150
13911
16008
9517
14875
12483
16363
4877
7705
5336
7565
5466
10871
14983
9321
196
14910
6924
14788
12736
569
7628
8165
2791
10745
11769
9992
11131
9587
5042
4124
12878
3708
11097
12741
10376
6809
3723
5382
1964
14685
2646
13495
8754
12116
10425
6645
4026
15157
2705
8794
7707
14982
359
747
7582
14152
15383
11945
8410
14962
841
15034
7795
5431
3601
10563
15964
13498
11687
10200
14357
5024
15397
13634
11082
4704
5763
3420
8700
7977
9850
7394
15391
16015
1151
3403
13506
5788
16269
11400
9022
8027
11979
9465
7906
10421
14840
12163
16127
7387
4553
8394
9724
3752
7272
15948
2164
2598
1777
13791
4403
2957
5348
5579
2945
8209
12931
14999
11542
6316
12109
7157
13876
14870
3827
12634
11520
11809
4944
1944
2966
6184
10059
7560
14630
10887
12601
8426
1400
6748
2295
15554
8206
4229
16038
12746
11024
3502
14344
15279
6285
1156
8957
7333
8084
16252
7439
3033
6818
9152
1450
6961
4643
7014
4028
14686
15236
2959
9419
406
15541
11337
8739
10812
1007
9746
4695
2326
2908
123
6895
3372
6489
15761
2515
13034
16013
14529
6973
4599
3937
6741
4186
9128
13696
2188
14343
8780
4987
15341
14501
13037
6446
364
15430
15663
10937
6338
3778
11675
5160
8848
3561
9483
7392
8419
6097
15010
13874
802
15586
11420
2570
15450
8522
5252
6519
13420
14896
1514
4391
15213
4080
10841
1722
15086
14930
4344
6782
4269
11938
1358
2892
12103
10760
10916
7934
12762
947
7680
7427
13901
6248
15592
3272
9979
6731
4979
99
2342
15819
13153
5016
4536
5649
6972
13101
4664
15643
8374
5706
7679
6710
6414
12575
13644
804
14108
6851
13288
10192
3075
4969
3332
11390
5690
6434
3035
3934
12986
14422
8042
6899
5257
6036
7052
2937
8675
10051
2717
9955
8951
6079
3497
9082
1062
7258
14395
6861
4727
5213
10864
9787
15406
12895
13218
619
13992
6611
13761
5760
1891
13062
233
14313
10474
120
2026
5309
11395
3868
5675
7391
5392
16153
7822
15403
14074
11025
14952
12083
13451
6421
13524
14800
1597
1300
944
11665
8662
3639
1809
10165
705
13998
13489
6942
9014
7433
2323
3714
11127
1019
12514
7009
9557
15043
2155
3760
3006
8298
960
7885
3962
5176
13294
12177
1102
10387
11720
9552
774
12600
12631
11612
14383
1481
4384
12393
11412
267
10169
15689
12684
3413
9265
1749
4433
9900
11986
2573
5155
2124
11214
7349
11751
6570
3114
14232
532
1296
11860
12383
350
6092
14681
15211
4819
16166
1114
3339
4265
3762
10643
9888
14397
13376
4872
7619
6993
11670
16316
14384
14631
6905
3628
2794
13539
14067
5582
5368
2778
7288
9692
5627
16149
14482
10657
8103
3624
9721
3626
8190
3054
5409
6621
2840
14925
14279
2159
1609
7359
11107
15638
13762
6990
3678
2376
12844
1671
10640
9204
7130
14142
12771
13895
7798
15904
14592
3422
862
11264
12251
15533
10779
8353
7147
15847
10255
9940
9327
1820
9450
14669
13549
13664
9425
3175
14716
11137
4308
10109
5321
8457
6622
8220
15300
907
2305
270
2333
15037
2647
6928
14027
6215
6468
1415
11031
12221
8450
14677
125
6167
12480
7871
12424
3365
5250
14151
14854
10479
15317
15892
13391
5063
7295
5369
6988
7046
12049
5206
4023
7438
12068
9907
9228
11582
3242
7400
3971
3978
4349
15722
477
11093
13275
16027
3136
15224
923
4335
2809
15644
8563
10497
5428
8919
7038
9660
1860
12985
9360
2577
7212
16283
5405
8413
11319
11846
10412
6699
284
151
117
14028
5659
6894
16124
7689
12194
6094
13551
4805
9452
12226
12245
10329
9913
180
15041
5078
16145
11645
7045
5682
4795
15242
275
2345
16340
8186
9153
5747
15073
4346
13819
4988
11610
639
4
7414
13026
8904
16035
12207
5787
581
10730
11985
435
15983
5817
4767
4243
14327
13306
4161
910
6967
6733
3842
10394
10215
6429
5171
15597
10399
4788
6119
5657
13569
314
15642
4484
6865
2346
13009
12009
4029
6023
7632
2349
386
7857
1229
15296
520
9089
4261
544
4305
6257
8533
7446
8475
15994
16370
14081
7754
15475
9717
3024
9546
788
15743
4360
13916
6781
13786
776
7737
2949
13164
4001
622
13292
11193
9487
9473
12956
3167
10
110
13276
13024
5004
7217
5925
3920
2502
7638
15247
13365
8855
4224
863
11653
16076
10894
11480
902
2116
2521
6236
5445
3841
8399
12497
9281
5055
7709
6194
7726
15136
16303
12683
15414
10644
9533
11128
13422
5638
6308
7368
15768
8997
7958
217
16186
13797
6801
8529
4264
9385
1835
101
8685
9566
12859
10608
2267
7010
15780
12307
8557
14347
5750
13440
5373
4708
6966
2868
957
1388
15094
5875
1910
4166
13354
5494
12269
13681
10911
13994
1703
13873
6527
9899
10605
9175
5591
16279
16278
11776
15708
2412
3188
2236
13018
3429
11460
14706
6754
11431
5964
9531
4656
4177
12220
988
6846
8443
1692
4893
14907
11322
7584
10506
9543
15387
9866
10783
13917
1723
1349
8805
10800
14921
13238
10112
4257
13408
793
10168
4989
14515
775
8493
14703
2569
570
11954
9518
8395
9495
1279
4831
6461
16358
7144
61
13484
3223
13833
919
8677
3028
6188
2741
12780
5655
8844
4739
10003
8657
9280
1421
6303
5072
5906
9646
2886
2021
1416
14829
3540
6289
6700
1938
9893
470
1293
8112
14918
9476
7292
3525
8148
6409
535
2824
10668
7687
12429
5831
9636
4201
14241
8899
1602
4881
1287
10131
10459
5951
9105
4661
8987
12338
8356
12770
1100
2163
8192
8809
7867
9424
11864
14632
5258
8655
3659
11925
12970
16329
2958
6534
5286
8448
8020
13186
14317
1177
11502
8817
6148
12826
15328
14437
3696
10664
14389
14176
16074
5797
1175
3521
14459
1532
10117
14908
5009
5214
13130
3557
471
15694
15471
1714
11415
12413
5561
4698
11348
5275
8555
14564
3162
6981
14516
8894
712
12168
5753
14215
10571
14612
12377
808
14866
15903
211
4999
6507
5127
6132
16325
3408
10359
4741
3170
12900
285
975
5255
14667
15112
4420
5941
13065
16248
7297
801
11790
10862
14670
7870
12140
14433
9795
9591
10284
10130
3183
2623
9625
15956
9020
1686
10857
6877
11794
6717
2302
9607
15047
8507
9282
11737
16102
8986
14876
842
1258
12185
11699
15852
12766
2153
10476
7881
12523
14998
16238
10596
15140
1072
3038
3470
13273
15477
15451
14039
1841
16315
16087
5816
10331
1076
849
11023
9723
2362
10801
4919
5865
11621
7049
10246
14676
13575
15589
11339
4680
12592
6048
15006
12046
8433
16197
5379
13098
3514
13709
4652
7515
6991
602
9719
3542
6100
4783
2458
15834
2473
10808
7027
15424
11367
14111
174
1985
4871
11781
14498
8636
12726
913
14442
12657
6524
1998
4600
915
15733
12650
14260
10256
14472
9640
5709
4554
13984
6068
941
5902
8088
3847
7634
14524
7586
11652
12725
2617
12964
10684
5643
4691
11275
5656
15625
3596
6726
10093
13748
16172
12748
2174
2950
10624
12249
2370
7670
823
15470
13000
6335
2337
3020
9148
10970
16246
7633
16141
14364
8455
6020
7208
1445
3772
10983
7639
12348
5640
9184
14797
7455
7957
6714
3185
5699
8158
3757
4479
8471
13039
5554
6307
7164
2406
16078
4490
9322
12481
7766
2352
9463
12698
8295
3132
3608
6911
6239
4385
5979
10632
5620
3219
11219
16056
13386
7537
8606
12957
6173
8854
14307
30
9140
8860
13677
15784
10865
16073
1361
2754
3555
15770
621
10758
7311
730
1374
631
13650
3763
8110
7452
12940
1184
9043
10595
7541
9545
8212
15684
6947
9359
11508
12549
9331
5143
974
1549
14366
11948
5845
2064
1498
14754
14266
9903
15018
10212
4370
11263
5673
5935
6753
15944
3176
9628
15138
16017
3817
3302
5468
4740
13620
624
121
16249
10986
744
14975
15581
13952
11714
15051
15368
13646
8830
13970
5110
16306
9086
11039
6309
11123
13385
8757
6568
16063
8849
8952
1430
5512
12428
729
6341
7812
1193
12057
10011
10303
7329
12516
14969
14619
12935
6769
10136
4139
15292
9980
6536
4868
13471
2719
11918
11185
521
10090
7642
13865
1308
1209
111
4353
4430
9765
7533
5634
11152
4913
14859
14263
11715
10738
8502
1520
5070
653
15139
4400
7328
5524
7924
3452
4313
11064
15324
522
1675
11702
2698
4653
14504
8586
15305
15404
12045
14181
3829
9489
12087
3160
6007
13989
11143
14209
3263
1035
15121
14194
2280
3631
7385
16184
11360
2156
16031
6183
11405
7488
10419
12323
15278
14924
11099
14950
4467
9279
6593
2242
1754
5412
14974
14380
832
6776
10229
4780
15574
9044
9221
12147
1410
7735
14130
13921
658
709
9982
5486
11344
3712
9439
6416
13801
4650
5272
3898
4287
8839
16010
12196
14125
266
2578
5983
9064
11596
14807
13277
11249
6743
35
453
10067
3101
15803
6944
6444
13535
3632
1247
12357
482
12419
14320
190
8242
10792
497
7472
4136
13356
5420
4149
4142
3278
8460
16199
2114
4451
13856
7077
3247
12149
13889
6185
10642
548
8396
8108
2068
854
6447
12015
5030
932
12562
5228
11
12028
2350
13616
8667
12212
15824
2894
4311
7150
6577
12654
10418
13253
647
13439
203
15984
1272
1844
8138
7100
11296
9183
13199
884
16019
15270
12374
6487
6005
2324
8355
7284
5205
7428
1864
7513
11743
10963
2452
4958
9751
9388
16351
2142
1130
3884
2140
3939
12287
3343
16289
5444
4125
4294
8337
5320
13822
15749
13739
6325
12027
8670
11418
1390
11958
193
4592
9423
9342
11921
9510
8105
9820
15520
11830
15947
6919
2150
3450
3755
6881
13763
13778
14675
78
13487
7326
2122
3464
1455
5953
662
2793
13580
5534
15308
7114
16067
12129
6016
6381
14967
616
7989
3190
15840
7407
9291
16373
293
8481
3115
472
8451
3126
11155
9857
58
2355
15591
5308
13858
10367
15982
5769
15987
8473
12472
5661
4633
4067
13716
4333
495
14483
10774
2913
3358
12233
9734
13697
3523
8779
6690
14448
1889
1699
8514
34
3539
14135
9092
13843
2679
13796
4225
13093
8270
2918
7987
3583
12389
9019
696
6858
7768
14179
5525
5222
14373
7261
15241
8217
4889
6263
710
10036
13287
1696
6761
4492
4737
2710
15392
8888
8503
14287
14079
15257
8762
8339
7820
14626
10151
1345
4062
3100
10569
14765
5413
2834
8716
408
14557
4401
8109
8211
14579
14740
15825
9582
8772
11903
13305
13355
5803
4487
3260
14978
7138
1741
11236
15600
2271
12546
5812
4748
9026
7162
12005
15419
5532
16154
9738
8387
8047
13115
4013
6008
9567
9743
2864
13599
1935
15039
15528
12667
8267
14892
15596
13178
8057
5349
15822
10296
6454
15370
2077
2661
9933
16108
3081
15658
1094
3654
9431
2830
4802
3789
16208
416
3205
8169
340
2764
3942
9181
16156
1752
11637
4204
11449
9394
10747
13543
4444
6069
5613
11224
4032
626
5658
4076
11876
3363
11579
4054
883
6779
15289
11087
9935
13798
4407
9007
11196
11802
6845
503
10809
14283
13817
14955
10698
10449
873
9051
14386
13601
8664
11821
11485
5448
12507
5266
94
11302
7001
5782
3537
2464
6171
7174
11722
1348
13448
10532
8704
14578
8134
10216
2306
2738
464
12980
9848
13853
8694
12038
4021
13213
4007
7116
16227
11055
843
7728
14286
12073
7278
12493
14255
13158
2319
6900
9528
8745
590
5496
8895
15960
14334
11548
3460
2766
1488
10227
14071
8982
11752
3249
6481
8402
15000
9170
6027
7227
11729
14251
10025
9778
2552
12982
16084
12336
7698
3581
15069
4373
16228
8742
15576
5880
7606
3291
15058
4842
3878
6675
10482
10641
5959
14403
9695
1965
11900
5923
9906
714
13082
2487
5818
7984
13445
16189
10517
3071
4903
9698
7418
13722
14145
6259
5480
9344
2749
12622
8244
7675
3731
695
3049
14256
11786
14485
15850
6922
13347
8159
2978
1335
4096
3694
11076
8215
16026
15829
15879
1991
8564
13718
9492
9792
14492
10521
13779
10224
4584
9078
6160
10739
10469
7845
12894
10092
9573
9842
12173
15103
14547
3349
15338
14777
8167
14820
8619
3695
15506
4890
4679
16369
1377
14299
806
14259
7825
14120
8561
14767
8078
10083
13223
5464
12995
168
3150
12920
10458
15251
12816
908
4824
4716
3758
4084
3449
2032
10659
463
11930
10460
7899
11218
7789
16128
5864
15227
2806
6674
10686
15194
7082
4099
2108
5830
2091
10990
5846
3916
3488
3066
459
8689
921
8310
14988
11969
15967
7536
8673
1482
6267
9314
4118
15508
15832
1073
4296
12198
6649
1041
3633
6491
11184
12390
13480
641
2111
4006
10874
11306
2808
3402
11934
10461
3706
14751
13469
12100
4151
9775
4088
1755
5693
11823
13909
3595
15996
4083
508
9478
14917
3535
7823
8535
10173
14144
13676
15566
6499
3180
6633
539
10988
1739
10098
9662
10442
4382
5805
11531
1406
14886
2581
644
14850
10426
5103
12607
2622
14064
6139
6279
15953
9752
1268
5418
4077
11411
11544
6831
12352
5033
11334
12296
7331
11499
3067
10478
6927
4024
1179
11482
7630
14692
5562
9806
4776
1238
10242
15255
4172
11171
783
7975
1318
10095
9201
6433
8345
7838
1449
12743
16152
3357
9210
12921
10667
4309
8083
1653
3400
8080
2902
4341
4909
16001
9644
650
9909
6794
3313
209
10137
12156
2239
7557
4671
2963
9741
4674
13565
13462
14352
115
10672
3227
13144
13160
6676
13990
1523
4432
9641
6698
2878
5389
8715
5884
7713
11641
734
13983
2842
6111
11169
12932
10877
9067
9259
6598
1853
88
9881
15810
13250
8425
7855
9095
13589
6902
7842
3812
13596
1099
10933
7931
12394
3797
4200
13517
6480
11139
10599
14756
5636
5754
2027
9047
3593
8843
14702
8784
5714
13016
13672
2410
7221
10625
11120
3823
4744
122
12148
1731
16006
2231
10347
8075
14613
5261
15191
3235
11783
3674
13233
9290
547
4463
7997
11761
13784
15686
8938
13176
9704
3047
13022
2759
8879
9716
4440
11118
3700
3458
534
5642
3750
11785
661
11496
13898
7269
11993
15494
9896
2148
8317
5467
11638
8231
6353
12193
4891
7986
3421
6641
6727
10509
13855
15250
3813
11787
9526
4425
3538
4894
11744
1492
7691
11902
14953
16357
86
12581
12787
15369
4399
11663
14200
11315
7437
9224
12328
7154
9402
11018
3534
4527
15688
15063
15394
1394
6397
1239
15038
5462
11198
8461
9212
1680
4832
7318
11971
7526
10500
3149
427
10985
15517
15473
13615
14097
4456
7294
7636
8041
13099
3443
8365
8152
5926
4541
8366
14922
14963
8602
11863
15807
10349
2699
6196
14620
1379
5342
4105
4942
13982
467
2137
2404
1665
7622
14169
13397
7011
12892
12494
13193
15022
4577
3594
15462
13368
8587
16034
3969
133
16232
3016
12071
15842
4632
16039
12874
11835
4106
12333
12053
13053
13897
7573
201
11172
9029
258
212
967
5332
834
5453
16282
6326
15518
4466
3056
8663
10179
6663
12551
1658
4406
11168
3807
14471
3317
15448
10898
155
10546
7784
9136
13293
6003
12130
7763
6435
10507
13632
4561
15118
5298
15787
5577
10453
8496
11840
14948
7089
13755
2478
5629
4931
3883
8273
5878
9088
10863
15709
8519
13240
573
3308
9604
15457
10386
9923
14699
7229
336
1029
14068
12783
11332
2537
6375
12837
756
3590
6868
12611
9370
3993
7945
5015
8901
13939
8989
3687
12518
2277
9617
10541
10071
8175
10343
11555
6635
478
12863
11598
7289
12732
9437
14531
13643
9742
3342
2360
1309
5843
584
9036
6744
3946
6608
14198
11957
8903
8956
10032
1275
10772
2397
5102
3936
4960
6482
12063
10017
15105
8521
11419
15335
10662
12535
8019
11628
11005
9203
7697
8456
14802
10959
2933
2133
9997
922
15647
9393
642
11494
12804
1638
11231
13546
6651
15125
8626
14665
1547
10685
1590
7358
1877
10054
10934
10160
8976
11149
3636
14424
13123
3684
4710
462
14568
14717
596
5144
12809
10031
9849
13429
7101
12591
12114
5968
12540
3146
13717
15100
12495
7979
12359
10712
10869
9556
16366
12890
2016
5085
14470
4356
8735
7222
7454
11719
3828
10999
383
6495
8052
15152
5312
10607
16041
13235
15193
15461
14378
6035
13245
9075
1786
7240
8747
588
6773
9507
7012
5544
10994
12951
9063
4423
15374
13629
6789
16068
8822
16125
10589
15702
2431
11723
13558
11929
7907
14523
11016
15435
15129
12488
1664
13142
3439
1338
1254
9753
10307
6443
6658
3619
13792
6244
12135
1065
13388
2076
15989
11371
4896
5233
1531
15014
4113
3479
15703
2075
11592
13764
13954
2145
175
12241
13051
2409
9178
1511
10704
6661
8948
15154
5992
3412
14246
13826
11442
7866
13977
11463
7170
1474
3051
15056
3701
10058
11262
3366
3399
1553
7373
206
7949
5550
3459
13606
7876
9127
7908
3498
6190
4030
158
4071
1519
9867
8276
905
39
12760
13679
10634
5458
7062
14359
14565
8607
12069
11003
9524
161
5374
12617
14015
12331
9769
9854
5087
10310
1397
7213
14391
14635
15253
1389
237
5784
2911
2385
14588
9379
10015
545
8336
3617
10163
15725
1666
14637
14893
6483
8932
9337
13553
12466
4045
792
10187
7133
567
5551
6553
6511
4277
964
1475
6131
10669
16134
4289
1327
3336
11498
2792
6878
12042
4863
15230
7375
8859
6315
14316
14606
2084
12550
13683
8567
12663
2715
5764
9756
6470
9113
9358
9012
13131
10829
7416
8517
11079
4093
3908
3045
14413
15217
11356
6177
3652
13996
2315
12142
8510
9444
4056
13746
9702
6679
4355
9173
14785
4929
1499
5541
800
9315
8642
15013
4285
7366
13832
1588
12447
2953
15750
8281
9054
14898
6867
14243
16147
13118
6571
3359
1158
11953
10124
13561
4791
13141
15769
2311
14826
6719
625
6273
3350
10732
2263
9106
15609
14549
9169
1758
7889
7120
7505
1690
452
16193
6752
6116
6000
2167
1487
1512
12171
3393
8255
8187
15455
9403
3616
13742
3773
4302
1736
3692
6108
5999
11145
12731
11818
5618
1001
9898
15209
16036
4116
1701
13997
13318
9139
1832
377
5869
15584
7683
8055
5043
12508
3877
2291
5240
4533
3241
8304
12499
16167
1176
13412
3550
9496
11382
9608
12234
2800
2973
13202
1606
16007
1766
14732
9994
15894
8979
930
3919
15776
87
1745
9630
1800
6013
14489
223
8791
8869
2893
10631
12450
1079
9975
8067
15527
11486
12652
3642
15433
9262
2919
13708
9269
10907
10836
1128
9807
425
13427
7659
14280
9165
6791
15108
15161
2255
13625
5522
7380
10266
12313
7304
9959
5115
3843
3816
690
14285
1213
10363
15356
3117
5838
429
15727
2229
11253
7523
14799
7426
6751
7086
4967
4485
805
9015
9995
4057
3140
15082
15064
758
3361
15226
13369
3825
3405
4347
15523
9954
238
7073
11977
9114
10269
15735
10063
1429
16032
11549
1787
2178
1372
6073
12166
11355
3569
7854
14289
1614
12512
8833
12580
15712
6640
14770
7415
15747
11491
14426
9057
6056
10514
1154
4946
15766
516
2930
13425
1285
3029
3958
6138
12615
7109
2671
1508
5461
14885
2641
1222
11437
1828
7901
4137
15561
14672
3845
11765
13071
14608
7904
1715
12105
8565
239
10778
12517
6557
13893
5780
15679
8214
3753
11740
16054
7592
1906
5644
192
886
66
5702
8850
11011
7131
5069
8060
9675
14980
11378
7123
13730
12635
6290
8299
15974
2713
13092
6427
6436
12272
1612
687
12190
16253
12106
9590
13075
3954
708
4682
14467
3657
12487
1011
4706
6985
5944
3591
8847
10487
12979
15075
12744
9999
2129
8788
15539
15899
16003
443
2090
2005
12410
5940
10210
9192
7988
1470
3848
7253
253
4647
11984
10793
8051
3765
10335
7431
1810
3547
11009
8640
11972
942
1097
4539
7937
8162
8233
15682
9202
1793
15195
12162
14321
5987
9589
5586
2058
11080
10044
2429
10725
10014
12557
12927
10754
4167
9243
7499
7239
1756
8378
4212
6982
107
2152
12602
2599
553
3437
5267
12764
7039
3533
14445
13403
3790
8897
10322
9669
6493
12569
8870
4396
13945
2121
9978
11189
693
15281
13392
15107
10396
320
6678
14044
16354
7040
7810
15358
3622
12918
11881
10191
5814
4073
1337
8984
14749
12203
15126
9193
12613
14258
15452
15805
10309
8097
13802
11692
10520
13116
7848
7868
7207
4282
7601
9919
10817
9361
5553
15534
6230
12806
4236
13657
3295
8375
9953
9326
16018
7623
15012
14518
2031
4268
4168
5436
3549
15149
15400
13261
9793
3785
3387
13560
10952
7435
9422
10494
10186
4483
11983
10736
9382
3852
15958
335
13812
3236
685
5260
6113
11206
3508
8146
9457
5823
7134
3203
1768
8918
7353
5294
13859
3682
15434
10901
7927
2770
6989
4438
4531
12440
11058
7950
6740
7658
11815
6359
2158
9180
10743
11285
6078
12044
488
6376
16190
1948
13317
3931
8121
3472
9230
16268
2042
12187
5599
3953
4383
4952
3655
9656
14640
2510
16110
5882
6949
12258
1559
15530
8467
10407
14574
5246
7909
1773
9349
8637
10144
13583
1771
2594
5722
2935
8936
3967
2364
4148
7501
2351
3444
16250
2336
12524
8939
9208
2372
4301
15235
14861
12555
10689
12989
2885
16298
8552
3153
12570
2992
8992
7462
7172
8141
15738
12085
13912
8029
14195
12829
14843
10042
844
11861
12838
2952
11884
4845
10878
11649
12340
14041
15691
8420
8037
7664
7161
3863
752
12089
8523
8117
243
2049
9947
9308
14017
11164
7978
4072
11424
9254
4920
2872
8799
6937
4055
14979
14618
5084
3835
9757
3742
3483
1003
3094
1825
280
6425
351
5204
6064
11340
13325
7700
13055
13398
13496
900
13446
3697
7008
9418
14098
1989
2558
10072
11092
5726
8971
1868
12178
14146
16169
15384
302
10053
9538
6669
7805
11489
10171
373
6566
13035
6169
8043
13460
7124
6378
7644
6547
14931
10156
4280
2162
3786
13875
15871
2394
7835
12974
4293
7260
4835
11361
1478
6450
15184
2477
14267
8178
14178
8994
15133
1277
348
15439
3251
9595
1901
12649
15488
3438
1017
14605
1183
291
15198
14831
15428
1840
12906
3606
14217
8203
5098
14218
11200
10149
3068
16168
15218
7767
5010
9784
13088
3536
15036
9235
11988
2543
7036
10666
3745
5498
11161
12939
14401
16349
2396
699
12463
9619
1836
11167
1189
10728
14060
14415
444
68
13419
2508
376
1769
8216
10744
6607
10121
499
5077
12014
4143
6530
7051
13737
13166
13816
5452
11280
8274
13759
12435
14453
14968
10290
13613
5665
11369
10753
11942
2514
7749
13080
10037
15285
14537
11429
6708
10799
16047
14235
9068
7259
11388
14013
12456
12832
10022
13611
2067
10910
15083
1981
5168
3158
9390
3729
8922
4604
1192
6997
13857
12025
7759
10164
4134
6501
11423
654
3381
13528
11801
16296
7724
16230
8641
4735
8427
10217
6683
8568
606
11775
11133
3389
15774
36
3949
11629
10328
3025
7704
2850
15796
14890
4654
1476
5075
14031
7378
566
8218
2576
1923
8397
7655
7564
12380
4646
10249
3288
2895
1789
9846
1440
13086
12445
7461
7023
8422
527
10575
715
4990
13780
1846
5451
9324
12669
12134
5483
12324
11146
13048
1576
6193
9970
14555
304
1344
12385
10276
13262
3913
7828
16254
7343
352
6412
1799
14851
5441
16004
6277
2386
11728
12938
7938
7773
12235
5635
1497
15054
4843
3948
12122
15991
14204
7850
11320
13423
2247
15809
1533
14762
4094
11349
8598
11260
14944
6903
3477
7143
10439
773
5809
6540
15388
8123
8323
9270
7442
16335
11506
11965
993
15946
5936
12031
7483
4947
2582
9584
9894
12805
9103
13068
1004
9664
1772
12577
12492
3059
10020
3981
4150
16383
5866
1788
11176
4660
8198
14254
10491
4500
255
5917
9513
4828
6606
361
13516
2596
15608
2131
6399
10555
10441
11493
15954
15410
6688
6484
1407
11581
6371
7769
9670
7140
5978
5872
4108
2275
14054
1404
4244
8980
9305
446
5728
12597
12138
9411
4761
7476
9266
6804
3322
419
8183
7307
7496
16109
15454
749
14536
5112
2383
3246
6220
4122
939
1090
5488
1839
12775
568
10975
1914
8406
2718
4453
9227
1359
177
4374
9863
3324
9963
7310
6006
3496
9220
4247
3057
10811
10357
2416
15516
2402
7897
15929
4159
6349
248
2301
5297
4085
8232
6558
2025
8064
3869
11434
4860
8774
13783
2994
4607
11049
12037
6945
12912
15096
11258
15196
10456
14189
5481
2244
13712
1336
2113
12230
9052
9817
1050
14409
15614
13239
12247
9
7135
11458
282
14456
11750
11664
6055
9288
10673
13850
12202
8348
14376
13935
3306
13194
15106
14191
5338
11550
12431
12370
628
14943
2132
14276
16139
5515
5684
1320
4560
9110
5161
14463
14904
13659
8900
3138
2939
12111
1324
5195
15919
10554
4975
9658
14323
2438
11585
13219
6604
11669
9563
13818
1186
4532
4630
6485
4011
13836
13224
14466
6018
11899
735
12623
15790
7786
89
5296
15889
7574
13129
13064
15050
1162
1943
9122
13373
7752
13910
3634
15870
13001
1881
13904
12699
4519
7718
14162
8248
11711
6729
9902
5476
8820
10220
9532
6549
3899
7002
7484
12616
14269
7395
2771
10835
3040
5503
14657
6393
10957
13486
4743
1764
479
8527
12300
2907
4288
10591
659
1077
3294
14973
7504
14805
4458
11941
16080
2795
13070
1204
9642
3640
13670
8749
6180
15861
2225
10594
7241
4303
1461
4164
15617
132
10046
2008
701
683
12227
5609
7645
8446
3970
1096
1903
3455
8605
5631
3800
633
8133
7888
8731
15529
5617
12638
14562
3685
12612
4153
3103
1862
7764
13559
10033
6431
740
6164
491
5592
10382
14183
16294
13341
5316
16334
11225
9199
494
378
9421
14818
3415
4897
6362
8726
8998
1232
4615
10773
14986
6034
14811
11197
11379
12228
9596
9458
269
9306
4469
7018
6385
4606
3670
2022
10584
6419
13830
10452
13815
11560
16126
2746
12041
3125
1329
16211
7235
6623
10450
2900
15440
2654
2926
13593
15909
1066
5601
9355
732
8538
4555
16287
2433
15973
15875
3909
3371
13456
5080
3113
6415
15952
15485
2186
9135
1630
11401
14331
13301
7581
14738
1291
2202
15912
1611
240
14270
2183
7464
13127
6460
333
15192
7263
2891
8638
10661
1826
11577
13246
15681
14719
5575
6917
5570
1311
12029
1031
4233
15028
10784
14906
8239
12150
7856
6646
7386
10866
12740
13217
4368
1962
14505
4488
14957
14420
13544
4591
14533
7050
5172
15004
474
12854
10049
8251
8954
11583
11090
2097
7893
1148
16061
12888
11613
3720
12209
2585
15101
3793
15522
10106
11229
1674
10340
819
13714
24
7181
438
15901
15342
14138
1702
3871
3329
12776
12589
9413
2608
8287
8031
5199
11132
5886
912
14161
4614
4250
1589
8341
14834
13280
8746
2463
3143
11347
12418
147
4878
14226
12133
3983
13284
5121
13109
15389
14638
11204
7758
11851
8195
6459
10845
7160
9443
2614
5947
7228
12337
3111
836
7340
4586
12304
4648
1139
10899
1316
6129
4837
3503
415
7890
927
7126
4419
1629
10314
6142
9776
12868
13837
3041
12195
12143
13649
14102
11165
15003
1126
5988
7306
1784
14035
1821
7149
15955
5306
3796
4379
6453
8632
10797
14839
16051
2697
16224
11239
10166
13394
12605
401
3881
8066
10009
10902
15260
10674
9345
14088
4808
1198
12160
6798
8264
4617
10402
13103
11117
6976
1013
556
8908
137
4179
5065
5694
9389
16341
10010
10867
4581
12950
4097
7974
3563
4286
12285
11304
13260
9639
9638
1884
2566
15962
15755
7971
13956
1075
5326
9493
14399
6057
15896
9348
16182
8333
14905
6115
9711
8905
6357
3475
14825
8040
7954
1816
4612
6009
11309
3585
4610
9380
5549
10406
14458
6682
12204
1052
2331
5772
15865
493
9701
13096
1118
1494
8260
12175
9616
11352
12965
7905
9188
14490
7551
5341
11163
3784
5836
1288
14300
14721
219
14543
4342
14935
13076
11461
13852
11375
6956
16273
1243
11479
7976
2009
2033
14863
4629
2028
4445
1068
9295
4411
14237
10787
3780
8328
2807
8599
11893
8350
14328
2292
4669
15801
14682
412
12803
11718
2621
7610
1197
10342
6293
2916
14419
4558
7490
14553
9652
3374
1561
8680
3127
12184
16173
3665
12257
10922
6327
2848
14139
13692
5654
13648
7194
139
11996
38
3588
9838
80
16016
14992
857
1747
3630
5380
15868
2820
3855
13842
6176
5351
6931
2491
2465
8249
1859
8945
10277
10993
10580
830
14509
11940
5513
2495
9708
3834
16205
11228
1882
9119
3577
10488
750
10612
15560
15294
1986
13477
75
1936
10529
15564
14877
274
6276
13208
11808
4732
12997
3334
7314
7125
9083
2344
10189
16137
5086
3505
3766
12443
2374
