248
6347
3036
14303
97
1465
10854
12991
8245
9678
14108
6479
737
7260
763
12528
5653
3197
9862
1565
5403
11484
1496
15136
3361
13402
8151
13735
4740
11266
593
12212
10243
545
9899
16063
10071
7545
3062
823
6552
4804
13790
8736
9476
7483
2617
14241
8731
10873
449
15927
69
6214
7500
9388
582
1635
4229
11728
2260
4101
10607
4968
8707
12421
6888
11808
7076
15932
13513
6323
3933
11052
7054
15781
13296
1438
7844
11465
4298
258
10348
4354
11270
8427
9360
14953
13921
1946
6863
6247
165
10891
9372
10667
3837
3365
10435
13569
11086
14378
8645
12148
7547
2266
11913
1212
3825
10752
3832
11554
14948
3991
6353
10300
12604
7723
8428
3305
6467
10827
8919
160
13585
12378
7918
2409
2046
9196
1365
11426
12779
10319
6819
11786
6544
14898
6371
14235
14125
8144
13861
14144
12181
12162
7871
5563
10806
6785
1893
16281
90
15077
10246
11569
9009
7454
2881
894
10940
11112
11730
5462
392
13069
5256
14332
3124
3895
867
11932
987
14505
14768
6844
15844
9527
11294
3376
752
13373
11877
1898
11587
11180
14725
15326
7177
12023
2365
12654
13198
2221
14909
975
12822
9026
15123
8113
4612
5849
14506
5734
4425
3806
15937
406
7903
5196
6679
8589
11602
7391
13347
3652
5963
3520
1306
8916
7071
5754
11367
2901
12714
5898
10537
4486
5840
10172
15853
13042
6984
15440
289
4098
5613
12388
13152
9281
6900
7942
14074
15061
46
11801
7241
13922
11622
5959
14446
665
13213
1046
16322
13485
16193
5544
13953
7196
6021
6032
16083
5169
6855
6355
1973
5508
5259
14621
5215
4414
7124
10608
9489
9732
12489
3219
11053
13209
12554
10233
3589
4599
14228
8629
9634
9856
14788
282
7180
13670
13035
7514
3519
1130
13396
3653
4866
13730
8363
14116
14785
5182
4009
3449
2510
2683
6761
2750
11641
259
9012
11380
10024
14342
14351
12566
14287
15945
13669
12362
15962
6000
15169
15166
5641
9427
8464
2267
16206
12894
15744
12956
2035
14385
4001
3643
13205
15609
16042
15886
12890
4671
2598
10681
11480
147
1504
7516
7279
6030
2052
9577
738
15277
5598
10401
12777
11159
15320
6891
1742
6052
3742
11271
470
4369
15850
6134
6139
91
3656
11619
12925
15837
9609
7206
7095
12374
10030
3516
8050
30
5260
7049
14054
6973
13645
8257
1804
15452
4904
5856
15048
12774
15184
8503
14775
9963
1717
15935
12246
1760
16271
13822
4732
14178
2259
14687
3892
3995
5204
6268
13453
2644
10658
3815
10610
535
7331
4592
12290
12833
10767
4627
8037
10987
8029
1162
3119
4356
15070
13216
8431
5080
10
6468
14647
15865
13282
11981
4665
15859
3193
8713
2882
9474
10138
789
913
9265
14461
2767
733
1876
12211
15573
1897
8734
6921
1560
6726
15056
9144
1857
3079
2
7753
9482
132
6081
16372
15360
5028
3029
4157
2075
1325
3316
6878
11209
6517
3944
1648
1489
14560
15101
11236
2708
958
5087
11605
3060
12879
1368
3547
12459
12028
9910
3448
12683
8081
7324
12942
12699
14484
14540
123
14124
10899
2344
1169
2845
4412
6750
10008
8782
15490
7188
13928
11638
499
3206
8310
12515
5280
14722
14350
14889
5008
3998
5212
12215
7693
16191
8967
5857
3204
1051
15982
3613
8469
14587
507
3922
7320
3693
15150
12250
14961
5850
10045
8545
6045
1688
11805
16321
15124
5705
6056
5295
12434
15809
4
4961
15911
2998
11654
2976
15898
11405
125
1053
4461
2068
14709
12531
14554
15806
13046
13171
4279
7879
16003
4562
8732
6777
5778
6480
2862
2403
8789
1054
13854
2471
5702
505
15308
4019
12478
13114
1777
511
10483
12294
9494
9667
2844
6080
7265
9691
8213
10926
14979
8814
75
673
5433
12749
213
7527
9576
9904
6979
5952
10680
6384
11890
12089
10063
12243
7859
10140
3177
14801
12817
2411
12597
1471
10707
10670
9052
173
16325
8487
4505
749
1933
9802
9743
6191
10820
11028
9509
5311
433
14282
5340
6243
15394
11866
14227
4041
3927
11464
527
4112
10184
7311
5769
3470
6233
12871
5378
10581
3388
13632
9540
13147
13238
11764
1768
7536
5122
15522
6821
13776
5392
759
2400
7665
8676
16018
4660
3703
7174
5967
8340
3524
4338
3783
3351
10739
11945
8869
10186
12650
10712
12327
8767
3822
4117
6525
10437
13886
715
6107
5296
873
11404
1612
361
4963
11716
10291
7410
10701
14103
6838
7402
7111
15623
9581
11205
11555
1749
2036
3538
6541
324
6955
9799
8269
15817
9184
7249
1895
2699
2800
2393
10952
13423
16247
7247
8941
1280
14310
8273
4367
13273
11749
1757
14513
1485
10044
4328
13306
13239
15288
2667
3780
6244
100
6851
6836
15711
11443
6898
3583
7788
10365
11977
8500
108
14591
2496
8780
13340
12537
13590
334
12365
8012
15147
13192
7314
1058
8072
2891
4431
6905
6025
6569
16308
4244
11342
3654
8604
8408
6306
1029
6571
1210
3275
12383
1011
2053
16145
14666
5453
15530
15577
15845
13676
1788
2887
11665
7783
1551
9461
14928
9586
4250
1160
7759
13674
8164
13440
13607
7340
9659
7156
15677
1354
13270
1753
9241
16267
13250
7380
14561
11699
6574
3891
2145
1375
15250
235
2464
2716
16085
3192
15186
3834
15192
15006
15731
3766
8417
10982
53
7916
1282
16124
9830
14873
13925
4494
8440
26
1235
14759
1049
14754
5536
988
9575
6334
9048
13627
6555
4179
9845
5948
6663
2820
865
7843
13101
4717
10606
15824
4482
6365
1637
14776
4831
10875
4683
5634
16021
11444
12167
8824
11920
10111
11227
11748
5343
2953
14771
6790
2527
8523
978
8951
12490
6208
5072
14001
12946
11574
13930
14172
3126
7383
5672
8640
12535
10936
3007
8666
15678
10860
3919
15820
13394
878
9982
13335
11803
1566
15405
16189
16180
5229
14082
8701
16355
5873
8683
7152
15537
2714
6352
15185
4207
10147
594
13701
2309
7145
10247
86
3548
6085
10314
4455
15830
185
14223
2190
8172
1254
682
11570
556
10021
5976
7847
9232
7999
10072
8179
9822
4538
3439
6511
6553
14701
10073
1661
2083
4514
5183
14240
7962
2029
99
9962
14149
6884
8185
360
7030
11497
2474
14257
12416
15412
7807
11851
7645
2375
12791
9765
8074
13479
5982
8857
1418
4985
5262
14494
8884
1677
5195
16205
12885
8143
14787
10207
2018
11121
9745
4526
4180
1225
6709
4120
12364
2724
5149
6417
8328
11423
5760
16170
9421
9639
1198
4649
14993
11645
14911
11909
2433
2012
14906
3084
5852
4726
6438
10397
1166
12750
11529
13686
8590
2161
13369
14191
12075
4605
4272
12390
10730
8536
6508
7535
12322
5601
11389
10258
15991
12076
13124
13931
6180
13012
3525
4939
660
11897
7125
6024
4235
15043
16316
2966
8700
7011
12346
8593
7655
5741
3031
7223
1735
11492
7179
8885
6865
2326
5927
12623
8552
4216
8335
9282
12381
1676
15510
1443
5549
1611
11453
12234
14452
1384
7063
5776
190
3779
6309
4011
5761
10541
2982
5331
1319
2544
6707
13128
5895
12962
7376
8441
940
13185
12821
7602
2394
9473
13057
11020
12225
7185
6833
15030
4342
7373
5232
6736
1657
5359
10785
10050
16229
6653
7926
8351
9906
4004
622
6522
15373
9506
15971
14705
15064
4222
12239
10262
14031
8540
3008
3651
11269
16166
2586
13537
14970
16250
15026
1983
5323
824
6531
5965
4105
13286
5048
12664
4635
2726
2522
4981
761
3385
2893
13536
5120
12499
13129
295
4572
482
10170
6188
3382
16144
5023
9499
10580
6561
13276
7388
3014
5874
3986
11249
6377
6502
12573
8325
6187
4111
1607
7487
6372
10932
11824
13660
2064
3966
8976
10779
9668
8105
4676
8651
4984
5200
4447
9968
8925
6725
5207
8988
5652
1706
15704
6299
7653
9267
979
1200
15684
5496
13346
9591
5041
7525
8898
8863
8709
2426
3121
8583
11900
15469
1214
10244
13965
3201
6648
5663
5406
12572
6617
386
4160
7626
6581
11436
3298
3670
16140
15533
14018
4215
10828
7014
12685
3272
12391
13145
2126
743
1578
14699
1165
170
5739
15476
4952
9429
15335
6972
3614
8686
12757
2688
5791
15467
7009
3518
15410
6338
340
12268
15342
8418
11461
16335
13436
544
15019
4945
4920
1036
14295
8260
5888
15239
15488
16344
5227
120
1636
254
13571
5525
4308
5756
10621
1537
6341
15555
12375
8630
5440
10051
8055
1675
2733
4368
11904
11265
15213
1527
12557
9582
11956
5380
15094
15588
6593
9484
7154
9085
9089
9296
10877
7019
8512
6108
2197
9371
7953
14789
1454
1958
3846
1750
647
10391
6181
3473
14084
9967
1318
6409
3022
8253
15298
3994
14131
5928
6622
11878
14991
12083
6392
14174
4370
4895
8856
9321
5492
1133
7662
11614
10568
15207
12673
12226
2402
12074
10456
10928
2183
9156
13618
4570
15713
16010
4604
13
1062
6827
591
5639
366
13418
1466
937
9973
3063
12503
16175
13654
11010
14454
9350
1872
439
4153
11854
2729
2818
13527
6252
6849
12297
12303
13990
15345
16176
14035
124
9861
13642
3384
3460
2014
14914
10175
12519
8277
1510
2032
5786
4593
7523
13979
956
14778
12564
10498
7732
9746
7955
4133
2297
6331
13028
3395
4811
12567
10218
2367
15665
14507
4003
2327
8480
7738
5167
983
7640
6475
10802
12351
14436
9879
6678
13934
10266
9938
1547
12606
16217
10005
11186
1557
3000
14146
414
12465
2272
1068
10502
3393
10524
6543
4680
7477
3923
3131
7139
11954
1398
13867
16163
8298
880
15822
2030
15161
14918
5568
1494
4325
8315
1875
13880
3611
203
13398
12338
15706
9201
10027
14548
8005
7167
4317
4452
9057
5100
7694
8864
5854
7021
14683
1164
1831
9022
15648
4073
3964
4773
6658
7408
14478
15499
4577
10324
4839
14165
9954
13068
14408
6850
12214
15370
666
6427
5566
6446
13937
2429
2858
6416
6602
14271
5486
15414
3981
5847
16228
14870
15014
9843
5729
15201
14272
8708
2204
15732
5278
6942
13640
15862
5066
7538
2091
12910
756
15931
14841
9457
8035
2993
8108
13090
7873
14613
6016
11279
10104
2196
4511
16052
8362
13578
716
1376
12196
15790
191
3250
5904
504
15868
2033
1544
12352
7681
14021
13246
6425
8716
4545
6204
11098
15758
11790
1539
9065
9727
8118
3035
11802
10174
1303
5404
10442
2301
10433
9550
8149
42
339
3774
8508
8258
11755
1961
10374
517
10504
13193
7077
8588
7213
7628
14983
11061
3529
10750
10784
16272
13551
2261
2149
12693
8175
6626
2531
6287
1312
828
4765
9714
15642
12998
1828
16345
10208
11857
14894
6575
5416
13262
15663
10495
12922
15661
9596
8247
10015
1361
13516
4504
10217
11027
13096
14016
11586
11642
6782
12398
9104
5022
1148
15583
12080
7899
9000
10902
1326
12949
8414
5829
1308
15870
11304
15455
4088
12160
14858
7303
8125
1586
1416
10241
2540
7965
14389
12012
15644
11714
12559
767
9314
4428
3655
9209
2675
11016
758
9139
16045
4118
9272
6638
1341
4757
2406
6713
10511
15973
220
152
11815
13857
3111
8897
14498
814
4585
13565
7896
619
9944
5771
868
378
2225
1168
965
9555
12775
6700
13635
15264
11434
7866
2948
14724
10914
8914
12161
5630
2748
2415
12565
6752
10159
12191
6316
8801
12955
14516
7986
12788
1136
9333
8171
10381
9516
15755
13512
13384
730
9532
14483
234
13456
2044
13820
13283
7556
13374
2414
6153
7945
5584
12141
12674
12
741
6714
10674
7924
11300
14827
12277
12479
15299
8628
13570
5757
5413
10564
14126
3992
13407
4705
12792
4779
1956
1082
7931
12015
6840
4382
10778
479
3957
269
9323
29
1141
8662
16256
12092
7000
2392
10765
13698
3813
11077
10933
7362
4262
9425
393
3870
14737
557
3006
10115
14239
12336
4674
11254
1967
9327
8161
6199
1944
12199
10560
10257
9685
10282
8827
14903
11734
462
5350
14011
4658
12494
11386
11723
3050
1999
872
8992
15272
12296
10415
11284
4158
10676
424
12888
6311
4420
9497
2506
13202
13036
16056
11658
14435
1507
12541
13253
971
3140
7882
15079
7326
4809
13408
1801
3736
12120
1292
4762
3926
12217
1722
11552
13533
16058
13127
8337
6763
11087
16297
7573
1745
9500
10728
11629
5832
11617
2558
1763
7343
4031
10455
8117
490
12948
13687
6731
7981
10917
9595
1283
10379
4037
14171
12807
8004
6105
6883
13888
9607
6182
9014
15984
15295
6488
1090
14247
5942
5602
13119
14458
8236
12267
12063
8594
10627
2478
12187
7438
6068
9811
7687
325
8286
10261
10618
13655
52
8000
14936
13690
3565
13766
5701
7475
8961
4086
15311
5722
1671
939
14719
13603
14883
476
8288
662
13583
15628
12462
6213
4958
1001
15736
15341
4806
9169
12432
456
6501
9493
675
1712
11499
4692
14462
4380
7385
4204
10150
8562
1278
13272
15165
6533
7825
9023
3645
8605
5990
8007
10719
7104
7828
4384
12170
8556
11130
9396
6225
12201
6332
6351
7072
212
5964
1033
3720
10206
16304
8544
10721
9922
2345
3151
4130
14204
7394
2417
8539
274
1057
3724
14680
1237
1060
14339
15337
4284
13723
3816
4492
14186
9933
12372
6196
15074
11804
14450
6152
16340
7036
14090
13956
5161
5006
1892
14627
2355
214
15657
10579
13817
8655
15233
13321
5996
10054
218
8878
10074
9942
15245
13044
750
15256
15985
1240
4825
8393
16330
11474
16146
6091
16235
1806
14177
1810
2445
14289
14066
7658
9571
1203
15421
135
13259
10408
3203
1575
14714
13792
9786
5354
4766
13531
820
11193
4135
16239
7058
6753
4719
982
9127
6856
5431
9742
4788
5293
9366
9332
8468
13824
11317
12440
64
16178
2173
1233
680
4752
13733
3165
6532
8578
1086
1638
7542
4079
10090
16274
4267
14501
6357
616
10528
12760
16066
1155
10880
5429
15353
10149
9876
12783
8984
3637
14534
3220
5277
14943
10614
3306
10287
13689
11507
12740
9676
8920
3673
6594
2776
9535
4388
5817
14046
2973
748
14994
1957
2238
5460
1310
11152
3819
6739
15639
15517
6047
5099
842
8311
9202
10846
9754
5617
7996
14569
13958
7932
350
9784
5180
13746
3413
1462
2625
800
12261
1580
2563
15692
7349
14760
11717
8900
10720
7486
5090
1911
15505
8549
102
5986
139
13245
14093
15372
7929
1569
1061
5060
15139
9363
7641
11965
2307
7168
7943
10977
9981
3026
10938
13260
5909
12006
11442
15739
6993
16013
3104
16110
5936
3615
16141
13705
14864
13104
7944
8790
430
11243
13356
4949
7517
9768
15679
2685
16023
9558
10534
5606
14503
6492
15033
7667
3553
5531
12745
8560
4059
13878
10167
9003
10611
2965
6964
15086
9308
11065
12425
9398
1382
13967
8637
7914
11848
4497
7690
9643
8815
4080
4076
12035
9174
6072
3267
1349
11
8051
7911
9146
5819
10227
6075
13805
5330
7171
7884
10094
5313
13092
12542
9995
11335
13625
6958
8200
7248
6121
13553
7059
6261
9005
620
12469
16270
2350
8443
4560
12122
15371
3487
7584
5081
13177
6305
2117
15558
13302
13847
9068
485
3367
7305
1135
16338
7956
8765
4375
4480
2343
2114
579
11810
5920
6674
15355
9024
7774
8082
9866
15613
4265
12732
15275
8369
3835
718
14922
14536
566
7250
1393
10373
13764
394
16139
8345
15226
6170
4307
8388
6524
7508
8194
6325
6348
4290
9673
2616
1196
9901
7345
8234
385
2171
11978
10703
8580
8166
6699
7108
8343
159
15478
9566
12618
4780
2981
6232
13212
7190
15638
3389
11537
8266
1549
7277
10546
14396
4231
6291
11990
15956
4731
15601
8375
14106
10856
2763
720
5221
6282
9477
8553
5150
7276
9689
3
1121
11578
1285
7897
3447
8434
2925
8825
7972
3260
3794
10216
15765
3577
14334
2604
11007
16065
1017
10223
1559
14644
14380
12373
3872
9261
8349
9608
14810
7364
15498
7321
5091
3446
8135
4474
13284
2900
9620
15776
13254
12661
15556
1517
12882
12518
10832
11017
2460
618
12435
14045
6535
877
11650
13085
15831
10173
11959
14601
1729
15979
5491
2147
7491
14261
14156
11255
8188
10874
9194
11482
10450
6842
13026
9767
13445
12996
6429
16296
3908
3477
8322
7210
10330
8518
14245
11639
9729
6087
13814
371
12532
1938
10532
9423
13706
1052
7959
12307
5351
11357
5632
1833
9730
7243
1751
6864
23
16001
6587
13053
12397
3838
1359
16
12731
7339
8565
13401
7961
9213
10920
15733
2905
932
9972
9640
5765
13054
4083
10316
6632
4698
8494
7748
5379
11363
10459
5140
15688
9257
2702
7414
9028
13714
13732
15215
6877
8996
1275
9431
12607
5065
5686
11336
14579
4922
11457
4771
13619
11394
3434
1101
15909
8191
6203
9779
6953
13509
1670
6381
3089
14721
11009
14580
11557
2975
15503
5115
14803
11594
4095
11582
5482
8987
2857
8244
4460
6892
14216
501
10635
7439
1129
1481
6548
6505
13785
2005
15378
12588
13355
15761
1681
1337
10133
10143
16060
4832
10753
12644
5203
10165
6791
8121
5680
1040
5422
12254
9976
2920
3842
15656
11576
8357
223
15301
1556
9613
8174
3401
11122
3009
8668
11026
4175
7371
16082
10717
4775
15788
1439
12755
2549
6148
15896
4441
4851
10838
11414
13945
1775
10341
2760
10335
3160
12210
2934
13596
1798
14515
13224
1839
2621
3468
6610
1943
13802
13469
3602
578
16315
10406
11899
8795
7098
12601
2189
4337
8507
3288
217
10515
11217
4668
11468
14109
9198
8376
14049
2947
10108
8047
388
3234
9902
14525
12130
15590
13197
5473
14497
1334
1482
11727
12384
13592
11961
6082
13951
5194
4251
10951
14268
9347
9442
16150
13304
6783
14981
11081
3633
14307
5650
198
9704
879
3675
9574
1622
349
13486
13313
14832
11918
5800
15734
11082
1339
8774
2317
9776
7554
2849
5855
81
1410
14145
8806
2771
3153
8052
817
15328
7221
1610
5679
11233
15137
10249
15535
5211
9451
14232
3417
4415
27
6441
15877
15827
13334
11792
11034
516
14248
12539
623
10475
7429
7351
4694
10087
10114
15403
14338
11700
3758
15899
8541
15127
5086
11883
7041
9519
8600
3261
12032
3854
2263
10004
7369
11540
9083
13329
15322
8442
4168
5477
11047
7316
1453
15388
6138
14882
8356
10916
16076
11200
4419
15914
10202
2376
13153
3452
15029
2914
5078
7003
13203
4626
6590
5637
1458
6767
1664
9259
11683
5395
1405
976
3400
2206
5337
9355
15115
7458
4060
6447
11437
14275
4608
4433
3064
9311
8368
14821
3537
12357
16333
13468
4219
2009
10105
6963
11771
12350
15993
8219
13132
15667
11188
12795
13554
6623
15874
8924
8373
4443
9164
14845
11291
15922
6293
8858
2843
12529
2500
2493
8798
1779
8847
9652
710
15016
10997
13528
9917
11275
10883
6520
10163
9661
2654
10144
12840
5329
10924
6903
8620
15465
11361
5592
14662
11329
1010
3424
5977
15643
244
2602
12458
5983
5375
14376
10772
3252
84
156
5636
7086
11147
13837
1579
12970
2803
8660
13681
11539
14212
15179
8316
5490
830
4121
13311
9188
9056
8557
2873
12104
5583
16232
13410
11455
14704
13954
9043
3666
8110
3789
13045
6250
14422
4785
14741
1299
335
2127
596
16255
6970
12739
337
5826
11735
6711
9077
16320
6683
9717
4648
5121
8615
12100
7307
512
3691
2556
4603
15543
15672
10083
1901
3712
6977
12765
4242
2903
8436
15928
1790
6312
3828
3078
13975
13294
9008
604
14215
11194
2140
6650
11054
6443
5933
7417
3579
677
12524
9892
9792
10795
12945
2518
3604
7310
10110
1177
12593
4631
15281
8550
14758
13738
15920
4850
16051
917
11349
6269
10271
12171
6127
9339
10684
5599
16062
14100
7679
4786
15889
5018
7601
1499
7734
3454
10975
1889
16105
4271
10487
8945
6142
15879
4264
12233
2002
4410
8771
5419
14796
7027
11242
4590
12145
1793
14654
7202
3631
10022
14411
9588
9999
589
8568
11483
11449
442
8038
5326
10540
9923
8770
14677
2603
10571
8535
10148
1037
5334
13649
14399
6893
803
6989
10710
3805
9628
9130
355
10660
13348
7126
472
6597
5649
34
11410
3024
6872
1015
12571
9865
2351
2106
4312
9492
7187
3628
7751
11588
16313
7460
9863
9943
7304
4896
9760
14343
9835
2958
5523
5803
13201
8167
16120
382
15489
11479
1513
9675
3593
14753
1195
1978
3549
1222
12007
15980
8710
2079
2601
2275
5628
4663
9448
15441
7370
10663
7119
10634
9573
1413
861
12155
3510
10642
5190
14344
7727
6582
15340
14286
7067
15427
12852
784
14317
13740
6758
15798
11744
1979
12941
12947
11215
16088
4071
6145
1802
1981
13023
2779
425
5365
11922
9044
15484
4905
15769
11032
15156
13437
9631
2245
7428
7161
5925
11375
10986
10682
13107
8095
9548
3187
12550
1985
6474
9186
12134
13062
1313
11369
5941
645
12140
12349
9253
13032
8956
15168
10549
7275
85
7146
3950
6646
617
5618
6504
11947
318
1297
2048
4017
13545
2084
323
11601
15547
6111
10128
11327
5539
671
2930
3689
11232
5136
6011
9642
7581
15944
3055
9504
9142
10519
15157
831
6144
12583
14495
221
2358
3428
10892
8803
5969
1193
5590
8317
2059
3885
4611
1380
10690
12853
5861
4628
4524
6272
13233
1880
11344
66
380
12081
12238
11902
2057
2369
4760
9559
12454
3041
11626
16208
9990
4089
4377
12176
1020
1287
13020
3425
12818
3105
3019
8097
13582
15958
3737
882
6887
10783
8134
4044
6756
9627
7771
5308
4801
7432
3536
15401
8563
7291
15810
2987
6005
4933
7625
2006
13844
5658
8613
9680
13903
3765
4346
13522
12275
15646
1954
6393
7532
12741
2034
172
13376
1914
13019
1629
5715
4385
7797
15352
16095
3081
10799
10360
10693
1263
1367
794
13470
13840
13331
5443
14032
11777
1307
8275
9844
8831
10016
13961
4701
5166
6950
15521
5019
1868
12359
2427
5684
4972
15453
11624
4200
15183
14293
9450
13237
5000
6604
8706
9860
13472
2396
5187
16108
584
4332
1372
11964
5640
4992
11058
1970
8546
11528
7225
2332
10424
4767
12410
5199
12177
9897
9520
4108
8087
4820
13853
7840
13926
3622
829
11930
13214
7323
10077
1447
8282
655
14033
12038
16002
1596
10479
1682
4977
14614
7591
10309
6764
2679
6565
8324
16363
314
5230
4911
10726
10122
11014
4270
12227
9563
6804
4881
7505
15457
4171
12985
8126
13169
3532
8259
7643
11891
1119
810
6795
7927
3795
1963
14509
5559
7770
12449
15146
3243
8694
14761
6556
1619
4796
14628
8319
15446
9278
9698
1220
10930
1849
11331
16361
7685
11859
8786
2188
7716
4724
658
4285
10716
3681
3293
14369
14860
16278
6469
4006
5146
12119
7426
11832
15167
11045
13234
11213
179
12242
9190
4263
5084
8058
15486
9984
4519
8937
11000
2985
10945
4418
10200
13722
11102
2469
8030
15182
15652
10413
1427
791
296
8279
9741
9697
5063
1878
15300
7409
9200
7777
14954
986
8861
10043
1940
8704
626
2371
10692
3558
9702
929
14957
5432
8769
4424
3625
5763
1865
6867
15283
2293
10612
6050
14791
11521
10215
8160
11135
15343
15786
5186
5694
13404
4741
4914
14531
10212
8425
1483
13683
15148
15470
12113
7585
7599
14441
6053
12333
4164
1913
12887
2541
11706
2444
4947
10929
3076
981
305
10761
3242
12406
4491
9508
3750
11211
12608
9900
11478
9949
11332
13288
12538
7701
15709
9932
4758
4712
10972
2010
2704
2620
7308
9911
15627
1724
88
12908
7158
6651
1509
3002
7272
15586
6288
8296
13613
10653
2824
2846
13403
551
8599
4734
230
14814
13866
9510
4416
215
12472
570
12829
11416
11454
9436
15948
11048
242
1894
1484
13899
1794
127
14544
12370
13103
12929
15934
10962
3486
4858
6947
2155
9534
13382
10042
12348
10135
5487
3962
1126
2329
315
15821
11609
15941
4522
3332
15377
11739
8158
11382
3732
3580
12969
9378
15660
12590
202
4730
12924
10041
2082
12718
15987
6120
8272
1694
13277
1697
4283
15939
1118
7212
13708
14958
10803
2778
6102
11055
3229
10979
14401
13015
7676
13831
6687
15562
2671
3011
630
4390
14863
7306
2627
115
12402
5700
14453
16260
7051
13430
5356
9115
12429
11688
10506
3057
11612
9178
5882
6695
15787
14087
10350
2087
11160
16079
7204
12025
14251
5745
10824
154
4406
15172
14679
1395
6159
12702
9763
3315
10709
13656
1205
2890
13051
6449
12992
14318
12169
14583
2668
16311
4345
14195
9320
5537
14807
8632
15196
6560
9918
14905
16016
5670
5890
974
13543
15581
4499
1096
3336
3230
13694
5610
2231
6584
1906
8232
9881
8966
8823
10595
16306
7813
8757
12159
7976
7336
4087
15325
5775
9544
1646
12385
1112
2842
4275
12600
13707
637
12019
11498
4689
7435
15004
14713
9959
11787
2539
5147
9656
3287
11033
2430
8623
4129
12545
16203
1866
2821
9047
14678
2318
1594
9736
9070
2253
13473
919
6760
9604
2380
16190
10303
14207
11216
1917
7915
2520
11338
11791
9913
575
12738
1649
5624
4140
10912
14575
2783
7512
5016
8935
15518
11306
7378
8246
6788
4621
2565
7808
4520
15428
11733
1949
9302
540
4781
3823
4292
3967
3047
10491
7991
273
4614
5418
7740
5713
12613
10476
3596
16048
12705
12086
11076
5682
12725
10775
8173
5476
10056
348
6666
6899
10636
4942
5242
1317
12617
15752
8597
5862
6954
4475
16336
9397
6595
4045
2459
12345
448
1081
1883
2994
11161
14367
8922
11285
4582
1069
11428
14129
6408
15435
2094
3952
3299
10565
12527
15600
9277
13507
6340
9850
13037
11226
356
857
14480
12826
10949
9948
3747
13327
8379
7529
322
15471
4737
4435
9207
35
12952
7791
15666
11836
2334
9598
14135
4206
3623
9298
3194
9851
13597
13832
7552
10578
2938
14010
5381
3821
15717
7382
9407
6489
7818
3798
14717
2525
7121
10849
16230
3887
8039
5247
12283
2081
16186
14352
8755
13326
8728
13256
15200
14130
11860
11022
2927
2211
4261
10332
3112
1989
13935
802
5442
6391
3845
8511
9567
14664
6510
13206
2681
2859
3294
180
4221
9092
806
8979
15903
550
10724
13897
5534
14765
7733
13658
695
9370
3091
11080
4909
3517
16215
5142
595
6738
10974
5934
12103
14720
13593
2809
14077
8088
11257
2304
2027
8444
1762
2248
2180
9195
16368
12915
14963
11846
1377
1409
7979
1463
10529
8888
8412
16309
12341
15912
6146
13896
6498
10452
9006
10057
13455
176
13703
6260
11419
3781
9345
1822
3346
7024
11968
1720
16137
4150
441
13905
838
5869
8076
7478
4902
14098
13566
14672
592
3281
5706
8698
787
9247
15811
5388
970
8490
6019
8014
10093
3684
5611
2023
2170
8177
12205
702
3270
5809
478
1800
11905
15536
11757
7756
9266
12804
12011
16358
2319
11527
11229
1211
3522
10599
13829
9568
16305
12935
9758
3636
8239
12037
1832
6465
6314
6418
13623
3435
14260
8745
2568
1208
1827
171
8355
5804
11939
15687
8585
7034
7005
5780
1651
5077
15197
15947
2952
7715
2574
3629
11189
12737
8867
923
4227
2228
5224
3865
805
896
3939
13360
1708
2791
5402
4521
11698
14464
1202
8192
11413
3841
5271
12003
9898
14926
8809
2507
12236
15757
7757
16261
15617
1258
12549
5064
15052
4142
9111
6054
12513
429
11245
16004
510
5979
7938
7449
13995
14881
14009
1918
1428
16107
15231
2935
10062
5880
3421
3641
15942
187
10037
1008
7630
14472
8364
6439
14430
13998
14254
2042
7175
9285
6399
3902
2817
760
3352
1582
9109
5243
10909
6668
11313
13972
5627
15568
10771
7677
11388
15091
10358
3248
1683
5949
6083
779
4875
5461
319
2799
14723
3715
14605
7422
3225
15188
6810
11116
2372
14698
1435
2562
3934
9937
1407
1930
9787
696
15242
15390
2936
11633
15460
7240
5600
12790
764
6857
3863
7905
3411
12913
13985
1721
8497
4064
10289
822
6930
2104
2003
2829
6453
2187
4028
11096
9650
6436
3339
446
14371
11406
14488
8534
3541
16151
1813
708
11853
13745
9833
520
2338
1073
6507
9173
13691
3784
14476
16125
3103
14871
465
577
10410
7627
15404
11758
13573
13808
12298
5673
3973
2123
13008
161
9812
10484
3743
1568
9475
12483
12719
3319
4853
6335
12222
14309
13063
7960
8471
2172
10609
14063
8302
9578
2062
12017
13704
12269
2437
14673
9306
6701
1761
7039
3769
6255
8084
5772
6210
13538
4149
6831
10295
7447
6990
13494
14586
16025
15319
4547
7823
25
1088
3239
15431
15534
40
8233
9614
10523
11687
2468
8249
9641
2832
7674
4518
15098
14931
2924
3938
6897
15950
1947
938
8727
1412
8582
14990
12153
9931
5052
1371
3772
1373
14708
5202
15058
15236
11107
12453
14277
4052
5362
11073
14933
6076
2195
5398
3236
4553
6918
11031
8157
10384
3097
2694
3004
9814
797
6512
13108
4655
5656
524
10232
6956
12368
7078
9120
6026
14660
13220
15900
12621
5573
4594
15426
8969
5716
9462
11283
6563
4177
902
12730
3427
4396
5366
12858
5289
13275
5493
6494
7178
14756
8980
3378
15929
9418
12363
1679
11267
114
13932
4841
8904
4715
12124
7615
2316
5631
12968
15317
14962
2551
11439
5805
14901
8663
8176
12055
8394
14170
11579
12270
775
2566
6712
15641
10154
10359
8703
6119
6542
7978
5955
15531
14893
11743
14570
13249
1426
5299
7160
5319
7852
1818
14969
4223
10075
9739
7094
14762
7367
2719
14550
13809
11427
5132
523
15863
6093
15134
10629
3301
12892
7870
6907
13969
14359
14362
7393
2434
15032
11610
13562
10960
12896
2273
14013
8385
15756
16312
11514
7074
13872
1021
1662
8061
10000
14256
3445
3377
9635
808
15391
3183
668
9465
2116
6551
8928
1714
1627
4203
7418
4359
9816
7392
12036
11926
13893
15753
2907
1583
13825
2642
9122
493
7908
7762
6934
13647
8096
7251
16188
7646
12726
16092
16044
1134
15472
3946
5387
13827
967
12279
5574
6327
3762
9947
14620
2280
12574
8829
7489
387
9832
6405
11070
15276
15069
13503
1436
1663
10922
10409
7023
2629
5530
7255
10375
16029
8255
7857
16165
5209
12154
6212
621
11511
2664
934
15273
3864
6608
15789
8722
12570
8520
5825
3646
6881
15223
12761
14007
1920
4106
8079
228
2517
14477
10064
6089
11003
10493
237
12041
1277
1147
14189
4322
398
9536
10782
7785
4887
5141
7925
15057
9720
184
10655
12114
8473
9690
5666
2641
10913
8908
2264
207
12700
1424
9189
15650
14510
5989
15597
6885
3505
459
12815
14528
3358
12411
10222
6115
3276
11290
4457
6266
15636
2559
3993
9107
4426
1837
13330
13924
3850
14357
5642
8042
5192
11167
3818
14412
1606
15067
15721
4316
8448
6172
13719
11438
7673
15334
14971
15671
6109
1525
664
6099
15296
1923
5678
3972
4162
12126
14008
10462
12232
11795
16249
14960
13500
5784
4310
6908
11604
5503
2782
7149
10941
15905
10863
6640
8526
4373
7150
4903
3767
2885
13860
2512
10700
16375
992
11035
15384
9229
15125
7985
16244
13973
8692
606
8099
10025
3143
2946
1811
15843
8498
6874
15782
7992
9467
16024
3356
8304
4794
1817
12517
11451
9987
8638
15050
6039
649
4885
11212
13737
9095
12866
12805
11768
129
4878
7007
12982
6557
1080
3418
5073
5125
6846
13465
14688
2623
2701
15468
1723
15712
20
13372
4770
687
2013
7827
10124
15430
14085
13365
9905
9244
8435
3849
7089
1031
15566
15007
14475
3741
13076
3200
6246
13017
4867
3017
3386
3175
1358
10593
3136
11315
10697
12470
6343
1689
10882
5068
14114
16237
1396
12789
4176
7795
6697
9531
16202
9456
7883
4501
3321
5719
1915
6207
7610
15418
8566
7193
7144
10851
13432
8839
3432
5907
13793
15851
14224
16236
16282
3687
483
14857
10643
11458
9487
560
1589
14439
2487
12799
8763
14313
6283
15964
910
5966
285
11131
5101
14711
9179
15346
9326
1992
8509
13221
2281
2745
2146
4862
3493
7337
9426
16073
14000
2863
8642
11721
4616
464
15923
9695
12842
13558
3348
11176
2233
7609
8360
5292
6971
8972
11251
13064
503
6205
9616
14387
9192
1038
5226
1937
9097
9416
10601
10857
7211
9846
5282
14696
4387
276
5114
3883
2812
1807
8423
4113
5837
13027
7490
4823
13992
5507
2692
14353
8147
10275
12990
725
5513
10787
5886
5992
4276
895
11663
5363
1563
3337
4172
15680
5561
993
4329
7902
8575
12684
10234
2969
972
13540
6415
13011
15802
1332
8810
1754
8384
6245
12813
5237
8380
1718
6886
13541
3471
3539
5974
10908
7173
7564
8015
11132
5444
9624
13393
2308
12746
15068
4876
5512
7018
11314
3092
9434
8742
734
13879
7997
11250
2784
3698
11377
5001
12330
1224
4818
10878
1390
10711
15735
3700
268
8025
5629
1093
7433
3406
7758
866
10539
6536
12516
4571
11953
10665
5621
11991
6591
9725
4720
7913
11169
11756
15968
11957
11725
6681
576
13839
12981
14606
16055
2567
10955
15211
1977
5089
8796
8792
316
5578
14529
14136
7132
12678
5275
3894
4411
15021
16153
9980
5816
14630
3499
15425
16041
8248
12371
2178
14557
5309
4859
10334
3728
13050
15084
9206
13700
8840
12694
14800
13775
3796
2555
14700
13491
4234
15767
5911
15695
15194
15255
5845
3132
4281
7567
5545
5944
12088
858
5746
8849
2255
12301
16148
4202
14978
7604
128
1331
15248
7270
11672
15750
7984
6928
7246
12146
12228
13729
15303
10151
8894
4376
13963
3274
4296
6944
9069
333
7586
9770
13325
1840
2656
11775
2203
3928
3155
3690
2516
4220
3355
11979
405
9921
14
9708
16157
9927
3545
16380
10956
15363
10567
443
13544
10649
11179
15042
5170
3890
2897
16040
3710
15864
2412
5098
2611
7107
14492
13160
1910
613
4661
4116
14081
13974
14653
10573
8116
3437
6084
9985
9490
6710
5341
12626
9375
13511
15686
2490
4754
5171
9212
164
15071
3042
12635
5156
4381
299
10989
12396
4651
8217
12627
10286
10012
632
5261
8295
7537
16184
11095
7397
1885
13010
13539
7399
7085
9260
4855
2298
4580
1836
7549
9234
12971
1056
10538
9561
3472
10953
116
11937
2222
9269
3861
5009
10788
1369
1320
7822
12401
3868
8204
10213
2995
6253
2741
1477
14658
4124
5449
1474
10881
1273
15001
9249
7257
8419
3456
5306
177
3901
1217
7704
7670
6951
3043
6916
5137
10740
13266
10661
5735
14300
10833
9974
12220
13718
11983
3717
2561
711
7242
3756
10961
14137
2730
6634
16093
3087
13492
15770
11596
769
7832
7122
6378
11460
5281
15952
5371
12000
4598
8122
3937
13303
13454
7407
7663
16222
2781
6294
68
15036
1786
11546
5368
14766
2456
6637
13863
16331
15986
7289
11117
14995
5160
12898
3495
6578
11376
7736
14323
174
3900
3969
9293
13173
14327
10762
11753
6924
4975
4541
3680
15051
2208
10617
11822
11487
7127
14504
16154
4173
13409
2613
9584
1548
14939
302
5515
11223
10389
12883
4637
5056
4156
9857
4161
5614
15883
1111
8963
4099
4795
12845
5743
13728
6033
7004
2669
2867
6362
13397
4409
11722
16352
13411
51
3141
1709
13621
2202
5510
6450
12943
7363
12066
3335
2836
13183
457
11172
15957
13181
3246
13343
11889
12854
7317
16319
484
7819
8693
3618
11261
14269
14945
7395
1953
3325
3228
8165
3273
4728
8973
1441
11011
13001
13458
7836
754
16014
362
9041
9820
3568
10748
14867
11106
10651
519
12164
16007
14829
6796
8674
9168
2270
9091
4152
13089
15122
15252
2292
14618
11884
15550
4733
3931
8336
3065
4536
2955
11424
11707
610
11831
10239
12064
709
8609
12043
14356
12839
7215
1845
15230
11090
10055
2682
13907
12764
3635
2752
5541
12586
9254
14715
2366
5053
2874
5312
813
6141
1295
4183
782
15995
1881
3133
12957
11637
1316
2236
10725
7284
13672
8751
3488
2866
6975
14485
12751
16263
12520
1216
412
4301
963
12443
9135
9726
12899
883
2877
9971
14176
12932
11398
11731
5875
724
3349
10497
4549
12442
182
13836
12874
2135
7878
10976
15775
16371
7052
8927
14726
3394
6789
14590
8778
6478
1826
3791
2661
12135
16106
6426
10137
9011
15894
1667
10569
14017
8299
3314
7713
10925
11170
13794
2577
11820
15205
391
6866
9110
7724
4575
10469
12407
3188
14236
9393
12457
49
7401
14535
6995
14089
4980
8327
2347
2826
9891
7784
3778
7503
8872
15875
4944
8499
15268
5400
15524
8415
5932
9483
11850
14139
2241
4552
2364
4534
5975
4681
12591
8137
10320
14763
6130
9848
2450
5947
815
6209
2378
4125
8997
9517
16196
5244
3291
8178
12029
2689
15151
12466
2840
7214
11712
12944
14567
9649
7327
10371
1991
3561
22
11187
16119
3422
7280
1531
6514
15220
15443
11984
568
12864
3748
15327
10894
1605
12634
3844
2047
8930
908
1696
5878
9337
10355
7555
13579
2919
6057
13477
3226
15193
13200
24
3067
7833
9405
14571
12753
14996
14358
15010
2977
4138
11231
9871
11309
3533
16382
7312
4484
13077
4517
6463
11021
15243
2971
14752
13421
6097
8223
2986
8281
634
5555
10907
6957
15072
3886
9801
9292
3070
6160
3040
4383
8267
15815
9351
14386
561
9376
4686
4093
2138
1552
11972
5737
11711
10420
10443
905
14346
14572
15415
205
6476
11074
9238
8353
2163
9145
2045
3483
12046
690
8890
721
14361
14267
8334
8596
2794
12609
1207
16084
812
13083
4827
609
4586
12467
5646
10862
11264
5858
8661
11023
13106
7966
13605
1809
12796
6235
11807
7093
5766
3257
9998
7017
1909
10666
4645
3146
15582
12897
15700
2663
9552
1964
7065
8495
2918
998
1109
16334
13791
2107
11819
3988
15819
7155
404
12844
7608
9934
14487
14127
6238
2418
5097
587
8564
900
12389
15620
3498
3021
12447
12109
9803
10858
3416
1204
4630
5751
3271
1187
13449
4299
4472
13448
13778
6540
9728
15747
8283
8555
1835
11780
2323
3634
4844
10357
8138
10669
8358
7928
6813
15930
15718
2121
16364
11144
860
3027
3980
6049
9112
7745
1853
4954
11856
12953
9557
10351
6103
71
13043
1467
9032
15105
603
5814
6175
14375
7769
14080
8424
2383
6318
1952
2247
7632
4109
5408
5683
13395
4802
4693
11657
5033
6433
14861
3318
15849
14743
8313
13097
4745
9699
1271
16182
5096
1864
2098
14429
16354
11603
6262
1434
2095
2596
5595
8043
14040
13274
3363
5283
7974
11333
14337
5248
2346
2341
2521
10867
1097
5374
874
11448
11952
14292
8614
3108
13678
15702
13894
15506
1773
7002
15402
1825
12394
10871
10060
13215
8772
11125
4908
3812
785
7113
1856
7582
8643
639
7010
14854
61
13055
15610
133
836
11311
13767
7835
13345
16381
9562
15557
8612
3535
1335
10283
15191
10100
8215
416
7763
3830
3255
12582
7066
2229
7864
5625
7644
14354
3101
89
15354
5718
6036
3402
3914
4738
13208
4753
4791
7761
5270
4483
8054
12123
4723
3679
10973
6577
4709
4487
11364
15569
15616
8889
9305
488
4493
10937
2505
10713
8949
15055
4466
7040
9094
6297
11584
11928
4613
5708
9464
12077
5252
7749
10488
4363
6873
2678
10211
11113
2090
6609
3130
