15701
3064
10889
3676
3260
4120
13658
11872
10226
11276
14980
3020
5571
10785
7130
10887
8724
9293
10099
14289
10838
4213
1240
7398
11198
5100
12577
6328
8236
6978
11648
12710
250
10232
8508
8728
4379
6343
11955
4841
1224
12988
12464
9438
15563
2049
6033
5319
3853
511
7776
2945
2066
9411
10649
5541
11699
9888
7032
8711
10027
2021
9598
216
15143
11048
1699
2498
1455
3032
12026
3349
15096
16202
2411
15998
3954
5116
13680
586
3320
9842
1616
16332
6628
2101
2043
13145
7176
16089
1947
12016
2073
7147
2840
10090
12313
12260
2095
4576
12346
2432
701
4476
9949
10986
10743
15336
14221
10628
15326
8983
9128
3465
15834
6544
12633
13484
13671
4300
16163
2462
3747
2595
14518
7375
4635
6471
7846
13506
238
3688
16303
7774
8961
5479
9891
3768
4144
2593
12147
8906
8260
5904
7258
14700
15614
8389
1462
13766
8172
6067
9592
10610
3743
7814
11543
177
14074
3808
13904
4745
11241
4030
3299
15061
3170
11763
6910
12163
12758
1736
5020
4773
3651
7152
7798
3016
3970
9413
16108
14521
2447
3797
7526
11678
14312
863
2388
10975
11644
14722
5918
10573
8123
1519
16156
11267
7425
3089
14216
9350
10544
858
2305
9711
15828
5824
14834
4402
2311
12443
16326
15455
3097
10720
7287
14166
2010
14763
15370
6459
11716
12222
9491
10818
11585
14815
14904
8753
11424
14262
12853
10116
16155
4590
5773
4587
7326
11274
14695
11178
1418
3803
7532
11064
1231
1940
2532
11877
15233
7605
4927
13696
14138
346
14780
1706
15501
12713
12070
12981
15787
6045
6772
14523
4686
9744
13331
6887
11394
1193
12165
7839
11734
4606
15728
13665
13576
10210
1376
5674
3241
8327
5502
15150
12495
2419
13531
11879
8311
3591
8439
7207
1078
15635
7175
5895
2351
2123
9027
9821
6041
3704
15534
3378
5493
13552
1445
3056
1972
5083
6825
148
8726
8081
10472
851
6781
5592
10663
6075
14972
12694
7463
8398
14069
9058
11069
4853
6638
4255
7157
314
15947
8354
8580
10878
1132
15868
3755
15883
2913
1827
12500
8222
3715
944
5678
4372
12237
15097
11355
9316
2689
3484
3741
389
2496
10148
15771
11982
4809
5554
14528
7482
2061
8487
2130
8862
10228
1485
14777
14937
9141
3991
6879
8537
3816
4634
3493
687
7186
4274
1700
3922
15758
9019
7025
8388
13383
9715
7120
11979
2472
10368
1870
14907
7122
15772
3753
9385
10636
7226
15367
14808
3664
3626
7011
6680
9352
1330
4569
751
5573
16188
13768
779
9684
9557
10532
10711
3193
2274
15291
6451
7485
7983
14000
14916
12518
13508
3722
7582
12607
16358
7813
12509
8437
2250
12333
12978
1015
11081
15328
152
13892
7715
4874
10415
4398
12203
3144
8987
8243
5604
8205
10442
5331
11245
13984
10962
2384
15265
9278
120
10005
9159
4199
2059
10205
14398
49
5930
6274
13594
7385
2883
12330
345
11882
11134
1512
10073
6149
2371
2434
10146
458
13026
15074
8140
11584
4794
620
6082
7164
12831
10968
2440
2599
4011
2395
9135
15984
14541
3108
1086
905
13121
14812
2950
14951
16357
2024
11491
3773
9532
3303
2807
13934
1046
1002
11688
1959
9376
11167
14217
5795
12879
6530
10626
3515
979
13362
4981
7593
8897
6206
6053
12797
3313
15901
10070
15273
6892
15630
2484
9705
1061
11173
13057
7216
4998
11593
11217
5271
14020
14415
3800
9204
5532
4843
4325
5317
11910
8800
2986
12073
1399
2629
11426
14438
9154
10184
723
13519
9615
8278
1957
103
11242
11035
14517
1921
1611
6207
9753
13101
848
1339
276
3196
16245
11759
10178
10742
541
6541
15580
10751
2038
6038
9628
14103
10112
3353
2828
15451
4253
15420
10127
5361
3433
15487
3185
14665
1897
1129
1702
370
6858
8482
5868
15600
1337
5223
8030
8014
11924
8779
4812
917
7805
4021
11918
5327
11758
14920
1747
13329
11169
14902
11685
1963
12018
237
3756
5395
11909
9759
4622
2953
3033
4289
8550
3629
6344
13894
14462
8844
6084
15407
13855
11497
7720
8198
706
4705
14930
1207
4062
12390
13150
8872
11838
2380
938
13394
14395
14821
5875
7741
8100
11447
1396
6909
16256
1040
1172
310
8108
6284
5474
12425
10276
13466
10938
4063
4032
4536
14018
4980
2841
7608
906
7407
9480
1667
13076
14076
5108
6162
14676
315
7562
11230
11642
6260
13944
9954
12402
12154
6771
6270
13237
9036
6377
15197
3268
585
6620
7792
8071
2204
12097
3794
8371
2259
11558
9485
9222
10425
272
5556
12141
7512
11793
7126
13378
9867
678
9687
16243
15397
8621
11210
41
12365
2362
9672
5796
12166
8458
14391
14813
8147
11023
14670
3910
11707
15442
13283
11258
9986
743
12229
13878
13260
15951
14135
1350
6262
9866
4165
9607
9338
6077
5996
12743
4511
1980
15516
3511
6443
7710
3120
13361
5056
9712
1035
5316
2906
1733
5140
16129
12817
5086
15732
530
8531
4523
9069
7508
2717
407
12901
14126
7789
727
7222
5518
934
3399
15649
2063
5959
5788
14509
8331
1533
3416
14131
3201
8118
16072
5229
642
15568
2873
2268
7144
10793
5912
2590
6764
9229
10266
14057
6127
6069
1908
13255
9782
13573
8441
13917
16070
10996
6015
14848
12810
5525
12377
8586
2577
6536
9663
2634
11522
11190
7260
428
14078
5896
3345
131
394
14513
588
16327
6186
8899
1358
13277
937
16252
474
8515
15017
3604
16003
15458
2402
1405
582
12662
2053
13858
13404
12479
490
11191
334
911
10198
3137
10213
1728
8283
16122
7879
11769
2687
5021
953
4228
4680
11791
10171
4073
1199
7060
1994
1290
15028
6419
3891
115
4891
5659
1081
10106
3034
32
6744
4568
3049
10790
15743
7947
10039
10467
14014
572
6133
11324
10400
13619
4313
10046
14104
15148
2121
8725
3293
3648
449
12145
7571
10418
11535
17
11954
1351
2026
7616
10437
11257
6488
2494
13014
14823
6026
1241
350
10867
9496
12183
6006
14630
8609
13151
14162
9864
14749
9904
15212
13667
10954
5569
10279
780
10896
5019
11498
5497
12406
13441
4256
9024
11867
11102
14385
11957
13595
11666
5013
13066
11264
8582
6732
8174
241
14854
267
13102
159
6059
9156
7797
3930
15232
7138
7510
12990
16027
16208
4132
9410
15692
12327
3965
7737
10497
8526
628
9993
12218
3852
11653
12941
9210
9912
9819
7382
13845
3008
15877
1886
9032
3748
6681
11816
10029
11629
4965
9796
11079
15137
14802
12755
13304
7980
8405
1852
8926
7237
12350
12194
460
15185
2645
3233
6521
3731
15629
3449
2420
15368
14083
5369
9277
7243
11813
15119
13267
9576
1589
7316
14459
11248
15764
12697
5844
12271
493
7778
5001
1004
9365
11044
1557
14943
12315
1801
5102
12485
7291
9600
15922
8062
5201
4264
14866
4877
7010
15694
14604
13146
1868
252
14993
10325
10786
12354
3439
9887
6560
13239
6321
3297
14629
68
13420
1842
5617
2571
3134
11609
6286
11506
2750
12897
14256
5809
12003
15067
3671
6525
2112
6176
535
7424
2325
7801
12600
4064
14562
16277
15662
2879
13311
1481
14031
2736
12305
14061
6586
7142
10640
1005
6787
9837
3332
13417
12370
830
10263
14062
4250
9341
2558
11209
4674
5025
3607
7484
3248
10884
14219
9452
12712
15562
10422
15936
15905
12782
16175
5869
5695
11552
3450
10941
7306
4461
11460
813
15840
5326
4159
11323
8924
6109
508
6861
6437
408
8655
7368
8867
5673
2598
13307
2603
5782
7560
91
118
7069
15895
11338
7848
16161
11418
4104
5730
13367
13051
9319
8430
13744
13624
1237
7127
10637
9544
13513
2865
3432
1565
6142
8875
15035
13955
16297
5299
13235
393
4079
11922
11473
14782
2711
4345
13393
9273
5559
13487
15818
14793
12989
14492
6305
15160
6200
6794
4484
4049
13953
4212
10137
6865
12538
15670
12236
9858
7077
11544
7820
7050
12942
14887
3825
123
14853
3154
6849
8447
11304
9288
13042
13763
5859
8494
4065
3588
9085
11854
1831
11732
1896
2958
13148
8998
11601
301
3404
15034
6340
1612
9325
4386
9740
13713
13230
13172
15044
2922
9165
9080
10212
15482
4319
3840
5215
14427
13702
550
8524
11817
6881
11965
15721
3492
6337
9854
4744
13082
14428
3810
391
9629
10166
13796
12961
10529
5985
4187
3774
7286
5338
9351
12784
6698
10603
9520
8416
7503
3861
10456
4210
11411
1220
721
2379
10318
12157
5579
12202
1871
10413
7731
804
5486
13933
7816
10308
15305
4553
11120
7967
15724
3893
4531
908
6656
4711
2524
10272
698
11580
2781
3322
5328
3857
3888
15313
8209
2993
8630
6884
1070
4470
8672
2303
13942
3919
11556
8996
7119
14988
1907
7139
6074
6354
15551
10065
8912
3198
5945
6728
1210
3354
5300
9023
4258
5459
896
14775
3417
15653
639
14994
497
15769
9333
10240
15441
8501
12445
9401
12805
10717
3540
9207
633
5014
9418
2226
11989
15473
3937
6713
2316
15388
6293
4346
2020
3555
14903
757
8491
12958
12591
5995
6017
3658
13829
1584
11269
8391
12692
5714
6814
14286
13093
13458
10702
15416
8097
15078
8908
5106
7423
11547
16220
10655
11471
2183
5547
16376
13749
12851
11659
611
15100
5320
8891
6481
3365
4535
13670
13285
6128
1906
4333
8564
593
1451
873
5793
2619
2545
6064
10292
16119
8
15093
12289
10342
2749
13031
1566
13125
2647
13094
9983
365
8563
7018
3216
13606
5159
2336
10364
6559
15439
14945
10673
7595
5769
5122
9613
5258
12752
9445
12611
13110
12859
11080
13570
13081
12970
13035
3324
7132
14180
11566
12554
2310
9002
4380
12259
893
15872
5404
9324
7746
10808
13416
14207
11938
9123
3943
6093
16116
4473
16046
13993
8073
11550
371
8173
1234
14794
8976
777
3942
6550
15379
3109
12572
9831
4403
14767
927
10485
6473
15358
6435
11259
2867
14740
4714
6111
8484
15065
9662
1329
6573
1619
3157
14229
15087
3633
13600
2909
12980
10234
11611
3785
1356
14175
11880
3546
176
12442
15826
8523
294
3602
5430
613
2611
3634
15356
518
9099
771
6720
12542
8180
13920
11305
13171
11645
1332
1492
11480
3346
7918
14182
13190
10295
16036
4737
5881
16298
606
11898
3847
4859
1791
10876
1008
15988
9055
4446
11710
15132
4895
16293
6796
6104
3315
5055
5537
12808
15193
6546
9634
4445
857
15875
13046
5184
13703
11742
9446
1274
2175
6431
110
4378
8087
16117
11051
2150
994
2806
1743
13611
278
9088
1703
215
15081
6227
13359
7854
13688
11516
8470
1071
15157
15400
11195
8663
14369
6782
10182
14460
1391
14358
15152
15775
6057
191
7333
516
14880
6837
12583
105
13839
3916
6348
15395
10866
8775
8969
5285
14835
8949
1582
11314
6252
10207
9777
326
7230
8217
12471
11363
8104
13269
7071
10753
14646
5069
5132
7345
8206
11061
2556
10905
7707
15453
8070
748
16334
3725
15329
1936
13706
596
11116
15387
10609
7692
6365
6955
6917
6460
9057
4459
11365
14032
7199
12530
13810
2795
8131
36
4019
2695
6018
6926
2803
9026
4433
2425
1348
14764
7198
8712
15269
12681
8369
1263
4946
13103
11380
12573
4960
4830
2799
14393
12728
2992
10930
15488
282
3764
1592
16210
3276
10505
11392
594
14921
10875
5757
6821
10087
7662
15527
10574
5580
5937
6350
6391
211
42
12209
1809
4601
10854
14799
5740
9528
15611
3181
9508
12951
3644
7853
3536
4024
653
6753
10973
9416
3084
15857
4928
2198
2990
3819
4074
15293
6736
6107
6210
9563
3044
2143
10079
1063
7314
11741
5165
11963
12601
2535
10923
4175
13345
6826
12733
7310
3844
2415
3281
7911
3090
10249
12842
8861
2006
5431
14829
7615
3720
9596
14875
3790
13011
11488
11070
9513
6326
6548
8134
13062
1648
13522
12984
827
7561
1450
4462
11407
14285
8473
9593
15109
15592
11085
14601
13226
1429
6635
15548
12451
6296
8599
10362
354
230
486
3454
15466
9820
16228
11090
3504
950
13538
6001
566
6479
14364
15691
11656
7634
2286
3681
7444
9272
14647
132
14260
3982
11805
2778
4465
4716
10282
859
4103
7189
8608
16059
13800
14627
6102
15228
14255
6030
5568
13949
13560
3572
16223
1036
10498
13722
15099
14843
11218
15741
3310
5593
13900
5167
9772
5993
2846
9407
11704
8846
2015
9230
10515
959
10071
10658
1715
7196
11733
10190
6875
16369
5256
14319
14985
4305
14638
14447
3829
9152
2748
10797
14095
13228
6294
12331
8763
11539
704
1860
2014
15921
6335
12113
8103
10180
3967
10558
2995
3459
5089
2435
1184
14739
259
12640
34
10354
7205
6005
14865
13498
6860
9455
5266
6009
15637
7760
16199
11658
1778
2940
8801
6196
6960
7141
9326
5002
9619
12030
12240
4275
5506
9693
4119
10902
8067
14177
7599
8208
15141
7581
2244
13532
9396
9066
16057
15565
15038
14073
3447
1092
10161
14024
6234
6622
9078
9757
5621
5700
10380
12428
15224
10183
5248
1845
7113
7137
14505
6042
513
15108
10909
10089
2774
13930
14717
925
5828
16124
9599
6369
4796
3670
2170
7167
13710
7755
14873
7001
8964
5963
4776
12843
11222
9797
11156
8231
604
1649
9967
448
7901
707
6829
1115
11509
4407
4060
11665
11486
9065
4852
1864
2919
3550
14713
4150
10959
11487
243
15057
3053
12669
8037
5098
10864
8660
7702
4406
9269
7232
13698
13911
3232
1693
3580
15105
12700
4364
4936
6462
7834
3783
1974
2209
13887
13709
7357
16253
9148
13951
16101
10630
15199
1967
1804
8396
7501
14860
8459
7636
291
2127
2627
14703
3882
14470
12155
9774
8033
9525
9769
5747
14303
766
15784
3525
2413
9789
11055
14888
9943
4626
13388
6139
5421
9021
15836
3918
13085
2392
1507
16021
12794
12226
13500
11988
7307
7082
9863
10077
9985
8452
13287
12063
7516
10147
1225
536
9198
14787
14059
2308
90
11572
14778
10513
14940
7633
11660
2335
3623
11112
556
13320
16296
11562
5948
10836
7639
3188
11844
15029
5471
2793
3567
11127
3136
97
4575
14424
10846
10037
4984
11439
7569
9851
12726
3186
3995
2706
10030
10403
7602
2357
14429
2833
16184
7535
6570
15393
8992
10762
10942
11671
10251
8189
6863
9982
13326
6702
6757
11615
16167
4769
4894
3649
3263
11772
6626
12800
12638
11788
28
16097
5297
13186
14230
10966
12300
8745
15330
8869
13312
14570
8988
4572
2878
12399
8714
7464
9794
847
15279
11432
15849
5136
11776
3793
11517
15281
13155
14828
14251
7952
1437
3996
7088
11171
8716
3014
15461
12009
4971
15566
3758
6302
5944
1098
1212
4952
222
16213
6975
4888
1523
8540
10163
2710
5778
1102
12708
9219
8020
12923
16035
3463
4690
4696
7435
1632
11781
8358
43
7724
15647
3823
14011
1155
15481
3839
16018
8183
2941
4733
3913
13794
1311
624
3339
1956
1919
11952
14347
38
15354
10538
1721
6890
15275
4162
5789
7543
752
2978
5787
3625
11358
1669
2505
8746
15851
6413
3522
4097
7590
83
9101
35
11500
14044
75
3559
12991
9077
1569
9581
2320
10094
8772
9683
6470
5364
8766
1547
11205
15289
14998
12656
5753
15928
