6991
2766
7617
11059
5276
2573
4172
4865
1992
2470
8022
2875
5589
101
16318
7830
3795
3839
8244
426
1384
14311
14362
11347
10260
15612
5841
13968
658
10189
12190
8540
10751
5572
7786
2371
261
13178
15970
14903
1254
12629
15540
7419
14841
14568
6298
12535
10127
9927
14082
11709
15384
12268
9270
15629
133
9964
6377
2087
5386
2832
3096
3878
13733
6058
365
11688
11861
2391
8188
14418
8600
8846
743
6547
7338
6514
10894
8468
4066
11655
2168
2879
13910
12119
10705
8402
5966
861
4746
14570
9582
2606
14611
10149
694
1496
4977
12560
4958
6142
16103
3620
2041
4409
7060
1005
12341
16244
16383
3497
15492
4309
11036
3560
14633
14939
11188
9151
4452
13710
8673
11704
2048
2800
9039
2177
4945
12623
15572
7299
5972
10605
4325
9061
11257
14203
12504
5968
12714
8311
4396
14588
11979
4872
1787
13340
15015
5747
9930
14474
11973
14779
2366
3911
7134
12689
13628
4477
5628
10124
13186
14749
1898
10232
13239
6025
11413
7211
8624
3416
4045
11100
15081
14072
10925
11353
8822
6056
15079
15518
7595
7085
2590
10542
11748
1168
1357
12985
14481
54
7289
11747
8139
9080
4372
10472
2153
12512
4483
10268
12591
11926
15949
8885
4002
7860
12718
8138
5536
9900
1292
391
11821
297
9325
15265
14301
3304
11150
11900
9730
12990
9793
10391
15146
8599
12818
1108
4760
1845
13868
5373
4591
201
11710
5664
1151
2762
2674
149
13562
5506
6158
1256
871
11280
9485
11049
2029
11270
8455
2022
467
8952
12686
12491
5439
11213
15484
9242
4314
3108
342
1050
14833
8417
3776
12932
5349
14565
933
4106
10410
3425
4584
11283
14976
10371
15803
12950
14350
5689
3674
98
12614
13703
15667
15800
11848
7946
7987
5306
6181
10059
10035
7165
5262
6999
12466
15020
8510
13043
15847
10195
9287
5974
3596
9497
15987
497
11608
16237
11956
3353
3418
9003
12198
16141
466
14642
14161
1906
14527
14059
9763
14244
6312
13069
4850
6614
11996
11307
11651
9755
11102
2428
3915
4153
14378
12842
9247
4799
15002
7639
4177
258
11552
13060
13893
5831
7768
14923
1843
2685
2273
4164
15977
14095
3797
2077
16260
4279
13411
9957
9320
5174
11555
11004
2951
4299
15585
3190
879
14968
2600
4301
13374
12142
6853
9508
15053
12011
14229
10835
697
2697
9768
4352
400
6590
13559
8137
4642
3465
13094
1708
15937
5929
14563
2604
14035
3658
9864
474
16246
14382
9842
6620
16343
4903
5394
318
7407
3264
9077
10427
7726
3947
1996
5129
8730
11241
11859
1478
1900
1524
4996
13980
12837
1850
7509
2894
1086
16336
8856
3961
8023
4581
15346
2037
10271
10461
10566
12239
1480
11007
6559
240
14986
3486
12675
1922
12890
12079
9049
12934
5098
14658
2139
14556
6337
283
14158
416
9337
15874
8434
9221
13855
7729
8396
6990
568
7874
14699
15443
10664
11014
4938
16014
11838
10379
14503
9726
13990
1509
338
2012
1950
2435
7926
3037
5713
5754
10496
5534
4062
15066
14726
371
708
10537
712
4473
4041
315
2669
2480
1107
2503
4029
208
15713
11673
4389
15804
15879
8564
9667
16324
3643
8467
7494
14296
12143
4862
12206
5926
15088
7610
5026
1985
12836
972
12109
7306
15317
7439
11832
9662
2622
16340
7749
14946
5319
4220
4421
2953
7482
15602
15387
14388
3859
14049
14916
9177
1245
15774
14623
1485
11632
6374
10642
11938
900
5155
10783
2392
8222
2463
15106
15029
10978
1412
16190
8890
12187
1102
7772
14736
1356
11716
11849
3309
8308
10728
10862
10445
723
8569
12903
136
7809
5917
13876
11741
15738
7143
7032
16364
866
10548
5775
11690
10770
11207
1946
5383
6649
14631
15759
9899
5943
13666
15392
10286
3071
161
15648
1252
8619
10568
9544
10278
16206
4941
12110
2911
12428
3452
6946
15634
6277
8526
917
6833
4232
10408
14518
205
15657
1180
16070
6797
4489
6825
5584
16000
10782
134
5434
5036
10558
11220
13911
820
11137
988
816
10976
15546
4451
3525
13139
6208
13938
4649
758
2552
744
7440
8009
10414
6023
882
2540
2676
3693
8274
13041
159
14890
2566
14628
12963
570
4730
11414
3348
9075
15556
8795
5744
7343
6538
8800
12027
11839
2188
9829
9147
3845
5342
4386
5395
14654
6901
15537
6770
14815
2577
9515
10291
3743
2360
13629
10657
4573
15999
4113
6550
1611
11339
2759
11319
1097
13522
6540
9056
514
10242
5845
15023
10544
13897
4200
12638
6255
11616
12900
4878
4729
10756
1309
15591
11736
7443
2729
9185
9759
1299
12471
13948
13403
16305
12530
10624
1579
6852
374
7107
4313
5976
9914
1507
11965
5376
14269
12004
14977
8771
10565
9141
285
9076
14873
12590
10817
12554
13166
7260
7337
1271
1301
7097
2970
13712
13659
6864
8170
965
728
13206
7247
254
13886
15751
7126
14443
9261
10005
4602
1343
10025
1219
9144
3904
8531
6235
5335
4895
14938
7833
3370
6688
11702
9255
1018
7795
4546
1847
6394
6826
8701
11763
4644
11131
6732
13289
6979
2292
5964
11103
4957
10372
4876
15195
6028
9875
8043
11847
14553
10760
14672
476
11520
1931
13446
14910
7580
8613
14389
4007
10888
1784
3667
3599
14621
11236
10790
41
6828
5142
4964
9212
4054
4068
3290
11981
14706
13234
11026
12519
9567
13174
8267
521
6918
6556
10199
3179
3320
6372
8119
15232
1868
7108
903
7703
5051
4448
8809
130
9902
14641
8610
1105
11260
14648
92
6445
2482
11006
11039
4092
1388
15103
6082
11143
1045
14723
5341
8643
3814
5360
14982
13478
11330
11762
10720
13820
5294
11794
810
8620
15989
11920
3825
8843
7517
3335
8309
15801
10471
4723
9700
9831
3888
14012
4414
10793
1395
15711
7049
9503
843
6316
10886
12624
10295
11158
12016
13940
464
5508
9545
2485
11475
15450
13978
8920
9449
14700
13706
5488
10489
11822
7099
4197
13766
826
13017
5613
9165
15369
3885
5490
8781
7166
8430
3183
15923
5736
7543
8483
4765
2979
8303
15779
3635
6617
3815
4464
5990
11724
7434
15561
3542
14983
12942
1167
15862
10645
11879
4722
8834
15137
7076
1017
1888
4059
15074
10852
813
13580
10318
15458
3278
6855
12639
8929
3609
13857
12635
9519
8604
2100
2212
4114
3215
9595
6879
13623
10193
9069
5953
9013
420
1809
10949
9460
13631
15836
14646
7173
15038
15158
3504
14609
3154
4655
4185
5515
1734
888
13457
13683
7155
10628
9299
14972
15764
14812
11846
1896
3040
5657
14746
177
5476
8803
13236
7236
9558
8530
11770
2456
10621
359
6428
6379
12048
700
2777
7683
15497
3777
5797
1177
3987
4896
985
3487
10532
10774
14017
6251
9285
12279
12330
1650
11324
15679
9272
11682
1701
13299
8196
2372
4144
4804
7938
4401
12955
7762
7207
1082
9950
2445
3689
10554
15681
14160
9715
11827
14922
11252
3648
11431
11703
11369
9297
3528
9712
4864
2783
11132
413
8732
2937
15358
7885
6521
3323
518
3953
6381
11761
6903
8961
3701
12212
10077
5357
12860
2637
8854
14421
8397
6214
4117
10136
8369
15343
11807
15405
11621
3502
5396
5103
13605
13578
8239
10266
7939
8550
8094
11050
2924
12171
8304
5730
8329
2531
12793
12598
11840
3992
12286
12101
7883
14963
75
12733
11045
15896
12924
13813
2343
11881
1325
4813
9665
6391
13898
652
2537
9723
3460
3035
4272
8511
12149
696
1791
13751
1140
1779
873
8611
12317
11480
7070
14241
748
4193
7479
5666
10996
8552
181
3916
6144
4604
2512
4145
1703
6491
15454
14685
16320
3075
3719
2123
7059
10219
11639
2449
4763
4136
3463
8126
8177
9226
15200
15695
67
8288
15093
8811
4008
5374
5409
7313
10187
11530
2908
11524
3087
11959
8669
9643
5392
15347
14861
3907
11670
14819
15968
7068
13385
7842
14790
8713
6772
9574
1710
4356
533
2583
8825
15225
1860
15821
14446
5268
9375
13409
12088
16090
9391
3386
14470
3265
3079
10801
5479
5829
14716
8410
10303
16367
10997
2865
7821
9266
11073
7664
13281
12492
7004
11310
3969
12105
6849
3302
10579
13258
11727
6750
14832
14413
7915
6496
7262
6324
1924
2030
15890
5009
9167
8072
21
3284
9170
3117
3970
894
7903
2784
10040
862
12419
6882
16315
8817
12700
3521
274
7056
7259
8404
12812
7640
12389
3805
3780
1866
895
1563
6052
3043
11104
12637
8152
8754
4652
14928
10669
15039
11943
1928
11963
12021
2948
994
11602
2191
12761
8512
3514
1796
12241
217
2599
15432
7944
4954
8612
4554
9873
4181
11824
2156
5315
15063
2694
5846
1411
1055
15422
14227
12184
11498
15116
8186
10032
282
2899
9907
7599
668
13583
14989
3850
248
3819
15750
13273
9720
14788
11195
5040
6313
12448
292
12348
13587
9650
6664
6022
10067
8031
1211
12873
4064
9257
10
5444
13327
16298
12595
11448
13072
6216
11856
15809
13999
10535
3160
9803
10478
8472
3645
14347
12178
4823
4304
9631
9929
10693
8095
14324
9699
10039
15370
5204
10822
874
7428
90
9535
4119
492
2398
8581
5861
27
9345
7766
7584
13354
9594
10550
5908
9094
8789
15617
13720
4560
13533
5441
10441
10082
10843
9280
11170
14969
4243
9607
13814
9350
7442
6692
15017
7078
5935
12056
4133
14287
15459
3995
8227
9369
967
5312
16131
10811
293
1142
5017
2975
5923
2189
14582
15510
7668
1249
8883
8259
345
8658
4093
7263
1726
5863
15004
626
16056
13996
15196
14852
2992
7088
13750
9132
14817
4800
480
12840
10533
3808
8331
12399
4131
1750
10708
5709
13334
3901
10198
16231
11669
2826
2809
14322
1406
8957
938
12855
6648
14064
4809
783
5887
12959
13352
9096
5252
14074
4952
9552
10205
7643
14589
3142
13346
14734
12566
7096
14409
6146
12825
12749
14692
13167
5377
13169
819
3194
12012
4174
15367
7276
14593
183
16267
4759
11523
10648
6407
1552
13480
14090
9117
6860
3350
6308
15851
11057
4388
14145
10415
2417
13398
13444
12347
1886
8882
5541
85
9680
825
4955
9211
13579
100
8964
6714
4743
2157
6651
7029
9836
1438
8332
14486
4262
2532
10536
13982
8451
9656
2145
12352
3697
13303
2739
5337
4080
13182
7514
3581
16348
1953
13300
9196
7300
4985
1628
7014
14039
2716
3055
10163
11109
5825
7908
4130
2013
9092
13200
2794
6247
412
14722
3549
13077
4154
6992
2152
59
13685
4411
14438
13461
12304
4256
11992
7038
3429
10485
10789
10448
3457
3876
9231
15599
1348
13479
12396
7724
15465
2775
2664
483
3063
4028
847
7897
4639
9415
16323
9140
6670
12122
15235
7706
12398
14256
7252
9423
8560
11954
8074
1423
15767
13196
13928
12762
15363
5507
11884
2317
13321
11901
15027
10418
4088
6904
8897
15940
5542
16286
13296
12945
5411
6756
11406
595
3293
13288
14394
9428
10927
2722
975
1371
9011
13669
9866
4143
8202
12256
5556
2910
13475
6284
3912
7307
1519
16080
6626
8098
7761
13728
7098
15490
1803
7037
3554
2688
6698
6554
1938
4773
8423
4137
12417
13396
2190
10457
5801
13840
15688
11147
10942
5918
8628
6471
10129
83
8179
13028
4564
5011
7752
15628
11392
4478
6043
3852
13588
15709
1378
2101
619
5764
12987
6053
6703
5740
5211
7757
5975
16027
10331
2653
9550
15316
2502
5465
6250
15390
4886
8377
8962
7077
9925
6883
12674
9001
15025
978
4118
8154
8027
11382
8869
3038
4855
13687
9433
6342
5241
12579
11214
11065
15837
2015
12871
13397
11921
10366
2629
14277
14144
4039
9922
13108
1298
122
12216
14208
6897
7490
7203
13909
633
11279
989
33
3578
16104
452
10665
10334
2283
678
12213
12912
5363
3475
10709
4139
5428
10369
10686
10401
7334
8913
2687
13344
14165
7530
502
13721
1988
12972
15521
9534
15059
15051
11233
8026
15278
10350
3823
4547
4519
854
11351
15580
13543
5184
14147
112
10251
4156
7564
15466
16191
15539
14469
3782
6635
7924
9804
7516
6180
16052
6330
8444
5330
15287
1118
12742
5139
3450
7773
14191
2268
13506
7716
5391
6936
2051
3512
6160
11488
3473
13790
13933
1560
12328
4142
16144
704
13866
15611
12843
4510
4481
10197
12824
5429
2053
10162
2365
5032
12232
2892
1134
2381
9026
14657
2500
8091
1335
4425
1908
10539
11156
7616
3793
11338
738
15567
8362
5924
10000
13033
887
1960
4383
5037
692
9333
4853
1312
5150
13058
8632
8184
16378
7767
1861
9179
4820
671
12728
6095
15249
9469
3050
14356
6210
6190
3296
6764
9207
649
6719
2843
13780
10643
12884
7993
7578
9275
9430
1274
11043
14571
15717
14495
2971
3189
2354
6238
14492
8205
4022
12521
4549
434
165
2536
6177
14186
10506
14493
10564
13757
6531
8762
4758
363
3851
1641
11790
724
10561
12107
14472
11489
11430
1867
13516
4250
945
4513
3192
14150
578
8118
10066
8399
61
12738
4691
2547
16118
13145
5849
3984
7827
13424
4485
5303
1428
2764
2490
1976
1476
15512
4366
12029
11674
5352
10180
7333
15743
15389
13000
12089
15298
3926
13514
6971
3800
1943
9244
15276
6807
12513
13406
5958
2539
9571
15288
9687
5899
15706
10103
14290
567
10263
9371
14218
3115
14125
5921
5654
1214
6026
4835
4816
2052
7864
11871
12606
13187
3733
676
10347
5952
7148
14002
1226
10173
10221
6340
5227
1181
9990
1978
13277
4053
2644
448
6603
10436
2173
5778
8499
4455
7881
7929
8302
7105
13080
7527
8082
5153
5944
9209
7577
11486
14270
6015
3066
8352
15958
15064
7966
222
2874
8798
3241
5681
7227
2364
1066
11177
16006
5244
7871
4907
11327
3727
14067
8977
5939
12443
14430
1098
4901
16075
13776
9472
3588
14868
11226
7822
5804
8489
7290
12697
4273
6923
16204
6102
6227
10327
846
11141
11461
8864
12386
14404
12684
12445
5537
10762
3544
496
11063
2988
1376
3993
3426
14519
14266
12074
6924
2758
14501
2977
11301
9042
1188
8945
4910
6290
15366
321
2004
12573
1864
2926
9324
5545
2254
8199
3496
11397
15058
8741
4742
1023
15685
12249
10757
10973
1972
14538
350
2601
13399
1031
10084
14975
12806
14021
2229
14877
3099
11957
12482
11541
3480
5279
10376
9083
15614
2574
5297
2068
15768
10914
1171
1123
10167
3511
4362
8899
15344
4013
15704
4395
4756
13267
1916
12673
10585
9918
9451
7069
1934
5275
9992
2780
12751
15129
6650
3941
16303
5077
3555
4684
14775
6315
459
4884
6402
9892
6526
9372
12013
6494
3363
9248
15978
14001
6040
15888
4047
7520
5824
13208
10809
13137
3047
15178
863
4582
9940
15719
16274
1881
12978
9323
8384
2569
15122
8217
5762
15451
12087
13229
15516
12523
15275
15988
731
721
311
8487
3222
2728
665
13801
9947
12572
5207
3642
5069
6143
7454
8704
9479
13248
13209
15312
12080
6234
16205
10113
89
614
5994
6091
976
6808
7688
11263
9934
4454
10382
2396
8024
15876
2115
12252
8645
9753
11015
11445
2648
13904
5949
868
11364
9262
10216
5619
10050
7039
15220
7048
11743
182
12367
9488
14809
4343
7855
6153
8432
12293
12701
4634
11492
1484
13074
13689
15341
11699
11862
3016
9640
13810
362
14526
12555
1991
13686
15185
11275
8866
3661
4801
1072
4498
7041
15513
12262
3058
9652
11128
10540
16032
10446
11129
10302
8319
9908
1600
14952
12132
3990
10153
12154
2337
3008
512
9910
13112
229
3858
1967
1761
7972
14619
9770
157
11439
5983
14456
2185
10879
8207
12621
8355
14547
6754
11333
13642
8350
103
844
10547
11628
8421
12844
14730
695
15356
9307
12118
14548
12956
10126
7591
11180
10922
14831
7022
13817
9651
8934
9583
7705
13122
4406
11949
7239
9175
13834
9837
7571
4860
8318
3069
16311
10872
9855
1993
998
6809
3516
1109
11928
7451
3012
14295
5837
8357
12982
16078
4087
4565
11801
11328
3628
11248
8725
9362
2410
9993
7205
14113
9635
6294
7365
9629
2133
1907
7444
11930
7776
13892
14061
8892
7438
14471
1446
7869
1114
12188
531
13621
5582
12258
15875
5162
5598
15636
10810
7367
7212
4975
16110
2905
15522
13020
3988
11896
7141
2166
5248
2293
1589
13493
1342
3530
13201
5533
12460
2059
3491
6288
6149
10429
3748
6457
1279
10328
6455
3847
909
5932
14671
6230
8761
6089
5046
7916
5743
15349
11135
7700
12104
3686
14650
2677
5326
6560
13376
7109
6137
6573
11538
9316
4158
13212
2734
1253
7967
13324
7506
9775
7424
8580
13545
7697
14027
12996
16349
11332
3774
6045
15884
9848
1999
2267
9736
15939
15502
8679
1208
11918
7087
7499
8666
6447
11829
14765
14016
12457
7511
1762
3364
12468
6367
4063
13613
9798
13906
6037
2965
12455
884
5646
9722
4592
15684
9476
7876
12085
5672
48
6310
6919
12531
5093
12129
4345
13
15745
13135
4914
8492
7764
7460
14882
3649
6930
14276
14590
9689
4815
1548
3362
6178
2104
2619
10093
7524
11009
1712
12522
1236
11936
15609
2316
7002
15414
15651
3272
4069
3288
12927
7947
12140
1073
4037
10514
3300
10672
5680
13878
11931
5509
13003
4606
16147
16208
1158
3775
11565
9302
12121
9443
1902
2654
5906
13014
13490
3098
5512
6953
779
3031
6057
3678
7232
8004
9125
5393
14673
14560
4520
1621
7654
647
569
15882
7783
12892
2285
9281
7756
6710
16152
9454
2773
14065
6473
13889
628
7826
5285
2513
1760
13596
10687
11463
8368
10486
6539
5054
15391
14859
11634
5647
8845
10591
6950
14608
7064
13870
593
510
15793
9859
5865
2690
2983
15818
4770
2906
2932
7240
9050
13591
9657
8338
1954
3640
13389
2595
7844
11758
588
12986
1366
4017
7999
13244
14053
15164
11922
6944
10865
12123
5856
10878
4692
3203
1588
7579
16092
15289
6625
10354
2598
10538
14369
12387
12599
7920
12913
2781
10440
3464
13548
10732
6063
6311
3703
4278
5914
7021
7737
6148
163
1196
13907
15964
11626
982
13459
10011
720
599
4794
7798
9678
3585
379
4275
12438
9145
8366
1207
3534
15909
348
11780
14351
3151
7732
6378
2336
8994
3924
15841
8502
15608
2641
16220
5000
15944
5027
3700
4484
3388
1148
14358
11601
14363
4407
16239
6035
11904
8891
11149
5096
8955
5626
9894
11041
12696
4350
7534
14329
16371
2628
10257
8378
15647
8258
14209
6696
7645
6682
2224
5055
13320
13993
10516
7679
7529
10633
6304
14745
7052
15032
2801
8021
13038
7382
224
4357
10096
12473
15744
2197
4614
523
9310
4997
12311
10930
12459
6452
11371
6967
1664
2763
14627
12458
802
11192
3785
5481
14846
5250
5460
9157
9377
3120
13803
13279
6478
4988
9787
10725
3057
1353
14258
5528
9704
1656
8554
6630
15420
11691
13779
13846
10844
7754
3325
7399
6014
2494
12597
8959
14824
16113
8779
1594
11420
11081
8714
7835
15943
13325
10517
3927
1178
9630
5685
2288
16331
14048
8525
12615
7404
1437
16096
8981
14991
6735
957
14377
5233
14551
15340
7569
12909
1129
10994
6966
12792
1776
8894
6054
5529
6386
12010
8980
1856
16338
963
10702
1306
1334
12679
9939
2853
10495
6527
16319
15326
2401
8946
16277
7788
368
3267
9035
611
2491
14312
3930
7124
4994
7653
1429
3471
7229
6837
5765
5599
10225
3200
2323
4134
14439
5853
8102
6087
8930
2509
11390
931
11598
4290
1781
15472
7286
6965
8127
7526
5629
14714
12372
10023
11771
2912
366
6362
3064
9578
9812
8296
7709
3778
13743
9359
10140
8746
12804
6579
13227
13992
1923
10034
12376
10786
14917
6326
15951
12869
60
7383
14616
10325
5655
15197
3708
7094
9216
3004
5638
14927
2514
15808
9288
1228
2440
5763
7430
4727
672
6647
11255
3226
9210
9219
1835
14116
4775
6769
15479
6475
1763
11440
10460
12158
152
11875
16009
2946
3613
6798
2294
13259
5133
12707
7989
3025
3651
4316
12421
5044
10639
11312
46
16174
7265
8312
2635
6252
445
3143
427
7840
2997
6078
13462
146
6101
12777
13085
5688
5146
3545
4849
15240
13864
6320
3536
8262
12039
13746
14352
16106
6454
7238
12563
4385
9735
6895
4076
1089
4826
2810
2459
15916
14535
4462
11635
9725
12625
13191
13792
10191
1268
3881
15934
13067
2306
259
4283
699
7774
7879
915
6655
14268
6493
5144
13056
12200
12613
11734
13383
15121
4040
1772
5405
11525
1064
10432
4868
5650
1802
8228
9192
13202
8561
14030
5699
4783
10779
7523
4419
13228
6549
8020
6351
16165
16278
9928
3090
5519
12044
2432
3971
1759
6100
15533
5656
8273
12041
12822
5322
12099
11984
7909
14542
2368
13617
7551
12993
8475
11882
8471
6912
7332
1657
14038
167
1990
12490
255
10108
651
15723
7601
12618
4525
16275
3495
1539
13723
5795
7701
4998
3104
4697
10012
4716
4236
13885
11893
15460
8419
3286
4571
2047
11903
13859
3781
6468
1146
11208
14530
16077
6036
12630
10020
13044
7787
10776
6782
7986
4609
11421
885
7733
6513
9158
1948
7988
8213
4904
11395
1011
944
1695
13312
14660
1454
11298
7642
1090
11775
11876
12976
14432
9599
3997
438
9412
1458
12358
1304
9172
12449
7862
14252
1034
13538
898
6995
1194
4300
7816
7023
2760
2808
15140
14701
5115
1831
940
13848
4475
9130
16064
3250
11528
3817
14399
7449
5790
9849
13507
12534
3665
14670
953
3794
5224
9119
5329
12989
1629
560
13832
8814
2793
15770
10001
9155
12067
511
4916
3238
9802
8563
6375
6203
15003
15388
1691
1521
4447
9016
3617
13922
16022
4281
13468
6187
4015
7496
2902
96
2982
8911
14068
4735
1630
1120
11502
6884
16243
12745
307
10924
109
11105
6997
9007
5081
5182
13742
7410
10791
13644
10018
10869
9142
15776
6423
3663
5270
5118
6975
12452
5082
1720
13103
3103
13040
13059
119
11444
13807
360
2624
16050
1793
2524
15345
12467
9673
10747
5984
13608
13272
4433
3764
13795
7246
10866
5049
7596
8007
4050
9968
12204
1780
5390
4428
15965
2213
640
14496
10409
2533
7432
7230
5851
2055
11684
15396
2893
11478
11659
7824
5267
388
11681
15683
6286
5185
5416
5822
1154
14958
15177
12856
11769
14139
15705
13089
8367
10904
8700
16360
13873
5240
13098
13518
10816
5467
10611
15477
2904
15293
15123
14094
12316
15378
3796
14603
2020
15117
2347
1836
5707
4613
14662
5708
15055
16037
6638
7136
10290
11546
4111
2559
13601
9615
4347
14073
15740
2257
13448
5359
8178
9593
11551
15222
3572
9025
1958
7684
442
5080
9060
3698
13825
15735
16209
14777
2046
8621
3929
902
5819
11866
729
12636
14475
15814
14911
5398
11988
9707
16213
11250
4239
10952
8978
1195
1183
1501
13716
3524
361
1723
914
2963
3893
6115
3150
11474
5934
12616
2296
3664
8640
1561
8062
1364
4991
725
9246
14778
71
5814
6328
14341
8411
13916
7493
4704
587
10719
11019
14827
4186
15721
4890
11497
2083
6172
740
11082
14332
8819
3864
12683
15590
14045
9004
6792
9368
7983
12693
11253
4946
14477
8320
2383
5897
5404
507
4951
659
8280
12601
8379
14587
3479
12571
9355
6382
9935
1758
10428
3654
1227
13852
15296
10261
3891
1415
3887
11694
8796
12961
8006
10796
7845
317
3547
3076
1003
16238
607
2370
184
8973
12446
7376
3558
14729
12230
6068
4854
1936
51
6339
15308
5030
4657
9386
14239
3584
10322
8724
1533
643
9484
12345
11591
15355
7153
10595
1909
12359
14288
9691
14485
11557
3044
8108
13142
6174
6419
8873
12289
14682
623
16061
8490
6285
6657
741
11955
9951
12944
5365
11855
4733
9008
11336
8661
12057
7948
4031
10157
7456
15290
13700
4426
7971
3461
8143
11449
11032
8541
3129
11787
10991
2073
4260
5753
1913
337
4244
794
3411
15258
6662
1144
10081
12567
551
5491
3315
13096
8852
3398
4900
14615
6654
11304
6135
2516
4831
11915
5677
2643
6228
11968
393
558
947
7010
10235
6518
1520
5889
795
11947
11729
6435
11108
11481
7128
769
14412
15953
4555
6018
14463
2833
15799
4522
6594
8253
1891
5314
876
2650
11648
4698
7847
6279
9780
11912
6344
15493
1166
8989
11863
2412
13698
14044
13983
6118
9393
11029
4667
4221
3059
10870
4085
1599
8607
8349
15243
15054
15831
14855
1638
6013
5992
12755
12195
1224
648
7400
13278
9743
1643
4753
9438
1182
5940
12911
16376
243
9931
10734
13976
10352
6534
12235
3086
4693
15594
6795
10083
15856
5815
11221
4662
7887
5756
9435
12128
14528
4263
2757
4596
8584
5977
1394
9358
13822
16309
4079
13563
12340
1585
14739
2255
6858
9573
16
12236
10531
10854
267
6569
11886
14602
4880
1402
6906
7145
6392
12196
1989
13006
9817
4576
13523
7791
3610
3944
8272
13860
9792
14763
877
12709
4367
14302
8042
12656
3131
9273
11375
12002
7144
14981
928
13177
11176
2250
2111
7950
12344
6359
13176
942
5634
2140
7388
9342
352
5127
1740
7215
10528
4749
5733
7114
15877
632
2319
9608
13869
2132
6661
8059
4557
9757
3297
5857
14040
2146
5832
4866
1865
3245
5993
2625
13564
15845
8159
6105
4542
4732
11805
3026
950
11802
5277
4781
14003
1717
3336
14666
14996
1862
1737
11340
15622
6987
3393
656
7199
10691
10493
11778
6940
1570
14511
15658
10951
13048
11934
8937
1545
8048
15191
4699
95
11016
1084
2032
9136
16023
896
8342
12687
508
2278
12280
2334
2591
7896
642
13123
7945
4562
10233
2994
15687
16218
8576
11797
5898
5612
4326
5382
15068
1982
11629
6799
15417
6618
8617
5042
8898
1021
1880
347
5728
12000
8092
11398
4235
13071
15331
644
14225
10918
3980
14215
4927
6231
13414
7024
16173
9698
10304
15118
6480
94
12669
463
12780
604
14647
5068
7973
5731
8821
9791
14998
7784
2464
9202
14703
6621
10935
12546
1036
5516
2466
16370
15813
16109
15120
14260
14483
6525
8956
10068
1317
650
2956
11060
8225
5410
5559
15604
8567
2748
4315
8011
4318
1383
7395
6908
1455
14825
5586
15505
9357
6962
9017
10735
457
5239
14719
7900
10239
15108
10488
10510
12006
2835
8787
12898
6663
15377
11533
11365
14851
9721
878
15268
14177
9683
12769
3166
4126
9220
11972
9173
542
16108
6994
9062
6845
14336
5982
5606
12407
16214
6074
9188
5242
2095
3639
15192
10920
16160
10799
10577
2698
9996
6582
9318
12323
8171
3569
15253
4711
9406
4906
4269
9047
8073
13827
9023
8633
4529
8826
9276
3110
135
11582
14315
11168
5959
9998
14015
11631
8282
13473
5436
5667
5742
11216
6830
10412
7279
775
11425
2043
7657
2814
16225
11647
12003
13987
10283
2588
9611
4771
16019
13336
12302
4410
4445
5673
14802
7309
10660
16134
8324
13939
13638
4745
747
2061
1263
11085
2135
13812
2544
7552
809
12841
9584
12580
5852
11374
2357
7415
12665
1001
13576
13955
14391
9521
9885
10549
16016
14808
9432
12165
4897
8806
7952
7717
7531
8051
4443
11993
6179
10596
2159
10741
6640
8285
14776
8672
2106
2165
15430
12604
15674
344
9575
2631
1517
3136
9174
11945
7297
2712
6139
10258
6349
14818
3946
2044
11810
4500
11795
11033
12502
4625
5499
5910
9161
11816
13899
8871
6204
12611
1965
6414
2040
3029
2907
14280
584
1013
12628
3769
751
15269
14025
216
11165
12192
1944
4165
251
2304
780
4626
11686
848
948
9774
9587
3128
15573
2693
14207
2985
11034
2380
12778
9499
4358
16380
2824
3967
2209
12503
1945
12905
13966
13592
4199
3857
5188
8017
14893
15402
16122
4387
10766
16102
3171
14764
8702
3892
4929
13495
2121
5950
1578
1718
6610
3541
1288
15802
2880
9658
6938
13215
3028
9354
9363
4157
3118
4706
14080
3032
13975
11393
13205
12658
13092
5867
9806
3902
7031
3396
10578
14860
6725
10105
10662
3680
10864
2287
8164
7626
8241
2888
14895
10682
1403
5471
1463
1827
10778
13401
8729
9887
7660
6164
7152
12619
4863
11573
7486
16137
15242
4398
2651
3820
12153
2144
554
3319
9824
1994
624
4161
11052
16291
9388
5258
1014
1138
3053
10555
13930
9374
4180
1497
9991
6759
14156
1661
10813
4959
12229
15597
3801
8390
14826
11024
3671
10374
1390
9536
9564
15742
12400
4731
14300
16335
1081
4817
5593
15208
16250
1472
1002
1512
1186
4877
13841
4230
15654
14298
9506
10247
12022
2998
5156
11592
8676
15748
3840
8818
12995
15151
5061
2071
9229
7907
13347
3374
2399
8336
2753
7270
9796
266
8551
4509
4580
77
5221
12408
8482
4242
1285
2175
2103
2819
2261
333
1725
7995
10277
14414
7237
1619
14480
1250
11650
6335
14900
6568
6600
15959
4222
3223
3113
10064
5909
661
14925
9744
11505
13375
3227
14343
14724
1272
8916
4058
4202
12312
367
5715
10599
13555
771
81
3695
104
410
4289
4719
9306
3141
3724
3232
5838
4308
13487
1287
15292
180
16185
14340
6399
7188
7666
10117
15496
6520
53
15412
9365
4641
10321
14047
12231
15198
9286
15784
9066
10575
5272
5355
432
15325
1433
2594
3928
2849
12803
9405
11317
5643
9263
4569
4788
5193
2661
11835
5399
2812
12536
2385
14854
3009
7739
13064
10911
7533
15411
6199
8969
10749
4970
9967
11079
14284
15530
14718
14428
13722
238
2167
9493
15464
8047
3803
5793
14821
16194
14373
6589
8408
11142
2538
6481
10936
13054
2326
4291
2418
15080
5289
3669
10893
9194
16034
5888
15425
11779
12108
10903
7723
5056
7812
13418
2586
14688
2964
8721
2655
13132
12774
1355
8392
3316
11499
710
6677
15823
13554
7747
5281
386
6002
11175
12756
1961
11010
10397
4001
12339
6948
15880
9234
1321
828
14
11429
2774
2881
14005
10470
12497
144
10652
6409
7708
7917
9999
9761
6396
6274
5283
10736
3564
9981
13941
1141
7172
11377
9982
3034
15769
7284
664
11179
7831
14345
7081
15728
2244
233
16299
2362
8605
9190
14109
8765
5809
14447
14344
677
7734
14839
87
2308
13471
9965
10576
7892
9279
5387
12865
5327
5682
12205
9300
441
14889
4298
13241
6039
9801
6888
9321
1313
3369
25
2408
2231
6327
14581
10885
1221
11071
7573
2084
2743
9808
9938
14576
14665
5676
11554
2689
8653
13431
6544
12744
9448
16067
16125
280
13021
5749
12997
13082
4689
13298
11094
577
12351
11826
2409
15364
2877
6715
12189
4935
4515
7116
16091
4751
115
1609
15707
5942
4739
1702
11521
235
3409
4695
683
2183
8131
6986
11197
1808
14597
4521
12025
14795
8532
3273
13764
730
11668
13845
10931
5514
13696
15115
13261
6937
7581
15436
3289
2636
13262
15982
16375
2441
8860
5313
7753
15838
13858
13895
15564
13422
10630
5324
13026
8671
1542
13544
5407
13593
12677
15136
6483
11798
6969
5271
10663
15109
16322
1767
10123
2585
7902
1027
10677
2487
3529
8924
2721
6892
3672
3623
2876
16175
1475
11459
10273
5784
2419
11735
15291
834
1529
12223
5220
6138
5431
1361
8365
11653
1468
3385
11386
9024
5426
3503
13100
12647
1239
16161
1800
11522
11453
1277
1328
1747
9628
7748
5482
5597
1764
15008
1636
8896
13877
6737
6297
8327
11200
12692
15328
178
3523
14397
5962
10738
13218
9533
325
13408
13214
3809
14037
14491
16139
3201
818
9107
7574
3505
6492
14455
2691
16063
14931
5424
8784
5544
8838
10983
2551
14770
12828
9348
9330
3490
12969
8000
2131
7122
9697
7149
10336
8501
2603
7079
14422
2863
3404
10051
7051
1056
5234
8439
6548
10968
7377
4379
2108
8413
12247
5161
8570
5550
7567
9254
2817
15089
1959
15698
9402
14689
1152
11483
4453
13752
9738
15105
8987
4973
2620
13203
1706
8443
6591
12007
3007
11093
7314
2002
6004
13691
5445
15928
7607
10212
4665
5636
7542
15070
11927
15154
13699
1076
15442
713
11511
12429
10504
8507
12652
3135
13754
1126
13163
1237
1169
7890
13111
5358
11113
3684
3358
10745
1009
226
16169
3102
3622
8204
15413
4624
14452
221
6762
1833
1460
8760
4340
6431
12754
4599
803
1852
7628
7201
7416
8229
3818
14663
6390
2756
8778
5078
13441
10743
8087
5580
4618
2548
15547
14333
1262
12120
14816
3380
6346
9413
3291
3732
1459
10534
2949
1481
14676
3556
8867
8335
797
11296
11146
1858
4915
11676
10515
3517
1275
8757
1273
15056
14914
4195
14253
14814
13452
15853
12146
3084
12710
12998
15126
15098
12938
10045
14100
14558
10718
7557
9057
13083
1556
9727
7254
16074
11157
12617
3318
4175
14639
12923
6646
12264
7770
14190
1324
3954
2720
8694
3935
11614
384
7257
13964
3152
9189
15163
13224
16295
13410
11556
6287
14250
10981
5114
9716
11753
4968
8248
2761
11731
4394
5718
16229
3863
15018
9846
6593
8786
4578
5320
7417
9833
13119
14098
12331
7401
912
2150
8124
2730
10326
5810
13758
168
11345
5870
2613
8276
7805
8346
2356
15373
13565
1663
8710
10572
1266
12270
6767
14058
3879
5024
64
1536
8045
10543
13355
7341
12265
12850
1057
10037
14935
16337
2859
2976
2045
9790
15527
8990
7810
7132
3072
7927
12030
14226
13711
10150
4595
12315
6425
10858
13539
8223
7953
10763
9150
1872
6507
2501
9078
1698
8733
1391
5083
8683
9520
5776
3210
13368
3094
15480
15374
7471
12789
9540
14181
6543
7802
16207
10975
147
9606
11853
1426
8469
10646
6838
7769
10128
13963
9618
15917
1962
8940
922
11361
2847
6406
12071
9871
8972
472
5449
10841
3615
13118
7340
15357
11194
2878
5706
13800
2039
12646
15925
5071
8788
2358
1503
2724
2667
7050
9129
6684
2266
13269
1276
2148
3373
15488
13216
190
7019
9082
10402
1679
13165
12173
9201
8289
15828
3735
11038
13567
13144
2941
14659
5855
14313
5070
7535
5826
8690
8848
14985
44
9009
6300
6643
3168
4470
5043
14004
7065
1333
12024
7450
7317
8582
5518
6021
7508
6422
7043
11964
8107
6130
1008
10607
6256
12795
12547
189
9661
15844
9528
78
2850
939
14618
13039
11997
5649
10882
11500
8120
10424
14172
2164
2615
5029
14206
16179
11796
8774
11693
3274
13694
15043
9523
13627
4779
15812
11405
6243
1538
5546
9820
11356
6786
5574
11566
3251
594
9742
3167
383
9997
7970
12217
1915
8109
1652
142
11576
12556
11587
4617
3976
11663
12221
10559
546
13532
9634
12847
5168
10511
1206
8314
3619
7736
5800
15194
3880
13509
3439
6397
7744
5249
8015
13455
10416
4501
991
631
8639
7163
11062
7245
8824
11808
15100
7282
8321
6364
638
6598
10526
8428
9065
7462
9458
11509
8517
1380
12602
2820
12199
15037
2840
15084
9978
10186
6385
12350
1527
14920
9891
9597
8828
566
8997
5761
16059
14505
7872
9621
3343
336
10256
4257
11442
10847
12257
4285
16228
15408
3401
7702
12097
14784
9367
5120
8608
8334
9580
6686
5670
10675
1975
3083
4420
6636
7437
7928
380
15427
15778
2311
14964
11284
13266
1229
6752
10074
9705
1587
5109
11958
14513
1751
7659
10848
15753
15560
1947
12083
4920
6708
13456
3041
15950
15543
10765
12758
7073
2805
1675
1340
8758
15096
6352
13734
9053
15921
13791
12634
12346
14988
8279
7057
921
8728
5448
6224
12075
4320
1130
4252
16304
3235
9214
11553
12879
10309
4922
5309
1505
6006
7017
10856
14130
9671
13586
1917
8558
886
14995
1435
486
4931
7507
14057
12839
16186
1721
3655
5696
4690
7612
29
11229
6811
2176
1308
1651
1091
10224
5669
14099
1240
7699
5535
12371
2230
6226
6128
5576
3932
6007
15431
10447
4494
4128
13351
13789
1063
10160
1956
1514
2217
13821
10808
14367
10014
7397
4495
1110
4458
1445
10417
13671
13047
5022
16236
7949
12960
1139
10454
2699
11507
9955
6555
11989
2468
15087
2656
3313
14169
9
12020
8401
562
4768
5331
4585
8678
7958
5296
8585
14574
4327
6656
2345
6739
16085
9840
11422
11751
12708
2017
6839
3269
8449
11066
10610
390
15895
12767
9403
6731
4373
12702
6607
14159
12904
14921
11923
14304
7113
11433
7274
6528
3538
11766
12713
12435
5053
14011
3510
9813
8880
232
11739
5900
9109
10135
13950
5859
14371
7968
12861
1212
6357
15668
5703
7635
6970
3757
8709
4660
9235
9986
11098
4405
12477
10442
10217
6042
10513
10939
11443
14635
5557
4168
9610
9487
6954
9637
7272
10600
13140
15485
13481
16256
13651
12553
2056
15739
15231
9502
13537
10373
14076
6945
11323
10255
15354
12296
4241
14951
3940
7819
12753
8041
15991
13569
15643
3983
5561
3899
2390
14285
15858
2393
15072
11162
12009
2009
5253
15716
15421
12381
3276
4962
14335
9838
7854
4553
15012
13257
971
1191
6641
3711
15314
11435
15708
4632
8271
15099
12290
4829
4151
11423
9516
4533
13875
7015
3196
1101
6476
2413
1093
8773
8264
3074
8674
3877
7216
1559
7481
6558
5317
12393
1678
14702
4839
16154
14845
5532
12474
5102
3158
15180
13643
13134
3948
12377
8459
8425
1315
18
9717
14613
5616
7127
1885
3563
4286
14896
7228
7678
11267
204
8407
7878
14403
6353
1572
4423
12166
4943
5496
6395
11381
12434
8394
7193
13648
6350
9038
4245
11781
1806
2896
9085
4127
1041
2682
14138
1612
7820
4099
9097
11464
5371
12765
3306
10784
14956
8068
15942
10112
9577
14107
4908
14686
13328
14506
2495
11219
8922
11111
13284
10107
2788
6484
1571
10171
15752
1026
4847
3427
8454
11967
11417
16283
8359
9728
15846
11501
11494
16192
13079
5502
14901
4718
1453
10868
12310
16373
9568
12238
13221
4867
1770
8665
9408
7261
494
4814
13826
6010
6578
11783
10174
16300
3681
15410
1752
8339
9477
13830
6136
257
11752
7154
9890
12169
14902
12096
3914
6220
3714
8144
996
376
4014
6613
6866
14433
12603
12805
8794
10287
15967
4677
14915
1462
655
11854
7323
7632
3229
13400
2438
8753
1914
3435
3638
9441
13748
11589
5238
10392
8529
9055
334
1291
5237
5140
15281
7740
1495
7547
603
16044
15857
12586
12772
7402
12564
7369
13534
13086
309
8328
14320
6
1117
12719
1745
13762
7704
1436
598
8635
14569
9826
12313
1653
9274
4305
8984
11479
4859
9766
12342
12378
381
12886
9378
8381
2203
5052
8508
14766
14720
12857
13725
1368
12150
15022
124
11692
11121
