9619
5596
8685
16337
858
9250
14437
3742
10994
13900
10501
12268
4838
1854
14302
14603
6153
8247
9978
7403
11401
7709
11044
10423
12226
7146
2719
15575
16327
8560
12260
13207
8553
4167
3749
7362
8147
5226
5711
10930
11726
9466
12726
4691
15215
8030
13272
6173
8713
11007
6347
10048
9949
6405
5605
3633
4495
7794
8444
14747
8393
7003
5524
6945
4210
14685
8700
4044
5301
12582
82
7853
1813
7304
3793
15292
12992
7782
6242
11870
3528
12834
14547
10033
8182
14064
11371
2520
15082
9278
8088
13593
11380
11647
11285
1704
11058
5546
15389
1982
12016
1533
14497
14615
8508
2231
10540
7113
9816
3312
6105
3593
951
5311
1163
7247
13715
1928
11500
1240
10313
11322
2972
2454
1152
9804
1930
6067
14531
14381
4728
6043
6451
15982
11551
2809
10297
9541
162
1462
11593
2960
1939
8954
5160
16213
3233
2237
5828
9645
3430
7825
10493
1627
1873
7650
5695
11975
9000
7934
8548
10882
11543
9633
8005
11650
115
13607
3381
12944
8367
11876
6232
3653
12242
2402
3119
10855
4435
15408
5654
8420
3557
11095
15967
13083
8021
6481
16019
9121
5082
14465
7283
2152
14158
15942
10311
5381
15995
9363
5133
26
7688
366
11341
5287
4335
13937
15516
14292
3631
7305
14450
15279
8613
7153
11796
9498
10912
8415
752
10800
14262
2349
15066
7480
4935
2740
112
9555
267
15527
8781
4458
15876
4573
505
13581
7802
12108
4308
2505
3540
1306
5752
14418
6597
15689
1092
11594
5600
10640
8626
8491
10789
14644
4333
9678
14281
7678
3120
8014
15308
7773
1884
11306
2134
12956
6324
9410
8374
255
921
5191
3664
4037
6396
14528
7300
4616
6691
16086
9064
5414
9092
7244
2010
9476
12366
1881
9826
10937
10819
12940
8665
3204
4593
10973
15757
6076
8931
3948
2874
16074
7364
7874
11269
7518
14680
614
8528
691
6443
10774
10722
1532
8450
9112
5954
6639
9735
3308
14527
9160
12204
10303
12986
5332
4118
4971
7907
4274
4158
9090
13670
5713
5382
2388
11450
5825
12558
3293
9549
6901
11575
12790
5024
15946
14964
10852
11384
8814
15216
15218
5691
13444
12840
2321
6134
6209
10321
4184
9065
4238
14463
4114
5545
14279
1396
15201
467
3675
11913
16030
11952
15067
1864
4842
2471
1076
10584
4485
14001
11908
2986
15161
6360
9131
10037
9794
897
1937
15820
13515
7180
678
246
11753
11451
8008
10622
13532
3862
6618
7079
5793
11345
15520
6435
4092
12177
14902
13408
13433
2959
14576
1454
303
6747
5653
5047
4552
7214
11075
12376
14663
3936
13240
9007
587
10232
14816
7248
10826
11827
11839
579
1121
5763
15050
12432
13182
12288
9497
8079
2918
9939
1452
2727
8888
1867
8751
13767
3358
16268
311
3080
7445
5439
1176
11889
588
6137
6545
12588
13204
15397
12489
5053
1236
9289
937
12435
4434
11427
9542
360
525
10571
15699
15917
15225
14933
10737
2293
10614
6501
13220
11233
1802
8549
7610
3921
14828
14578
1421
4436
12240
11755
6801
12671
242
12281
11718
15646
8432
13827
3251
14923
14900
11406
3113
9025
10312
6576
12923
798
2191
14739
13061
9115
8793
9024
10634
14748
3411
11519
11572
3906
6746
11293
3416
2261
4031
7556
990
5117
2571
9423
8136
7547
5510
2845
6856
4213
4753
12655
6057
3472
16342
14368
12143
12618
7260
5606
5343
12308
4254
13163
4223
13636
15777
5529
2199
1742
15387
15657
6199
5779
1841
7353
13897
10949
6547
7367
2695
2254
9333
12497
14701
2100
15278
13107
13676
6627
3562
2478
1216
878
8386
6416
16040
14289
5090
13675
6282
13189
11490
13836
11752
15493
5706
1078
11629
15840
13684
5559
1828
1872
1584
10146
14176
5088
13610
15979
10959
15532
3866
6259
2957
504
7614
6478
3872
7182
3550
3211
2549
9657
10004
1450
15192
12278
8731
3265
11387
6914
1981
4979
9462
5400
13007
7513
14942
15943
14770
5026
1525
1208
10921
8753
13342
15076
3859
5894
789
1229
14800
10954
546
15414
4468
6944
6033
15070
3918
5144
14558
7258
3564
13724
6842
1500
7768
11574
4703
13296
4189
11620
9338
5450
11213
6413
10029
3913
5619
14003
10174
7745
14476
11700
8455
442
10858
6911
11472
1661
1791
5537
12039
4929
9327
14127
3760
15497
6988
518
62
6019
9424
8930
7851
13705
3890
946
14386
14383
5921
14972
1631
9216
13334
2397
5467
5428
1798
7400
6016
6821
12314
12003
2054
3721
2737
11568
10938
12764
10438
12184
13266
13982
15969
14895
14826
12682
14611
13991
337
4539
8189
10059
11042
6524
1313
9946
770
15249
10718
15791
9187
9281
9445
8884
13723
11769
2219
6912
1031
9992
8025
2666
9194
4529
16285
11300
9669
15487
11518
10201
4203
11283
11851
3739
12984
4630
2441
7089
13770
5207
8691
5659
3933
4056
11304
11674
7705
7881
8966
540
3713
554
12073
727
7046
5843
16350
1625
6331
9884
6770
9957
2076
3285
7704
1467
2374
16206
15074
10745
13457
3570
6456
11460
1875
4229
12995
1373
2205
15339
2226
11767
1965
11084
980
14325
13714
9471
9814
12775
11056
8784
15496
15281
7075
583
13418
12324
12994
2176
15446
10152
9396
13468
5543
1632
8738
10888
11719
645
7682
8580
11766
4633
11931
7393
8108
7028
14123
15257
10817
7837
11261
3012
5149
3078
3002
8624
8649
7545
8697
10001
1026
12645
12769
7100
11156
11301
6408
6357
877
16182
11728
12045
8007
8214
15720
9097
16077
11791
3772
2702
8854
384
1486
13139
5350
773
3320
9822
2649
9233
2948
7604
5925
3440
12522
3717
4276
10216
11347
3436
4887
12540
11311
4273
5908
16142
12715
15836
2672
10475
14139
1098
1687
12113
2721
12169
11581
14537
2080
199
6761
7009
10661
15171
11631
329
8024
1729
12989
7185
13493
2345
7072
9336
2853
1715
6276
2025
5481
9369
4672
7966
11453
14268
7928
880
6399
814
6885
8875
6931
2392
341
8532
15073
12049
13618
3984
11904
13332
7424
7842
13036
5595
12440
10700
5968
4856
3649
13920
353
10667
10792
15618
9446
2087
3805
12625
228
13859
13016
14324
15745
16177
10379
11286
4688
9192
884
5940
6859
6641
4973
1659
1404
689
2736
5407
10237
4507
11392
12095
4919
11268
6237
15231
5364
1014
1774
8213
10291
1024
13907
12875
11813
7124
8219
3637
1429
7230
5083
14146
15807
5181
12721
10515
3494
7469
2699
5488
16131
2183
15545
1478
9858
10623
4054
4190
8941
15045
16089
9886
1349
14858
14573
14995
13331
15577
8405
7112
9265
12294
11133
13106
11198
6623
12041
6355
11672
857
14899
279
11400
8000
8177
7428
15477
3025
1473
2270
5989
7290
14857
1042
2623
13558
9365
7076
9862
6950
3207
6428
13033
3152
14410
8987
2867
6778
907
11595
4957
314
8986
8107
7387
4645
8809
5818
225
16109
13232
9763
9416
963
15529
6713
1119
2376
7444
14756
6342
9188
12598
3666
6982
12426
2148
5656
998
3813
5409
9844
15826
15927
10713
5832
14048
3767
2909
11151
1678
10936
3400
3037
11682
7529
8857
120
1197
5655
4174
3142
15260
4825
3333
13066
5294
5460
13944
4648
11625
16159
2558
290
9133
10164
2688
13613
1022
7990
7087
13930
4603
14116
11248
9181
4990
12234
8461
13868
13369
473
14797
13133
2675
5474
9198
9213
12674
5621
4954
484
3761
11092
5639
6490
14612
16336
16219
2028
7772
7343
10282
1561
2857
11474
4569
7626
9551
16367
12531
16176
2318
2938
13815
15020
15078
3701
7148
8458
5434
485
11103
9909
6262
12345
6878
5408
11573
8102
5570
14922
16115
8306
13176
14656
12170
10841
16333
229
10645
12202
6051
15224
12233
14889
9864
7198
11168
8129
6356
13698
1188
13871
8552
9249
11482
10422
8013
2971
14350
8616
12448
11146
9214
832
16103
2806
6651
3132
15480
14716
15522
3567
3594
6645
4682
4246
58
465
5947
3514
12754
10749
12501
4903
9659
10285
10601
3511
8324
8504
5413
10041
5347
10123
11587
15634
5837
7259
7143
1407
14163
5893
1055
10845
9658
1909
651
8252
10625
12899
9361
14853
14593
11536
13994
4357
13539
13853
1727
6509
2474
12605
2319
13042
14125
14504
4586
2601
4585
1970
4523
11736
7667
7504
11030
14204
905
4677
2258
10365
13101
6894
12961
2967
4760
15208
6552
9510
7349
2958
10105
11176
3863
15616
2130
355
14110
13921
14367
12359
4076
1512
16171
8747
5298
14135
4967
12860
5623
16203
15055
7929
10170
8471
2405
14813
7287
13473
9650
3485
13401
15959
2607
5203
10163
14257
12265
2393
16273
1569
14871
8430
6951
6406
9859
14338
14925
12667
6099
4518
15591
11980
15043
9255
6469
10559
15890
13134
5915
6511
1243
804
1530
6270
9997
13157
9078
9524
536
2645
5180
11123
6769
18
8846
3840
4848
10771
191
10469
6321
5268
5810
13530
6164
13850
13031
13420
9693
4820
9981
5244
13913
9151
4417
9853
3222
1711
5496
6109
595
13158
8303
1521
7254
8376
11734
3164
1242
10827
9591
15226
12560
5324
11741
6442
328
11104
9535
9719
6742
7104
14812
6958
14552
1189
5498
2308
12762
15519
5909
13074
8530
4851
6103
12434
13365
11424
2260
12917
7459
15484
3753
11086
13962
1650
3289
5735
4862
3014
9857
12478
775
4444
7380
9888
568
1618
49
14602
3075
13170
2980
1036
5652
15734
4985
7910
3899
15322
89
4139
12921
1238
9913
1975
219
6292
16087
684
11116
8821
11088
7535
7022
10057
16235
5486
9343
5473
2086
7644
3305
14740
5788
3206
1814
8602
7021
14011
5514
9861
10776
12750
4592
12315
2384
12566
7507
7067
10169
8995
14599
5778
8217
13116
16194
10903
15944
14788
15503
1411
7821
8034
14377
2174
3433
14320
9790
3359
11197
7811
5532
15289
744
13038
7982
5949
7585
10314
3719
9167
4397
7954
8137
15174
4097
6491
5651
11619
3237
15153
4978
14261
10472
10653
5223
7219
3488
1799
6332
10806
4378
13644
8027
14175
772
12354
14228
11716
1485
10267
11124
5835
15122
11403
13790
14084
7171
15852
9491
16055
15017
5049
11918
15027
3380
169
2490
2604
14480
12593
15875
3516
1256
1801
11020
9455
6235
10589
1199
2416
7147
6700
2213
5465
14868
1354
7722
2863
8402
6581
5418
12745
10696
14575
5459
11996
4911
9734
1460
8084
655
15131
13584
5592
15625
2215
10076
13734
6102
8812
12614
4711
14908
13210
11965
3148
1966
15855
2294
8148
4368
1835
7007
13708
11964
10850
9419
2097
128
5983
830
2630
2529
488
5431
7142
15647
9565
2788
6890
3743
3509
13337
2820
8776
9715
12687
15782
1502
6417
13606
16052
1136
10577
12569
6418
14241
13273
7222
13089
7847
3057
9691
8761
15609
6540
5945
7081
15463
11132
15418
7014
5814
15382
6986
10636
10675
6657
11047
9283
3344
2059
8278
2711
15907
63
7742
11069
1436
4673
8887
10299
2856
10527
1565
183
15993
8734
7996
16184
4870
14640
5309
11959
8639
7160
15620
7566
8779
487
12137
1803
1301
9623
11052
11420
4053
5548
10890
2716
10343
1572
5103
13919
15
6971
11605
6370
11302
14934
2464
6190
438
14313
6966
165
6967
5461
14961
1964
6340
5264
1652
2739
14999
12794
5762
208
3336
8212
4522
4626
4658
3974
10831
9405
12954
6935
1833
8868
8641
5635
6320
8606
7627
4171
13462
6994
7391
8539
14239
5671
11033
15842
1587
15715
15189
8062
4448
13748
12981
8425
6258
3496
5648
3253
16289
8055
10228
12606
16303
163
16274
15262
12641
5981
2475
15352
9840
2228
14557
12896
4994
4895
676
10969
9454
3601
3101
5712
14936
9665
10548
13248
13816
15482
2030
176
10884
11590
6179
14355
3444
2929
1483
6779
15053
13860
15653
9890
5675
9759
13242
10054
8111
5579
16153
14274
2814
3125
15711
4349
14590
3705
6131
187
9618
8240
8913
11238
15792
10000
12656
13235
5801
3244
14525
15934
10248
11414
12066
2741
698
11276
7177
15680
3778
6877
10758
7828
13013
13717
12509
7406
4517
14407
8058
15118
441
9526
3445
717
4477
15394
2731
8767
12676
14453
3630
7770
13393
13585
1836
14802
6904
8628
7430
3628
5060
8866
15747
15972
2756
10988
10803
7804
9643
6220
11510
9500
2403
6489
2517
2964
4332
3281
13399
12100
376
207
10088
8119
10820
8588
10765
6715
1200
196
4562
13730
11544
9901
122
9199
10878
12057
15386
8524
574
10274
14251
7893
2122
8285
10693
5681
1728
1655
11259
15508
12819
6250
15378
3464
4515
2395
4474
3016
3219
9014
6648
7252
9850
2412
7345
11397
6649
5327
14503
12742
8765
8614
1990
6314
12154
11924
12808
10329
10468
2253
2079
9180
13855
15538
3669
11437
11442
16168
12623
16031
7465
2385
4366
2759
4441
15448
7049
4049
3864
16233
3190
8706
15546
3079
4131
3678
3619
16212
7384
7632
13538
11369
8756
15264
12803
2859
5526
10871
7731
5148
3559
5319
12214
763
6167
8323
12692
761
13402
6731
861
10910
3362
11809
4418
3617
14896
9088
10738
15106
8849
8737
7184
1605
11486
6290
3074
14849
3406
11710
11856
14726
6488
15206
14733
15746
13082
2162
7168
1198
10360
8176
9444
7238
6823
396
12904
9641
6685
14466
7564
9312
6424
6605
11688
12351
1539
6101
2524
13812
15336
14120
695
982
1601
14321
15949
16381
367
4104
13305
8789
4338
7681
11079
2795
13035
860
7831
11979
16056
5731
4231
10277
10136
5948
9210
2056
4720
15239
11005
1832
2974
7421
7706
7103
3788
780
5147
7938
1278
8325
12151
9624
2101
15626
11640
5952
5126
5927
7371
12058
3456
7774
1735
12999
15317
700
5582
1896
12549
12776
7169
3912
4844
13371
6391
6440
2000
6020
608
7902
14982
15510
14966
16347
14162
1153
7684
12499
11067
9538
7235
15568
7116
9727
8543
10877
7573
2207
7957
7541
2678
1958
13057
10404
3449
14536
15737
3774
8716
13271
14768
7338
13527
12207
13301
12806
14953
1027
4209
13531
9430
10093
9171
15280
70
9371
3405
295
14548
15971
6532
3978
10185
15704
6694
9421
14431
11983
13270
306
11407
4337
7292
9511
8923
9228
5023
3693
14546
1298
9729
1647
4240
13709
12453
13837
6223
13726
14079
126
7536
8787
14807
10617
896
11794
15719
541
1425
5344
8373
2913
3975
14096
11863
14836
186
8291
10760
15713
1320
6600
14847
15610
11352
15087
1063
6537
5284
4301
14233
870
6252
10325
12865
2535
8652
5854
4185
15180
7016
2676
1528
15357
54
1938
5523
1699
2606
8032
7043
7700
15786
10086
14304
12293
9504
10444
15888
4476
2049
11377
13751
5586
3353
1860
5302
7983
5119
10429
3682
13391
10935
2658
2931
5637
10411
6377
1151
14458
11635
2745
10986
6861
9540
15717
10530
15312
16138
7145
4070
12778
15929
12467
10955
10612
12425
931
11439
3808
3317
1648
12851
10558
930
15185
2265
15085
8653
5189
15578
4930
2239
12405
8778
5557
2598
14486
9547
1940
2949
924
4129
402
6044
15504
12533
12468
11331
387
1380
2691
13683
3908
6554
662
5789
8526
1877
1325
15765
5536
14979
9647
2876
11295
13791
14898
7960
3092
3403
13343
11297
2855
11768
4285
2230
7769
8106
7418
2902
9632
5039
15303
3415
12209
10810
16284
286
1522
4247
9745
686
6218
7165
7497
5782
9380
9144
6827
4886
461
12103
6126
2879
959
7097
16075
8558
10829
12541
11928
8534
4662
3376
1980
10250
9165
6328
6066
13511
3482
2907
2443
5456
6069
1297
7737
2679
7065
5046
10180
12548
801
721
5815
2342
9969
14678
4530
13500
12930
14598
13280
1393
5423
6708
4684
11477
15486
14286
2541
7609
9942
16299
6494
3064
15964
8269
3374
2168
16155
5540
15141
11896
3844
991
1419
13479
8655
4781
4774
1846
15459
13504
8339
13268
10066
11661
1818
4168
10893
8290
8085
9782
2754
13156
3419
7611
8260
15500
4853
5170
7485
9301
7904
9176
9587
5455
5
13205
3816
3461
7933
13957
16067
6619
555
6070
15110
16050
6616
9882
8632
11732
3020
10466
439
15615
3361
5194
9457
190
715
10720
8879
620
12802
14570
1296
12484
7355
7199
8741
6829
1196
4657
11110
8972
11374
9141
8979
15664
13727
12903
1204
10961
11859
171
9809
6714
5374
15674
5697
12729
16116
12496
12746
8054
718
5150
14540
8924
7281
4705
9852
13241
10195
8105
5200
15799
15600
11663
9020
3577
6422
2112
2618
627
11555
6241
5995
10213
3110
3782
14987
5378
1173
11916
8997
4755
11623
6919
16070
5748
4316
14533
8488
7334
11492
7164
12085
2772
7889
3524
15136
11054
11504
11143
12136
15383
1474
16247
1331
7013
13499
4687
10223
4926
1329
8188
7729
8061
12507
203
14478
3123
15111
2024
13659
7601
1883
4012
7838
8361
6516
2781
5797
8772
12621
7666
9910
5702
2380
84
3609
739
8881
3673
1510
13687
9731
11874
13023
9238
2284
6527
8122
3729
2306
10416
5895
8497
9285
9831
12203
1535
1689
14556
2003
15468
1165
2568
10833
8722
12597
3232
291
16328
11243
12968
7555
13873
10802
9689
2988
652
4196
14941
6339
4088
11877
14451
15236
11417
7483
15135
918
13351
4036
9042
11577
10053
16076
5426
8273
15570
13161
11342
6064
8017
4568
623
2677
4608
8368
3733
12051
8156
16059
400
1531
6045
4908
10294
5044
11779
1335
10171
11645
5278
8443
14825
8620
2269
8515
10149
8288
6846
1598
9736
4078
16084
12551
4370
5066
14185
9044
2646
15605
4093
11892
8619
15003
7575
14030
9747
1871
16248
9152
1409
4543
9902
1931
16140
11360
476
11235
13567
5173
460
5534
8561
626
4621
8446
7552
687
1611
7378
16359
6092
1093
9528
3223
11514
14203
2338
40
13443
7997
6889
3065
6248
8422
14347
9995
6964
15937
14025
1360
15473
4878
2887
11872
11703
11109
14448
2036
11772
11411
3781
16061
5607
173
3965
1214
15283
2827
3625
7242
12950
8904
5359
2643
14254
11541
2315
2055
15129
5115
3523
10630
8381
10052
6462
6941
13155
1709
647
11506
8487
397
9021
10505
13027
4639
12055
5031
6564
9206
5475
8493
6318
1432
7051
9124
1261
1033
15098
1268
3029
3775
6570
6546
1973
2426
6613
12855
6155
6061
7335
4385
13405
6698
7740
4949
12146
3737
6015
6831
6234
12544
4509
8869
2872
736
3806
9016
11759
15104
4447
9796
6163
10440
9100
497
10491
2844
6960
8253
3348
4678
4429
14105
7127
1359
103
1305
2332
11535
7218
406
9897
6156
6720
9002
12287
13099
7515
13260
7558
10635
14253
4821
11578
15204
6049
10062
7956
1747
15770
11027
3821
68
8010
5466
3575
14704
12241
11986
11073
740
4101
4858
8699
16094
7232
4924
13743
11934
5734
1061
13643
2288
10110
272
13890
12217
3283
14236
4785
15083
6876
8049
13056
3157
3435
8669
3412
12157
2053
2444
6336
3140
3169
8695
13184
4780
597
8690
9450
16169
13763
12799
2126
7429
6869
14839
6085
15390
714
5055
12955
4915
11847
3077
9522
12574
6595
6785
6681
9142
14711
5447
3045
6883
4163
7070
842
4286
5998
5005
9988
6359
4040
11055
3727
6071
12535
1957
9575
13151
12553
139
9865
7094
6487
10309
5296
5003
10927
14665
7607
5367
743
5631
5555
1936
11923
10383
3893
3694
979
9629
6704
3104
5978
13946
8617
11552
9177
1636
2886
4660
15811
5727
6325
16201
3310
7679
4558
6486
2819
3134
458
14903
12846
8985
11157
11164
8391
11136
13817
12494
9903
8423
6266
845
9011
11781
2569
8357
14211
15767
15761
2525
19
1694
6684
7315
445
11382
16262
2864
12502
707
12025
2700
8255
15988
10131
15088
6122
5568
3000
15304
9027
4524
15046
9015
8170
241
15528
2466
154
7435
3568
1935
6521
6961
14524
16110
352
12654
9332
13529
4792
2316
10628
2187
2195
7813
15849
2657
12693
15627
12229
193
10823
9562
9234
8715
5687
7173
12418
11600
14509
4928
5804
9961
4579
111
3829
10112
9764
12545
5235
14608
8591
6828
10425
8262
4413
16064
9415
14689
9572
7717
3571
12512
12661
141
8442
2461
8490
15552
1218
4023
7719
6993
5773
15250
1448
15660
10072
13221
6217
16025
935
10246
4707
12062
15297
15783
4419
6174
6495
8885
13633
1769
12874
2894
1504
965
13454
3723
11107
1210
15372
15214
4601
5167
9439
10392
4922
2104
12520
2829
6423
395
5375
16096
8040
5304
2497
16283
0
4176
8816
8642
16143
4620
4833
2165
14103
9746
2489
15854
8541
106
15432
9906
11361
8817
16016
9245
12870
13716
4009
8635
15677
7436
5100
11780
3696
9806
221
457
9531
14877
8523
14221
15230
11262
10412
4257
14754
9649
6354
2113
9755
8659
8341
15113
12040
10305
3250
8525
7316
273
1277
11702
4984
478
8416
4156
15209
15471
1263
1385
12959
15407
357
6104
8910
11713
3068
10141
9905
15914
11932
13806
6940
8002
16276
15013
6548
13427
13672
15334
997
11150
10763
14511
13976
6202
15667
557
10650
5064
13421
7010
1945
14359
11515
14414
2157
15581
13297
6034
5917
280
9110
15593
13032
1642
4232
1514
7836
15644
8077
8551
1831
14808
12838
6077
1779
3046
4147
9523
800
15755
157
3455
9381
14794
4581
758
11988
320
4964
8042
4540
9801
3210
15987
7385
14873
13328
14023
5196
12933
13224
5504
15071
1064
9570
12832
2797
10184
8574
8012
12663
9075
2922
13201
11694
2939
12231
9772
13287
15975
13750
777
15912
5584
3208
13195
1273
7297
421
14291
8576
13725
7797
1386
912
3857
3715
15029
15147
14992
2648
6606
6412
5826
14684
9403
8783
1806
10230
6809
9917
13635
7909
15228
3185
13902
1213
1822
1006
3518
6678
4086
5918
13736
1013
101
1140
1490
4889
14309
1720
15494
6458
8063
6419
14170
7434
16343
3867
13891
14400
15872
13209
7776
6820
5864
12399
1487
14240
993
6398
9567
13560
8128
12975
8895
8696
6017
7246
3758
556
7589
6395
5243
11376
135
11807
5274
7935
12429
4635
11967
13275
14372
11533
4432
8364
6756
7699
8688
15080
4220
14037
6493
11692
966
10522
15771
8874
15525
15676
3220
2576
13756
16053
5330
14311
356
5733
14530
13440
8871
9883
11119
13344
8096
6520
9620
6710
8936
7864
3022
12272
4675
12054
10812
2926
8185
16383
13680
9553
14214
9817
5617
1340
10940
9190
2341
16081
1330
9247
15955
7398
9335
14224
6172
12873
3903
10919
10101
14052
277
463
6937
8093
15489
4852
12538
12187
8870
12830
9326
901
12327
8506
3300
14111
11724
1379
7787
1159
10714
14119
11943
13821
961
14606
1790
15902
6632
8124
12518
5162
12318
5755
7295
15825
7624
7139
14063
16156
16197
3877
11203
4879
7795
16172
13512
13214
16210
14293
5754
10289
3695
11111
5252
2611
11838
2182
4383
9916
1481
4696
11548
11102
8250
3050
3826
8264
4866
9835
4956
849
12703
205
16082
11788
1303
7880
3060
4165
4938
4835
6995
1161
7270
12270
13382
3178
8441
9474
2143
10434
15701
9550
2018
4068
2065
11502
10732
9636
2573
15612
5361
10528
10990
9119
13772
14916
8304
14719
16178
3506
12220
8456
9557
7767
728
4814
12958
5238
6229
8377
271
14545
11333
6189
11409
15229
4840
10139
4836
12908
9409
4153
12336
15287
3031
12218
10590
1079
3699
13624
1967
9726
4614
13773
5847
13747
3952
3923
11773
7557
9989
5664
1315
12168
6392
7407
15641
1624
10768
822
1688
3133
9099
10521
1902
12983
13490
10570
12753
10295
2201
8044
6786
3656
10863
3858
7925
9147
14411
5569
13113
11562
6523
13188
6942
13452
12922
9482
3236
6764
16205
13934
5291
6596
1663
15919
7503
11540
13706
7170
10907
13403
10963
15631
1458
3270
8221
7240
13789
14272
8225
1361
2188
4773
14035
12083
4732
12884
15974
1493
15685
10256
5438
633
9922
12004
4670
14122
12563
10436
8134
2579
15574
2952
4415
10413
11915
14086
13014
4110
5483
7898
5021
12824
615
9682
13768
3224
5966
8729
14539
9612
5182
14015
11495
1082
11183
12471
559
456
10464
6035
948
4392
15457
10079
15607
15548
9060
2372
6421
12698
1667
4583
7868
3527
3394
3874
11270
5396
3197
4126
71
2561
13597
9028
4758
3076
8349
7806
9569
5338
10290
3096
13434
6295
9427
7780
9452
16216
4253
3911
8927
6533
10941
1434
8409
6893
9076
4108
5015
10231
5630
12087
11939
9501
15940
11627
1787
4815
11023
12014
4215
14634
12084
15922
133
1141
4004
1406
212
1746
13359
6983
9295
13699
16117
2923
7873
7253
2227
790
1377
11601
16340
9290
4041
3261
9204
12638
11861
13108
9931
1941
12107
7766
16099
13580
6896
7492
6506
3255
13253
11516
10400
6633
986
11855
6254
6497
15936
12978
1129
3536
10307
1482
8546
5415
4864
13409
10731
13565
175
9900
16311
9132
4428
14398
2951
10377
3602
8733
2659
3151
12627
6946
5416
15669
1430
13316
7726
14985
3648
2250
14700
9833
69
15120
15887
2587
15585
12688
8977
5216
9947
8174
13198
4649
9377
9047
4786
1395
13927
13039
534
9823
1918
7330
6007
12711
3276
11330
7209
15095
10406
16
4336
14198
13222
4989
13953
14629
1695
13967
15470
6334
6157
11962
7102
8984
15221
8195
4664
4069
2221
3414
257
16211
13453
10095
413
7931
15364
15347
2166
14830
11776
5521
11670
12007
1423
14449
11917
4408
15515
7039
12716
13180
7620
16266
15543
12243
15565
12629
14075
4255
7417
16004
7639
6484
5480
15452
8792
11721
14693
5286
94
7062
9052
15130
7455
8478
6891
9061
16217
5472
6569
7325
14454
3084
11014
15359
14955
14819
12290
10837
16236
11731
2428
4847
10902
9244
10815
13819
2670
16119
1508
13870
8172
12469
10018
10326
14586
11383
15040
1506
9479
2628
13830
14991
5686
209
10490
3606
3566
12013
14331
509
2477
10883
403
9723
5602
2801
4575
12424
3409
13025
13981
172
2921
13354
10284
13185
14194
15150
7890
13459
378
9514
6112
8807
12604
9395
6188
1352
13696
14467
15375
4311
8950
6963
2147
8113
13419
3612
9778
4482
6169
4536
1008
13110
9834
5564
9114
11835
14969
13874
11305
15158
7757
13972
16261
7939
8851
11425
6353
6366
3549
10150
12485
643
15034
3824
7531
12274
9781
5628
10860
9637
12089
13895
2479
10699
6840
10585
10574
5647
2460
278
7227
14677
9737
2453
15768
4796
3103
12263
15726
12348
11147
12044
6679
12970
12183
15918
6575
12859
6149
8662
9990
13582
10908
16242
3745
2516
7708
4259
2537
12524
15295
6555
5295
12158
7162
5141
3860
4321
697
8559
7640
12043
12780
6655
14205
3476
8016
13430
2344
2068
5769
3191
7395
3640
11138
6603
13466
6607
3623
5288
12387
15234
11386
2167
12364
4151
10542
5022
16335
14949
6403
76
5436
16003
10676
9096
5029
13805
9599
8990
1658
15354
836
9914
11831
9448
14184
6850
15145
4818
9433
10038
7994
13883
8039
5495
5489
9130
5598
9679
3746
7718
8544
10334
8117
735
9163
1518
13400
13566
14730
6653
9093
336
14623
7668
15997
3708
15187
9843
10012
9116
2300
9818
16068
15905
11028
6265
8259
9259
4047
6727
3131
342
13925
13707
12795
8964
4632
4749
11966
15207
16191
12856
7350
1077
7665
4556
3901
15884
12381
9758
7178
3986
14018
2619
9221
9043
2206
2526
10458
9179
8433
945
6100
13292
3636
5122
1351
6386
8412
4334
2757
12409
1664
15721
11273
6705
2595
13766
13120
1932
1570
1994
11470
8276
12090
1780
5345
299
1426
8390
7174
649
3847
14034
6158
573
182
9101
8965
3768
13556
2119
12580
6141
11853
4227
14258
4587
3112
5812
15481
4797
3846
4861
7725
12077
11735
5248
2063
9001
4455
6751
6699
16338
4348
11423
5580
5027
11006
8191
12842
4782
6029
3214
15059
3439
16356
12320
6358
5340
823
6277
13086
14384
5856
2888
14150
9543
9863
8961
639
16008
11174
621
8333
8321
7915
14630
7404
6002
14345
13423
15126
9358
6475
16044
11349
10620
3356
994
8842
11616
2439
5004
8808
13327
9428
9943
10997
15388
11223
8971
298
1035
8083
13028
8480
6665
6910
13657
10951
12610
1247
6139
4182
13377
1517
8159
891
13894
4445
9970
6991
15233
6343
5482
1665
868
13583
7157
5670
15137
5719
7903
12391
9751
8759
14529
3592
9880
13641
5608
5011
7701
8036
11711
143
15506
2975
1671
8736
1267
5996
9483
787
3789
10767
16190
3147
13549
7025
5625
1997
14131
5129
6078
9059
12658
786
1314
13388
577
8473
7276
6844
8684
10153
14379
14543
2317
6671
10851
11498
15093
12295
831
16290
9306
4107
11216
3642
14494
380
6593
9339
2663
560
12771
3502
10055
5798
11275
4032
755
592
14390
11209
11232
8942
7150
9390
8863
13615
1274
8275
8960
5464
3168
4594
6824
2937
3221
5225
3247
15275
10
5300
7798
8392
6810
15754
12275
9106
15709
11061
10119
12325
15749
2436
14566
8819
6615
11520
12747
4406
16151
13249
760
759
9603
13282
15428
15377
4116
9855
2353
4063
11683
9534
4868
14970
3547
8465
2350
604
6620
3639
11039
6182
10275
8585
12473
5638
10269
2979
14259
4162
6375
644
529
2542
13234
7759
6082
12123
2093
11750
1193
7642
14252
11554
5386
15163
1770
10790
10197
533
2652
3513
8975
9429
15858
3597
1094
10350
12701
10555
7932
5454
2869
4052
9503
297
13474
7712
2225
5721
2999
1400
2451
2153
14959
972
9544
14661
3957
9208
3634
4019
9334
3269
3116
15004
15638
4822
10192
11317
7245
5824
6667
2169
9750
3580
1342
8661
7799
1815
14329
12458
16066
7669
12446
4119
12321
7521
13186
2955
3535
3997
1355
3038
6177
6783
1978
13298
7200
4323
14424
13703
14351
4396
9432
12977
2684
4810
11698
11566
8907
6843
5783
4140
15592
2743
7457
4805
4214
14968
6635
3680
6585
14769
15678
13081
11798
5143
10044
8127
14276
10651
11256
4775
625
15415
2064
2051
8743
6056
13695
5501
2247
4790
5230
3884
5227
8949
603
12032
17
14962
8719
11977
11633
15179
3267
3700
2523
5525
6245
14280
9680
13072
11446
15976
13147
6807
8880
195
7383
12839
8350
16033
14708
12927
11968
11576
10680
14829
6011
11819
9068
5399
14809
3054
4402
13691
9982
13437
12421
6369
3585
10398
6916
15434
6707
1898
5479
12488
14782
6329
12273
7754
5493
16015
6301
10420
11762
16243
14074
10276
2170
7800
490
865
1113
3477
3607
131
8575
754
4292
2488
5500
8810
3051
15724
13088
11066
8582
7243
5846
12615
6114
80
1025
6420
13760
13137
3964
15417
15931
16027
584
9253
11327
15621
4374
989
15589
1613
10193
6450
6825
8289
11786
1719
16018
14920
14366
237
14621
7416
1001
15356
1415
8468
11485
3048
1862
13112
1901
10750
8547
13839
16021
1337
13877
227
1491
16146
12783
7234
15606
15923
1852
2540
3638
1634
11318
1839
6818
4377
14439
12822
4511
5849
11708
2771
12174
4902
506
15392
4690
2
11882
12118
5513
10880
10687
3291
641
15908
14374
4799
11973
10247
12350
2846
15024
13740
1084
2838
791
10610
6774
7225
10405
7947
7871
3962
7120
2120
4669
1690
6111
10996
10348
2738
4109
9948
7963
4637
10006
6517
8237
14572
3460
10906
9918
12239
8595
1827
13832
6482
14066
7236
10859
7657
11135
9706
1005
4008
124
4698
15205
12854
9930
9407
6976
7015
10839
2714
9991
14380
9495
1800
14267
11550
10814
2001
12304
2784
6383
795
10931
571
7307
6362
7849
6626
5767
706
9771
12936
8911
16239
10553
15439
16355
7399
13596
3086
3881
13551
13861
14358
2936
12916
3937
13140
1106
4199
3969
524
15427
2928
8211
3747
3548
15272
6303
2035
2836
5388
2821
12222
3501
5808
8889
2084
5991
1480
10663
7289
1280
10323
12505
9041
7269
9732
1270
8673
1171
4106
14984
6379
2455
11093
13786
1457
15952
13097
1367
8308
13463
14124
10242
9139
6183
2798
16234
11546
12601
7814
6748
9976
7998
12987
15188
12035
14234
16157
9696
4073
12300
10243
12106
9293
1713
7358
12444
3418
2438
2632
5401
9356
2539
11696
6345
1712
14713
5809
5085
4932
10351
10752
4216
8569
243
1088
7158
12450
12059
4606
7044
8897
8565
5018
9166
611
11496
5539
748
14378
14521
9073
9184
5550
11122
7926
5313
15144
14477
1971
9775
10972
9162
9666
224
14322
5930
13718
9069
13599
3175
4532
10723
10989
1276
11963
6955
2409
589
12596
15031
332
13478
3868
8540
1010
3976
6407
4931
1924
4386
5633
14940
13187
1266
8132
14393
3452
1028
6194
13682
11512
10320
4527
10691
6702
12938
15780
7801
1002
15851
9154
6817
2746
8205
6117
4544
1133
2557
15168
8820
10535
4201
8843
5449
1371
2912
9933
3783
14786
15789
7229
2362
2704
14851
12374
13000
6696
7892
11404
16224
4995
13561
7508
5938
6280
713
15319
5389
8769
7509
629
7964
13915
4411
14244
9490
10550
863
9810
5000
13004
1749
15671
7645
8826
8353
9617
10077
840
13295
11357
5081
5075
1900
15850
15965
9879
12427
8651
13710
10386
2680
11032
200
5716
10662
15425
14924
12537
7523
8507
2011
8694
7685
12005
11639
2484
6175
8293
15571
3143
13992
12895
5973
1168
6852
249
2363
2978
7058
15796
10560
12552
14833
10992
15921
1442
15464
12649
5704
11001
8538
11680
12398
5643
10265
3141
8609
5749
1142
2518
12781
5470
12723
389
11080
13228
10508
2865
2708
2668
10977
1451
15523
15839
12852
3427
2641
15772
1288
2897
9738
7574
7638
10621
14232
2173
8586
15300
13483
15355
1503
12925
390
4663
6512
14544
13559
9331
15097
2161
449
5289
1249
13771
13761
933
12815
10999
1381
12685
9536
15992
16238
13651
11825
8796
16185
7048
2046
13064
12980
2622
4132
12770
3543
9892
14534
5743
14246
12579
12576
3508
10875
8257
502
3843
12897
6090
11761
197
15684
15539
11288
14783
4003
2592
6498
4065
5503
214
2747
813
15413
4312
848
7432
7458
7151
21
11307
9568
9303
435
3834
11326
8317
2427
10161
15456
11879
10129
3897
6269
9288
15084
741
4120
6543
10978
7835
1244
4030
4668
14038
3238
15337
13429
1125
7414
6086
8720
15619
6863
14722
1414
6308
4726
9329
4824
3677
10898
4863
12651
5805
13787
5530
14161
13947
6788
8082
4005
9318
1556
14937
6920
6717
7710
15785
15065
11953
12093
13080
11897
2706
8599
15128
11013
14341
11344
13428
13629
5865
12514
4490
8228
12445
13165
3228
12926
8748
14376
4991
1422
1623
1177
2204
11024
6759
8059
3572
10598
11763
1917
1257
10327
3968
8327
5228
6447
6116
6985
12797
2108
15691
15419
12252
16307
4452
5352
1292
8453
11511
6349
3815
1767
10513
15963
3003
4867
669
8001
11842
14112
2545
7603
2638
4636
8437
14803
16147
13866
8197
5806
5730
13746
3605
12633
8902
11860
15227
16165
11029
12373
776
7291
2178
2742
3909
4750
16222
3351
15760
10226
9785
1810
9391
2373
419
22
16278
636
13124
13347
7479
14522
15048
13252
5693
9385
5611
4339
9467
8330
12221
12148
4034
3489
10168
11328
3137
14301
8873
11100
9478
512
14396
7714
14605
16354
16264
14484
1065
5161
11624
8790
3004
7551
13661
1019
14101
5786
3453
2770
15666
6701
7984
3996
12410
11025
6165
10709
2560
10840
213
2597
13941
13646
7451
5163
15648
9222
13945
12617
7347
3287
11130
3241
569
14217
765
5533
7605
12328
11812
4550
815
9321
16221
10032
5116
13015
6989
1950
9532
967
5761
11250
9517
4492
11944
844
10607
5260
1326
15175
4405
6492
14226
270
7822
333
1635
1657
9756
5834
9660
9026
2017
5217
3569
4404
8797
3888
178
1016
6027
6453
2498
6214
1959
15256
10889
2177
10090
1017
6312
3929
892
10606
2500
9087
14687
7017
7475
12491
13012
1879
16277
751
8338
86
4945
5900
13496
7600
13375
5848
16145
5970
6429
15901
6030
9193
6150
12416
14565
3091
2469
14790
3854
258
5176
14342
6283
170
6587
15986
107
808
2603
1789
5310
11508
1692
4350
5452
14387
5041
8050
8045
9248
15116
6519
2572
6465
4890
4968
2458
6794
9768
16370
444
14129
3765
15288
264
8921
9477
9355
1637
3537
8389
10395
15623
15501
4048
15763
16175
2843
5858
252
5795
4898
1127
13263
430
10665
6212
3170
9646
284
6022
2135
15091
12284
7945
1410
666
6999
2654
12988
12789
15837
6795
7008
5718
9313
14502
8180
304
14822
7750
3683
9944
10178
9829
8231
6184
7091
44
13122
6455
12365
78
6098
9579
2268
7099
13386
2352
9127
14676
5742
5919
15057
13175
5092
10672
12659
13050
15596
10391
8829
16002
1020
415
10591
11282
4089
10916
10043
8469
15509
7152
7223
12831
16368
9868
10524
6541
7596
6709
7727
12849
14743
9440
12286
10261
16150
969
7696
8680
5985
8130
5666
4018
15521
14278
14707
8476
2651
9701
11289
2463
9936
16250
13407
6530
8545
8187
2915
4537
13612
8768
16014
2263
2664
14209
4624
1492
12953
8193
785
1783
10537
3339
1461
8928
9436
10183
2968
5747
4564
753
8359
11462
1363
8329
11617
12363
10514
12883
8724
768
13863
14090
6965
5269
9136
14943
9205
1398
2346
11329
9178
11365
2626
7850
12554
10087
1183
1289
1547
9284
12602
1346
13662
6830
3252
15817
10756
7261
14643
3790
7001
12447
1816
7423
1251
9556
2987
14842
15712
7927
11177
7023
9045
12030
13533
16129
2574
370
5025
3377
7419
4777
688
5924
7040
8968
2816
13577
5725
936
15099
374
12069
3365
6938
11162
5790
7296
5175
1927
5124
5688
9262
2510
2196
9328
4364
1778
13889
7548
12200
4969
15037
8447
11395
8749
29
12486
8834
13731
25
14247
8265
4103
12206
9378
5535
11455
7646
77
14891
11850
8566
4268
11334
7088
2155
9051
11840
3588
3819
15342
6622
6929
14929
3397
16294
5208
11649
5109
7775
3614
6775
8421
4416
15253
15809
6298
6397
10482
1745
1095
13521
1004
10107
4249
10448
1059
13445
5965
13330
4096
14865
6812
12739
14975
12358
5964
15466
2589
10740
8078
9867
2953
1321
13838
1265
6161
11891
8258
12152
13926
6640
7011
12018
10701
2504
11493
2066
599
4689
4170
9748
2594
15935
10089
9558
6213
6389
1089
3450
7583
7019
15954
4256
10962
5977
4431
5242
2826
11336
2082
4893
3595
12506
9150
5430
1499
1038
432
13441
12397
14804
5136
7443
11545
7633
10177
10353
4768
8970
2965
121
4801
15259
6872
15670
904
15051
7447
9314
8795
10572
1693
5318
8279
11267
8774
10836
1585
5134
4876
14426
11398
1893
3067
5667
12163
5451
16351
1963
14867
3443
4948
11822
13340
4752
2279
2995
8233
12666
9573
2752
2961
11668
12796
2141
1224
16170
7045
2503
10567
10516
12960
238
16249
5101
13247
9443
11505
13166
11570
10706
3009
12102
4375
13632
1108
1101
12886
8675
4141
5609
5478
8342
4310
11478
8352
1955
5800
9539
3574
6800
14422
10779
12262
7226
6668
7896
15102
16101
5861
9460
10203
6636
12196
10547
1905
7749
1472
9975
7664
12150
4597
15123
16125
10686
1262
6441
3596
10868
9815
32
15159
1559
15892
4619
9713
4489
9040
12114
4580
10759
6579
12072
98
16321
13825
679
7257
14344
9940
9784
10886
12653
4020
14299
7204
15016
5739
4905
879
8740
8167
14776
16295
9308
12504
4559
2106
616
5717
1167
8916
10094
7449
12269
3994
9571
8282
12094
9519
4148
8266
6592
656
9594
13079
8824
8882
14817
5618
1439
9437
11433
13975
3769
2590
13355
4763
2327
11281
6674
9724
5213
4860
2151
15696
8206
8766
5984
7702
65
5934
12969
2138
7340
7675
13999
15742
15690
12652
11246
14080
15044
3399
15138
1562
8041
13422
2791
12909
9686
6288
4546
3831
15507
3784
119
9802
3332
5037
15282
5932
11559
10641
16375
5613
8141
872
6781
8046
8692
978
5457
4369
3338
12620
5080
9414
3812
1201
10849
5050
7856
6534
232
15932
11090
1609
12257
3085
12250
7379
9601
13141
13634
6267
7707
12361
14517
3943
12441
15544
10222
9690
4525
12584
8227
351
15313
10674
4576
5198
4289
8051
2631
12037
12684
2567
3690
6887
11662
14019
10443
7031
10210
11375
13665
13173
5076
6790
7763
8914
12176
5817
11615
4221
947
5560
10384
4567
13
10147
11921
10746
4296
3608
6892
10293
11115
3855
327
12012
11685
7846
1455
5610
8232
2726
6124
14669
1318
10503
11883
15703
6058
9496
12947
3294
6203
13257
14876
11771
1169
14560
13719
12289
1660
2200
2722
11313
4729
4681
6502
10306
6170
8511
5502
2480
13146
1285
13640
14834
11421
598
116
11837
16047
10637
12181
15926
3538
14021
12946
5505
11669
5275
3552
13104
13974
11911
7275
7854
14646
16108
15222
4303
4613
3983
12192
3870
14932
14653
738
9533
15210
11884
9200
5485
1731
3871
14627
4697
5669
7033
7141
10991
15405
3679
4269
13109
919
9345
14339
2751
12121
13711
100
5395
9509
166
14951
13406
10013
4051
8710
7082
15167
7069
5673
15012
265
14854
11121
820
2303
12400
12340
4450
1383
2639
9282
12060
74
4740
8982
185
13469
2229
2330
14397
9911
12205
30
9672
6427
10870
6905
16241
2102
1507
9056
11277
1145
12000
10481
335
2896
7975
14479
12472
3818
15133
13379
1919
3534
10449
14930
10648
4789
16005
2367
15681
13318
14872
12935
600
7738
8281
10867
866
13276
12430
11823
6333
2620
15176
5976
16130
13652
4212
16329
4304
4499
14360
13495
9699
5297
11926
1030
7539
13943
12683
14635
11085
11644
1054
10415
9856
5707
10050
14216
1540
4743
13010
1933
2291
6151
4500
8648
3268
13416
446
12002
14256
5445
12805
12474
5960
12811
13178
16360
93
12724
9404
3674
9197
6716
9049
13194
2985
3902
14795
1619
7024
9340
7920
2050
8089
2817
12786
15856
5373
4596
11816
1328
14307
1190
5827
11074
379
8645
15005
15651
15010
11942
1399
4105
14425
215
8969
15326
4582
7354
16010
13671
6180
2298
5281
13645
13115
13313
6244
16297
6444
344
6777
12976
7489
2831
16154
5632
15909
2423
8943
1144
12246
4745
4319
6815
14559
7648
9956
12888
9725
3463
7484
5771
4819
9156
283
192
11185
5042
6093
15759
14588
6367
4629
1943
3904
6695
9728
426
9033
7299
6059
11677
8331
2976
1592
2456
7918
11169
15028
784
13826
5491
7342
6473
5868
14952
15421
4927
3263
2710
9347
14298
7943
5325
4574
2429
6757
7789
6884
15273
3560
6185
5816
15661
1856
4502
6025
359
12334
7576
11914
11144
4449
7012
10092
10387
7911
6024
8660
11308
3955
15455
13171
6031
7823
1651
15298
8840
1626
9442
8537
15861
14642
6168
14290
15787
7303
15814
6026
4506
14749
16036
2769
5751
4659
4183
15361
14811
13476
14824
8284
3226
3340
346
12023
11196
7590
15806
9067
1083
6865
2077
8162
2734
9994
7777
14869
9652
12248
8076
15315
1037
14821
8668
13755
12556
13592
14026
1475
4671
9464
7194
14703
13980
4816
9229
11621
226
7035
1424
13799
2272
8844
15978
7149
7778
16078
325
8704
12142
13048
4756
10733
9401
15184
6431
10182
5303
15348
14698
4121
13685
9560
12456
13642
16069
12586
1284
409
2137
334
73
5387
9148
16279
1408
5929
2612
3944
2339
13058
13674
14508
1237
2808
11586
12740
11337
7753
4962
7901
13631
16179
13627
10569
1390
7546
14457
7344
10611
3542
491
2396
3458
1417
6208
2043
1456
3235
4551
7560
4999
1526
15483
5518
15611
5267
6263
3323
5741
8556
934
10517
5583
140
11166
7172
12479
10904
12249
9350
9788
14954
13639
6133
13922
9709
11729
7755
12836
2753
2072
14352
7408
2006
12550
2264
6625
15859
839
8080
12734
13103
8945
5715
8166
1668
15353
7264
15403
3467
3898
13199
2835
1230
1333
13884
13668
1376
10685
16083
11031
1447
11790
14097
11643
9656
7301
2564
470
9117
12697
13811
551
12628
9695
1662
10615
7588
1537
16187
6496
2994
16209
9685
14493
13910
14592
766
3545
16013
4198
16251
8414
14526
9077
2997
5073
10056
14694
1217
9769
14323
5272
8467
2411
8801
4784
11463
10928
7606
10074
15490
13828
12735
3309
9959
1302
869
15062
9246
7389
13650
15663
7179
4521
7020
7109
7608
7183
14855
1246
15358
1968
8520
2766
14909
9389
1057
7921
12125
2828
12611
13917
10388
16132
11475
14195
5169
2494
12480
4252
8261
8048
1543
3755
1182
8856
15950
15291
13026
3088
9384
11740
8320
4360
2343
13950
4710
10200
5417
2667
11094
11701
15149
9710
3366
15860
12492
13315
16034
11343
16198
4731
4599
15900
12706
7413
14512
331
10684
15440
9279
2925
9223
11487
13446
1509
12792
7950
7703
6611
13548
11866
10695
16320
10369
347
3063
3533
5616
7092
10805
12650
13047
7221
13310
1203
11320
13450
876
6233
3345
10698
3420
254
3069
6997
2057
1903
7373
5549
1681
2502
7077
4363
1195
7686
428
1463
12096
3167
16029
10199
14285
9670
6888
6816
5336
12337
7038
15008
15412
3468
5931
5204
3126
3724
2275
5581
5703
1954
5950
6083
15183
15335
394
673
3158
9592
15121
16323
11596
8201
5509
1792
8270
5911
8980
12648
3635
10599
7572
13226
10556
9487
1495
14631
13522
9561
14199
7691
5967
9683
1809
15898
8906
6119
16319
362
9960
9979
9311
1034
1773
10292
5811
11257
10218
9593
15559
10138
307
6634
4963
11557
11542
4015
7567
9674
7055
10447
8020
3342
8671
14582
14295
12523
3042
7563
4371
12267
10370
13126
4494
13037
16134
15011
3346
14373
3861
13491
14742
14441
5253
2596
12091
9630
13637
7090
34
9254
15903
14648
8498
14492
9055
6466
675
13865
15864
13690
13882
12662
4831
7422
8762
3118
1894
10073
16009
14459
13373
5306
3573
1440
5239
9219
11408
15436
7887
38
11524
6388
6834
8305
14433
10506
4058
12942
7328
7366
14469
14442
6712
12160
3993
6814
4270
11705
7756
1785
3325
11178
3115
3704
6113
10462
4704
3231
1032
1090
10255
13149
10390
12116
5099
10764
1622
480
4652
14721
521
3422
11499
4742
5863
9614
13414
5575
10838
5420
11494
12536
7460
8319
11355
9481
9397
9929
3905
16011
12973
14016
14128
1710
6522
9878
4359
9848
3001
12006
14406
10120
10084
12813
4884
12901
233
13546
11077
15251
13216
12529
11072
2399
10288
12064
14780
16046
2378
5017
13733
81
14763
8899
13876
1904
3448
4233
1158
7867
7955
15429
10215
1952
2023
13269
4146
7914
14758
987
11125
11558
4145
481
12784
6535
4011
7265
9330
10016
12437
3802
13114
7634
7212
14168
7506
2361
4843
9434
622
1066
4267
14815
127
12335
13475
13833
7052
898
4920
2671
12527
8375
7809
13653
4043
12581
6503
11236
14415
9950
10869
2849
12893
14682
8218
11940
781
13019
15255
650
3130
5121
2616
5166
5110
5094
7306
10536
10132
15223
12236
2009
13286
14445
10023
8894
12779
2194
809
4159
971
181
15687
9174
13669
13265
10773
3349
12380
8607
638
222
14230
4208
668
6902
11358
11665
9707
516
4099
11899
12423
6918
14697
4440
12680
147
7472
11888
12591
11291
7952
10644
11199
15531
10899
7154
14628
5554
8204
3959
11606
1574
3275
2244
11854
7647
12777
7913
10549
14681
14094
6514
11210
4947
427
6239
12224
2547
3692
8503
4322
1793
13217
4347
542
4859
8210
1588
14300
5168
12704
7263
14159
4064
7054
3714
345
883
12517
16331
3910
11722
7899
8605
10835
16228
10432
5276
3718
1666
1322
15385
16305
2060
8094
3451
4001
13349
10742
7698
1222
8462
8022
7908
4744
12368
11240
4055
6373
15475
7346
7310
12914
8746
11954
15416
2217
10393
5599
6225
5059
151
2884
150
3667
5668
5270
8286
3334
5051
12847
14542
15913
10027
14801
5820
8903
5164
7615
8379
14638
5590
11479
940
3972
2839
5962
13569
4354
3028
667
7336
4970
5852
1752
2687
2091
4723
7213
6284
15564
14980
10332
15284
13924
10633
2860
9019
10958
7053
13681
6411
4144
9046
13153
15376
13517
6690
13954
4442
9257
10905
10966
2950
14683
12807
6135
1137
14538
10786
11641
11553
9354
15847
16041
10948
15001
5392
10909
15595
5522
15018
13303
8728
2299
6228
14182
2924
6348
1849
9081
3725
269
13395
3297
14187
2559
9825
9985
8678
4241
12791
1948
10063
13801
4328
13145
11468
5157
15344
14823
10254
2977
12991
13262
11991
9294
8470
2908
4733
4061
13154
8295
14255
8215
7580
14690
9766
11648
9039
14385
3927
4281
12881
13784
16358
3172
8238
15146
6949
9765
7649
10446
3505
3835
9146
13073
11868
5206
9399
983
2878
144
2359
10335
8892
2885
11676
2761
9164
9986
10173
7544
14561
36
7352
5120
9241
12153
13765
11770
5723
4138
812
1209
6683
5442
11373
2234
16286
1857
15075
10509
1180
5187
15140
3144
13041
6692
742
7108
15736
9597
5114
14412
6609
16173
10498
6736
3347
14419
13335
10103
909
11265
2116
4534
9740
3998
8612
4080
1761
5308
6037
16181
6881
12319
7839
3526
640
3030
6140
5035
5899
13283
9411
12782
711
99
2095
14051
1259
7438
4027
16124
15556
9733
13117
9521
4326
13987
9463
11081
6735
566
15744
2129
16007
6758
10198
14884
1130
13543
9264
14695
15021
2368
8411
8053
5766
5339
10932
12534
11041
15778
535
15469
15843
9925
13132
8803
15994
7716
4142
16196
14004
2164
15219
5102
11828
3328
10626
6461
14489
11675
11830
3817
7617
5684
7549
13488
10399
7471
11245
9
13159
15722
6973
6732
6798
12370
6028
10828
2459
8900
1583
7743
9980
6808
12015
12001
1922
16183
13127
11782
4234
1921
3520
1760
4873
16252
9671
10552
14773
7382
2214
8086
266
9697
7181
4278
10705
3647
6346
235
1781
14674
15695
10227
15833
2870
3799
12760
1925
8959
2728
15797
13090
13054
12420
5547
15363
13614
350
14213
9502
10821
10772
14651
469
3777
9974
11651
9546
2235
11253
1148
1853
12329
3663
12738
9492
6917
11681
12403
2660
9153
13321
3156
9640
9053
5421
5936
10454
6582
12238
3160
5699
12575
14569
3541
13780
10619
7988
15517
16133
3286
9721
5759
10804
2785
10359
1736
1700
475
5807
14099
7711
2406
13781
10923
301
10510
15698
16122
11556
15868
10613
7852
15343
9513
15948
1960
2669
1049
14060
14490
6819
11264
11564
5397
3590
7595
3938
10539
15594
7784
5007
14173
719
7875
2665
9304
619
10822
498
15441
2599
10825
4754
14027
10109
1000
501
13929
4548
2071
635
3798
9792
5365
12033
10011
3290
8752
2061
13966
4218
6198
9895
1956
6014
13721
15740
9368
11430
5674
4463
11820
14288
1596
13168
4324
854
2933
4516
6060
10402
10605
12379
3787
889
12880
1644
14852
1044
8410
13595
12657
4150
12578
7791
3521
3299
15100
4172
5052
6468
14856
2481
11194
10456
2074
13363
15710
9935
12843
14054
12635
2179
7042
15107
6144
1283
16079
3748
14911
6434
2394
2365
16265
10489
6693
13070
15562
14838
5097
12031
5696
3274
6236
177
12119
16230
11091
263
12477
9548
14043
14496
13022
14506
6084
8483
7584
3907
9813
9316
13970
13694
4665
9797
10445
15878
8155
7677
3879
8818
8207
1552
5552
10643
5437
9447
1578
14641
6796
15395
1558
12707
14391
5988
14306
12841
12809
15906
14140
3033
10116
11742
12931
10102
12752
11440
12826
1604
10474
13904
8043
12543
6900
12225
16312
8348
11035
6957
2789
3703
8484
8485
15824
6589
8589
4651
11170
10879
1840
6925
7824
8693
6073
4549
13415
4834
16314
15025
10097
5992
1523
9705
10179
617
6306
10703
13988
6573
4976
10960
2287
9302
14196
7481
13306
9692
8031
13744
12219
7332
2040
1157
10523
12099
13308
10108
9079
321
9577
9655
15567
826
15290
14045
2544
318
14731
3442
9211
3803
11010
1843
13179
1595
9456
13648
13502
12712
7658
3757
6186
6822
7512
5906
14200
4046
1653
1356
340
11351
15555
2357
5867
4217
8311
5089
9847
3698
4987
3466
2468
13034
5971
6385
14155
14218
9315
2026
4427
3651
6231
6792
13396
4077
12833
1870
13829
4769
14343
15603
575
3331
1887
9819
13389
2624
8239
14997
15212
14647
6730
12613
8065
15252
7841
11159
15920
14818
6138
8464
14887
16275
12415
4211
12357
2588
10134
7000
7237
5057
16207
10069
4137
10030
3507
1754
14990
10106
9720
4609
15269
4006
944
15125
5069
2021
9023
10915
3089
1007
14702
12526
7976
10031
236
6990
10642
903
4823
8581
6835
3179
1949
3853
9126
16199
31
1069
12036
2005
14637
10347
9894
5233
1336
12342
9135
9366
14870
8786
5874
7357
12957
11205
1003
16306
10762
7274
2615
15151
13623
5650
393
7388
5838
2608
10051
14220
1227
4204
7187
14000
9260
10657
7628
628
4894
11126
6256
13797
14879
13439
16026
15240
11588
1646
9789
932
2277
10244
2243
15512
8584
5019
3741
7761
13062
927
4356
6898
13250
664
14470
5897
10896
11739
13333
13392
11941
703
12937
11471
850
10914
1643
6363
6740
15801
4960
13259
4057
4981
5348
8057
10373
4423
1888
9564
7524
8246
6200
3049
11338
8074
1913
3402
13753
510
6147
10459
8149
3878
2834
10766
6836
2171
3203
11128
7405
11814
9983
13688
4578
5589
105
3967
35
15373
5446
811
7663
9275
14692
671
13051
14624
5357
8358
3385
7496
2552
13284
10995
13465
14846
8362
7629
12296
14727
7554
14106
14427
7063
10098
12404
2366
6201
9512
1976
7569
3454
13356
8479
10158
3177
24
6293
3396
15449
4827
8773
8457
9435
10061
9507
8721
10754
11858
14720
3150
1009
4880
13413
13887
5427
7917
4381
15910
2146
1126
7884
16255
10942
16045
3654
5292
7125
827
10024
371
8345
15526
1914
4262
13686
10212
5192
3934
10788
7369
4952
9353
5961
702
12396
7327
12913
1599
1179
6268
11848
15668
5588
7118
11836
8521
10638
3258
16254
10682
16032
14208
5360
15410
3311
8438
1202
6656
3230
3013
5916
4179
5394
4712
2465
4113
2877
14859
424
12962
3155
14154
3499
10976
2810
4021
9908
2175
7561
8708
3363
3961
6091
16315
12513
4661
1838
8196
10488
7026
7528
2128
6666
8804
14562
201
2511
5869
10118
5177
11539
8555
8973
6075
13948
8755
16192
3779
1926
10064
13111
2398
251
14335
9968
6853
3329
12074
10317
10397
5316
1983
2890
16298
12816
10407
13777
11060
7942
5883
7860
3217
9783
12208
3891
594
5972
3551
3504
9653
7978
12050
13990
10830
13793
14260
6992
11441
11947
2905
8674
11712
13059
13364
12878
2927
15162
12135
7066
2509
13536
4612
15514
7057
12599
7635
15472
12388
13885
9803
4869
13043
7462
2336
4329
10985
4746
7845
4470
1212
12312
3301
9845
9159
10795
2570
8992
6661
14604
15773
9860
167
10419
7581
13378
14994
16281
2242
1226
9063
8664
12
12022
12298
11815
11488
6291
16304
977
12390
10104
11691
16060
12911
13888
13520
10283
6115
16148
13426
6895
12442
7991
6476
16121
2070
2613
5240
3885
4892
8709
3337
14880
15769
1847
10142
5370
11211
6539
13326
1166
2048
7466
13093
952
5585
11565
8926
16186
12749
8440
3900
7228
16300
13017
4832
14174
7751
15199
10832
15928
7510
3973
14271
2773
16291
5061
12056
13979
5283
1015
10113
5329
15794
12511
960
7348
5566
55
16161
5127
9379
1099
15015
6006
1797
3298
11971
7865
1062
7122
1575
323
1891
10639
6330
13181
10581
7288
11340
12052
1235
1112
12640
9376
39
11165
7840
7309
8354
1758
888
3384
12166
7461
12313
10970
5453
548
1250
2942
2650
3644
11163
13008
15049
9134
3928
16112
4013
1934
15009
14148
15103
4641
15830
10580
8502
14831
15270
16361
1358
1987
7312
3563
10318
543
2418
1986
9005
9083
2787
14316
5680
6459
3732
7203
1730
6364
3165
293
9638
11230
8955
15406
10511
10049
14613
8112
13223
11418
5371
1294
6160
3801
9973
12974
1211
8150
14362
11689
14160
1073
10708
9889
12788
10473
7785
16090
10191
10502
13664
13568
12414
7819
11507
513
9610
4422
483
13554
3242
4762
995
13225
12110
3090
6036
10065
13256
13274
11869
2899
11175
4424
13996
4457
1043
4686
14905
110
6013
15573
15072
5956
1365
7730
7526
1795
6148
9022
9085
12823
8590
5636
3176
5341
10926
6725
4510
12078
4692
9926
9058
14737
15751
8091
2125
15697
5322
1807
11335
13095
11989
10734
146
12104
10971
5724
14409
12291
5222
12264
14587
5622
11099
11448
13553
10010
11009
