8228
1894
4618
2644
4470
14368
6256
1287
4917
1861
13227
13018
10429
10026
111
8370
10319
11770
6496
285
2190
15401
464
9636
11033
1090
11015
9433
7452
7728
1961
15129
128
16335
7810
14710
3919
6035
15368
2854
1380
11807
11426
14395
8533
13548
8222
11090
4947
6114
11096
3716
4160
9961
14824
6238
5559
4840
943
5045
57
9591
5728
7942
2731
2449
11105
3098
11197
4856
5234
163
8798
5838
16354
6775
10661
9970
3142
12212
6711
5512
13702
8465
14885
10525
11885
1313
6743
12583
5910
8555
9214
12670
12814
14931
11541
12713
8164
1342
4780
10338
13600
14143
12223
11016
1750
15339
6532
9613
5032
13786
12170
5909
1036
10497
4981
16086
8611
8924
8264
13689
5810
15505
6218
10972
14055
4271
869
818
4444
7703
9601
5523
4663
11729
9660
6015
3292
15216
16111
10659
2765
7218
217
11182
7258
73
800
7992
8600
5876
12181
2359
3073
6614
15904
9432
11155
9073
11831
4017
316
2574
16267
8650
4488
14291
16032
9070
10401
14725
12079
11685
407
15383
3089
3611
10784
12466
9637
7417
471
12934
11331
3868
1891
3915
6215
3288
10380
398
11674
10213
12247
2475
6993
1122
15815
2464
10941
4580
7287
9194
5217
13051
6512
3638
15834
2243
6152
8402
1728
10538
11292
3602
3714
8991
13488
4575
1504
6143
8679
10686
3425
15569
2167
3795
6087
1338
16223
2275
2553
817
13339
6598
6863
16224
13663
15286
11253
3814
3666
2068
449
16135
3178
7590
10017
5779
6263
1116
6276
3109
6085
6595
7288
2910
7251
6495
4729
2487
5683
16122
12396
2519
4355
9563
7874
13899
13992
6613
5884
2428
15626
4041
13369
13318
2875
2760
2144
3767
1691
2855
11001
7395
15581
5760
9153
3197
5532
1564
10757
4135
9729
1019
8900
2400
4364
324
8583
7408
6121
3958
10984
13256
5641
14227
3468
13509
11723
14165
10284
9900
1779
1449
7100
10531
3118
1392
5955
6855
15870
1917
8180
9236
16242
9710
4262
1262
13679
15060
1027
2793
13737
9234
12217
17
8206
5421
13448
10636
2280
7624
4513
2369
14195
10754
7356
13000
1056
4824
12612
8888
13383
6372
6615
3914
10230
5560
9862
8130
5565
10575
10638
13184
11415
4246
2727
1165
14424
15436
13640
8365
13838
762
7585
3097
1851
7734
14611
9059
6499
14633
15943
15402
14576
15628
7945
5829
2990
4602
7063
536
4826
10173
4168
11362
4359
14818
13870
1049
10296
1492
4066
14954
11259
1544
11444
8277
8086
2635
4369
13158
1895
768
15535
14249
4063
767
9619
15588
4510
8014
12150
10483
6043
1407
33
12461
15981
9453
9847
9163
5690
11683
8545
14234
11967
89
6469
15483
14123
6076
7330
2458
6393
12056
8712
3437
1681
3277
587
10886
2986
1462
8784
13140
6010
2787
7393
10847
9376
10370
7534
10792
3484
1500
10101
2999
7517
7800
5957
6258
13900
6996
15308
16304
6590
6379
11223
3844
5663
3834
5488
11694
6511
8615
10453
7025
430
11450
4295
15932
13443
7284
11370
14358
12276
1184
178
9593
10298
11106
11352
12902
14775
9077
3608
15168
16351
12264
5514
7515
12940
3989
12211
5893
3650
2991
2761
4269
12098
8421
14341
1768
13233
2982
8443
10155
5962
3291
9560
7168
3213
8414
538
4162
4458
5483
8450
7335
8567
3476
15658
14375
15905
6908
6556
6555
4143
16149
8395
14566
4664
7530
8080
6453
14230
12617
4647
2201
5316
2493
11961
8899
3478
1724
10693
6898
528
13293
19
11984
10824
5150
5784
1179
4118
2143
5049
3527
12741
3249
8581
12620
10245
15186
14203
7435
5817
1985
9423
11442
9829
620
7845
8630
14374
13105
5015
10989
982
10841
13574
6383
4495
2085
9777
3504
3299
12200
4377
7786
11548
1323
14785
2842
13923
9776
2483
11393
12198
13787
8406
14468
13359
13429
3266
4231
3876
6031
11104
8863
3278
14601
15799
15821
7052
7999
1320
13082
1096
7321
1946
2719
3500
8446
9179
4046
4689
8478
15647
7510
1705
7331
6115
6501
9649
11491
3341
10536
15539
8636
1288
12489
9988
168
469
8706
13232
2173
3202
11420
2435
13321
1026
9212
5138
8434
52
6227
2331
525
1289
1519
14077
7997
13848
7824
3906
15173
15963
13123
3851
10389
15056
16334
13814
9792
7770
9415
5120
7019
12582
10850
2102
7890
10828
11305
1280
14686
9083
12134
6534
1794
3678
14520
1375
13422
401
12727
1125
7217
934
15080
11048
12148
5149
4428
4304
9850
14497
723
1382
3460
7803
5416
14146
1920
3459
11660
6941
7367
10519
9984
14463
6111
4573
954
10294
5923
13875
8426
1226
4006
8438
16175
7085
14074
1372
1577
5441
2439
15117
16174
4338
5513
7152
3444
14650
475
1203
15591
1853
9323
12439
14278
14488
14713
7612
13287
15363
6969
6801
16064
8990
13692
5517
2548
97
5050
7175
5364
12889
13204
11917
12327
1493
2394
4732
15840
3416
10439
15047
13617
11410
7700
8890
3601
7296
10304
1643
5287
8528
10993
6749
3790
1741
13212
9919
8183
13496
5474
2482
13007
4576
6757
15869
15642
11165
5136
4963
10303
7154
3798
9996
13800
14804
12644
13610
3794
5033
6260
15706
4608
13551
371
9599
2948
6416
6591
16264
14168
13630
2427
13804
10856
14107
13040
1560
2512
7902
2751
1397
15063
3762
8668
6686
7205
4727
13253
6397
12947
5026
12586
9785
9089
12852
10174
10222
3318
9725
8956
14531
11445
12096
7478
4205
11928
6154
5165
12923
7756
15014
10420
9801
12564
8497
4938
11862
12867
11936
6243
944
7856
9363
6048
8656
11537
16017
3261
5739
16333
5756
5872
1307
9497
7155
13977
8610
10616
1682
11438
14685
15770
16294
12482
9441
6235
1793
16230
3841
7031
8019
6304
15895
3565
9772
6248
16035
5658
9757
12639
3551
15697
7982
7091
13549
6173
9998
14569
10775
15655
7704
3561
15957
10345
12325
10781
11428
15886
2873
10799
6409
556
1330
16250
10353
5907
6190
4473
10978
1442
3603
7463
7630
5121
4297
3330
15328
8159
13431
8040
9894
7581
6074
14393
5375
6603
8195
840
16186
9918
1781
5436
7441
8814
438
2187
15032
15871
12512
13683
9793
5341
1118
14465
13072
2684
12942
5104
4368
11378
7632
8198
13291
8118
11811
12152
8072
5865
14402
10682
668
13484
15425
12685
3972
15125
13338
12430
2992
7371
7850
10056
4292
1186
6934
14877
13504
6701
972
3760
3315
15718
13099
5199
1932
16103
13916
8839
1647
11236
11958
1052
12462
8111
12340
8935
12444
11430
10367
3022
11982
2276
10084
7149
2466
13572
15764
7779
4951
830
5768
12747
761
12468
4561
6609
3384
7911
4255
13313
14338
4927
348
4815
8914
13489
4651
16300
5531
7056
4864
4379
4680
4625
7173
12770
6269
9522
15320
11664
7254
14517
5899
5160
13887
7620
8865
2261
12225
5765
5002
99
7159
537
7884
2249
9679
355
12419
16023
1053
5789
3679
7768
5408
7939
15058
2918
13408
3186
7390
5586
12976
3751
4803
9252
1472
14988
3031
5544
3075
16022
122
13808
9635
227
2806
1229
1210
8309
14525
8647
269
15822
9993
16191
8209
5292
375
10854
12145
10121
15989
1771
9893
9305
905
15517
10336
10881
9503
4186
6351
12715
9267
11496
8009
1292
5795
4880
7491
7234
4794
11159
9815
15070
8660
5729
13229
3165
7878
13577
9296
9150
10806
10714
14045
1070
15866
4093
724
16078
254
12574
14489
5472
9981
2309
6894
7346
5313
13414
6869
6662
9538
1743
9333
1819
2186
15534
1606
12787
9192
211
1707
14152
7988
6329
4422
7232
8510
12130
3797
7896
15767
3501
14451
10391
1301
110
2256
1547
3828
11822
11549
12114
3916
35
10564
6663
7715
12563
8221
2248
15549
7785
14369
2486
14228
13971
11214
2515
9049
14526
15065
16287
10785
252
839
6110
3731
13792
10228
12706
5546
8788
13879
1326
5995
10108
9288
3057
13400
5291
7201
4438
15165
5280
6184
12438
5372
15343
6653
893
1608
7721
3355
704
38
9478
1831
6023
10870
13480
14183
7388
15716
16049
2700
9967
8223
15722
11279
5666
7894
16237
11543
7835
14962
5723
10760
8563
2631
1332
15413
8876
8139
11349
6398
6438
14026
8858
12128
3529
5674
8074
3076
2203
12040
15353
7083
11395
13851
1751
4275
11910
12833
36
2733
5979
13361
9182
5443
3625
10447
13647
12592
6912
15903
6034
7705
6460
3257
6400
4212
3659
5451
7508
3497
10471
12556
1548
11232
11433
8744
12346
72
4478
8285
7699
8087
12173
8822
7165
7455
8388
10435
6880
12176
7028
13537
13312
554
3094
8626
8846
3235
12946
14308
13846
10053
13118
1281
4401
6734
8920
7115
11461
13910
12633
11495
8704
14177
7454
11387
1177
10321
14663
3810
6065
15234
11739
1669
16072
8577
5724
7268
10315
13888
15868
7283
2670
6144
7575
8629
9664
10170
14857
12908
9260
10834
7990
4387
4014
4256
4731
7112
10514
7862
534
4897
9307
7067
9651
3164
1290
9485
11678
2805
10890
9817
15223
8570
9656
3801
2389
5944
4705
14084
5645
1388
16016
4406
6982
16136
4191
5430
1039
10561
11639
5039
13180
11318
4441
5564
11219
9549
14884
2382
9370
286
14423
2722
12187
13088
1076
16059
4389
8745
8965
13374
3040
10961
5312
3974
1403
3912
9508
14846
12263
15863
9294
7782
101
12895
13500
308
12763
7130
1708
2060
11592
15236
13828
4451
16178
14595
10118
13128
2052
11758
6455
13721
11703
4161
2263
172
14889
15924
12637
555
13673
14312
2244
15489
405
683
13269
1552
8524
15664
15128
14269
2773
15426
5227
296
15830
3793
8741
2450
14246
6419
12055
5981
6086
3036
10981
1344
8305
8869
8772
14247
16328
7492
6039
12642
1042
13957
8827
12916
5306
10452
1676
232
14530
4423
5131
6721
11040
9783
1178
6450
6494
7421
15929
5990
12366
11930
2358
9001
6901
135
13032
3898
13527
1083
9127
6482
6108
7669
419
7909
5141
7369
9719
4146
3533
15092
5828
1187
14978
7580
3694
15779
15209
7080
5459
8218
4658
8435
6345
15665
12966
6885
15230
3011
8501
10200
4929
14081
16
11038
7030
4299
649
5667
11899
7213
11914
7443
15542
2739
734
8355
5095
12329
3423
4273
15719
3510
7740
6261
14156
1067
9013
5100
15977
3804
1569
750
2928
8721
12383
11705
2718
1772
10292
15666
15184
8002
8968
10205
10009
8396
12767
12231
13278
12673
4303
7341
15244
1873
1005
1673
3170
13410
11997
3123
7680
7735
12358
803
1760
3567
2365
12057
4150
10729
752
4
9770
16117
5551
4812
6641
616
9470
3546
2800
5591
6523
4086
10400
196
3136
13837
9822
3549
12524
6947
4353
1684
4177
10257
1433
2954
14990
459
9751
9495
10912
12203
5
5007
4809
7094
15848
1055
1358
12526
12681
13699
16265
119
88
6535
1093
4979
642
13829
4768
15427
15221
11942
16033
917
5761
12017
12494
3336
13012
7129
4285
4672
12337
4402
13482
12698
8909
2176
16020
2605
12478
13633
4240
7358
3957
9067
15966
10904
553
10423
13058
5211
15600
12650
7983
16169
413
16339
11255
3617
10684
15103
5759
8439
3697
14623
14534
7995
5675
11222
6683
8334
1441
13826
1966
16282
10376
1598
8095
504
860
1828
3756
13198
6549
1554
15496
15712
939
6179
13963
13320
8455
14811
8
5509
4053
3748
11247
7724
1990
6492
4928
4132
5162
115
4747
6364
9780
2817
10916
15938
7664
7315
11630
12318
3382
15020
12016
13855
11557
3585
12321
15197
980
11625
10956
5315
6148
8927
16311
15367
15015
1512
181
13418
4899
15195
10871
4549
12559
3204
3783
1688
8418
8029
11877
1236
6044
4414
13092
7741
8943
13223
11160
12718
16119
5994
1801
8892
15041
7640
10272
9169
5935
10328
8473
605
2552
200
16257
5961
13691
9950
15447
4045
14327
8013
11103
3412
627
9352
13601
1972
116
4515
6297
120
16293
15054
570
6146
13528
11879
596
11270
9419
3686
2664
12191
12621
5518
7413
8631
6282
575
15646
4926
11856
13883
8568
8115
14861
15914
14980
9952
4497
12967
13784
2598
12759
1082
11263
8327
13585
12064
3938
5866
8591
11976
8026
13221
14231
12755
41
3791
14008
3456
4875
13607
7480
1517
6911
6433
5685
625
12330
7096
15341
7072
12887
11863
25
14787
7375
10436
14822
8372
4653
12816
7806
12105
6257
1444
15899
7638
2287
1222
7026
3773
653
2116
900
3025
8906
5378
14442
4892
3258
13047
7582
5788
9021
7926
14600
1815
1859
15593
14508
14377
14373
12568
15530
12921
8235
1813
4320
13016
13216
8213
428
14901
12571
8841
13097
11
15633
2713
14666
14219
11343
5720
10384
6754
1479
623
10501
2959
15603
11231
3376
892
882
7006
5490
2916
4398
9133
7178
1849
8992
2356
6167
8045
3464
7763
9510
8308
4342
11313
8908
6477
11526
1618
3545
14038
11891
6878
5880
10504
7098
6423
14479
1715
13575
2479
10690
9570
13296
10433
4902
7049
12692
7526
14145
14516
16331
9125
11476
15365
14460
14191
15589
7598
8811
2305
10585
12100
13272
4720
4486
15200
7693
16348
206
5432
13039
3074
2454
9898
5405
11060
15827
2858
13658
6385
7827
13038
15357
6475
15214
4846
12205
6446
3619
7387
2922
14189
4448
2032
14090
13714
11243
9193
11519
12509
14455
16342
5420
7789
1888
4562
14911
12907
16190
7908
13169
3012
7691
1198
1718
3622
15306
14830
1154
5440
5322
14733
16038
6887
6867
9024
626
4419
13940
8837
3255
13621
11772
11115
12720
12742
15497
8054
3627
37
11525
11956
9297
10579
1144
10052
2887
7429
6363
4215
7749
13226
4524
10224
11196
6370
7701
9623
4105
2046
16088
11374
5705
3340
6531
3146
5035
1666
1419
5561
1513
10597
2734
7211
15403
6291
9844
4825
7227
11600
15814
8384
5605
1740
9088
14426
1907
8078
2504
6216
6283
661
15441
14147
3272
10058
3131
14657
784
7184
6991
4629
7787
15522
8738
11082
12235
6895
9531
9022
11099
13712
9438
6175
15565
14009
15643
13175
1630
228
5780
9807
7433
8774
146
1927
8722
15198
1418
1145
16381
9468
3406
1640
5623
9737
4867
13573
16272
572
12338
6847
15796
1950
7764
3360
12776
11446
6119
10837
5945
9621
4532
12840
1200
3837
15711
8116
4922
1509
9941
14582
6546
6038
16288
13498
9060
9592
3234
5634
3391
15387
5324
2811
2615
11484
5918
15144
13611
4036
9389
1
2779
9683
10135
4641
11434
14720
14910
2902
2595
890
12771
4964
4900
12049
10877
14537
6251
5176
11938
862
13449
10803
2016
12051
9092
9358
6449
9583
4518
2762
983
6873
8081
6441
11025
14357
4249
14157
12088
16137
14943
2741
10402
5196
1834
1749
303
448
357
4656
7271
7419
13628
6791
4437
6203
6485
2790
13919
10342
3671
13317
13591
672
2632
1173
11187
7903
1235
184
2196
3446
77
4977
1312
3275
8917
10960
13990
14851
7479
8607
13811
16243
14920
6521
7239
15577
12204
13437
1157
11021
12050
9166
15321
12640
9766
4887
11527
3535
10882
2764
3466
5505
14198
14549
5915
6903
5358
15316
14362
1822
3485
4912
12230
4090
11134
11771
5003
4924
8425
14422
5830
11586
10735
9217
11127
7081
7826
5598
2597
1015
11209
7318
2101
7747
165
7461
201
4652
4779
237
3930
11315
14592
14268
11728
2852
6702
70
8823
6563
10543
5174
13860
5222
4142
12184
11577
13734
6565
13877
13134
4485
6670
4388
5619
4170
14065
925
9866
16363
14711
8649
14492
11337
612
4713
4153
9310
2562
4314
8711
1914
4457
14904
209
3172
886
12411
1763
3778
12739
4222
5653
2602
9702
12299
6266
11327
15229
2705
15567
7079
4465
2111
3280
15094
12147
5140
9512
15457
4116
11058
13247
7840
12250
16057
125
11424
7725
15135
9197
14646
6330
414
5753
9541
9794
4200
8934
13742
8262
2467
6992
16249
12653
2604
4683
9134
9316
2228
3980
12748
1531
3472
6072
13926
15832
6966
11504
6910
5697
15901
13687
3237
11281
492
13728
9245
9936
8043
2532
6787
14062
15048
8469
8250
13944
16245
12515
8569
16094
2926
6127
15778
12361
3099
11787
2405
4140
13842
14367
4301
8951
7857
5390
7221
6078
1406
9889
14859
1429
5011
4697
3482
12903
5207
15087
11581
335
3369
170
8808
2815
8504
10013
2283
8703
3923
13026
13690
12386
11743
14171
9018
12894
12599
9959
6097
5321
7976
8133
2217
1809
13622
5294
6618
16378
11528
14832
11175
2537
7801
3489
16291
1499
6997
6378
7448
682
7188
9989
4788
10696
14594
12589
12560
2371
15302
15417
10218
12842
5402
11167
3941
1476
13743
2980
4163
6331
12463
2653
3322
13770
1938
8982
4056
5657
3381
14815
662
5602
12958
8316
3308
3246
10752
10368
12382
3885
13948
1896
7820
4233
11765
5936
4247
13688
162
4896
12987
8828
10640
15106
6063
12122
10075
1219
6789
559
2502
15220
7991
13729
4278
7950
8423
15037
433
11148
15101
12616
4820
364
11974
3932
2270
6522
5110
10094
14383
3951
10361
5515
5706
1578
12844
6377
9663
14050
7426
6106
5339
8785
11583
4665
9130
7462
2027
1695
3457
6733
10478
15936
5198
11325
8779
4519
2294
8364
12893
4453
8582
8430
5456
1367
643
6226
9411
12511
3157
3744
14255
5464
13964
7460
3945
9475
9442
8261
12972
4833
2372
2723
2923
14311
7259
215
8849
9863
10264
9459
13130
474
15849
1807
5118
9511
10408
9537
1918
2865
4854
2067
12348
6401
11013
10219
1161
9596
14606
6041
9124
15189
4627
4978
11837
9744
15898
3902
774
14936
13655
15987
6368
11440
624
9421
14992
6572
5963
6599
7961
10122
13403
3474
13189
6907
16142
15965
12906
9824
15314
2098
10898
10599
15466
13325
9721
10329
5281
3236
9066
5772
2023
11727
9390
12401
11665
11795
8718
11329
312
655
960
5534
6027
11868
10385
7484
5805
14361
13871
13798
12847
15205
5806
5635
1820
6785
5709
3260
5182
6267
131
10833
6940
10109
8003
3743
1663
6979
11627
7307
9064
13486
16194
4968
6756
6552
10617
9185
346
693
7720
966
365
2870
6005
11851
5596
2277
12959
15557
7784
62
15322
13941
10233
4089
11796
7529
12035
15487
2968
689
3696
3992
13997
4965
7044
6374
1745
10739
5821
7667
5363
9038
4199
16214
3888
842
3176
9738
11229
7327
5636
13903
4771
7423
13267
6405
10178
11790
9625
13915
10343
13425
645
12003
12956
13397
10982
5545
3753
11990
796
4804
10217
10822
10098
9764
4035
4595
4204
10905
574
483
9602
442
246
7929
12986
15596
400
4291
13055
14476
12781
15355
13167
12080
6170
3053
12909
3491
6045
3947
5883
11536
11190
9039
13035
3969
9854
251
13292
4158
11275
11137
10730
956
13618
807
12618
7855
11006
14705
7899
5226
12645
1033
16055
2693
8211
754
9534
5985
1534
12254
7707
4319
1978
15859
12733
10959
6834
14144
10598
1646
15122
11676
7648
3698
7380
2432
14640
8517
2236
15132
9505
6567
15583
10416
13465
8033
5166
3366
10424
9181
1655
13802
3379
9007
8155
5877
8817
1825
6136
14331
2057
14615
11004
6766
14467
674
13023
3620
15563
12572
4668
7898
12265
16037
9506
15185
10244
16345
866
11740
12725
11621
4462
15683
10240
7385
5850
9805
7673
8101
14352
9910
3927
2004
12542
10867
12553
824
13921
7780
14119
2009
16322
10311
13904
2728
1987
2998
14977
16366
8693
3028
15009
10279
8315
2010
12970
1613
770
4463
9604
5754
14440
2949
8986
12142
12982
2786
13409
29
9435
14096
1249
9187
12162
4365
12628
12334
8333
11706
14948
7076
10911
10226
2444
14342
4308
16062
15350
606
14293
9499
11871
10035
11030
4184
8699
7352
9115
6963
1601
4611
15285
9806
9243
13143
13637
2742
8740
3750
16162
12295
15751
10955
13259
3225
14933
2049
7584
4584
11552
5305
6818
2903
4395
14533
10254
15445
8023
4114
13260
4916
2976
10970
1239
923
12822
2729
5185
144
2383
821
5008
4396
8392
11298
5410
1346
15352
16231
11274
11688
14223
6740
1072
8351
10907
15601
11478
10908
11653
9703
12501
7153
15829
1701
1241
12164
2531
5891
15804
10265
15730
12588
12789
3967
4640
11965
2272
6151
3133
6459
13629
2872
15995
2095
8259
5696
13214
6543
14108
1719
6082
4949
7160
4413
7039
9691
6241
2878
3609
1411
5502
8586
11788
15960
14306
10530
10275
15818
3921
7109
12931
14869
8321
14776
439
1998
55
2494
10320
14723
2606
726
9530
10027
10685
4211
13564
2654
13776
10967
8036
8232
138
16129
8358
11358
6753
14480
15580
5427
4898
3358
3803
13896
5842
5286
4418
6212
319
10068
8311
1957
5871
5096
14389
10207
8398
7645
6693
14419
8378
11309
4853
14700
2463
14524
11286
1356
15019
8242
9612
14416
4610
16082
2825
10924
304
12635
6468
14111
5853
9974
9820
739
1424
7957
1348
4636
12576
4694
12691
13205
1018
9567
5068
11012
11462
3010
16051
366
10718
5065
11888
8168
14975
7573
4282
3242
3498
2056
11312
2757
13817
5042
8856
2140
10812
15645
4223
3281
16179
8860
5894
6271
10962
12625
15694
11280
710
11151
2967
4940
6014
12011
9838
13547
10286
13284
10901
1149
7502
9999
14136
1129
13375
11392
10855
11556
3055
12780
5449
14708
3863
340
5146
16196
13385
11802
4571
3763
10354
7103
14919
15765
7202
1389
1317
15469
5329
5428
9019
2594
8688
13237
2894
14057
5070
2368
16143
105
7329
8580
2069
3042
7171
8293
13744
10248
6703
1756
878
6180
1736
467
13353
11019
2139
10363
15585
11918
920
1683
7108
12773
8795
10813
8589
13277
8339
9232
8964
12416
10770
8008
13113
179
8387
6547
13495
5938
9589
4891
15917
5072
15366
2567
5374
14732
3732
6426
9487
10611
3187
12820
14746
3903
7599
2909
12009
15486
5797
3538
13538
9811
15860
7966
13553
12108
4296
2265
7228
4527
12175
9151
16326
9414
47
11339
15594
3986
1206
5051
8109
4360
8573
597
12249
2490
7686
3564
8479
12030
3889
6354
11485
14813
15028
12871
5202
8171
10835
13093
7032
15729
16358
2026
3908
5769
2914
4858
4545
1652
12229
1892
12994
7616
16255
14212
13131
5094
5257
1632
11301
2438
910
4420
10869
16332
9266
4238
11078
7854
16087
9544
4753
15484
5874
6500
1245
12514
7881
9084
2890
10426
16030
2303
65
4454
15543
3656
1525
10221
6101
13592
2424
9119
4737
5357
6352
14836
14001
15093
5869
13141
9429
8592
14378
7523
12087
8197
10983
11093
11290
524
13154
9819
4943
11643
1976
2672
4026
14433
443
4243
15590
1336
15005
8018
5627
11490
1188
6803
12232
12734
9176
15388
10509
806
576
4831
15672
4583
4966
7920
7601
11783
666
14209
2200
527
9278
5043
6131
12027
11742
7126
4925
3326
9872
1337
14225
14
12224
1776
1243
16134
8642
15743
2591
15377
13490
6488
2845
7797
4202
16073
5274
7428
13243
9196
7977
14498
13203
4207
4471
10816
5124
2313
2521
6497
7916
14170
7000
13195
8683
10894
5434
4784
8507
14918
15677
10246
15416
9175
2165
3124
1117
9840
756
10001
13701
1311
15851
12177
5541
3442
5429
1665
8178
11749
14981
15091
3522
13685
10250
14337
3550
16053
2920
1250
13060
8818
8323
7583
3524
10051
9513
6752
8952
8126
9659
8755
7314
13368
3295
14048
1425
16376
13972
261
6332
7007
1234
3996
3411
15896
14724
3968
4588
13933
7548
15695
6965
11972
7131
1150
1468
391
3205
14618
13373
14192
9117
3148
3387
2202
8506
2131
9477
11246
15930
1064
10995
11344
6805
10740
2402
16340
6675
6429
1714
12038
173
13939
11979
1020
2003
14271
13966
11584
9781
10801
14193
12647
13384
3331
14254
8523
3486
5256
7364
10913
6315
15021
5792
1863
7404
6712
13624
15951
858
1821
2668
4860
8953
242
1994
6671
3241
8498
14714
11191
3880
6875
11414
8905
8928
9762
2911
8415
6059
9188
1085
7199
244
3835
12007
14952
1310
10237
5796
8698
15456
15844
15559
380
14734
1423
16212
3145
14848
7274
480
3305
10969
654
7397
14692
13558
10738
13766
16161
5293
11169
1600
15659
3993
4789
2932
16192
7834
7754
14142
12881
15078
16074
1251
7481
12109
1559
13561
12215
10061
2299
8243
1588
10106
15381
634
8870
12689
11824
15290
4523
6626
2285
11221
11854
14578
13344
5084
12721
4585
13648
11377
2374
8653
2666
3469
7738
9148
1788
4092
2590
58
7416
3981
418
6163
15769
6182
16056
3309
14719
6747
3634
3400
8217
10281
831
14059
11642
16364
11371
13917
15873
16187
16007
11071
12455
11932
1579
12268
15802
11687
7203
5737
85
9168
385
13965
15176
5896
6503
15140
11950
16379
4960
11900
13739
362
4193
12274
6983
9532
9284
13519
7706
3531
15004
14130
3581
4821
10570
16281
531
4121
7182
8680
14287
9935
732
908
8606
13841
12535
12111
2146
13347
12792
3043
13545
8247
5816
5171
15636
420
14415
15578
5170
7761
952
7345
1436
7757
14642
2655
4552
5492
2611
15477
14482
5802
8872
12930
4886
14417
10485
13950
684
2366
10407
13248
5177
11948
2414
1586
8097
11608
2237
8765
7650
9062
14995
11250
13475
15061
7289
15747
5852
10702
1038
16123
8330
13201
9579
4909
11506
4578
7771
520
13095
7164
8362
5886
2749
7208
16146
2441
10793
3217
4219
15810
7070
2866
9463
7466
9396
2969
3738
4877
5956
7745
2571
10709
2349
7058
2622
2938
1936
1120
15725
12054
11412
16286
11691
8383
1213
10507
10127
10331
16290
13427
9830
13436
369
9977
159
1604
14397
11989
11554
12546
15006
15395
13748
9281
12722
11717
9516
15262
12823
5328
10634
1352
1960
1880
2336
7808
1130
1893
15282
16355
9930
6067
14729
4442
763
3621
6325
2586
584
809
5835
8220
15608
9627
15301
15515
11986
8401
10950
1983
11551
9009
11185
14125
7162
2935
7685
9057
15192
561
7595
2164
10699
13302
5644
9696
10915
4691
1782
9875
14863
50
8780
12649
177
15592
8747
8549
14949
9542
8918
8017
5061
13834
6892
7263
8540
15133
12208
3447
13821
3655
16375
9718
4660
7938
9353
15687
14066
16210
15424
15737
11755
12336
117
4675
8742
1123
7255
12595
133
2978
1195
8354
14154
3509
10157
48
13316
11603
1523
4436
9871
5808
15566
7577
16370
13836
1485
5279
4047
6208
6057
16100
6948
844
13019
12377
11597
8595
12341
14340
3869
8368
3687
5678
9020
15171
3736
9934
8039
13864
14430
9205
1068
7036
4427
13176
9246
14400
8686
12457
2333
11193
6821
3577
15422
15644
8544
13354
2585
8979
11129
7065
12549
1486
10086
5024
6916
5766
7815
6334
5592
3339
4758
10727
5640
2704
6937
12371
10644
9670
6840
1571
2820
8585
8883
6562
3955
3571
10926
2536
12298
9861
1827
12743
10340
4863
6338
5499
11546
2791
11550
3871
2300
7702
12031
4382
9304
9256
6392
11566
13324
13191
511
14935
10247
10900
9832
3859
10140
591
10032
3069
7659
2576
2717
11170
2514
10375
3891
9431
15159
