3148
7146
611
2261
3873
13553
13954
7076
443
721
5531
13030
13361
7126
6208
5361
5158
1196
15250
7510
15899
2560
3876
14884
1283
5068
11899
5457
6587
6717
7488
1326
9052
4852
5075
7376
5039
1217
9278
14972
6889
6284
4534
7971
1462
15278
11
12682
587
8548
8741
6981
15047
15235
16087
2511
8126
3606
13485
15907
7635
13366
10331
3488
10409
12588
4207
13783
11524
15693
15678
6641
10629
13731
15633
8432
5215
12096
12970
12798
9177
13380
9184
14408
8095
11905
14233
3792
12623
1166
14688
6839
12894
12081
11907
7834
491
11877
9630
14977
773
3072
7085
2174
5007
1956
2965
1011
12597
6408
10646
841
7045
9695
14938
12186
14560
10904
9363
11740
4807
1157
10843
6875
4557
155
8747
1301
9326
15704
6884
10794
10523
11760
2765
10258
15987
7988
165
11975
14959
11384
13051
7205
4452
7147
7749
1926
4480
2788
12460
3814
11358
14838
5933
714
10284
10407
937
13236
6311
1772
8772
12751
12158
8944
8135
13133
12834
7684
4184
7890
3170
16085
7339
10658
3132
14106
555
3174
5962
2101
12109
3108
1748
953
9747
3365
13964
133
251
7841
3882
8560
12288
2370
6069
3782
15500
4914
11615
7083
5459
16212
15603
2263
2887
8347
13858
4463
5122
5449
8907
2266
14680
10444
9898
10064
3281
16119
7608
10394
13849
9241
14691
831
12934
1046
703
1311
4383
13424
1815
8484
7561
12106
12291
15929
10391
9661
1897
14351
279
15671
10514
13348
4196
15645
5814
3559
15466
8734
9512
2857
12477
1665
14425
11119
8982
14350
4301
2137
5690
3327
5412
12920
9060
8302
1493
3441
6156
347
14061
11135
12219
11320
8360
14902
1284
14754
1600
13834
4831
13810
11007
11460
11002
13511
4727
1831
5410
12610
10440
15383
2977
259
2678
7629
2841
6568
7797
4238
10366
1289
48
10634
15595
14317
2148
14021
5609
8641
11523
8244
5211
7106
14150
14682
15755
8894
4430
12789
767
14443
10324
10918
11378
9976
16148
5230
11890
14434
14230
16010
12276
10225
69
11355
9198
2067
15080
14436
896
553
14501
15139
6971
2029
16069
5328
2848
13009
7240
3229
10990
3494
857
7708
4418
5552
9183
8778
7142
12694
6919
10777
16138
13758
1690
12571
15204
15119
1020
769
4532
14129
15445
6271
6232
5854
14519
14997
16306
11764
13701
11094
12617
1666
1918
10343
7345
9809
4206
7771
14040
7151
6466
13149
15182
7849
12088
12013
826
1267
11997
1028
8005
8434
9288
16211
6304
2199
13190
1021
15113
11497
7061
4274
4676
16107
5754
11959
16161
7931
9725
2114
7777
12312
3356
8864
2628
901
15367
6225
10820
6282
10047
4132
9209
10208
2034
8765
10374
12341
15145
3432
7418
842
9551
3959
2670
9009
11655
8130
9621
11482
3021
14487
2672
12541
16358
12775
3287
2165
9823
9925
15707
7896
15799
1312
14260
4308
10188
16290
4159
5809
11285
14555
3847
5423
8458
11613
6658
5782
9613
4776
4629
199
16112
1060
9642
336
9576
6836
6516
5603
4731
12603
10197
1694
14148
8584
14778
7736
14744
16144
11771
6162
3983
12558
4894
71
6863
16287
44
10086
16051
9649
12884
9408
6097
11197
11097
4035
8040
16152
5644
6921
6647
1910
2030
4638
6542
12284
3100
2313
15474
13952
13112
1545
599
12270
14630
2081
4764
7052
8732
2750
10031
9169
1269
4748
5903
439
5427
15479
12157
14442
653
3450
8460
4368
2443
8402
10459
10867
4970
5849
10838
13433
13167
11122
3929
5447
5036
4354
10029
12386
7169
939
6638
2681
12198
11383
5786
5499
11590
6867
3207
28
547
6894
924
2363
7843
14574
11510
13749
15146
14058
12776
173
7827
7389
11257
13978
16210
6871
14724
8263
6583
7148
14361
13154
11503
15949
14840
7989
11657
2668
10724
5932
14441
15690
11274
2821
5418
2175
6918
16298
11520
15439
9248
2495
1622
4321
2904
6576
15480
6643
14879
14963
7524
13185
15573
10675
2926
15380
7494
5997
7679
16157
7329
7114
8653
14258
3547
11270
6079
11412
10008
4210
3577
3263
7453
13203
9989
2146
12733
10339
10899
13356
15602
6552
11406
3573
4717
9816
664
2459
2063
6661
8751
8420
6967
16001
4698
8858
3029
5127
14458
11030
2294
6997
2571
10067
9037
6858
6083
14589
3656
8693
15763
14469
5758
10858
4087
15915
3447
8849
1224
5899
11598
719
2491
4126
396
6364
2582
4231
8487
13699
15612
14165
9744
15787
9514
5929
9658
8388
8053
1763
13547
15526
8085
7183
366
5947
6350
2092
830
6620
7648
7001
12403
7343
9509
3034
14027
8465
2728
3747
1816
5693
11926
11752
14298
9107
4558
13305
12998
1891
16213
14981
3226
6645
9040
10837
10624
1711
10261
944
14920
10615
11446
13673
16327
11035
4750
991
9315
14989
154
11178
1299
12860
12055
11117
14440
15984
1884
12501
9466
50
10755
10660
3306
9087
1610
1246
11298
15735
3862
4971
6955
3152
3683
5986
3866
4261
9979
12677
2332
432
10173
456
14892
5555
805
15368
4525
8342
8014
10613
13780
8065
6001
7415
8536
15579
12795
12170
6851
11098
4474
534
4497
1982
8614
2502
16059
12272
444
16031
9024
12380
7362
15323
14800
12425
8947
3296
8016
10256
7643
7487
3001
7571
4866
3091
9806
2522
11644
10707
3723
5469
3389
15851
122
9229
1911
14053
2531
748
13899
13180
7367
11445
877
2564
2104
14250
6297
9746
1920
16
6397
363
8423
13700
7006
782
13238
12423
10691
12840
15094
12974
13628
10484
698
6260
8332
1277
2722
78
13271
1628
70
8083
4605
14201
6154
4798
13903
6113
12294
5721
13681
4869
8810
911
12296
8076
13990
4625
2422
8880
15399
9517
16076
4959
1478
7587
8284
7063
3669
11729
4770
14166
3162
8217
7835
11421
13219
3068
16293
13735
12726
14382
4934
7772
5396
14373
15664
1989
607
8123
7622
4513
11424
245
11667
3050
2461
567
9601
1542
2509
550
5271
8395
2667
4367
14779
13421
76
4949
659
7614
7553
5977
13808
1701
15731
11115
6873
3322
13908
10081
13229
4002
7028
13225
12203
12745
1458
14592
7869
9265
1106
2990
3220
5207
5723
10285
15211
8249
4856
5941
16162
2425
11343
1408
672
3895
7200
6275
9791
7840
10692
2303
8228
14881
5652
1847
6398
15037
13687
6179
4245
2755
5187
1760
447
5510
14125
7073
10879
10167
7939
5366
13435
11080
4783
16309
14493
10599
5416
783
11148
13025
3156
4994
1201
9361
13520
4364
10102
8841
11219
3561
3741
6047
6965
16075
3006
5032
1444
6454
3729
14520
6835
11965
4471
2731
10560
2378
3491
9075
6119
3771
13059
13723
3976
168
6507
9424
10728
15600
10192
9263
9369
1883
13228
12660
8269
3596
9678
2326
7759
8797
13648
13846
7917
16011
14264
15808
2013
5692
1403
13493
4548
11211
15225
9462
15590
8146
3937
513
4724
1479
9066
9690
15150
42
5855
11537
11234
13755
15239
2018
8238
8758
16023
3886
945
4269
5041
4491
6765
10542
3720
15597
10518
4472
14895
10268
12783
4817
14595
5828
10146
16381
14767
15883
10218
16204
13129
11184
9845
346
2291
3330
2322
11214
2475
6767
1714
12098
15672
3611
10357
15794
4182
10135
1101
741
10944
217
8279
11252
11356
12875
3569
10177
8915
4163
7507
14730
11372
6760
1659
8740
12404
12782
3266
14149
15682
14926
711
3583
16068
6685
2299
7816
3325
6906
3362
3270
3525
12164
16018
15584
1342
10988
6014
6184
7719
3436
8486
12207
12683
12057
1728
15152
5834
11936
268
11466
11555
1162
12251
21
10077
15408
4587
5383
12130
3682
12758
10070
913
3080
15385
3861
12387
52
10305
1123
3275
13107
768
9919
1235
15811
13015
2122
2489
14900
8293
1965
12463
10369
10
6002
9416
7682
8981
3347
12433
13769
15319
1308
4564
15732
6801
15097
2383
15448
10457
3820
1243
9300
4489
10026
2235
661
12358
5973
598
3167
8505
11535
15517
7701
10282
12344
2240
16034
16378
10792
11090
15294
15847
1457
8867
940
7576
1452
6553
10315
8922
9524
14100
2953
11682
809
9732
14176
15116
3689
14288
6315
6726
12230
1537
4800
14414
910
13026
5623
14034
8939
1629
15720
7162
13019
3239
16111
13671
6138
12719
5526
5991
13391
11010
5220
9887
2011
15798
6618
14942
6954
6655
9000
12426
1332
8611
12616
10129
3536
4992
8327
8992
11242
15464
10772
10727
1795
12345
3492
9102
8187
15184
12133
724
6772
11038
3574
10716
3960
14134
813
14867
1977
5204
14576
3367
3258
7425
4847
15701
158
11875
1099
1869
8598
11377
436
6129
1175
9039
12116
1951
11711
15388
9329
7461
5909
1710
11459
4887
3300
9534
2858
3880
11111
2979
9521
7951
12585
13100
1579
15281
13088
1540
1141
6950
15831
2543
4701
7154
2884
11989
10126
6712
8910
5186
8987
6309
10327
12808
13565
13176
13739
5955
13297
11167
14413
10971
8755
3842
11790
6043
5171
1006
4931
10370
5229
11065
12237
6502
9804
13452
4995
5577
10477
1615
4569
11929
11941
15730
11649
8567
2883
9156
3457
4211
882
9510
15361
8008
14582
11539
1208
4647
3714
10465
704
11614
1035
8712
11504
2334
5540
2016
3753
10610
1717
13375
3721
10462
2450
3872
917
8727
4794
11282
12569
365
8366
6189
12641
11432
11934
3417
3022
13902
12766
1258
3147
10651
1069
2576
4649
15357
9449
15810
215
14741
4119
5156
4107
8900
12003
713
14370
15668
3743
1368
8643
15529
10566
3191
2413
13692
11757
6566
9356
3794
13852
8816
12709
5627
14640
11544
13871
15008
1207
5462
5325
15686
11465
6715
15688
12530
4740
15052
1533
10578
7210
12830
13535
473
8784
3496
5063
2350
14797
9252
11891
5867
14596
13600
7506
12589
5008
13865
4850
5931
8118
15005
12811
1961
6376
9221
14678
5471
10743
11506
7195
3025
13941
15539
5348
6238
1136
858
16271
9337
4095
6052
7883
6506
5848
2745
9620
10639
203
9374
6203
10415
8861
14056
7839
7987
9973
15512
8901
7887
9654
1566
2330
4697
13362
5314
14024
12593
16055
13973
7314
277
15196
10690
7124
11263
10761
5341
11349
12889
13422
8071
15583
566
9014
2786
15989
5917
15049
8307
4801
5265
12647
3315
9136
14602
11121
15485
6033
5219
7521
15103
7143
6148
4058
6131
5626
7764
11134
7384
5263
10426
7294
1009
1313
10030
10943
15734
11217
7914
14615
8638
337
12634
13098
3326
2496
14702
13161
9018
10476
8289
8207
2589
15941
12023
7564
12653
1219
967
13046
12188
6316
3999
7703
7991
13895
5966
7952
4024
192
7253
3058
5351
3870
1040
4300
15889
11617
868
5137
1944
1538
11933
5206
11566
6334
14346
5725
3994
13404
5317
13926
12155
1573
8209
4963
2169
7620
11101
1782
13052
3277
5913
6716
14405
10359
2315
8761
7909
11236
2702
2832
12780
9335
13711
523
2328
190
14725
15616
2699
14092
15549
8607
7979
545
3414
2204
7369
10922
2305
7904
6151
14835
15626
16121
4582
9074
6675
9689
12480
12074
12723
3858
3774
14362
8375
9625
5793
11824
3213
933
10970
10609
9257
3463
5787
7232
11638
4494
3265
9262
1109
15965
1438
13031
12231
14658
11209
13383
4483
10625
14818
11527
1943
14066
5202
9022
957
6057
8283
2551
7802
8250
14057
12248
6224
5554
14535
13395
10009
908
2232
5414
2626
1996
12103
12351
8074
4937
9959
14830
8892
11507
500
9202
7377
11182
10057
13042
12114
412
4094
10210
3251
7805
5379
5489
5425
3477
3065
4942
1838
15083
8966
11441
11305
10022
12395
2153
6929
12897
14773
13785
10137
356
16078
15705
3444
14641
10298
5086
558
1614
5614
13142
5795
11402
3857
1260
10340
5691
12690
7607
12749
7243
1933
3736
10540
10418
3755
13768
9901
9063
7462
595
13738
8429
9564
8148
14262
14218
7099
14481
4927
8223
10730
5622
246
8069
9709
626
14557
15608
7817
4768
9800
3722
7604
5601
208
2898
14934
4714
1232
4369
3852
5777
15328
12841
7107
2039
15071
2091
8298
4868
9673
12331
11016
8952
3111
5273
6330
2097
2109
15450
4960
12182
