13902
5350
3829
9268
15384
14630
7106
13941
7994
6424
5304
13326
14239
4874
1814
9294
12374
16156
11443
7823
8512
11837
3159
3951
14096
13123
11400
1243
675
9330
5279
3478
12543
7344
8759
10516
3689
1230
13178
2739
8620
15192
3713
15807
13418
6307
7025
5782
11152
11424
7167
1497
348
14409
11002
13473
10066
12711
7870
8988
4726
4510
8253
2700
13500
8914
6347
4108
16378
11744
9634
1883
7613
8494
14514
1782
16116
12029
2026
3171
3939
16242
15445
11303
4295
5496
9171
9776
8450
15655
345
12151
10170
5160
10866
1655
5348
4852
9238
16183
9515
14672
6614
5246
765
13364
13227
6548
13174
7193
12049
13389
9004
11068
4313
6927
7781
12581
784
10603
15626
11111
3266
3513
11811
3500
272
12551
11412
7631
7147
3705
4110
5107
7832
15800
9445
14428
5724
13045
8723
9455
7497
15650
1318
10503
4670
9701
15276
6663
1180
12300
8225
5691
7981
6826
632
9386
32
10297
3616
8470
7762
750
6120
11450
15282
1479
11877
5756
4447
3687
4256
5855
2159
14055
10938
11871
10231
2410
3743
4394
9706
5704
13613
7378
2202
11729
12766
7757
5664
16213
5093
14500
13558
2585
14029
7998
14196
3676
374
16380
8578
1001
11408
6683
2771
12415
4883
3453
8492
3430
10871
4544
6217
7957
168
4061
7037
3983
9453
7685
15726
4945
7558
7876
5102
15153
8770
3944
6354
15639
13607
6806
7424
15109
9430
8804
13743
11258
9597
7070
232
7920
14265
7609
12592
3179
8763
5823
10213
15593
732
5094
2509
15607
11277
6560
10838
1128
11304
15000
2090
10085
10954
9926
9727
7544
12797
6153
6639
1042
2011
7716
15087
4274
7496
5849
8734
1545
11841
9644
3531
9014
8680
14890
13707
16379
5208
6712
10407
14988
8352
13475
8484
4829
3675
14300
2270
130
7454
10629
1495
12726
4583
14321
6531
13385
8897
11476
684
3093
1998
11542
15736
2729
11065
6768
8774
11383
22
11315
508
2002
13242
11355
10324
15774
10322
15722
9918
3009
3029
10224
1350
7809
13926
15580
310
11455
13791
14987
4953
9810
15934
15167
5387
12110
3978
12694
2351
15553
12749
2023
11220
5053
12378
4299
8859
11654
1509
8136
4578
3236
14607
13363
14611
11268
14116
8378
11251
15868
8612
7133
5894
6269
10031
8866
9023
252
14935
12951
5825
10784
3885
3550
8108
383
4436
11589
15617
9113
2804
14692
8386
10162
14075
1301
6645
14067
15742
7219
4605
12027
12389
15078
1162
12480
15181
10147
1724
10459
13587
11607
6573
14532
11895
8429
12473
15988
14931
16073
14171
486
7733
9526
102
10569
12315
14995
5198
6713
7174
5668
7384
1090
61
16144
6799
8581
7867
999
2344
14325
9087
2081
950
9217
2606
11451
15765
1083
13986
6086
1124
629
12089
526
14410
12667
3226
14613
11648
1171
2787
837
10787
10150
13800
5587
10573
7200
2598
7956
10876
8262
3348
141
10125
8602
464
15730
11376
3267
12318
3304
10405
3992
1567
10249
16376
4697
6052
6817
14838
8974
4720
4986
3127
11599
10568
8363
8828
5862
7528
8846
7893
6940
2209
2989
15699
10296
207
8175
14273
5071
7916
14010
881
11626
11546
1784
3460
6544
15349
10370
1717
1510
5216
11671
13086
5283
12628
12196
3894
3153
12042
2999
5435
12520
6442
11557
768
11052
15337
4602
1327
14847
13751
6312
12254
3514
234
15175
9686
12912
14152
10353
4098
3895
1424
10377
11398
253
13300
11357
6807
3643
5810
783
2839
3191
14681
12337
6266
8299
3512
2282
737
3259
13042
945
11975
16125
2608
6631
379
14226
9120
5677
4180
13826
10653
13402
9569
15345
11879
12455
15047
4698
15391
4556
11244
15421
2500
11951
293
10720
13159
1440
15768
10669
8168
14569
2250
5267
11613
13759
9932
2761
15875
10694
247
8853
16000
7157
10330
15842
4949
8095
12881
15776
10976
7296
6655
10286
3249
5688
5427
6629
6163
12356
10545
1997
14198
6421
6813
5621
7045
512
12108
10186
15858
12458
5096
8387
3943
5076
3126
3822
15811
3006
394
12900
12583
3283
5065
7563
9531
4792
8442
5908
12075
2321
16135
4243
6658
14365
1276
631
7217
14591
10277
12521
6898
8303
4869
10434
9883
6706
15772
14261
13657
12296
2588
12436
14869
4035
3867
13186
4649
12714
600
12165
6497
12616
5624
13129
7201
7361
13438
8161
7878
14774
3601
13698
15423
137
5412
4092
9391
5888
11821
5347
10592
5476
9434
13992
2837
7864
15021
12184
12266
6080
9408
11759
13672
11149
12574
8651
7251
15172
3279
3421
10902
15236
3026
11517
11185
10402
5064
12676
2042
1427
2944
5911
14064
16063
16232
4609
3307
9652
1825
7710
5842
12427
6260
6201
14458
7397
2224
10931
10575
11155
5798
10786
4918
9699
997
11138
10039
563
16291
6554
14402
5487
2014
14112
16128
1729
9866
2123
6864
10997
2536
12228
7784
3150
15043
3588
671
11299
8307
6306
5737
10560
10563
6702
5479
9050
12083
3043
3737
15792
15031
14572
3098
7941
7742
10401
15483
3574
5801
2874
11055
9895
13450
15217
12283
5841
10645
15208
5710
15584
15022
12969
1208
4613
10941
11307
13958
9427
4369
8689
3081
8508
13661
592
10953
407
7385
4278
12652
16134
10355
9994
4069
5061
10354
5539
8710
5832
15027
8676
15632
7768
8668
2254
12531
5370
8244
8604
3329
7931
13461
16034
1654
9590
13519
13444
5748
1881
9277
9805
3124
5333
3797
2798
3739
11990
12880
7155
14401
8212
1287
13132
3909
9927
3326
3441
1435
11592
10458
3859
14385
3905
11259
7170
16126
3723
1843
6357
69
8017
3221
1959
3860
13782
11977
14504
13518
2861
117
2755
14558
8482
4995
10390
15142
5502
14208
5186
5041
7173
12544
13834
14407
15443
15390
4303
9744
2546
13768
1579
16062
4441
3789
959
4112
3055
6890
1323
15077
767
3910
10011
3632
16102
406
2631
8567
9536
16141
11057
3693
12999
13745
6102
4624
11463
13728
3493
11326
15136
12449
12965
12295
8996
824
14918
5410
545
454
7041
867
6372
1040
2538
3108
16332
14827
15335
11093
12747
8554
3454
13874
10154
6392
14781
549
14897
11973
14740
6381
2292
13818
58
10463
4158
5079
15469
9721
13872
14517
4783
5649
15052
14675
227
4524
2544
16363
13700
15484
13427
10051
5292
3268
11435
2244
12070
11694
13369
4355
9712
7482
10266
16130
2285
5802
14866
3374
13835
13512
9647
12060
15504
4543
14509
3084
1847
9702
6122
11824
1259
16023
11859
2880
15180
7316
1976
11163
11539
1020
11142
16079
11699
14034
3194
3813
13362
11635
14670
10084
14048
14320
11346
5419
7684
9407
1676
1957
8399
1541
6564
12926
11352
4454
983
13666
12385
3369
14011
2424
10934
12164
605
6089
1939
16366
13699
14496
13897
14197
2049
8495
14579
9489
14105
12321
7290
6367
3321
3445
10163
5680
3888
933
8463
13119
337
6604
14840
8467
6231
6051
3501
8573
13716
15821
1968
7924
11159
9899
11198
15654
16055
2785
8471
12439
9782
5532
10318
7465
5402
3872
4202
13481
9016
13988
6769
13680
5753
8116
2930
5355
5472
12492
15961
15614
308
12097
5207
16370
11098
2440
14119
382
10082
7194
8455
14685
12178
3488
2038
6256
11577
15797
14310
9654
14652
13277
12073
16265
1145
4119
13766
10612
3900
15952
2203
7399
3834
14699
9287
542
8944
8328
6353
14980
12322
2642
1172
9955
15805
9736
8556
11712
4214
11551
2531
10426
4735
8297
9879
14007
3491
14272
4593
490
12824
74
7485
16219
11780
7897
9583
11413
2725
10232
1195
6085
8942
10725
10395
6495
13405
3042
1256
15612
4136
15935
5468
9419
2589
7561
6332
1068
12497
6623
11743
922
4916
5116
7341
5073
16027
5642
1472
11848
4218
11411
14563
15485
15688
10114
2430
14136
10633
9589
9682
12827
6106
6763
618
10004
2966
12975
1625
12849
12201
4006
10093
8348
4773
13207
8932
4688
13278
11029
4249
6653
15832
11867
14548
14466
4978
14137
16028
7600
10536
3172
5743
11597
2378
4625
11576
10608
7991
4740
15741
3125
4990
8547
13245
4807
1249
10005
13911
11756
2892
1398
8076
3904
7961
12006
12970
2661
14726
7139
4051
15364
15455
140
12812
4087
8637
8891
12177
2843
2487
1694
7333
12608
5983
9497
3056
9703
12705
3579
14399
12023
9713
3117
6185
13408
4311
5206
6327
10069
14089
15152
12931
9072
861
5322
4901
113
8497
8333
782
9972
13786
4212
14252
6522
5310
13681
14236
1909
16084
9791
2571
12
13697
4917
14534
5528
9987
10439
6065
4081
13762
14802
9914
3753
9556
10808
7236
6151
13448
9785
6059
295
6881
3346
2025
15519
5287
16139
6135
1166
9664
261
16092
3015
481
7117
1317
3805
8200
7694
16174
13180
2649
1084
9232
2862
980
4741
11799
1098
3653
11621
12684
13614
13795
14860
8632
13365
5881
1836
4791
5709
12674
363
11203
3234
9910
3457
3394
712
14146
75
11531
14759
2502
14646
14423
10424
625
4142
3299
1149
5219
16168
8693
8992
3772
5546
16259
3227
14299
5627
3107
10396
4656
2619
4868
4290
6141
15684
11430
4889
16173
13597
12215
4165
13190
10985
4824
1402
4699
12494
9193
15203
3659
1007
10233
7235
14576
14492
6823
5697
15982
6592
13072
6273
16214
4705
1135
3570
410
3970
13654
5137
451
4238
8011
11479
1439
581
6208
3020
12966
14021
7093
14895
12731
13521
14974
9892
5987
1346
9904
2993
3198
1247
10487
16082
9305
7176
9364
10053
6732
15678
2280
12443
459
7982
11087
13504
8679
11392
1283
11677
8418
14615
9376
8199
3300
15760
12122
14772
1343
10278
3638
9281
5183
3396
2799
12697
6008
16188
2574
16359
1566
2236
6883
4028
2179
5544
3801
2152
1702
4691
11992
14486
233
1635
10027
14806
492
7567
8453
1347
9273
3152
99
12794
3484
12069
5132
12901
9069
3702
12513
13039
1816
10618
552
4269
13689
6889
2938
10701
15044
11999
13584
6411
5199
4018
5058
7929
5896
11831
5956
6454
872
9262
11049
2723
7996
15583
2218
5416
14059
4080
10991
3289
2183
2191
9327
13924
336
11154
8120
15227
4366
12396
4517
5945
11936
6342
15739
5873
378
1571
12645
5612
15533
3207
6734
331
6760
4570
10745
7914
1669
13628
1076
8503
13224
1407
13888
7268
14406
15942
15402
239
13420
1270
12870
12217
13288
15247
3854
14392
1474
14343
914
5473
11762
7854
13927
5296
10531
13296
7681
12534
15510
8177
2833
3911
15748
10886
2655
11108
13193
1950
14117
16081
13048
13075
15569
13231
14387
14679
1447
4063
9477
2398
6103
3807
2719
11886
2380
9803
15536
7338
5315
14470
7091
4339
15671
12303
4020
13230
3402
5086
5754
10506
3931
10598
3086
4618
12225
7753
15809
13599
11863
11331
13016
13831
13721
14986
7555
560
7851
9628
1916
5518
13942
3838
4050
4010
4576
5706
726
2530
3359
2968
15808
14554
14695
6917
14220
12373
8043
15393
8031
10074
9905
15257
11923
16325
13019
12420
8918
10334
4762
16319
10865
8006
13983
16360
5046
12599
11064
7126
10219
1061
1097
10717
3235
12477
15392
15700
7970
7918
8441
4507
11432
3372
15002
2469
928
6179
2720
8050
4234
1126
3833
8282
14440
6079
3515
15173
5605
7056
16060
2462
1224
3828
2044
11882
15003
4785
13887
2054
12152
6704
11989
6530
15944
4145
1369
4082
10127
15738
12767
3047
9995
9311
9092
3942
10014
4123
7827
3440
14525
7237
14319
1636
3761
13306
15376
9769
5463
10183
8249
15779
4029
3642
12857
13865
4993
11120
4067
7711
15168
10410
4732
6800
13998
11483
8103
14568
7474
5217
654
4734
8833
8706
10057
8865
10126
7274
3339
4007
7029
9882
11189
1177
11082
7342
2991
15862
13122
4592
13774
6249
292
7336
12189
4841
4526
12484
2429
9573
9185
262
2836
5809
7380
1853
2597
6005
13351
5023
12879
2869
9396
8654
6460
3002
2610
13303
3255
4742
4134
5365
2408
8597
2439
1616
2575
10748
15130
8687
13000
5050
7325
7471
4391
12341
12648
14374
6951
7902
13373
4161
10529
4248
7031
11206
6748
4977
3225
10293
8256
12613
6866
5723
8098
9813
10834
8769
305
15106
12810
10173
15936
15497
3981
11394
6565
10381
12103
3033
186
9367
8959
2015
6878
12417
1803
2699
15386
7304
12157
16158
10831
15785
15023
12762
14693
8338
5124
15976
2413
9289
15968
125
8305
2943
4682
453
3715
8246
6050
4508
6222
15305
426
7641
7113
13915
13515
9448
2269
11297
11514
12994
14609
1414
16018
3529
5194
5993
15422
15355
15679
5963
11373
10063
1217
4223
9454
13533
4401
12192
8778
7785
41
4718
6320
5308
13537
3407
12696
3803
13313
6963
4250
11096
12709
3858
9389
12928
6164
7806
8119
741
10259
2265
10524
14150
15888
10215
1796
818
6407
6453
7051
11114
5875
4603
4966
5265
13940
1970
15199
8409
13538
4308
6146
15605
3305
12692
11170
15561
11151
6157
6492
9726
13107
12850
12004
1726
14381
6744
10138
2507
16131
4277
2646
4094
3485
10507
11270
11122
10636
8625
2478
14872
5364
12842
4708
4528
2034
12723
10453
9159
15029
5189
2102
5912
1080
7250
3683
14707
7160
8755
1253
15053
2878
2097
6662
5135
9179
5156
2510
150
2884
2432
9042
2708
10780
7493
10341
11434
14896
12856
13451
10149
3148
1626
8071
6374
14285
14789
6333
11140
5999
3447
10901
15263
11358
11231
11876
8284
4147
15108
6777
5165
8880
2955
8717
15261
9057
432
14418
14344
7508
8521
8446
15663
3282
30
8964
3381
11341
2353
7196
3274
16069
5640
16032
15381
6398
10349
11567
10763
11632
2625
6074
5336
2770
4596
5169
8015
14107
16282
619
12288
5028
12328
8788
12653
1063
15723
8793
11241
773
8867
6825
9863
12198
6404
2896
1466
3930
1872
3877
6104
2079
3155
14436
9310
12206
14188
3874
12247
10969
0
6685
4182
1589
8939
15141
4491
11211
5973
793
12601
11379
9742
12847
5294
2657
1165
15306
5015
12375
12580
226
15032
2226
16192
4913
3137
15005
7975
2678
15466
11645
10422
11600
7512
3866
3526
3593
10363
4584
13
2332
14768
5703
6978
15118
10111
10475
6865
6147
8345
7535
7420
8033
9837
15151
1864
3892
8742
3623
8670
6566
10275
1704
14132
255
5885
9450
7038
4760
6987
9658
3533
9343
12567
2137
12614
8406
4660
1585
14990
13459
2425
9777
16052
13137
10103
6551
12993
7945
960
4177
16049
16005
11033
3097
10757
8163
608
3151
11833
15783
10703
14353
4224
13239
11058
351
11437
6214
16091
2534
4439
13187
3118
1054
9596
3820
11942
13256
14176
10164
15787
7692
3354
3327
1010
9253
6227
13098
11586
6457
10083
4333
14948
13585
9
3016
13869
2456
10418
9775
13053
14832
9204
12364
6599
12109
9692
7434
14870
1286
1657
9855
10814
5489
15405
12547
8394
1033
12457
11954
15218
6836
3698
5826
15896
15770
5879
1455
5622
6375
5401
11505
5434
6656
3996
12913
6520
1745
15331
5746
1108
16164
11662
2932
12868
3119
2454
13813
5351
10662
9924
3738
6057
7257
2194
5968
9067
12207
14513
4127
12720
5554
551
16205
8878
3678
7483
15981
9846
10032
389
7368
12330
11329
6403
14996
3373
15974
6624
2176
6633
8806
14246
9636
6762
7327
4569
4203
8435
803
7849
15577
6334
5755
10288
14907
7814
339
15145
1425
4014
12872
907
11968
3696
7622
4752
3384
15992
6584
6877
9175
15444
8121
13466
13437
5902
13090
11365
1060
13904
3486
14294
14459
16167
9047
8
10666
14723
9875
13111
5658
12885
3069
6738
6572
12311
9160
1005
3977
7783
190
10079
6523
10956
5847
448
2908
10644
10359
10918
11285
9505
2638
9372
13502
13833
2817
9278
11543
14254
6959
9854
5360
6388
15602
3333
2024
6105
14669
15256
4146
13829
5897
12982
1728
1703
15214
16193
10239
1691
11042
10302
14581
5775
15891
7308
8151
14524
5667
9457
6038
6684
8411
3546
9771
12775
16007
4585
612
4500
13624
15389
8481
9867
16199
6957
12760
12126
10971
2969
126
11870
2921
7353
8950
340
15429
15763
4133
12802
1687
365
8318
14400
4382
15216
628
8224
3664
12925
2984
5115
6302
8884
3935
1531
877
11021
882
6144
5264
14756
14787
13447
2682
12114
15546
898
13062
13948
10813
9191
9829
761
12327
6455
827
15781
2950
10314
16296
14959
3946
9818
4124
10600
3542
4499
3109
14091
5768
10344
2844
15960
990
11669
7810
11348
14788
11428
10534
8008
10727
12512
5007
4026
9018
11214
366
16076
14557
14765
7590
11343
10383
9592
15819
14118
13984
10990
4746
8473
615
6767
3899
8117
12678
10794
9195
1099
4279
11482
14700
12968
4493
4198
3670
7289
3399
15468
10753
10870
7708
4452
15366
6015
4457
3318
7650
14377
5840
5929
7242
15950
1561
516
10116
15189
8448
1967
14460
8075
7821
4396
1241
13811
14818
2204
8142
13091
9575
14992
12195
1912
4259
16352
335
3091
8046
8767
52
2865
9921
8022
15956
4851
8785
11124
1920
7656
15034
4463
11071
9958
12086
1321
3750
517
14626
2559
15387
6659
10911
7944
12468
7699
6502
7619
15970
4399
12067
12286
4034
5692
15652
5972
7979
12996
8397
1338
15146
4548
3562
369
387
13508
9683
9980
6820
12783
2541
1214
8426
5334
6960
7054
4832
10623
2935
4246
11784
1271
10940
11037
1772
13446
1120
8440
10776
6211
9985
9388
8358
9213
12529
10143
13801
5774
13208
6637
14396
16103
15512
7829
11475
15350
9280
13665
7576
12716
1088
2548
6929
9351
14676
13677
9471
10722
6731
10151
10671
15397
14782
5133
12186
13939
14852
9211
83
585
3520
15073
5363
5745
9481
762
12623
2238
11764
8469
8480
8178
1714
10049
13020
12526
9192
16374
2448
1207
16316
854
12834
5166
1382
1199
14114
6931
395
9337
5625
11897
7484
5477
8475
275
1557
8627
984
1117
6423
14858
4636
5105
11829
2704
15949
8509
14515
16224
13530
13937
11920
14905
11146
3800
10394
7904
15651
8850
263
11508
3792
4562
10847
2020
11493
14317
9820
5933
7791
3322
14489
15669
15138
1433
11489
9308
13717
2366
15091
9265
6634
7181
15129
6521
8228
15775
5592
11319
12255
4222
12853
1101
4657
10509
12312
10406
1904
13896
1879
288
11790
12252
3865
11562
4954
10279
10916
6879
555
5409
6204
13990
14873
9552
15578
11797
1987
9380
97
7260
6675
10283
9274
12809
3779
2858
11011
4627
8993
9353
8037
3641
14545
13626
8226
13094
10919
13506
6997
15825
13739
5966
15628
388
189
1160
4885
14622
14129
15996
9244
3849
15712
6510
1362
6496
15824
16108
2846
13347
8277
9109
13553
1395
10988
3891
2734
3341
2283
12019
15427
11230
5601
11998
10936
11371
9705
5702
8322
8570
9507
8690
11905
2263
7175
12170
13596
5284
6440
13527
12774
6427
7328
10131
4553
1211
3103
5580
11267
15201
11809
14697
13972
12644
15184
520
2087
403
9670
7772
11309
13270
7015
13503
9207
8720
13031
10737
15756
4217
11075
317
13543
3523
4330
13524
312
849
1644
2558
11874
15656
9523
11915
7028
2905
14066
4359
7324
12817
10174
6678
7786
1223
6369
12922
6871
706
12136
4427
577
8991
13311
14618
3555
8516
15024
2535
7422
10884
16208
5190
10766
6868
14648
31
6669
12546
11965
10479
12736
601
2696
7223
9222
5168
3605
6998
1159
12514
674
13583
3788
15951
14666
10191
499
11499
13668
3363
7039
6654
15329
521
6896
16006
8439
15050
16161
13429
1417
10157
709
10762
7953
6060
16264
6090
13010
14632
11814
7019
3469
12138
4629
13271
742
1593
14893
1813
10109
13236
9973
672
15007
10471
1158
9110
8356
3615
4802
12394
8074
1938
8375
488
7131
1139
9190
16349
15780
10158
9757
8229
6921
14721
2349
14141
9510
3094
9998
10894
2482
358
7828
2421
14156
8901
14258
12612
14809
5927
13146
10764
7877
14570
1036
15743
7673
1515
2829
5765
3284
10238
919
4036
15588
12002
13273
5425
4866
12190
14200
1250
15603
15501
3184
5561
15076
2059
2356
13454
5300
2764
15608
587
7002
16217
12978
5505
13033
13747
12981
4827
5408
16251
12517
8640
449
5871
785
11176
7587
4163
4003
13778
8752
8603
8202
15049
1523
7974
2894
14926
6230
798
14046
9246
2784
11846
3146
16152
12403
13619
4604
15668
6892
13321
15099
9687
5758
4226
5266
11904
12051
8365
10134
8270
6042
11615
13899
4360
14450
6054
1077
13105
2003
13457
15543
10099
13156
6469
7013
1781
1971
626
5550
10512
7617
4591
5366
8725
5324
6650
15636
9397
13145
5935
2178
921
2148
15137
12887
4840
5838
15165
13579
1275
527
1592
4994
15692
6194
4961
14734
3682
888
64
15278
14005
10519
8462
10308
9578
9399
11263
5121
5495
11306
8814
15125
8004
6841
11726
13771
8350
386
5914
15275
8532
15886
6270
3624
14004
7413
13532
8552
15019
4694
789
6210
11850
5056
12324
2367
15038
11552
12155
15105
8070
5797
9939
5258
4304
16119
1739
9394
11948
11843
12871
14155
900
1943
5674
14355
7151
15302
1807
4227
676
2028
8869
4479
11471
222
15228
2450
11787
14506
5111
7228
8507
6795
5298
4075
12183
5577
11770
12840
15092
13842
13731
5146
12338
2602
9063
6248
8499
3809
9509
13082
2075
14592
2158
9429
6471
5883
2246
4653
16283
8402
1718
14595
4156
1481
4942
349
9709
14761
16121
9794
15752
11160
14649
8798
9783
647
9599
4155
11327
9426
4979
670
9564
14337
6378
11518
14008
13932
8519
9267
7231
13118
7886
8388
13433
7247
1880
11350
7978
14752
12237
14257
11083
2046
8042
11243
5005
12021
13425
9601
3527
13898
8589
1285
411
5713
11776
8887
2893
10770
15343
6591
4228
6556
5145
8615
8782
2350
12907
8032
5391
4475
14218
669
10268
3088
12062
15790
202
2600
11115
13928
14690
16064
1914
3343
4042
7185
3937
1918
4502
16350
4511
434
7418
842
15649
6708
9824
10115
5312
7154
1958
13267
14587
9598
11673
1519
13017
16124
9263
4952
244
9012
242
12527
4616
15709
3361
13647
2415
12127
3634
1981
3558
12662
13176
9420
13807
6275
7923
14370
5084
12548
15686
15796
1336
13291
2790
1730
1757
16212
13272
7973
3764
4518
2115
9786
1882
9940
4422
12135
12499
3742
5110
16230
1052
6765
16025
6289
11183
14951
1229
3576
868
14284
9568
14978
7190
1925
13092
15220
12671
311
5393
4405
15085
1406
11899
473
821
16362
15369
9208
14900
12087
567
10477
4084
11581
11650
6170
5689
13136
2848
3310
7603
12995
7868
13505
9608
10413
3360
13029
7595
13625
14520
5821
6716
3139
469
9254
1038
200
9605
11050
6152
15346
13565
6687
6068
6254
10048
13379
14902
15107
3206
8934
14477
14013
1892
1517
6184
491
9245
13870
15957
3831
14052
623
1846
3144
16330
6747
8232
3677
3185
9860
6834
16254
10611
12335
1827
5257
3796
8493
9979
11836
13660
866
6271
1964
11171
1454
12629
13102
1956
1848
3818
11447
10447
15198
1302
14415
5201
15978
10064
14185
264
1215
10212
9158
6613
5820
4968
2160
5695
2939
2216
16120
2698
2773
9722
7761
2827
2545
14153
927
3706
8094
11271
8924
10
6835
15704
14110
6651
4079
182
9124
4908
14160
6579
16037
10393
730
13085
747
7766
3741
12688
12035
687
13370
3181
7096
8048
4823
14041
11112
2258
12661
9206
2774
8319
14142
5952
650
15782
16194
16268
1715
3856
11553
6975
15490
10630
5684
2564
7436
2067
4957
7286
1507
9761
9077
15204
11932
7952
11807
1551
153
10198
2821
12998
1191
15317
15068
13284
4066
4077
6033
14316
1021
3071
11593
11844
14877
6621
9707
3237
14594
15837
2088
8405
14001
5739
5531
6788
3882
4099
1426
11370
4194
14467
8311
4750
10964
10060
15552
4356
7724
10731
15928
8580
1629
7085
5715
6182
925
14635
1138
4614
6004
12022
4095
11298
3406
7472
1096
9032
16013
3177
9034
9259
15244
1053
2895
775
15408
13026
589
16243
11081
9550
4522
2555
4046
9511
13951
10469
1924
1612
8030
13012
24
12460
8023
6796
6425
15683
3627
8838
15051
2967
5083
2433
1534
183
15452
11696
8372
14429
16375
6610
5848
14228
15412
8953
6468
8758
15378
13961
1829
15788
4588
6482
4013
10810
1841
13954
4647
5261
14885
2235
12007
12603
1368
9299
12056
1328
3178
5647
10605
8618
6515
8024
131
8685
15918
13343
7312
11420
16347
11529
16364
7360
5609
4519
5272
12440
935
11931
12348
8745
1442
9577
6814
11239
2111
1059
8741
10270
16187
4899
10399
9270
13783
15923
15640
5033
14311
11981
11305
5193
13435
809
3524
13279
7036
5744
6190
15303
10966
8340
10854
7291
14975
7447
3474
7121
1290
7048
10755
9428
14516
4169
14521
3272
6429
1013
180
5928
6186
1178
13024
4420
6488
5696
14169
7207
5066
3926
6538
1029
4560
5164
11321
14375
10806
4818
3472
15762
13720
10581
11017
2686
330
3075
4980
15931
11016
2887
3239
5497
9252
15255
4372
5919
16249
2476
9826
863
5196
13399
11126
6888
2473
15621
3065
2048
6252
8233
13656
8026
1989
14849
2885
10504
11340
6703
12631
6983
5866
5481
9029
3357
8374
14030
7985
5904
642
12304
12500
12107
7410
11077
15849
2144
14997
7395
5943
7238
11708
2082
1661
11036
9641
3821
16238
8013
829
7061
7842
4634
14537
13514
7938
16334
1216
4045
3790
15354
14584
6858
13580
11416
7751
7099
8781
5142
260
15094
13943
16226
2319
10622
14717
13866
7633
10962
2977
9738
4902
13694
15622
5045
10709
11564
8254
9178
246
3480
14397
15911
4922
12935
4096
3622
8331
10285
725
9561
7440
6903
11872
5942
5861
13283
5909
10899
1709
11212
8367
15860
13703
7046
16326
10274
6926
1334
1132
12293
15086
415
5865
14315
5831
15695
15964
3059
7294
13064
11161
3548
14216
707
8360
16382
8281
16301
3165
11022
14293
3451
421
2995
15176
3953
14522
15646
12493
8829
12946
6974
3594
12789
14000
10237
12128
13431
9025
7948
6264
7853
800
13004
14714
610
10949
6192
5215
9639
9756
663
13859
5075
2975
9282
11670
16014
748
10809
14658
7446
483
8479
15020
15012
6087
643
6014
12224
15442
9476
2248
1106
11602
13773
4291
8020
4286
4836
12331
14009
8619
10108
3477
9638
3686
14910
3410
4424
1047
5239
11330
15524
12236
11217
6416
12429
16157
4651
7273
10364
14884
7665
7736
9696
11027
522
9838
8709
8721
13421
11184
13328
8577
11004
4729
2374
10416
1844
9369
6436
4215
2668
12919
7097
5722
5926
7591
4160
2926
4184
1452
5048
15308
9613
10264
4784
1023
11988
4521
9473
11926
