6315
10591
1465
12658
5146
3155
9101
2829
12420
11704
11728
10360
13582
3183
691
11863
8055
1257
9354
10647
7727
1224
9121
11722
12143
5497
15614
13452
16337
7503
8417
13938
1280
14884
4187
1204
11113
11402
1916
2038
11631
9514
8953
13266
4486
11227
14613
14679
12977
4082
13293
7237
14052
39
4905
8722
3456
2911
880
15578
15560
1236
5882
6114
2441
15962
3097
6869
14181
14896
5361
732
9390
5466
5050
2619
6686
10744
7106
11135
3257
2900
5026
13094
2927
3271
4987
2020
3314
10427
10236
16067
2017
6200
9689
4640
1621
15343
5532
11036
13490
12475
15388
1608
3944
8744
6804
11852
4097
9804
12488
1447
7745
2422
12202
6342
1694
7076
13976
9431
10212
2351
14229
212
411
3237
9302
8692
11496
8539
659
5760
6159
5158
8847
13022
14051
1387
11158
1830
6540
10090
2475
8917
13982
12852
12936
11374
9510
9940
6135
12149
3430
4869
2552
1229
4627
11750
11626
5333
2379
11200
13589
4372
7144
1787
2308
9585
7566
11303
3540
4426
1101
1206
15825
13570
7206
2765
13862
11754
272
1072
10405
7694
12851
11662
9943
14155
3688
7474
10987
15135
3248
8010
530
7182
1291
9811
3914
15878
3405
9584
15504
3638
13021
11785
13471
8436
5930
3390
13167
2988
2178
10767
10652
13417
11987
1129
5253
8592
13146
1969
13484
12348
309
6402
6477
2117
5847
11621
6201
399
3524
6011
9201
16033
11967
12825
13394
11968
9170
117
10870
3609
15312
16092
13491
856
5442
14029
10541
4421
14294
15583
8384
15756
6556
12301
5593
13795
10564
271
3325
8427
6983
15783
13675
4970
1550
11526
4581
11879
8700
2888
4242
153
11328
3381
6573
12084
486
10119
1125
15030
90
2878
3616
4697
1409
11834
4149
9357
5133
15852
38
9729
1251
13154
7559
15152
649
3397
15176
755
6002
14027
10396
12090
12876
16039
13419
8018
7320
10779
9045
12996
7505
6932
9203
13098
4347
10963
3701
14591
3544
14897
14970
13406
15960
5666
8928
3814
12252
1163
8179
12538
6868
14708
8121
2847
2194
15599
10660
9250
10323
10953
812
505
1143
1415
11081
7480
5189
5940
10618
3947
11577
7422
2823
3216
2719
13743
8689
11507
11370
13336
3841
12038
7229
14123
3033
1175
8497
11547
3513
1324
14364
2339
828
2435
10132
10207
13984
959
3951
1951
2119
15833
9590
15290
7205
8615
13037
6828
1232
15894
9223
15848
9711
5348
5202
13920
6360
3432
4631
12741
3206
10698
6010
9808
4240
12196
7693
1752
9386
8806
13972
653
12468
2581
9072
1297
8681
2891
815
11541
4564
7259
1015
11508
4059
979
7605
7819
12724
4087
13055
8922
4056
12114
9913
654
5084
11018
5518
980
4502
7974
9443
4892
5302
5013
6345
4448
8053
3786
4956
9747
1357
10256
5566
2576
2634
6989
9428
495
8455
825
1259
6569
11076
11997
853
5358
2883
10693
6365
6673
15045
9441
8141
3579
13676
4616
12362
5843
8921
12378
4669
11058
8269
15254
11972
5480
10277
593
12255
1292
10153
13842
9980
8235
11358
6136
9412
12621
8961
13721
5412
387
1950
7342
3457
6057
9451
9903
789
11706
5864
4582
11469
6133
13823
13604
3859
9102
7252
1814
10614
4565
9573
658
5569
13023
3523
15536
14638
5728
12417
5380
4641
3748
6300
12894
14125
2072
3077
11928
13673
1727
2344
8786
8025
9795
11880
12520
15258
13655
14387
7426
7571
9140
453
14562
14038
4836
1679
2782
12974
4606
12708
13373
9576
1253
15400
7347
7264
15926
11340
14662
569
11353
4389
5547
11201
12842
7223
1411
14510
4967
11758
13134
14796
13943
14057
11781
7218
4318
3081
5047
16085
12655
4588
14484
8028
2257
5152
5639
12564
6162
15734
2672
6590
4032
4124
2005
2227
5057
7654
14815
7016
373
13814
3123
3403
2761
14614
16318
8916
1397
12222
12325
2442
3881
3115
15915
3684
14102
13912
7810
8861
2750
4525
3853
12669
263
3368
774
9855
1012
6375
672
15730
11157
15988
12666
12664
8014
11911
1521
2172
8241
7592
6417
3722
1564
2547
3365
15138
13686
12995
6393
1776
4118
7528
7167
235
16342
8352
7598
12785
11143
11363
13913
9836
9091
6101
8754
7751
5033
11820
820
11529
8087
1692
16105
2647
3377
13039
14076
8741
889
3736
290
14635
8775
3359
10722
4154
1116
8433
12941
13095
7047
5584
13213
13610
471
5846
138
947
3
13075
11905
14097
4537
3330
841
4371
10189
8910
13740
10267
15064
6130
5526
964
4261
10024
3949
1963
8090
19
14248
4774
5389
2539
15041
364
15547
13044
3490
15546
14917
358
12719
8104
14725
756
2385
11923
2538
15332
10794
7308
9344
16362
11130
240
3617
2875
1113
9672
4142
15786
14018
8147
14301
3847
10694
4340
4547
13989
3294
13909
8066
485
3626
6111
7244
10829
13242
8423
15226
1489
15274
12963
3484
5782
3966
10104
11555
13413
15512
4936
3651
4928
9935
15565
5786
9997
8871
8255
8819
13728
10572
7736
4408
13600
10974
13488
172
11347
10416
15292
1200
11498
2763
10932
7593
14419
16302
4355
9135
3295
1560
2698
5112
13522
15289
4591
14171
2892
612
10736
13784
6674
15511
14404
1771
4749
10658
13674
12269
12839
12341
4128
2648
15591
3751
12822
10054
9881
5053
8566
10167
10375
14429
9050
6624
12651
11603
13054
16161
961
10216
2159
13724
1225
6244
13710
8211
2633
11632
13267
5751
8583
11362
13835
13122
12321
3878
7561
3105
10014
9246
1487
4343
6146
834
1154
5279
12543
3136
1898
244
16381
11338
12244
2091
6881
6756
9063
2018
16368
6233
11471
6816
15668
13751
6548
4735
16346
5804
13114
9856
2981
15492
11252
3564
15036
10397
14781
11040
14664
12567
2390
14667
4761
2111
15913
14859
14885
3784
3861
8500
15406
8199
9188
12183
12778
4100
14914
8037
548
16211
14995
11561
1724
15742
15440
7255
5583
11072
9490
7796
4625
10380
9549
1033
5401
9736
4744
15929
14941
12517
5170
11450
14469
8669
10254
1242
7273
7575
14532
3703
14114
3770
7586
7827
7428
13451
7416
13736
7297
11211
15322
600
13494
12696
7987
15106
14658
7059
7258
2658
15963
3554
9338
12032
6191
1201
710
11197
15719
9077
13515
14497
8310
16347
14345
15802
15201
1926
3620
8903
16264
6387
14426
604
6150
2861
9895
11593
2629
15264
11208
11731
14789
5208
8
15261
8153
12106
2277
2998
11935
15
6751
8418
13131
15162
1107
4742
5272
3349
8227
12528
2952
1059
15721
2369
2688
4205
3346
14910
3905
3990
1668
4361
3459
129
6049
2386
2568
11298
8552
4628
4813
14418
8347
5520
4167
10121
3031
15438
9482
12916
9915
15221
4239
7323
4136
15534
11536
112
12997
12830
10772
14632
9175
5334
8900
6651
932
7731
1562
3992
4554
2574
11042
942
15897
712
5852
16356
1773
11037
14425
11147
2337
4590
14453
602
11472
2670
14360
4427
10066
3910
9973
11188
5739
6778
9366
15519
4521
5311
2501
3022
8301
14002
937
10339
287
11225
8771
2033
4384
9757
6440
7130
13679
4457
7684
16305
6144
15602
15933
8991
92
7853
15381
8195
294
15571
1459
8283
10650
13628
1943
5467
1783
12904
7089
13280
4066
13407
11815
5506
7912
9298
13301
9581
13898
2085
11521
5117
12110
4597
8409
4407
12734
2745
12515
5054
8629
2834
10667
343
4831
3690
7250
14253
7665
15593
2411
2982
9531
15862
13866
1250
11777
14988
8531
5622
8879
12486
2864
7885
15076
12755
3113
7663
9159
10141
7231
15142
16262
7301
9851
3259
1651
14546
2429
8982
1112
10798
16187
5867
14644
9874
1895
12870
11690
2591
12070
12691
7007
15372
5860
15854
1761
1594
1737
12316
11141
3102
657
15738
5660
9507
13772
3954
8640
15659
136
8659
161
7306
1870
8678
6797
12349
9200
6205
2112
1525
11288
11443
5721
3499
12207
11248
13220
3556
11970
7199
13393
2596
1674
5021
10840
3952
12339
10332
12597
3764
10615
13501
7735
11322
8323
8781
10792
5832
4837
9860
6564
7870
11622
7349
8300
8646
2353
9616
2425
3293
6912
393
9816
3547
4225
10597
3882
13726
2208
6438
8457
3185
12866
79
10848
10549
11607
5222
7818
1266
12873
13697
6949
10287
9826
4711
7632
15505
5004
8912
5572
7
12771
10625
14028
3574
5807
12082
15869
10864
1700
12146
2052
9937
6687
9347
10026
3561
15130
13257
3818
14230
12568
2508
15548
1346
664
5457
11375
6847
3733
13793
10215
4825
2099
8186
1169
5552
15587
7615
8142
14506
4985
4971
2691
12287
2928
6676
4314
6690
15483
14250
12228
10606
8057
2513
16114
11224
13073
3054
16095
13787
13020
13758
4183
11163
12484
10633
11307
11745
11684
12828
5446
15384
6118
6696
15383
13372
7816
3745
5722
765
3089
2822
14100
1016
5313
15927
14749
6525
2160
14612
11845
433
12850
10200
11223
1445
16242
10992
10193
8257
12504
11831
6120
13348
7003
1937
7063
10032
4209
15703
4111
660
9427
12119
610
5062
13495
15766
6012
2407
14834
4333
6398
8043
14069
9746
11449
2554
228
7441
7066
8725
8661
6039
15747
6898
13009
2034
14633
297
12952
9988
16117
15314
15476
9113
3557
12903
11436
7921
2439
1672
14578
2116
13028
9779
10958
5379
3273
341
16051
14188
14818
9372
10975
1970
16233
5653
5324
7084
4228
10881
14794
10620
4816
10555
9169
12746
8679
9036
1172
8634
1667
12541
15184
13975
14634
10177
9236
3567
11012
11901
9497
13201
4553
9238
1811
3906
11259
7166
3699
555
7699
13957
10902
16353
12812
427
10484
13440
4589
6476
3477
9677
8906
2682
6294
11006
13850
16330
1223
5872
662
9416
1443
9899
12094
10086
3046
10926
12883
10409
13361
12175
7400
4352
9265
5154
13327
8319
14032
7487
14061
14227
14606
9773
400
11544
12471
5892
16263
11565
1908
15096
10161
1300
11503
7030
11124
1290
7224
8650
8986
2304
13159
8366
8167
1591
4504
6289
10286
12031
1952
328
6836
992
10295
9517
8078
10039
1845
2118
13991
9817
14865
8609
14857
11181
11172
2448
10188
224
8755
7497
1848
6245
9041
3734
10802
9281
6004
6058
3628
7973
6661
3980
10515
15336
9932
8803
8072
10304
8180
3279
9219
10443
5032
13568
12710
16084
13058
10222
11889
13308
6214
6581
11279
4191
3321
13276
15238
12818
13895
11315
13841
8888
2010
12141
11560
14799
14778
8767
8397
10793
6625
9705
2480
1543
9629
1497
5779
6293
5558
13060
9114
8528
15241
11170
12079
445
4173
4929
6100
15378
2255
12533
9977
5894
14256
15749
10261
6154
15393
2252
3414
5743
5704
5870
216
5278
8131
1051
10531
5077
2371
1007
11773
3809
14861
2170
4177
6740
4690
13819
14561
10183
11285
11061
14926
13561
11794
13256
5911
11440
14239
13752
1666
16045
11570
11971
14556
15526
2803
13640
985
4964
2228
14841
3560
29
12345
1468
7968
11019
5081
14938
9446
4726
8088
5723
2032
4782
14904
15706
9778
10885
5671
9233
15735
22
10342
3876
5374
1130
8349
11293
5829
3153
5833
1804
14588
151
1032
139
16183
11836
9696
560
12718
2401
4700
8733
5115
5353
893
9961
5986
13530
6040
10028
7740
1720
2229
2898
14273
2741
1584
8950
1769
13580
215
9602
15917
10517
10480
11494
1911
11387
3012
7031
7443
706
1460
13004
7532
8564
2889
6514
12540
15868
9328
8553
3583
3353
14630
4764
10363
9313
9822
860
9893
8421
14690
12407
8470
10148
9481
10486
11422
12898
15236
5598
10252
14143
8194
15101
13562
12221
10350
5645
3592
11378
7087
4017
9884
10578
8884
15002
14308
2359
11075
4328
2903
5687
3003
6435
13556
2491
6958
13831
4185
13633
12882
7355
912
9420
9267
16276
16003
13732
443
15136
9031
9731
8169
1689
12899
15767
12821
15576
6392
4595
16054
15239
6026
3719
11866
4288
14704
11882
14855
15134
6706
2289
8223
8149
12563
4601
4184
11557
7790
6306
4121
517
5304
11202
6279
8663
15712
11035
292
7376
10338
10944
13454
217
13536
7587
14380
3615
7204
3307
2550
3008
7420
7690
2181
10285
14382
7057
15060
4719
3398
15220
7534
14091
11618
5840
11654
11270
13208
3864
13216
851
5493
1171
8883
12387
14244
7839
2854
5422
10330
1351
2053
1373
1899
4442
15939
12133
14907
499
4815
1575
13650
7177
6760
10795
9500
516
1260
9965
2389
3894
9976
14153
9634
7720
1312
13531
15278
221
4778
1243
220
12814
11990
14379
16255
7661
98
11534
14187
16075
12147
674
10347
11098
3772
2563
12738
7760
15683
10160
1892
1500
1020
3607
16097
260
766
3925
371
6939
11108
6637
9802
1025
2071
4051
6408
5498
16203
2613
9924
13124
11253
456
9166
12131
15170
6874
15108
5887
15154
11497
16081
15830
10233
14409
10202
4942
14803
2323
15968
10803
3336
6536
10715
4444
4939
179
2973
10766
11454
4255
15249
1730
4673
6192
14105
13783
15178
7456
3960
9123
8820
2193
2143
11262
15193
14711
11696
14140
1071
4707
14000
9873
12398
10567
15727
1538
2971
4360
14007
8506
10570
5425
5391
62
9703
5620
1990
12770
449
5331
16006
2470
3122
15574
6
13896
13193
6453
1574
2781
6236
3338
4481
6252
3437
12749
154
11904
12226
11110
2036
3977
7791
15035
7475
1513
12253
6695
4558
8136
12426
2400
12411
13865
10165
7662
9185
10649
10933
8056
9350
7776
13946
10465
15150
9229
5585
14496
7348
3681
9013
12124
9954
4113
14844
2743
8174
7949
69
5270
3630
5046
8887
14590
2944
1808
5609
616
7847
1722
12648
10889
14186
6862
1402
3064
2842
5140
13992
14223
7644
1545
1731
1520
6080
7004
4908
15246
3595
9280
12968
1231
7546
16171
14811
5405
10373
6675
8489
6785
7009
11945
10010
1537
14108
1338
2736
6574
15541
763
12924
13397
10211
15086
4109
998
13591
5350
14862
4745
1330
11865
6088
2307
6364
12841
175
5316
4354
5652
1070
7379
2787
12201
14850
1959
5621
12195
8642
8864
830
15744
11514
8166
10981
9230
13315
9568
2726
13653
6499
1027
1412
3801
6646
723
4466
3079
11232
8671
3602
4722
4981
16037
10344
10970
7134
9503
11771
8017
579
15266
2584
13414
5886
12808
10685
10858
12193
10590
15368
10700
13714
6277
6102
8451
16320
9126
7702
9293
6776
12368
3893
10312
8812
4865
4560
8841
16153
14292
7196
1350
6805
7691
12519
205
16002
5429
12804
2235
14388
15736
9438
3376
966
7951
544
8264
8891
7766
12544
14055
2360
1785
10382
56
845
9889
6733
11752
1839
3372
13962
9046
4454
2006
11735
15954
14791
9770
14534
3887
9800
2516
13904
15161
7340
4659
10627
13140
9525
11587
9007
11357
12683
15598
3217
13541
13619
11182
1860
4235
1965
915
13927
4503
591
307
8653
15826
2314
10288
10893
4290
12246
13011
871
4874
482
4765
15491
2916
7712
13156
3957
13179
15307
6332
10740
1559
10568
6956
6434
10883
14730
8377
5037
11907
11540
4388
231
16365
3431
11522
1421
10057
10535
1037
10151
5830
8525
11594
2739
167
5772
4988
12872
15270
16108
4986
4679
1810
6504
4197
882
10692
7669
7652
15809
5252
6823
8096
11460
9480
1455
14293
3994
14519
10656
12461
1580
15169
10773
6199
7565
14403
14958
3993
130
7993
2793
7850
2818
14854
719
9647
4439
1449
14392
3782
8093
7046
9111
13303
8904
4369
1335
15708
7826
8892
11195
13390
2265
7920
11314
888
9905
13598
6994
6412
705
11256
13034
9418
5960
14297
945
5012
15470
6170
7935
2507
12615
1756
8150
8942
447
5692
15300
10388
2526
14798
3959
11628
14340
4561
9740
11332
1028
8826
8173
15979
6395
8294
13887
744
13715
1662
4287
8730
7316
4147
10420
4221
1390
10490
11843
14976
7065
1784
4556
503
12329
7464
3045
5128
428
7265
15544
12960
626
14159
13456
8491
4960
6413
13207
3389
1586
13439
2069
14298
1781
3728
9983
134
8422
1532
9819
11929
5440
16053
14636
6280
2768
1650
4838
15800
10452
47
11100
10850
10413
10266
3935
15159
1364
3868
12534
14946
7148
7195
8196
7127
1490
12080
11874
4368
4513
13839
14139
9690
14666
8565
1365
14488
9413
71
1886
8732
1158
6151
11254
11578
6278
15151
13910
2992
14538
5573
12846
3543
13285
14607
5928
5069
1270
5981
8752
9712
15916
13434
15437
5686
9721
12073
5261
1091
15856
14621
6970
7368
7894
4585
14130
14041
8823
8045
2250
11289
13235
6670
9128
4063
14251
11951
1702
976
13279
4996
13385
3969
15639
10499
4511
15004
6512
10479
7756
12231
11251
9950
13195
11937
2514
45
6524
3600
9146
4612
4907
2145
6231
14490
7186
7283
5205
8003
4146
5330
2384
12429
14596
14371
6385
10896
15116
3958
5005
12290
10152
14820
14445
15769
4409
5713
337
5435
12107
5698
8419
12946
6204
11139
14128
5510
10938
14713
11747
10497
7390
12796
9305
13149
4976
7440
9109
8555
11275
15473
9788
14800
6250
6384
5576
3286
6157
13255
4857
12071
7409
12699
8082
4180
10279
4189
4433
12947
9513
15485
2650
4941
5717
2150
11859
3069
6239
7373
15932
15299
15072
4805
7452
881
27
13424
3412
13371
10051
6602
11350
9781
1088
15615
1049
11492
15806
13871
9311
6986
2131
9095
3485
12087
576
7953
6749
722
15089
13846
2237
7437
3425
8262
2165
8896
15218
16134
7863
12950
4776
5663
899
10120
2030
3667
4842
8811
13906
14046
10909
2084
8570
8324
2791
8291
8946
15971
7806
960
11635
10634
3672
4733
4623
9570
7562
14533
502
325
4119
3177
4035
6782
3388
16148
3024
12586
15685
8372
9814
6164
10837
1241
13107
14709
1078
16102
9587
15601
2627
12293
3706
14772
8620
15510
3824
14570
13074
9429
5611
15616
598
2919
2185
6910
4951
842
3492
16080
1671
6380
16287
8799
9261
11136
2628
3298
10262
33
10458
15845
9212
13606
9824
12723
12679
2171
6987
10432
15509
14192
367
7453
1267
10155
5167
6857
8233
15818
3205
5581
3576
15355
4403
8966
7387
9727
6969
8100
273
3247
2249
3668
12782
8439
9805
6629
15091
8714
2217
16339
12072
16266
13313
3911
558
14566
874
12579
2106
15286
2092
6285
5877
9471
5008
7445
4041
15537
7832
255
747
165
6838
195
4775
1849
8097
5209
552
11064
14598
15982
16335
1264
7924
10983
3666
12498
15773
4193
9869
1038
6762
884
6090
5962
14801
8905
108
5542
4476
12310
2375
15349
9562
15695
3010
13555
2608
5527
1793
15755
972
4969
8023
11938
10021
7502
5359
14952
10748
609
7119
15840
3686
4201
3725
7053
11107
5135
10393
3597
13222
4069
3282
13306
10368
16333
3654
13857
14677
2368
8190
4286
7758
14053
14747
8698
11116
11336
1862
15624
15474
4114
6754
60
13337
14906
6615
7462
16071
15379
13493
5178
9484
15654
10699
7467
4551
4402
6166
3506
4273
2809
15215
7943
7213
1753
824
14258
1040
9082
16323
4723
13516
8788
11881
10528
7311
8499
9537
15356
7435
2717
4509
6843
15772
1126
13892
5505
8038
12217
8831
5306
1639
9926
9758
16082
3407
16077
15313
14261
768
10424
15375
11384
14355
11947
3976
2625
10844
16383
11085
13311
15119
4827
7070
1938
1573
5821
7396
956
6019
9985
8607
877
8914
6596
15763
206
15849
7730
5470
5577
2356
613
3562
9078
15581
12895
3972
13520
15094
2525
4080
9867
13601
4655
1207
3132
13467
3793
9522
16100
745
1988
3640
3433
11841
5126
8974
13636
15421
7886
12893
11490
10142
5812
11548
1882
1177
16086
7538
2957
5463
7957
14376
15028
8579
3139
9099
10503
13081
554
2328
3335
7986
483
6163
12612
5465
15164
2334
13692
7279
951
2443
15986
12687
230
9975
12374
12505
15284
977
16296
6061
6923
8402
9554
3121
619
2794
5984
11778
1323
4033
11302
4527
1909
2703
637
4540
14170
9765
1928
11533
8390
6710
8403
10355
9962
1305
5980
16014
454
8648
12085
10851
11423
8494
3213
4852
16022
8302
14347
5925
12556
14147
5214
2837
7408
13059
1055
14573
15017
4931
1979
1164
8069
15687
8613
4896
1099
5835
3254
6077
8790
2843
12268
5085
11038
13384
7238
12733
3844
8392
11924
9457
6627
3591
2166
7944
4618
5546
2859
13205
10059
12042
6261
4350
3816
15128
9316
4904
7122
8627
868
6818
12766
6270
5973
6078
2759
4322
1237
9168
16155
10113
8456
3317
13429
8567
3449
10950
7569
10306
3740
5799
14683
1648
5312
10487
15305
9994
16178
8554
10195
8398
4916
6451
15146
12320
12443
669
16228
10016
939
571
7852
15196
1867
9605
1915
10822
5564
4839
11186
9572
2184
6023
13366
1788
10761
13139
12884
10146
3387
7545
3109
6811
15425
7983
4961
2609
9180
3287
13457
16177
7677
8408
6466
3934
88
7710
5815
10732
10500
5810
14313
12987
320
4083
5231
11133
15242
14158
7113
8230
2534
14225
7298
12076
8504
13986
12489
9923
9269
10826
8102
107
509
14043
15109
8675
6568
9118
2937
15740
3775
10721
3239
1124
12336
15553
12121
8395
1670
11689
15961
748
12566
12482
8605
14003
7110
1045
9360
8348
5323
14498
219
13998
4406
7732
6217
10319
15891
10563
4611
407
5579
15953
13973
6464
4704
12849
11317
4456
3510
4359
14110
7450
10083
3443
2263
5974
2285
11590
9737
7068
7414
203
16149
14962
13760
15471
6176
9532
5604
12942
12449
16244
8202
9776
905
13177
2816
13765
9820
6929
10073
7781
10683
14611
12167
1917
12427
10720
5917
12206
5322
7523
13183
10928
6394
4532
15209
1190
64
3303
15680
8761
6691
6705
5468
5249
9812
12688
8782
8273
6662
8636
10477
8808
6353
1510
4791
395
162
2876
4648
2352
1269
12053
5944
10799
10354
14527
11282
1293
7108
3180
12067
578
2588
2811
13410
15728
5291
14263
8774
14860
2313
6888
13510
1526
16123
13168
8143
13560
14184
11505
9093
5035
7658
10377
924
6758
11942
11686
15443
15949
11804
4583
436
894
11699
2611
10331
4253
16238
2965
1596
6914
10996
13942
4656
13671
6908
4120
3987
2153
6355
11535
8188
13875
5891
15397
14755
7469
2975
3498
6295
3341
1348
4541
13709
13827
12366
1986
11808
7080
12673
4299
14521
13534
8001
14543
697
14194
10655
8370
13905
9879
2699
8795
9607
11474
13029
1086
469
4264
11814
15417
6346
1619
9047
12807
12509
14394
10035
10203
13316
2529
15778
11899
12261
7537
11608
742
1469
4012
14367
14526
4117
1054
16374
9454
12856
12792
2051
9314
10349
2934
10936
5942
5935
4539
4224
6407
9134
15371
14330
9373
11361
15452
9626
15948
975
6713
1419
166
13483
2494
10476
13388
7608
15879
2391
4144
6457
1226
15071
12638
14531
11280
13748
6630
2268
13667
1153
15399
5090
6933
15686
10663
9432
4975
6585
10965
15435
15065
7759
6577
3720
7972
12912
572
5426
7303
11985
11015
7844
3848
14977
16240
15053
5615
9597
10540
13983
665
7221
16145
13916
6565
9183
15411
11652
4279
3802
13288
617
305
3067
14020
492
1875
2603
3647
11584
2712
13231
5300
4644
1876
12835
10154
10609
5204
14688
6766
4437
6724
12753
7157
3340
5459
9453
8710
6593
7915
5207
5318
1478
7141
11817
14077
8571
16147
14439
8276
5094
771
10321
1613
7102
12783
16372
10159
5150
9823
7843
10518
12284
1378
16009
16359
15374
13161
2562
12423
11977
4777
291
8253
14932
3819
6714
2807
15990
986
10728
1249
5233
6899
802
2653
12266
6056
13894
414
10238
7075
2860
15140
15792
9296
14673
12223
4254
7121
9901
14023
11996
10337
10436
11925
1131
5381
7219
627
928
1228
13367
3195
13914
8467
2524
11569
3534
6182
14015
12335
9553
11703
15047
14960
7034
8670
4008
4681
9069
13436
12347
1367
13521
11793
3147
6976
13794
1503
15942
3211
13543
1533
10542
9459
1282
6649
2225
11383
3920
8588
1115
9863
10056
9392
3028
5108
13643
11090
6225
9506
4159
4548
1119
8604
285
12155
490
10679
1355
4674
14424
9849
2732
6460
10244
9323
5036
5855
8208
10832
3100
9479
9933
460
2393
14291
10018
8576
10811
7143
13646
422
15118
6445
16380
8479
5349
4586
4014
1563
9286
10268
15653
10771
6921
3747
1906
12485
3360
12589
10565
11439
171
5246
13211
15433
6328
1723
11485
1684
10112
8536
3594
7397
4112
7521
257
3662
9329
6418
16327
4215
13093
8334
4720
2606
9660
9890
426
3665
15031
11737
15442
7755
15477
1009
7506
3678
14207
948
13342
1936
8901
15232
12151
2203
12178
15838
8046
10328
2218
3420
13200
14716
6036
4105
3305
1438
4772
13535
5138
2043
13492
12225
14552
1919
3546
2028
331
3648
8318
9530
1471
2365
14016
3137
1885
13603
14202
10857
873
10000
12536
7683
3865
5285
4596
7391
1855
8971
9148
7044
12817
8951
6552
5181
4997
2296
15883
8947
11639
13450
6658
14288
4959
13015
11484
5769
8344
10675
11992
11946
3929
1704
5702
7410
10365
6177
13507
5198
5818
6141
4989
11354
14786
762
7330
11636
10741
1799
16159
3245
3164
9213
58
7351
10774
10550
4919
13438
8406
3035
6723
6606
2372
15645
15279
15496
3163
6227
11191
6013
10257
6492
4482
6048
5038
5364
1534
15671
13117
1647
670
1953
2134
10659
3614
8373
4291
818
15141
5474
6984
11286
1128
13558
7539
8162
11663
7597
1932
16206
13402
13229
3781
9492
8591
1048
14734
14177
11875
9865
16191
777
16237
8637
15595
4401
14879
1972
1868
8793
3166
466
7055
1717
15626
8009
1450
3529
14342
1643
5159
12337
8702
2871
9577
1304
1609
906
8337
7334
1395
1962
11774
14363
11005
114
15907
7215
15460
4319
935
6553
6916
12677
7937
14886
2248
15376
1209
10107
10804
2533
1843
10457
9846
14485
5795
15016
1854
6876
13214
1540
15649
5699
14473
8134
14640
15367
12322
9612
7964
13805
3088
16143
10723
14610
8828
15622
2132
14934
145
13128
2047
3158
13918
5479
13903
2392
2129
6208
7638
1375
6850
11287
12890
8154
13477
5136
13523
4003
13383
923
16288
1740
10682
3520
14647
14924
6209
11228
14757
14433
3968
12745
11638
11606
2108
11847
3623
3995
10179
3531
6072
4633
15832
11316
9324
7002
8548
7315
247
14056
6947
11898
13707
11619
8989
13391
2913
10733
8600
16101
11953
15180
6029
1256
2929
3296
7498
1319
3020
11886
7033
10979
9282
7892
2097
2686
8563
13947
11447
11783
3364
3233
9878
14602
864
8061
5748
10072
13097
15175
4028
5601
15628
6575
6452
16272
123
6589
11457
3541
7716
9848
4567
14133
5747
8589
2950
592
12716
896
4901
7146
13125
10009
4231
4689
13688
3577
11782
7247
7619
16031
8237
6331
6595
7425
7345
14082
4994
14173
3129
16065
13025
11959
12743
8881
12550
9252
10166
1457
8471
10551
8898
13101
84
13891
5919
5599
435
4039
4814
3948
4806
7056
13812
3785
440
87
12490
724
15464
4522
11480
2055
10918
4945
4339
7040
14726
3833
3570
10530
3975
2167
12331
14623
16172
10543
2348
10400
13777
14738
13119
8716
1427
3422
8299
3832
7005
15431
8763
262
5161
12703
519
13514
16118
2130
5626
640
13506
13798
10743
11194
10204
16250
2614
6406
15125
10582
7129
8852
7169
2902
1759
917
13430
5469
10940
3830
16164
16349
11546
496
603
15459
984
8550
4179
4608
6116
15173
14980
15882
12694
10509
3489
1361
4116
2387
5654
5822
9096
10525
13221
10071
6803
4995
2537
5915
3366
11392
4431
4785
1398
1006
14972
13965
7721
10070
1754
10562
9730
15881
2464
15582
12791
8585
14535
7302
11659
8148
4514
7291
11105
2731
11688
258
13951
9914
10036
6814
11922
9339
4811
11369
12523
1579
3218
16248
12914
1786
16332
3312
5454
1947
5220
11446
9470
6608
539
5395
6427
9216
256
12725
1949
6808
16129
5803
1166
7027
448
2284
16378
4223
11624
5011
8995
12937
9995
11407
9120
14047
8625
2175
5997
275
523
11509
295
11884
13136
13713
7905
15217
703
2716
9504
8362
3454
8431
14487
9320
15672
6024
7914
5634
1096
10566
67
2086
10128
3884
12156
14044
12185
3491
5144
12732
1271
15495
1768
2777
3650
7381
3401
2799
6180
3849
8182
15303
7418
4643
12129
5423
7197
3170
2476
14761
9981
14695
3702
4820
13144
3488
844
819
14118
1549
6196
9039
9952
4812
9508
3018
9784
15205
3536
12922
15555
2960
10297
1593
2848
4422
10478
12865
3350
14323
8065
16192
10632
3051
13553
8519
14877
7604
9469
7413
3888
8595
10790
11346
12317
9331
8261
9004
7954
10856
14717
7768
14648
2766
7411
801
15989
1652
3761
6644
1053
15623
5317
5485
4867
1629
3188
10967
15194
15104
6498
10954
12546
10994
15247
6003
11487
8938
10915
3963
5416
12219
1284
16367
8949
10930
4516
15160
13046
6901
2894
4155
11430
3226
15589
4909
9567
8796
16094
1658
9536
14505
14413
7023
12384
310
5578
16057
2906
7574
6841
14001
2206
1858
4018
3618
8551
3629
2274
9631
15531
10513
5763
8115
15529
4810
1156
15507
6880
14753
701
14427
13782
11767
2841
7917
8666
1023
13661
5308
1837
6070
14083
11021
7335
10917
5168
7366
6284
89
12028
296
14871
8346
921
11348
4937
5731
283
1813
10217
11274
5559
14089
4077
13870
10671
6485
9407
9858
2873
9367
6807
15549
140
11465
4081
10613
10482
2701
3091
14421
4282
580
12867
11523
13804
1967
13233
12892
5315
12625
12256
12633
7788
6082
8254
16309
15446
14482
8059
2418
2026
12643
13853
10901
3141
11007
10575
3192
5507
1548
2599
2812
12665
2636
13932
10812
16322
6251
1062
6679
6416
4666
2558
5719
1576
4910
12626
5059
491
14764
16040
4379
15607
5397
12001
15120
12012
14398
14093
13170
6160
8156
7164
10234
14328
2708
2336
459
11707
2461
9708
13576
12350
2362
10310
186
11646
13326
7112
4166
1140
8371
2451
131
8687
8176
4978
11470
2800
10309
5544
315
6981
10357
9020
9700
9435
10504
8731
6904
5796
7492
12058
8106
6570
1240
4022
752
11800
2675
12276
14928
4914
6737
11828
4396
14953
9164
13971
11067
5988
12680
16163
122
431
5295
10775
14983
8736
12860
13472
2515
6483
6340
13482
803
14718
14712
646
14936
667
4958
8765
2815
1435
4474
8876
11376
12216
7232
14592
12789
17
13593
3693
11827
15877
6579
1318
8073
9359
72
1797
15758
4917
12102
2657
14670
5924
8002
14651
2851
15029
1160
14074
15486
11605
11627
13595
2454
7798
3514
12116
10325
14479
15444
8128
1189
8703
6273
15347
14965
1005
6240
1180
15530
7908
13408
9623
12396
1542
943
6546
13310
15585
15525
8929
14268
10004
2572
12467
13694
14825
5371
12311
12128
3870
5392
760
15191
9381
15042
8934
2243
16280
14060
1374
13392
16133
12714
10619
6065
5691
15395
3637
1252
3442
12720
10714
14828
8713
10214
9635
3956
15174
3128
11600
9688
5196
9181
3955
12237
999
16271
11296
9084
556
11994
16210
6381
8460
5216
2789
8784
4671
15737
9630
5299
9947
15903
8849
13018
6474
9744
5811
8835
9624
5451
2604
11331
9417
9939
5746
7765
9035
8342
8936
4654
2427
7980
5010
7022
16141
4895
14304
15362
736
11117
14098
35
9797
16122
10843
1182
8690
13051
8858
8505
12340
11444
4331
2342
12887
3343
12640
13416
12034
9718
6626
14316
696
9297
13252
1310
10880
6143
2824
6336
791
8851
7887
16079
15720
5183
2322
14894
6769
12611
7289
15634
6032
2695
11734
7676
5134
13963
14646
8515
779
5310
8753
13567
13872
13396
4492
4708
8013
7931
2954
13877
9750
13888
2852
16328
15723
110
3919
2100
7484
5365
2521
5730
8606
751
13926
16329
14381
2286
8234
11653
12127
3367
13281
7058
7678
8099
1436
11792
9395
15025
8140
15739
8218
6264
12162
4248
5513
3777
1370
2278
14457
5508
10630
8639
9079
15382
4851
5522
7094
10862
6382
3988
14927
10742
730
3409
7300
9649
2561
10874
351
12603
11950
9782
6334
6193
14296
9241
14697
78
2320
13703
8734
5632
13766
13547
6490
14822
2664
740
2945
4489
4658
7941
6362
4727
1432
9053
3646
8603
7889
14622
10399
12711
7961
12007
909
2680
9127
12587
5700
2713
15224
11024
15716
13164
8965
12323
10498
14035
14852
10470
2133
9749
3585
5838
5286
12622
13863
494
1758
12905
695
14468
8229
14357
8918
7421
13608
2904
5512
5961
15497
11549
227
1519
9005
10927
2968
14659
3825
13005
16199
6242
14124
6071
14827
6067
5884
4573
14137
1136
8562
6583
2062
5268
9538
4912
4979
3549
8191
14231
14278
8094
16036
11408
4212
11510
15365
10078
10789
15788
2597
10136
15124
8657
14989
10491
8385
16044
13277
2211
13405
8660
7263
11412
9495
13622
3171
3518
14195
993
14802
2933
13486
3857
12686
3696
10776
8401
10753
3160
10473
527
14883
7476
15186
4156
14654
3202
8321
8365
12445
4293
13753
7918
5696
3509
9059
11620
1877
7062
4160
9442
12078
3438
11756
11196
15107
9206
13755
2402
14992
149
941
904
10276
1379
594
10265
11066
9555
4469
5375
6650
3053
6255
6889
10415
12436
8306
16259
3187
9301
13847
5734
8785
184
14203
10664
5357
5190
15746
6545
11205
15487
7490
10302
2551
11050
6018
3252
3060
14923
7078
8238
1815
1482
10584
9276
8757
6532
4884
6934
14537
12057
1358
3119
4957
13428
12824
4802
4662
3120
10610
242
4688
2872
5296
7673
7761
2779
8222
9176
8930
5166
12747
8937
5137
9949
11601
5139
2814
9278
14937
2459
10110
700
3086
6866
13192
7754
12430
10395
11140
1718
10450
8375
10270
5092
14353
7617
4344
2024
2173
891
10665
2009
11114
9032
6761
9825
11247
5529
11073
5030
2909
2979
15222
7061
13127
15899
9377
15875
6962
6542
12969
10737
1571
14557
8281
8287
6363
6386
6660
11102
9488
15334
6718
7101
2570
16219
3297
16016
4218
1362
5638
6415
13745
3039
9204
15455
2408
7509
14539
12002
14530
2839
6309
3708
14117
2279
11883
4974
7540
2890
4897
7200
13401
14447
196
10123
14474
15992
13203
8049
541
111
7739
7962
8091
438
7923
15297
9336
4417
6446
14760
641
2995
5952
6936
13202
12006
8266
14987
7742
12998
957
13185
7209
9100
837
2785
7868
2531
2144
14587
1893
13809
4278
3019
4517
12913
7060
4475
14605
3812
5707
1439
12555
10924
1677
13118
14017
7367
15015
15981
9055
5064
15202
3649
10952
10269
11710
6865
10168
10460
5771
2089
3517
2849
3631
1474
11860
7609
13349
9388
6465
14624
9262
3804
7873
7646
16005
1014
14714
16140
7479
9580
1746
4787
1522
4078
15762
8351
5095
5356
2200
16061
4200
843
9463
7356
5086
15621
10871
7117
5918
12552
8514
12208
3783
1047
12902
9215
2530
16121
8089
5900
7934
14329
10426
13409
8586
11193
2125
10778
9370
11856
11278
5452
9065
7901
5977
9245
434
3151
15280
3494
14775
3032
8358
319
11145
4135
13444
11551
1433
3565
4320
7809
5873
8245
3805
6308
6074
8118
15636
2705
14013
403
14729
12829
1289
3014
5298
346
5293
15627
6443
207
8516
15123
15216
120
10631
10145
5264
274
14768
14224
13526
11162
6507
8219
14131
10100
7772
15156
13108
1675
7938
11304
15183
7862
5000
14763
13706
5548
2378
188
15577
792
7825
12689
5792
991
8902
15231
1244
14742
1954
1583
14141
4977
1105
2048
4393
15893
5819
10718
13886
3161
11740
15827
11599
4498
3689
10040
4603
6891
7733
3695
9217
1325
4383
1217
2394
9499
16220
3266
8108
11931
10008
9122
15276
9284
10180
4619
9713
1258
11513
16235
10229
3154
2544
10135
1359
4461
11709
2840
4252
4531
9871
2031
886
14540
11744
11732
12617
11858
13253
1417
1682
5826
11159
14494
14748
14984
8463
12272
12415
6173
829
2280
16361
7042
12212
9998
9248
12455
12130
12570
1142
40
3230
11861
12318
1437
5141
13527
8718
1082
4932
4280
6370
10544
3228
13474
16026
5995
15925
3049
13800
2826
13583
2398
7463
13883
15298
3573
1118
8249
1083
13010
13500
11425
11673
10703
13881
3873
10169
8242
8092
4230
11830
13876
9578
7585
13322
5662
7431
7926
11027
953
398
1866
4348
12613
12332
1878
12659
10292
2553
12039
13616
2083
15642
5934
2610
3263
4484
11442
9829
581
9105
2582
8619
15000
1557
13854
8935
5720
16004
383
15463
14516
10727
1265
2426
11892
4199
3174
5817
12878
15612
14335
4686
12144
7828
9687
5223
10454
2564
7813
11979
11030
5820
6560
679
5871
6704
1311
15632
14219
15213
4737
10654
9037
14771
9934
1384
1268
12983
7364
14773
1094
1165
10002
9272
9015
4095
10045
15422
3676
13155
4930
12827
5975
10669
13550
11060
3692
6924
9930
879
10760
2349
3413
7326
1043
1760
835
10095
2668
14751
1093
15092
12372
12307
2655
13282
3416
164
8756
2297
10948
8077
7516
8120
14039
13110
14209
7338
7726
2077
12190
11365
11222
4342
8856
14657
7675
1396
1120
16078
14437
2404
12510
7077
11062
16260
5015
7805
4413
10506
6694
4151
2953
8448
13176
8748
2853
13431
778
9969
6709
2498
11068
15890
5519
938
8708
2315
11151
2016
5768
4101
14271
7114
9145
9838
6015
10677
5398
10639
11724
13829
7769
4543
10049
6063
2431
6701
11327
6786
9056
9404
12250
1155
9685
6432
7352
250
11385
4705
9959
11014
14309
9559
4725
12459
1796
356
6719
13592
10184
15114
2762
9627
1792
15775
1501
14707
15070
8044
11216
1930
9755
16369
12985
12675
15760
7327
5543
4847
11220
14549
197
12926
4075
14619
5061
4563
6287
14880
8624
13196
11582
10459
14576
8987
7455
238
7903
10731
10765
2519
4164
3704
14068
13569
15139
9732
1974
2445
9621
5899
5648
11878
12393
12061
573
15664
8317
16136
5490
11844
16098
3806
15768
12837
16223
9251
3933
11467
13623
8880
12174
8468
9610
2396
3941
2374
6721
4337
9034
14472
4993
5951
73
14348
13790
15364
6895
2948
7802
7578
204
9972
6112
13297
15780
15112
5327
1989
10290
12291
323
7698
15793
13621
4263
10001
13977
15604
4887
15097
2462
13559
15640
13525
8673
14408
6175
15997
9896
7518
4829
4760
693
14512
10103
10185
1401
5537
2210
2192
13030
4528
13335
11056
5674
8200
3603
11257
6419
4006
14070
13224
6787
1524
14921
4473
14478
15467
8926
16243
6852
2987
12369
10456
5041
13959
2138
10947
1816
12241
11175
2504
9074
2168
3612
1424
5309
10492
15358
13268
2637
3092
11053
636
13087
8800
5501
9448
694
9174
12399
6809
11271
3001
15484
4871
708
9847
12931
4833
4762
10672
3269
15167
3351
6586
3731
12652
11312
9682
8480
2452
11052
9569
5943
3310
7945
4555
8549
9307
8735
3685
5570
1428
2316
9462
1194
4899
8804
11093
10280
15200
9086
6121
4313
14843
11554
8706
7922
5260
13830
4927
14653
620
3070
13497
12780
6681
8691
3660
6137
2154
1137
13314
13243
2070
2326
14830
14931
4713
7641
3002
7405
12402
5065
11789
13411
4434
1491
13834
3569
7210
6341
4804
15359
1847
14847
15597
10560
13747
13584
16279
4965
1535
5922
14084
13549
15208
7622
1492
8207
9588
4685
12136
9675
57
14295
8212
2102
9011
12203
15009
9214
16209
5344
11185
1600
9792
707
1927
14615
9049
3111
8172
9900
12530
5066
10255
7942
13019
5893
7670
12235
3462
1747
5541
4891
5755
10635
4451
8797
6854
3095
6992
7447
13150
6789
5212
9987
4520
11414
9149
16377
8655
553
13818
4065
2302
13821
2721
3927
7448
15906
589
7350
9760
2746
1716
15235
16251
15340
5800
12248
8183
4849
1003
3697
1993
1642
1202
5938
3558
8027
2832
14655
1151
16273
7201
1821
9566
1058
6802
2727
15448
4462
11377
3677
9617
13885
3898
14138
9038
368
4966
1213
8144
3284
15310
15145
1840
5630
1628
13761
10898
563
10134
4132
210
12847
6972
3382
1139
3255
1178
14401
14600
15115
8838
6516
9389
3821
11481
15610
5421
5307
8117
12823
9756
15190
13654
1133
6979
1132
11585
12432
3182
14267
7378
2327
14740
4696
14698
2219
3071
967
404
2466
9603
10603
10089
14075
5363
9835
3874
9991
7137
4855
1721
13988
12880
13934
10681
1276
3512
10176
12975
5528
4992
12670
5123
16126
12014
3240
1462
2694
1150
13948
6870
142
13816
8745
3026
7616
11768
8389
16224
11648
7174
389
1381
13443
15306
13017
10374
4574
3997
11760
6390
5845
7432
4325
549
11138
8413
4823
5104
9094
12242
2770
3928
3522
15895
51
12805
11969
10259
14132
5200
3172
4450
12826
7228
9655
5588
4386
1726
1610
3892
1337
4496
12352
10617
10442
15187
12927
3436
12026
15588
7996
14208
9957
3739
4826
7855
3114
12991
883
11926
13867
6495
7794
15837
15904
5514
2310
14567
8289
9414
11757
13722
8127
5151
8250
14661
3322
14327
37
6097
14774
405
13273
11984
12428
9447
5277
1999
9644
5475
5994
4677
15248
11390
2600
9637
16091
8193
8187
8749
12104
5338
8486
11641
1505
8574
6352
11077
8801
14319
3429
3190
6086
1356
8192
4222
3500
10015
8862
13344
9701
8185
8641
7049
4034
2271
9719
11501
4044
5360
8021
5651
13215
11679
14967
7607
10937
6303
11512
3451
13072
9516
1458
2428
6768
2309
15797
7429
13104
13473
13705
3421
11000
3196
13106
13111
14689
3168
12620
2456
1393
7093
16247
16165
12098
2090
8626
1763
11617
10114
12788
16295
3800
9888
5733
468
9138
9277
13085
12115
11980
4068
9955
6400
4378
13143
2254
8379
10284
12871
7672
11849
16189
6442
5203
5294
5145
10494
3327
14459
10754
11489
7296
10574
6752
1871
3392
1834
183
7193
13997
6323
8434
16334
12066
9783
9834
12886
10785
9927
5647
7245
5370
15922
14671
3989
5180
11531
10158
3400
1110
11409
11853
11917
16270
237
1
11629
8958
14183
2585
12358
15965
6796
7179
6469
12172
1354
7591
3396
6124
4432
2702
9152
12342
7267
3234
11393
14064
1802
5524
2238
14144
4131
12462
2939
6794
902
15023
11877
8662
3593
4699
6775
8867
423
1076
11640
601
13126
5432
14254
8829
9734
16246
12641
6099
15234
3862
7140
6374
15633
5160
2054
9821
4367
11943
9456
9210
7152
3896
5729
301
8040
13615
2107
15468
1605
9353
9892
12832
10444
7679
4357
3632
6978
11091
76
493
13718
5437
5262
9628
2983
4911
16290
12112
10708
10417
10385
1750
13145
10232
461
10213
299
4229
1869
16208
6842
12730
16379
5756
536
1905
12909
12273
10030
14641
15828
3936
1069
6657
13985
8632
1757
12575
2899
2961
13785
12021
6777
2828
10289
6207
9027
1795
7857
372
3495
9709
8415
7085
10735
12491
692
3537
5791
11330
14559
1085
15811
5567
16024
9917
7154
12551
10130
10749
14126
14346
16291
13578
4885
12013
6409
12857
4363
10569
8432
1385
4754
3539
9131
733
6527
10080
1985
2458
12010
6635
7032
8602
9434
8886
13115
3302
14325
12864
5219
13341
8959
14441
5329
9715
14356
15789
11435
10226
9067
14423
1912
9068
9683
10020
7314
5156
12356
6926
14770
3117
15999
13744
9540
10831
1230
7072
7848
12759
10782
6028
6372
7990
8485
9341
13738
7633
5345
7406
9130
12040
5745
6129
1664
8307
1162
5238
1603
8798
5103
7762
14397
3916
9766
1212
12275
14840
9716
1466
7081
7815
2212
13006
16104
10764
10511
14116
4375
6965
11822
3552
15752
12854
4759
9351
3840
236
14471
16103
308
7910
7822
6210
13026
4373
9097
12364
7778
7096
2942
3680
14876
13637
1301
11034
16008
10275
5851
12925
4455
14366
9875
14190
10853
2489
9774
7817
12044
6054
5780
6324
14104
13415
15199
9945
5896
676
11787
446
4944
11214
6009
10796
2571
1572
3212
16150
6091
11155
3917
477
2912
14136
11759
12271
8791
10048
1376
11380
15013
4501
6502
10043
12750
10593
4420
14172
11405
229
6689
1030
13792
6945
16128
2767
7104
2058
14416
1844
3253
12820
14777
2780
12938
1896
9561
5649
6954
7764
6907
546
10962
4991
14572
6655
4935
10984
10921
1183
4106
190
11452
8865
15409
6478
5271
3193
9714
5400
6007
4049
65
11137
14286
12499
4002
3333
2122
8356
2813
327
11212
3446
9539
9090
5781
9006
1179
10701
7249
15127
4866
4129
13236
11456
7713
7477
12918
8243
12327
9589
8694
9671
11167
16131
8810
9575
14390
3207
7875
13545
982
11795
750
805
3791
95
11092
16154
2512
6680
6128
8383
1418
12283
769
7120
14982
14913
1518
5983
12163
7555
2215
11644
6819
4824
11299
5757
2287
5858
15880
5444
3908
2790
13925
15978
5906
3362
5764
6831
1065
4169
6156
15714
7786
15921
5106
375
7013
7514
13359
6620
13000
8699
1195
6425
2002
15635
3727
16227
6043
4366
10724
11961
7869
6736
10346
5836
1770
14088
13069
10910
5184
9393
9674
2976
14361
9794
831
6339
16000
5797
5968
6697
11668
3774
15102
6459
15701
4249
4598
2063
14797
9478
10293
13954
16074
16312
9228
4626
1636
10162
13889
15867
6421
1794
1504
1983
11244
15887
5266
11595
15441
12406
11057
14793
15791
8217
5427
6470
8813
11913
12000
4694
1498
16034
9745
392
30
7891
10668
8226
13587
16069
5248
561
4256
735
7624
12210
6119
913
8751
11742
13733
2996
11989
5157
8031
416
10335
5998
5191
7198
11404
15831
9541
12165
14650
16185
11625
3469
7248
4861
14804
7271
12177
3224
4404
11295
8312
15285
6977
4048
3589
2358
14868
11528
8019
14821
7799
8873
14998
4311
8644
4990
2495
14949
13625
9651
11488
9911
6961
11966
8830
6520
13057
1090
312
12334
14169
7286
11396
3373
4382
12295
406
11729
13120
16173
3221
9519
3203
12713
9062
1625
7088
14266
10717
1800
12227
12923
9614
1477
15630
5335
2754
3750
10315
5675
11580
8033
11142
11940
11153
2986
3244
9322
9579
1041
1221
2430
16176
2399
11373
2149
6311
15328
7064
4327
8842
9762
3042
11451
1388
14476
2306
14721
12584
5841
11761
8130
5448
12211
18
14359
8972
8889
12479
9464
3374
15884
10888
16063
2366
10903
13949
8435
14678
12125
2457
9793
3962
5449
6343
11106
2901
2416
15245
13014
7703
10081
8792
15385
9845
10913
13868
2882
16284
8280
16180
8895
9232
11916
8975
5658
4110
1640
1442
14151
14829
10106
148
7558
9477
252
13171
1623
11975
6404
1712
13175
5954
5908
507
9738
10969
8247
4721
3167
3231
13924
10892
16277
12442
1618
833
7100
5499
8265
2601
15256
4684
10877
2947
10042
9545
2806
12305
10817
12382
9485
11177
16321
2749
16111
1904
12351
5595
14210
8635
12054
4546
12113
8833
7793
10390
9066
4784
13209
7242
12200
6132
2622
9964
12333
11169
2760
11900
9733
7472
15077
13050
8573
10047
14386
2775
11250
15412
1987
6215
7753
279
7849
5235
10352
9670
2595
13460
7859
15575
13811
6171
15038
5265
2925
8779
14197
8159
15658
7398
6795
481
126
14449
10527
12194
10559
608
13647
1320
16308
417
14994
2922
6243
4316
234
8441
497
996
13100
5014
6864
3743
9179
7482
11949
7611
6423
10758
6496
2867
13261
158
5586
11184
16310
2924
12343
16056
5450
15733
11428
12862
1998
410
3331
3272
7650
15709
11988
8189
6665
6666
6001
4181
5048
3939
4283
7774
6688
3838
2075
759
13626
36
13246
10369
8075
8529
15650
6450
12674
14470
6318
9966
2567
14911
15816
15980
2174
587
8098
15043
12537
5372
10366
9599
7872
10818
16167
9897
1801
5798
9789
498
11426
14337
1347
9524
9837
8593
1901
8651
14255
15814
4108
14703
3149
9088
13380
10451
7985
12447
6224
8445
4321
1606
7216
9592
16348
8631
4680
276
12793
4303
16132
8827
10025
15006
14916
7449
2728
12279
13088
2827
3653
86
9550
11103
15522
2511
3404
9904
5655
2683
1681
11104
14769
7507
8462
5932
6855
5078
3025
11268
6991
11025
14731
1939
13103
16018
10908
3606
16160
2087
15787
9887
11379
15947
11664
13768
7309
14368
6830
1334
1616
8707
10873
3309
5665
9173
7752
7325
11786
5453
6291
13198
5165
4103
1046
11249
2357
6928
2330
8378
8963
2850
528
133
12099
11009
102
8996
7803
13832
14833
12879
10688
9208
12833
209
5868
5093
15342
4636
10629
749
11604
566
11583
4312
10946
1779
4495
11049
10358
12636
14891
12964
6221
9112
4088
6511
6441
6307
8085
7288
1798
14458
9491
14391
11670
9528
990
11209
13225
10508
10194
10378
5351
2605
12900
1052
1326
13775
7192
11269
6169
2042
15010
5305
16093
16109
16119
16007
14372
6533
15705
11862
2421
13102
754
15453
8248
7722
13869
10828
7958
2693
15210
14262
13080
14997
10437
5107
14417
12015
794
16188
14765
9752
3760
9080
10866
11873
4530
15088
10646
1910
15847
10348
978
14776
5174
6103
8220
6188
3464
10301
7998
13586
10592
15973
7513
14415
14236
14365
16358
5551
14981
12400
933
3082
9153
5794
14808
7959
9560
4924
9723
7011
1307
8709
12089
795
1336
2041
11835
7601
1829
4645
4436
16029
12179
5521
10602
11685
7290
3942
6213
13476
643
2560
15317
7685
14412
4463
10643
9922
9143
797
14637
3656
6060
4089
14191
10601
12236
12973
7724
6640
14310
13928
12303
5496
10684
7623
9162
11344
15390
4107
9253
11368
3571
11022
15272
7180
11633
13579
15931
7171
8042
7336
8386
12444
7834
4219
14888
8511
15794
8246
7008
9468
6955
4244
9048
7904
8978
6105
11998
10406
15764
5778
6472
6487
1004
4701
5289
11459
12408
8284
5153
14851
9511
8007
2163
15888
10507
1598
12940
10830
11645
5516
3256
11397
12774
6050
5592
6510
15611
3991
9221
13238
10687
550
6528
14948
11020
5881
12197
2959
13602
11727
14073
3278
9534
1286
1663
11367
3483
10626
1686
5903
5411
12270
14454
10729
6260
13979
16041
2747
4005
3633
6871
5716
13833
11658
13378
14339
8544
476
1715
10258
12308
14609
9780
6228
5913
5111
5217
4429
13194
5644
9661
5076
8658
13993
14461
7588
4308
10131
11643
1363
457
11355
11372
10248
11692
6235
10890
11936
7700
11023
3776
1977
4414
5608
1933
16025
5328
3148
6717
6107
9799
7882
15694
10058
16350
12313
8145
3394
193
5415
284
3835
2587
2282
7207
7500
15223
9260
402
16360
9083
2786
5923
5118
12037
5492
3622
11266
5714
1828
969
9681
321
2377
10929
711
8561
1127
14500
10336
2825
11613
1973
8532
1528
7719
10534
14115
15732
11070
14300
391
12376
13789
1369
1961
3674
8668
14728
12592
5861
7026
11349
9089
10875
12795
15404
12508
394
12742
2303
8911
1021
5783
5155
11218
16300
13788
6079
15892
7812
11364
4799
7160
4715
2388
3726
11530
15975
10173
8030
14848
7014
11466
4134
3280
4330
6711
1741
12309
1891
698
1944
3078
380
2797
2503
6610
4220
11424
1767
6399
7835
4933
6489
10599
10895
14502
7499
5596
7883
15394
8601
12238
15093
16193
4206
9785
13664
15596
9910
4445
6618
2209
13007
7000
1685
14504
13056
5022
5388
14675
5853
4876
286
14930
329
7734
2029
5229
12359
4923
11819
6967
3159
10495
2040
13849
6344
10640
4844
1377
11612
14912
2241
7392
6813
2015
3846
3209
7871
6725
14395
3610
5681
4453
11215
2663
15905
971
13657
6835
4047
12470
5827
13186
6330
2497
16256
10326
14406
9018
9117
682
9017
1414
12055
14006
16010
14033
6784
10055
4176
4133
12565
1614
1368
14835
2991
15050
5504
13204
10464
6431
13890
4900
10973
8684
15149
2510
3723
9656
1588
7527
9678
2659
1056
4194
3099
14338
15389
3902
887
97
790
12943
4356
9751
781
6267
12365
3851
2989
15325
11166
141
12654
12949
6622
782
6000
1247
11568
15318
13620
7363
13953
4731
14087
9563
4692
1555
3125
6917
14676
12328
7043
15044
2984
1595
5996
3879
10912
2101
12025
15133
15129
8414
15003
8071
3978
13232
3996
42
4289
340
93
741
370
7625
4740
729
623
11226
202
2845
15523
772
1657
200
10905
16253
2654
14086
2774
15934
1997
4335
1122
5321
776
2155
7020
6437
5438
13577
8476
12642
8110
9283
419
15886
8759
15987
4768
1108
5068
8581
2035
16043
9809
529
7211
223
14990
14499
7419
13318
11839
4485
4753
3106
6456
7451
6449
14528
1170
5303
3538
11190
2383
6872
68
14369
8893
11493
7353
11908
16083
12282
1733
12083
9489
13076
10801
3323
11320
10526
14542
16144
1527
6559
2481
3261
13730
11115
8305
14245
6110
6757
5428
13123
14652
8768
13105
11718
11667
4792
8721
3718
4226
7610
5484
7149
2665
2223
2410
13996
16064
12401
3970
14217
6767
10800
8416
9523
13260
5083
15165
9182
5023
9707
3083
2224
7512
2905
9340
11702
4232
12707
9327
15354
5097
8080
1278
10462
10316
4487
4302
15466
3738
2817
4262
7590
6539
12380
13132
9493
302
2893
1463
10907
1856
5131
3134
2239
6378
15434
10841
13254
4757
239
3572
12111
1456
11132
12549
9486
12593
14226
3834
2936
241
7473
1818
11311
3707
4281
586
6366
168
4497
6892
10242
12181
3339
1693
11832
8482
14849
13843
1924
6115
3140
7243
14944
7362
13631
1306
13737
4387
8458
46
10341
7966
8274
2376
1216
1141
6746
8469
5802
3418
1569
13542
16281
11399
4332
3721
7048
4073
9270
7664
9051
4575
520
562
7909
648
6963
1446
15498
7135
13908
9866
13354
14639
9244
11563
3047
11958
4624
1431
1422
3169
13151
16048
9057
11121
8956
3306
2142
12030
6550
4868
13683
8695
10827
5866
2758
6314
15022
8840
6537
385
9154
11559
8126
16226
5875
5560
13245
11029
9619
2049
6269
3146
6361
3503
12722
6571
13966
12397
1511
7111
8894
5515
16236
4304
4458
15955
8859
3998
1344
5386
14758
14157
251
464
11305
14940
2752
1705
6042
7402
13873
11421
10422
9996
10372
7524
14477
13169
10585
354
15718
13950
12458
2073
104
8545
1399
1996
13933
12357
12390
3732
4795
5616
10839
1467
14963
989
14072
14754
9234
6281
1645
7097
14238
5859
13258
4031
15253
6858
12381
14134
3752
15302
6834
12142
13345
12695
12650
7194
12939
4204
3641
16222
9496
463
2201
510
3986
2949
2275
5297
3779
9786
4079
4925
4570
7010
9702
13902
15283
2805
2742
16257
7898
14806
6522
14845
6530
70
6771
10980
14524
7711
9880
11154
6663
8556
12105
13387
16060
15753
15197
3023
6648
6616
5863
16052
10711
9103
6867
12134
6033
4062
11543
12557
2343
4889
4571
4042
14185
4465
5284
8364
1612
9918
13824
3150
7563
5045
4593
9818
10037
9141
16283
9264
15192
3236
9467
9885
4739
4275
1964
2733
10281
862
15912
181
5963
7136
15024
1089
1934
9591
8315
318
11437
4296
15105
15771
7989
2311
4011
6439
8962
10481
15012
10949
344
4178
7897
12502
10190
9772
2915
13339
11395
1971
11572
10150
4030
9444
7393
1649
12605
511
9593
5227
4750
4734
9405
15348
15566
1360
1507
2124
10878
2114
16293
5414
15214
9255
4780
7461
1111
11816
4480
15765
14463
3063
10777
9832
4021
14180
5247
14054
10029
9676
4544
7139
9380
8569
3762
14887
10192
15225
5436
12959
11039
11096
11893
13290
2863
12262
11553
3458
1791
7800
14480
13613
5124
16249
15489
5194
2623
2294
15233
7262
5749
14274
10598
13347
1981
8496
1494
863
10101
12594
13166
6793
7457
13362
13723
13931
185
5434
13375
2325
11790
14842
11651
1708
8688
11914
9355
4953
7184
13538
13563
14732
7261
7012
13479
575
13262
7784
2136
12257
10322
9886
9285
6031
901
6093
1191
9596
7535
2643
2449
13767
717
940
2972
7430
12159
809
10108
8103
14920
7133
7446
12971
1698
7963
1567
2488
7203
13815
4841
5226
2202
6325
3406
7573
14163
11671
13241
1515
10945
1321
7073
7867
8747
3157
1903
6973
9473
6290
12033
9259
9165
13338
14241
6683
5876
4781
7595
14905
8084
4468
4058
6745
7276
288
10784
14523
16341
14756
7907
2350
10961
10702
3981
11909
11897
4592
2523
9425
10438
5914
11616
1352
16113
5946
147
9551
4732
10199
2485
14270
577
7123
13089
15098
7142
1825
10939
12027
10407
14063
14856
799
1024
8231
10636
3712
3357
15449
1921
7168
7163
14011
10012
9862
4652
4840
7098
14189
11238
9010
259
12218
15998
10205
11341
8297
3548
2566
13691
8981
8354
3162
2963
970
137
16275
5631
8672
3496
10182
850
846
14545
11004
2718
13240
11811
11748
6918
11506
8590
4440
10371
6684
946
11127
6321
9720
4086
10604
5187
6957
13286
1765
7686
7779
15410
4172
14978
4074
2967
14066
12086
4211
10140
15203
15930
10810
12388
5533
5989
6274
5413
5439
15896
12739
15257
1075
7071
1728
14486
7929
6669
13746
6059
6712
15177
7557
14579
13727
9139
6612
2644
4610
13461
3635
10725
5419
8277
3270
10976
4678
11189
12661
14434
7845
704
366
365
16032
9695
2003
3238
9104
7801
15361
13330
1945
3474
9515
4428
15219
1872
757
13287
348
3715
9424
10065
12043
9698
11674
1641
3899
2997
11895
13852
6262
2710
10485
8393
7019
15352
15353
6853
7865
1331
1464
10505
8394
9387
13551
6940
41
12063
9883
8452
14103
12392
15281
4364
16207
4617
6999
2186
2146
4460
2104
178
9722
2593
15062
15099
6014
2751
10594
5206
2555
13879
14702
1261
9315
4752
787
9986
16028
10251
14737
852
10116
11525
13033
15204
15458
15564
16112
12631
15821
11719
2147
10989
11478
6541
15774
2687
15122
13838
14385
3682
6558
6845
11903
3946
15251
15556
3204
8492
10762
11086
430
6126
13363
9906
488
2258
8927
9645
12109
16139
13635
6447
11575
7272
5848
16066
11857
6165
2420
3103
13698
12454
14782
4926
8177
11198
15059
9243
1846
3563
12532
5074
2632
7036
12150
6588
2674
144
5732
11823
11297
11615
2195
3450
1308
10638
5424
7341
14599
3691
12624
13485
14706
4577
2269
12251
15937
1029
12258
15857
6653
15804
4091
3624
4163
12501
14788
8939
9502
2734
14733
15974
16152
7613
7344
588
3315
13801
1100
2453
177
7916
9108
12456
2856
8449
3277
8729
12656
1281
13505
4307
5082
10300
12810
10143
3463
4174
15037
12306
11588
10519
4430
11118
13717
6729
6997
6073
4168
14529
8999
5874
4268
13275
6783
3470
7551
9600
4702
14547
4277
6448
4438
2409
12463
885
8453
16137
7504
15121
10622
12928
5950
12414
13533
4298
11637
6621
5941
2281
8322
432
10489
8303
4449
14585
9483
1092
7600
3199
9021
5531
5857
10995
14442
6104
9859
9920
14889
2012
9724
4416
10886
9237
7235
12386
14687
11981
8541
6220
10376
3922
4349
584
10181
11389
7307
565
16023
3867
1656
2247
15900
9830
2188
14824
1050
12480
8437
15401
6642
12535
9594
8977
15805
12574
5031
8201
13639
1273
15941
11798
5628
10320
5455
8407
13027
11261
1146
8701
5362
16204
11755
3179
4657
1470
10706
10235
7552
8101
9194
6482
7913
4334
4210
2855
9659
11134
15392
12859
1392
4724
2896
5883
12160
12394
4632
9318
12245
1617
1630
11406
11982
7519
413
4859
4037
6371
9669
2955
13711
15295
3502
10537
9058
4980
8404
5352
3655
12831
3426
96
1018
8993
8973
12152
6971
7190
9694
14514
7107
6800
6631
15132
15408
6728
3837
6181
6358
9382
3043
5489
8124
1968
5761
3434
12292
8396
3385
13678
6913
8376
3519
6312
4890
12522
3999
6886
7671
10745
7840
15282
5752
5098
14814
14280
1380
11482
9258
10250
11956
13504
1554
3822
2424
10956
10435
429
10661
14405
10389
3087
3329
14582
11963
9894
6925
5337
746
8776
11939
3658
12413
5823
246
5110
11026
10894
1313
5878
0
12525
3907
7982
6113
13047
8420
1064
6379
15087
514
3037
12765
10520
11335
14819
6952
2769
4499
14739
5280
15688
3886
4470
8960
4186
5624
14583
15660
11112
1044
12764
5705
1061
5828
1157
3369
3142
1861
16042
14959
2527
8116
7888
4770
15908
4952
10253
8267
5736
5808
6319
10712
1039
3613
5710
11235
6844
8764
5148
10453
8338
9178
1382
6288
10589
377
6790
13481
7292
15046
12496
3619
3268
9877
14384
13594
9317
13585
12917
8161
14656
11955
6941
408
2907
6551
7842
1208
709
11872
12446
8213
10091
6420
5646
9289
15057
2412
4500
13079
6693
3232
113
15366
9777
1185
8343
11171
796
12011
13825
13422
3313
9853
6605
12634
13701
12367
532
7723
8677
823
13741
12260
9726
3085
15333
5969
9115
8822
16021
8178
5561
13967
859
1502
8083
9743
6283
13031
2152
890
11746
3175
595
4157
12263
9205
1530
5075
8114
9227
7554
267
3553
5947
8483
9295
264
2068
8478
12068
6601
13157
13412
15501
8340
7928
10434
3184
2066
12863
11656
2355
14008
7285
738
11152
15001
15782
5088
13684
13270
10911
4738
11120
6668
6931
12360
11475
1711
9303
1275
12373
1982
5378
2500
467
4807
6123
7372
10006
16099
8429
6966
3393
7187
7911
6142
12712
11930
1881
7067
16157
13762
5500
14012
7919
2079
5029
9306
13945
11126
7999
524
6096
11294
10447
13524
11144
4566
9064
4536
11160
10052
1581
2940
11762
5971
14563
7811
12700
836
7737
5688
916
931
15524
13160
12315
8000
10433
14149
6471
15554
11602
13720
7556
6526
2874
15427
521
8869
4809
731
3575
15839
6513
3664
14813
10221
8206
15323
11239
6817
15643
4376
14048
1637
4894
9556
15518
4736
3050
7603
12093
11876
9332
12616
3342
15475
7052
10122
6905
5591
11821
13226
6827
14196
1691
6884
317
7777
6005
12497
10471
14584
8518
8175
9458
4796
6320
13680
9861
4999
15717
3950
8814
1570
2221
13370
9753
11486
7138
2487
11803
6873
7596
1556
6990
9854
8426
1461
3222
1587
83
16049
622
5210
551
5383
14475
1660
1817
15341
1874
2735
6909
6849
8446
14234
396
4036
11308
4609
10836
11001
753
11413
2589
10243
6422
11558
2120
213
8818
11433
15493
2578
12469
14513
8374
9160
15147
5530
5767
10461
14783
4398
3645
7581
7626
8051
3178
15885
3075
7948
5009
12639
10084
170
8704
13309
10756
6927
11932
10872
10013
11054
12138
7481
7618
7837
12990
6780
1077
5945
673
5408
4029
13210
15951
6659
4381
2833
8738
455
699
15533
2023
9699
13425
1884
1655
5240
2709
7188
13307
8652
2615
12663
15158
15834
1440
720
6397
14142
12314
1615
2598
9394
6388
11890
1955
7582
11119
7782
963
9294
14435
3710
10223
2931
1349
6534
9990
13478
5079
9161
13803
9060
12874
3586
13539
9613
15377
2690
8026
5105
3455
11592
9928
16351
12715
1729
8244
10064
2920
2651
10249
714
10821
13690
15054
6190
3197
15572
12736
5574
10092
15514
7725
8547
15940
474
11128
11264
390
1081
12721
11461
6045
4676
7947
764
9806
1824
7105
11918
12438
12405
2037
2046
8614
7643
1452
3714
15770
15428
6327
13797
9116
12779
14902
13662
14489
5972
11074
12542
14555
8952
10709
12706
7395
7234
15055
2974
8424
10060
2926
4020
3156
15255
7975
4202
12933
7460
6576
633
10573
9958
3643
2230
6544
15250
386
13629
8772
9184
4150
11799
9107
2819
997
10303
9242
9583
10595
10588
14750
13659
8967
11986
14004
8621
2088
3773
14900
2183
11681
9498
2115
9693
7035
3124
14336
9791
5650
2291
9657
1975
9706
5842
8715
5759
103
12580
13974
3953
11477
10449
7025
8762
14350
6597
9552
14378
7804
3370
2039
16186
3904
11550
8680
1590
13618
10469
10245
1434
5027
2074
5080
14999
2711
15229
1597
5147
15824
8171
614
9391
5256
1184
14551
10273
3943
9271
10044
15707
9014
15613
2076
10313
5100
13135
6531
7971
7091
13365
6587
4845
4691
15689
14312
11973
12188
7099
543
7978
4718
9748
489
59
11345
14282
5735
8794
11150
13845
6148
2656
11071
849
3011
12539
8163
14660
3932
12457
13693
5992
7495
5368
14874
10852
1620
9520
10483
1701
3982
9615
5668
11031
6479
12573
8119
10783
1097
9725
677
2318
4779
15520
437
4195
15426
3945
7579
10847
9207
533
944
4478
15724
2436
11229
1303
13386
8832
14736
14864
15651
8333
3101
8203
814
14276
10899
5199
4479
15697
9142
2216
14892
12041
13317
4443
1272
28
1114
5464
233
4635
12786
981
8068
4920
10612
806
2432
9334
4257
3915
3815
2985
1238
13199
13441
9163
6194
1499
14961
11111
3983
1627
8559
6092
1000
12137
1480
9868
2677
1234
8335
15799
15267
15944
12118
15081
4883
7103
105
12607
13259
6647
13352
8719
7281
15966
9437
1991
16326
14631
10982
4613
11438
11078
3792
7814
4216
6338
5993
11234
14277
1340
324
14344
1262
6619
13036
13447
6234
14508
11125
11161
2468
8474
10797
3673
1405
13856
15977
13519
8411
12474
4557
13446
9024
13399
9956
7955
304
5177
146
7746
9268
9191
16301
1774
9466
5690
478
1403
15350
12756
5087
16229
9882
13978
14792
2022
6859
3173
12059
2935
2729
7240
3860
10191
14067
6592
15478
5555
15079
9167
14515
16225
6702
15429
6547
25
6937
13458
13321
8313
13016
12048
8587
9450
13329
14915
7468
11463
4424
11319
10919
412
13858
2340
11095
10546
13129
4305
6304
16058
14165
10863
7214
13687
6613
8260
15068
3191
7515
2
9632
10172
2910
13138
8123
12906
4390
15275
1255
7792
14966
3048
43
5326
13227
10472
6475
7434
13061
5931
6272
647
5509
11324
15898
7029
8214
9022
5831
7394
9430
1145
7821
3741
12915
4175
6614
4893
10891
1121
14107
5130
6773
11258
11273
8543
10621
15082
9650
3578
15482
1508
12843
15172
15704
5670
1239
11614
7856
9984
11173
2540
106
8979
7775
3871
11178
10356
2148
5113
8537
5486
14162
15545
2970
8052
583
8773
10576
1495
6765
4508
7976
15957
9189
1109
9557
8170
14968
15996
16072
5016
15967
2295
9239
8209
1329
10581
2110
8258
8008
4968
3379
15416
11796
8459
11623
7939
11630
1803
11290
9177
3415
4962
4076
8533
2541
8984
4125
14059
14042
6098
5703
9275
2700
11573
11591
3135
7054
6829
13323
14242
2756
15551
8743
1517
11301
1690
767
1732
77
14428
9092
6108
9368
12344
14161
16252
2725
12954
6535
13855
6034
12050
1632
15311
13230
6185
12440
1622
349
12379
15801
4464
2722
10882
12709
11265
5636
10445
9529
10219
1087
8557
2245
3058
12660
4730
5025
3201
13395
8224
911
7172
74
925
11434
156
2795
2744
4854
1833
5067
14979
4024
7748
4351
15641
8081
8070
11769
7339
5039
11964
11720
1152
2080
3516
9978
4881
189
14895
13041
15579
14420
13325
9192
1766
10414
958
4490
4405
1710
15052
6153
1022
1812
4098
6735
7328
7124
8225
5907
9406
639
10298
8345
3771
3735
7050
8899
655
9640
2831
7878
13331
624
9309
7212
9648
7689
5885
12588
15795
13817
4467
14290
13786
13668
4822
2676
5482
12289
2548
16135
4703
10834
16344
5120
4773
11483
11545
2969
8236
13092
3533
10713
12017
14643
8616
8988
12769
5619
10022
7902
16142
14869
5683
6433
15820
13003
644
14509
14213
3326
2784
16364
8712
15083
198
4832
15269
10670
684
5629
4385
2884
15327
9321
11187
10806
3709
13590
535
2737
3798
10521
14715
15648
3659
8717
9665
14377
3265
14010
12153
6678
8272
513
6075
9398
12319
5706
281
11556
10808
1002
13960
10291
16068
13944
8954
15386
16195
23
10951
12897
150
1295
12324
2226
8221
14148
12705
9343
4127
470
8580
12790
14375
2964
15331
1940
2244
2347
6488
7115
5904
9
14503
16170
11661
13735
3208
1948
9419
2857
6367
15698
13848
9362
14863
9912
339
4064
713
10959
12092
11416
6494
15676
12992
9679
6501
1296
5197
12191
7864
15329
15983
5726
12731
15889
11695
5034
7668
314
13487
2624
2197
1925
13776
16363
4009
6037
14307
7324
12558
12514
13900
15240
12140
1995
10673
7636
13699
11339
8311
11888
4746
634
8048
4171
15748
9240
458
8011
1780
12761
10605
14333
9642
3073
2923
15700
13187
4647
6826
1339
12668
14724
12297
2868
12627
3875
11805
10977
14682
11739
10697
3852
12062
2543
3320
12503
1883
6930
5750
13389
9231
9870
2877
7564
11683
11770
9155
7151
6202
3582
2298
3074
8357
1568
9279
13807
12247
7602
1958
6715
10111
734
16375
12383
4016
4879
12005
3973
2897
9423
4269
9186
4858
278
10
7757
1420
3938
11016
8816
7584
15456
3465
1429
3828
4123
8945
9209
1966
13068
12353
11343
14456
3698
6755
11712
15398
12911
3345
3497
4477
9025
13791
1309
14908
5373
3220
9119
11780
13969
1341
3964
14571
10538
15667
254
14283
9787
11337
5325
6975
13995
11499
11519
3110
8015
7357
11887
11999
4683
2958
12754
725
15321
13084
10577
4365
1842
13217
2810
10833
13921
4552
11272
3590
2000
3352
10408
12259
6248
5539
3501
13677
3823
8844
1859
4621
15363
12554
3386
11753
3452
8329
11784
13423
7454
7785
7749
9938
303
12418
4934
14735
7544
3057
350
14720
2236
5431
12629
13162
7389
16124
2696
9030
10523
9876
7287
9319
10514
451
253
16345
3262
6468
9664
1823
13624
8582
5538
7991
14049
9291
14520
248
5607
14214
1218
2345
3850
848
14684
14919
10428
4245
5101
2865
15034
9071
2660
4285
3675
472
13808
3133
300
702
9124
8064
15655
2862
2792
4013
6554
12984
14831
289
14228
13851
5175
7743
2469
13141
1448
14034
13554
14101
9601
11581
12170
8292
1553
16289
10759
12590
10392
8239
9618
5712
3836
5985
5979
14022
2064
9421
2669
9397
5774
1918
1333
10311
6022
3789
4954
5684
8350
6863
6517
4000
3530
2231
13513
15324
9547
15952
9654
1644
11502
10608
10333
927
7831
14846
8599
6500
11356
12757
9526
16213
686
13096
3319
2556
10747
7747
55
7230
10501
3756
11381
1123
6463
14037
10876
16268
124
14085
5385
4863
15918
11933
15080
5568
12096
9129
7881
7659
9667
10418
1900
10283
1408
12697
5132
5789
15085
9535
4213
15075
8399
3440
4338
8843
12773
12608
4983
6897
10353
1476
159
13121
12685
4519
1714
10920
10845
4880
10558
15457
6821
5766
7226
12492
10556
7701
9475
6774
174
13695
9813
7510
15647
14080
625
3291
10999
14467
14259
14285
9371
11210
9608
9704
7375
15909
5965
590
6430
6486
10402
14903
14901
4535
5590
13296
15418
7530
9352
2771
6310
15561
12267
12091
2001
10991
6444
4800
15069
6861
14541
1889
12601
13532
15819
418
1688
3004
14785
13822
9646
10813
12424
2140
12986
2213
8530
7208
14699
7629
10118
14026
6671
16107
11571
1865
12361
7952
8676
13182
12439
12693
13334
10062
5346
2338
10296
14603
13265
1523
5554
10859
9098
10359
1475
15396
4604
12277
9564
4137
5164
15500
13294
15259
4052
1444
13002
12637
1601
7627
13511
13219
397
9137
14284
8968
14795
16317
4599
12877
4830
14837
15291
12921
2319
13779
2880
11400
14550
14160
9436
12838
8498
12606
14595
16013
11611
9081
2341
14495
11579
4877
5332
10696
12671
1274
4600
4317
15608
7444
12161
16138
12684
10208
5740
5978
12304
12120
6521
14233
13771
16340
4717
245
475
3891
1736
13
4061
9582
8667
11765
4579
12581
5667
11028
7823
11597
2649
15032
9247
10971
3765
7313
7125
14826
10381
9717
7116
15432
10271
332
8878
6428
13008
5727
10230
1148
4698
5242
1343
14247
9967
8890
9759
1316
14383
2908
3301
12869
7884
4145
10463
7343
3843
2276
11148
7697
10124
3281
8308
574
8263
870
12967
3912
6006
12182
14009
4790
2966
11807
1994
2879
4345
11733
3869
4192
16316
2887
15056
13244
11084
1762
10824
8558
12855
14362
11991
12647
3275
1738
13980
12312
15798
13432
2346
9558
5806
3550
6878
14483
75
12023
7940
14317
7118
13749
5245
15073
11906
14858
8112
12614
8332
8998
6707
5441
10943
15268
6523
384
6167
13078
11650
13283
3663
11511
13269
13802
7992
822
14431
12171
12056
14491
995
1302
12951
11388
11241
4441
11721
4940
5162
11697
3661
7846
14752
9898
12635
14179
11491
4057
10164
13470
13012
2321
11183
12653
2621
2259
13773
606
10868
15262
15163
13836
9158
1248
12844
5409
14455
8633
6915
14759
12097
16315
15461
10093
8228
14440
14279
270
1661
5990
54
13874
7412
5525
16202
5377
15503
14807
14168
9110
1454
7866
7543
8863
5880
15985
14536
6885
11666
1181
7522
9274
7824
13708
10017
11726
6216
4638
10367
13421
14554
9921
4639
6145
6682
13712
6591
9872
4747
9807
10838
2977
3515
4668
13759
7083
1853
2482
11079
2176
5007
2251
15346
13939
3913
12585
7017
14762
5476
7567
16158
16239
15058
15590
15592
8742
1826
4
7037
15532
7470
12955
7550
9364
232
2517
4483
14005
5182
3974
13915
8353
1699
3363
3009
15750
7268
13218
16047
8527
5239
16106
10781
4741
9009
10587
8964
6877
3855
11885
3909
15527
3007
14206
11415
13173
7001
13564
15629
508
9449
10925
8062
10105
12737
2532
11896
14975
5185
7533
8931
10474
16162
5545
4452
5964
504
1957
6461
3316
2190
15696
11013
4241
15864
6458
15049
12493
5600
6839
10175
44
13291
1566
12704
678
6125
1483
8913
3900
687
7893
8770
534
5275
3795
8821
15048
6174
5862
13840
8450
6856
4693
99
8685
8139
2057
11609
12234
4819
5708
7741
7789
5044
10547
10493
12548
132
13466
3535
15543
10488
1772
1835
9361
16234
14969
10419
6964
9012
14882
13617
13464
14081
4099
13350
2004
4955
12103
11915
14593
13999
9132
4324
4524
8711
10384
13152
2471
4276
9790
9946
15090
4071
2738
3979
14396
12784
1288
14289
2440
2776
13548
8268
11711
6950
7488
1176
12434
6025
5953
11825
306
8992
5018
14432
14167
3757
6726
15430
6095
13272
7599
14302
14838
14438
6628
24
4266
8802
16073
14939
1102
9891
15911
7319
14899
14586
8750
7628
6860
10218
13418
4353
8526
7361
14264
6645
5273
10738
13188
7483
10394
2465
16298
12809
9941
10557
7708
10157
9925
5694
12726
4007
11813
1211
16258
9542
8834
8546
9043
11429
13702
11263
12145
7486
13324
4104
3056
3473
1203
14031
13178
13298
13070
15287
15439
9843
7045
12758
6222
784
15808
14315
4709
8076
5102
14560
2109
10425
8948
10274
3796
15462
420
1809
10421
16297
3555
5056
2918
12389
462
4794
9199
12511
16076
1976
8164
1634
3924
2220
10094
8004
5347
10869
7079
683
5487
14696
12512
7660
11352
11675
12494
12662
7241
16197
3424
11418
13936
14929
15663
11691
4998
3061
6302
9136
16231
9033
11567
12300
15675
12907
14870
125
501
718
6455
9728
2667
15550
6506
4828
3759
4853
7260
9697
2573
2618
11642
14311
7299
9325
4875
1013
8295
8438
9156
6066
8298
11479
2081
13897
12953
9235
14281
1935
14700
632
3344
12164
13826
12004
2757
13725
9989
12346
1404
1353
1481
10710
8617
4203
900
10532
7424
16070
2370
4301
2804
9330
2724
13381
5339
12385
15860
5188
6731
2266
5336
3753
9850
1725
7128
7131
15836
13382
6549
13990
14465
16352
3478
2395
10867
10197
2127
3810
6396
9521
775
1042
5049
6357
9310
3480
15502
2895
11321
596
8005
3799
15677
8475
1400
8501
4584
10934
16146
12391
4529
3636
7936
2836
2267
3568
8412
13398
6543
16179
10174
12976
14462
6127
3487
3466
929
12166
2549
4758
788
13780
8853
6960
3094
9686
3288
10096
2438
16127
6238
15308
8278
10734
180
11165
15606
15817
9487
1577
7705
7358
379
15851
9054
8789
4362
13355
2397
8210
7529
13448
1706
1922
12748
3883
4190
1210
6109
2380
10904
2577
1425
5661
5549
1174
382
12763
14071
15198
783
12529
9691
6198
7380
13340
11515
12419
5929
847
3219
12583
14318
15008
12970
5669
6638
950
163
6354
10163
7471
16292
12599
5234
13781
16125
4130
8645
1827
12908
8696
4070
4620
11123
15405
11716
14522
15711
3181
12232
5218
8723
10439
12421
11788
1602
11954
1389
2917
8997
176
7295
12481
892
3528
280
11047
3441
1735
3408
12956
14078
14839
12698
4326
12762
866
12920
5685
631
7553
5228
7531
12135
11033
15450
15605
14448
1168
4670
9622
656
311
12751
8488
15168
484
1719
2607
12198
3486
10126
5987
4856
11231
6770
4309
10842
14604
10099
5002
11596
7257
11192
4346
14045
2415
6519
10075
4963
11431
11576
11318
8050
7359
7251
2413
16212
10431
5003
7635
10545
5697
15573
14349
14014
13666
5889
9333
15535
5679
13427
5741
5724
13682
1638
6825
8316
743
11957
6134
3581
12464
1035
4295
10327
9658
3038
10990
7156
12460
14867
5625
15617
15407
10739
1193
9841
13566
13508
6297
14746
11738
8215
16035
15488
15481
12966
5355
31
3559
919
12531
8271
5403
2638
10231
7159
6282
14565
12173
15972
8360
11445
1277
5594
13433
1430
5040
11776
983
9256
6335
7312
6894
6633
12375
2684
5471
5179
10171
13981
7666
12803
15445
2486
6257
11359
6017
4237
7386
5580
16366
15078
2978
6636
547
10955
11410
362
12728
12980
8508
8990
13696
14324
1782
8877
13043
12298
840
1887
3361
12919
16062
15228
9378
11871
5850
2434
15970
10224
5936
11032
3243
4714
9625
2914
15143
1299
16382
14150
629
8006
6919
2773
12760
10023
8464
5396
9512
10887
2505
12982
2182
12578
7407
13828
3126
7836
5024
12060
4860
875
155
3923
4538
13575
9452
9907
6068
918
4399
4947
7383
8944
4459
12425
14548
15580
12553
9527
8151
15095
452
2317
638
2586
6993
2545
10068
3034
16304
12507
13958
4233
12840
3215
2240
5020
330
85
1441
518
12186
4092
2956
9369
6734
10455
7876
12132
726
7277
94
10186
11441
6791
6988
5028
2661
16
1633
16294
5410
10170
1060
11682
14152
15506
10770
5402
5563
11203
11960
3700
12370
7688
7696
378
15402
334
15729
4864
15137
4505
14145
13994
10641
4025
16371
9376
187
2103
7767
5341
1631
13642
1831
8252
6781
9147
14443
10998
15369
8739
441
5640
4143
1215
9653
15490
13274
13305
1653
50
13083
7770
2056
5775
4067
14674
13864
14321
8809
9198
6798
4054
6529
4085
11902
7365
7570
4040
6600
3854
6254
4878
11088
11518
5689
10823
7621
7321
3598
15288
6753
721
4817
13552
298
11751
6333
910
7994
9710
7496
14099
6609
13469
15923
8035
2301
3355
1611
401
5230
15005
12798
7525
11838
15188
10307
4246
5267
15841
9798
7520
15166
10561
12582
2493
11206
10085
14200
4922
4292
5488
1406
7132
8817
15126
8780
15033
5477
688
4915
773
3356
988
5269
15020
10133
816
5071
10819
6974
1149
12180
6317
12672
3737
4789
6744
9300
6995
10076
12377
5404
7568
5805
968
10061
11236
12768
6906
13685
6503
128
10053
15330
8572
15293
4001
6833
3940
716
3482
6183
6788
13212
2331
12682
15679
16265
7738
15682
8915
9326
10079
15263
11458
4534
8575
6772
1135
7653
5618
4015
12518
152
8138
10705
5288
15584
15316
6084
7715
2678
13929
7150
11532
6241
3062
7674
6515
6557
5456
5225
11891
1263
1514
14079
3445
15084
6187
8339
16115
3198
6632
11687
8113
5898
3435
8133
15692
9692
10510
14810
11524
13137
4903
3621
15568
11087
4392
6389
6572
5001
15844
628
14351
4660
14358
5637
16230
409
15603
14568
3808
2938
5060
5122
9384
10768
15829
12744
7956
14957
15865
12945
4712
9445
9402
12074
15619
2483
9815
15656
10642
1547
3588
14306
5680
4533
9842
680
8866
12075
5176
10906
2158
14680
3961
1486
6484
14370
12403
12220
1541
5912
6139
1084
4140
3596
2007
9633
269
13652
6959
6848
4728
15472
2305
14352
5254
15822
1907
11417
9571
13763
6509
5019
6604
1095
13955
8368
1079
13113
8513
13742
13907
14898
1751
2373
3931
9197
12158
3926
12524
1604
3080
11701
930
2025
13163
9401
3580
2232
6298
6920
1851
5976
3634
10529
16090
4756
11065
13922
9222
10430
4950
7517
3348
1167
13264
9771
8425
3448
3758
5627
13970
5073
8839
2198
8359
13284
10031
1539
5939
14943
3029
12473
11717
10690
116
9019
11243
878
12472
13581
10985
14766
11310
15871
8041
15051
10516
5241
4818
8388
9287
5617
8647
10914
10666
858
5879
13799
15625
9356
8872
4634
3611
6263
3984
1624
352
6654
800
4587
3493
1531
7687
4973
1285
11965
9801
6567
11277
9505
10623
1451
5895
12123
3108
479
5393
15743
10067
4873
8405
780
2473
13634
6349
13299
1960
7225
7021
11538
12088
3724
4771
4148
7707
6044
10220
6792
7657
5109
14692
3000
9465
9970
1413
14400
9224
12450
4615
16055
1106
14950
6368
11080
1673
8697
12286
8095
5718
7310
7970
6131
5460
15850
9982
10586
12595
3084
3827
728
5367
1764
14272
6708
13475
13190
10757
7253
15678
3107
9544
1703
8296
8020
10314
9455
11213
15469
8293
1426
9026
13644
15351
11129
3395
14414
12806
10379
15842
4743
3831
8523
568
10533
9652
13672
8885
16181
15540
11242
5657
13053
10109
5550
14252
4649
10247
1017
4400
10391
5058
11323
3055
5195
2444
6851
5927
10138
11051
12363
8205
12623
2594
3399
804
6008
14436
13899
12285
14925
135
10522
9379
7541
895
7560
7583
11775
3016
7830
11101
14935
14686
5320
15326
2403
1485
9474
10011
9680
11366
10628
326
13071
2730
5430
8039
861
7185
10299
15515
53
12609
12209
13435
2272
14665
11309
15594
3439
10600
2673
14517
12994
14832
807
6953
15539
4646
4675
7294
14341
2067
6052
13112
16218
10466
2704
615
5641
4251
1314
5582
15751
7890
14050
12435
8309
2666
14719
1676
15646
3419
3717
6053
2943
8534
3768
15669
261
14691
14452
12081
7493
6641
1283
3251
6617
100
1551
5695
5418
5844
48
11566
9852
7854
353
4783
4763
11168
8024
7051
4471
2616
7329
2137
7946
2450
12981
689
13770
6020
4946
6212
1790
1423
3384
2329
936
15569
2846
3566
4572
11848
211
5597
3112
4607
5612
7851
14322
1635
12513
6152
9061
690
13180
13453
4247
9002
11846
12571
14343
1745
8327
621
10997
3639
1888
7153
12280
1864
7645
3289
9641
11749
10401
10077
16194
3468
7333
2755
12184
3021
4419
6426
16096
11698
10209
10318
13091
7041
11993
12024
360
3687
2492
1220
4410
5142
8857
12264
14922
4846
14410
7439
3921
4682
13302
1036
5610
14511
1743
5319
5801
5958
6195
2179
1841
10102
7572
9951
15516
13923
14112
3308
2858
5540
3290
7069
8493
13376
2423
827
4122
7374
2496
1254
10788
9546
4374
11300
10033
10187
8623
3729
663
3402
13512
11291
15812
16373
4043
3551
12657
10820
9739
15846
4152
13503
15063
1235
1188
8897
2437
9422
10038
2446
7254
8758
7293
7494
12972
4323
15552
9363
15403
16376
16241
7266
1665
2082
6911
11736
208
14626
3460
6759
9266
8410
1709
2433
1104
7028
14198
11
16338
12888
855
13565
20
813
16027
12896
11476
5834
15103
10941
1832
9172
16267
6799
6197
12254
1696
7158
2575
13223
8578
3937
16166
1345
642
12176
2830
4766
16216
6348
1198
13048
10272
5070
5116
994
6376
10386
10201
2333
13465
14243
3059
13066
9337
10334
14299
7337
8746
1057
9383
4797
8472
6508
15357
4943
8105
2105
2671
15026
8596
3090
6247
14780
3210
11944
3358
8125
10978
10041
9963
2044
15319
4214
14620
14109
1205
4447
11983
16254
12431
13528
359
13358
8507
14174
13148
9979
14275
7620
3214
16196
8855
13754
3411
11082
12775
1219
7459
3542
1488
13860
12215
12154
8920
12619
10676
12853
1410
7508
66
5445
8304
6903
13364
2162
7981
16214
15835
715
3152
3427
3447
7442
11564
618
9257
10922
14991
15542
12646
12516
6230
11260
2273
1391
14246
2626
5957
16299
6563
3417
5481
6373
6377
14106
182
2844
12702
4667
12752
14881
13090
16285
439
11516
10210
11219
10651
9684
1472
9574
9187
13271
1332
7415
12204
5099
421
2204
2946
1484
14446
13499
10993
4569
4488
2801
11292
2300
12802
14492
5956
8577
1558
8216
12935
5999
1561
12836
8510
12834
5406
5606
506
14663
15690
316
13442
10787
6480
9768
14628
13045
5224
14154
15294
4093
2290
4329
10524
5221
10686
3391
10957
8198
4045
11649
11131
12993
14430
11833
8766
6883
1080
12962
10468
15559
8477
11802
739
8285
14460
7284
12169
3292
12029
16286
6218
2631
4629
15731
8363
13404
12371
7988
11539
444
6081
6405
10225
15666
13810
2414
5281
12591
4578
1748
11855
10611
13455
5143
4165
3532
13880
5709
9263
1914
8611
13930
3526
7274
8994
10098
15387
3428
12483
5643
5737
14681
8129
13239
7783
1552
10966
11059
14146
11386
1592
973
12009
13961
10678
13731
6229
570
13806
11097
1880
2646
1063
13813
12018
5192
2261
5121
8355
7704
14451
10440
12354
11772
14036
6089
4716
5571
7829
5366
2191
6329
13067
13437
335
322
12965
3965
6138
914
2798
10178
15309
11329
15901
4158
15796
15558
15206
1744
15148
7896
16217
3587
6030
14030
2214
8279
11099
14176
2463
10239
7175
7536
11342
15994
2941
9125
7162
14809
5433
3671
12930
157
2642
16156
13596
14525
1807
6698
13333
6555
4423
12441
7181
5443
