5541
4770
10204
10881
14241
8954
1609
10775
13008
3909
5781
15237
15505
7394
10665
4223
15586
4147
12708
8152
6866
5977
6929
2958
13411
4228
8284
3528
11545
12567
14197
1995
11448
9171
14833
8904
11495
5228
10946
9907
2391
12263
11662
14373
4602
2869
4849
13582
4224
4033
11761
6870
15793
2310
13380
1534
3626
8516
11380
12812
15141
6896
7533
10495
1645
4378
11099
15421
9963
14469
12710
12660
5419
2116
13519
15440
13741
3396
9913
12217
11998
13765
465
5245
4880
3344
7587
12895
5857
9668
290
14573
13394
10641
15396
8882
5647
2337
11930
9542
1677
14017
13826
1355
4385
3731
12891
6053
10601
6758
14440
6789
10379
4272
14534
437
9935
5095
4757
9961
5818
565
14531
2503
1750
315
8154
3100
7811
3878
10372
651
13660
9458
5797
3410
11863
4871
2563
7401
15272
4074
3795
13457
7688
12760
3161
12599
13623
4316
1480
13239
2236
1918
13498
1381
986
9102
7461
134
1666
648
2771
14518
3636
13758
3668
7521
6933
2639
5175
13148
14164
11768
3093
2597
7579
5576
1790
2209
13962
1419
1478
3207
16179
14352
13673
11020
10084
2471
2166
15713
879
11308
12967
10015
10411
1196
2989
120
6571
3429
6291
11214
13632
2522
11910
2226
15690
3394
4641
5064
10292
15319
13708
2232
12306
10542
7119
5300
15083
5194
8202
1307
10887
2782
3401
13088
6936
12714
9372
14185
1929
1330
4488
4596
869
1877
8515
2914
6469
5920
12081
10112
13075
11424
11614
9429
12898
8133
2131
5297
8621
14657
1873
7054
10331
11952
13397
7969
4375
6166
4409
1412
13563
7368
12264
5369
6505
11993
10128
15030
6341
2231
9146
13063
1263
843
15232
15318
10176
13927
5327
4435
3683
15571
8903
4414
2497
13112
8586
10215
7529
4220
564
3354
10319
10603
8520
3573
9912
15744
6457
11075
12205
3504
11282
10667
1789
12139
2424
8867
9490
9258
5380
2684
4461
15958
16352
2744
5941
11421
3212
10321
5368
16022
4040
9470
8870
12315
2473
3101
12900
2543
4073
9164
4285
13320
10208
3816
10692
10330
362
5726
5669
772
12542
11692
4275
10650
11511
7745
10968
2890
15778
10472
6042
11037
13262
2281
9002
2643
15715
734
9005
3482
2342
6299
5210
7017
14882
6847
4200
10457
14606
2143
8957
8435
12337
1007
7710
7264
5481
7085
11259
5331
11139
15575
6893
4950
12596
12079
5961
11572
7554
11329
9978
9209
3858
16334
9509
9742
10280
9613
15632
8332
3470
14456
14445
11001
14602
13497
12756
9581
9804
10586
12065
6003
8204
1447
10158
4574
14916
341
16321
2201
2934
8218
14758
2589
15317
1970
462
11135
9929
7408
7101
1777
5511
799
5251
14294
3249
12846
3802
638
15039
11593
3637
13712
16229
7728
4007
3905
6701
9976
1652
849
3904
13921
2362
595
7005
15163
12453
9665
13889
6573
11886
8597
3102
14188
1096
5122
2768
10120
2275
5438
14886
16221
9197
7609
12458
14716
12903
14654
8166
701
14834
11272
4198
3182
12648
9233
14619
5683
6466
9618
16189
13336
499
14123
6816
541
14884
10378
9111
13085
15828
6277
10685
13436
6384
14477
9236
13715
12600
10837
9142
6856
4277
11777
1967
1734
16368
9269
3094
8410
4290
6897
10375
9436
7413
4438
9638
16137
12582
13822
3407
794
9469
904
7078
16043
5609
1701
1889
10138
3069
1238
2809
6812
332
10152
1586
15665
4611
9302
14611
184
16237
14007
12814
13142
1457
6661
8617
1225
8145
11390
3943
5276
1728
6563
14303
13328
1393
6184
6072
4913
14140
1833
1814
15836
9592
421
9247
5875
4567
16151
12864
1715
2572
2689
8669
13812
14329
4337
1783
1785
12930
11741
8624
6552
9661
276
2750
3978
9373
1776
14104
2746
9747
9858
11087
11038
5141
13843
15134
15834
12568
10616
8055
10991
16292
16207
1795
11422
8641
8490
5217
11149
16238
15218
15104
12131
1678
13537
15144
5762
8205
3641
6173
5520
7839
10823
13873
15657
471
4550
10048
1471
6261
10256
10275
4043
5722
478
12246
1820
10238
14648
507
7861
597
3353
13501
16294
9140
13884
9825
2223
7318
14676
6205
7977
13814
485
2066
4685
9725
1063
13783
4189
12344
12887
4898
883
8140
10227
3267
5255
3122
15235
4174
2792
7163
7877
9900
7576
942
10082
1144
229
1530
3475
5577
6477
7400
9316
978
11445
4393
12961
5352
13607
8019
15939
4734
12435
4389
13651
5025
11759
13263
5420
2370
15680
14873
3968
10262
4773
7182
5992
3196
3317
11621
12174
12976
13168
627
5890
11195
4199
2651
9816
14472
8429
9202
10901
2482
11480
7177
15260
15066
4637
9751
7557
6015
13128
2240
14976
6400
5559
4772
12871
13585
8969
2211
2913
14191
12211
2172
5158
9896
10432
159
1258
11222
8430
1224
9527
15492
6851
5525
4491
7063
162
11859
1886
4236
929
3719
12049
5862
2505
14061
6980
12189
13711
12990
4677
10240
3310
3757
3259
1577
13617
5333
4045
9101
8112
7412
9574
12300
4282
15406
15757
13053
5592
6839
14921
9672
14652
3549
15830
7520
8512
6250
10653
5109
13731
3956
13055
10939
7603
6564
6312
4464
7477
10896
6814
5619
12420
8874
9869
7593
9421
4930
13257
10055
9523
2590
7703
14498
13917
14781
2739
12816
8612
6673
283
6424
10153
3393
6885
8777
9630
1844
2485
14364
726
9669
9689
8582
6599
2674
4959
9878
8652
13245
12911
5067
8329
12873
4547
14533
8973
16118
7544
9044
9118
758
7930
9611
7867
12608
15923
15577
10718
7044
15613
3129
6771
16054
2500
924
11098
15888
6821
11319
3484
11460
5689
3439
4256
15084
10983
4865
9255
11134
4437
15188
11521
1818
4973
12277
11493
14001
14458
9619
16063
7499
8897
12218
15181
15529
10595
10452
15457
15947
1364
6460
12023
2052
12449
8120
13524
6765
4120
2642
710
2604
15812
9762
13554
10011
4663
1392
746
5608
14111
11207
9050
3684
11970
10359
10032
5073
1382
6731
5171
13331
13618
4614
2605
15125
1514
6029
12445
248
15962
1073
16152
16120
861
12168
8282
2401
14122
3188
13505
4783
14274
2174
3138
11773
7670
2085
10016
6394
13430
5040
602
7895
13243
8207
15341
4653
13624
6967
1312
13458
9788
4790
2888
9564
8659
2137
9737
1526
4027
3711
12574
9450
15240
4315
3656
1291
15026
5944
15152
3991
7261
2667
9405
1738
13136
2455
12726
10959
14080
13456
10080
7397
4710
8946
9318
2038
11028
2469
9829
7452
15931
5212
8033
14807
9994
14179
6319
12232
743
14165
15021
14098
3788
9370
11865
6078
10753
16160
14233
18
6221
9707
11330
8830
4589
5199
12736
4206
13250
11939
9123
6318
7624
2932
8296
14324
14360
12727
3364
2691
2872
14641
1347
63
14987
15088
9507
11202
13103
7336
13246
13415
10526
5514
14229
5914
9711
6402
738
8913
6914
2358
5254
4575
1138
6348
15950
9593
7320
6452
5848
3696
13109
3043
6598
12720
10273
15622
14565
4906
4237
1713
14468
4210
13443
679
13574
5740
7279
999
1463
13014
2100
3427
6236
346
4406
4252
10466
8561
305
4135
13531
14288
14289
7165
9402
9120
11369
4515
8156
8165
12426
14701
10076
8886
1454
12560
6762
7657
617
9820
4569
14180
7240
10571
8390
15429
13454
9844
9231
13027
11294
15774
10767
16374
3077
12840
13264
12454
3264
14421
10340
16271
13948
15801
3892
4616
4061
847
1646
11502
5803
5732
787
6588
9893
4621
558
11437
6874
4460
5998
13788
1999
5371
654
802
4884
13564
5911
6668
10607
718
885
6209
13946
11440
11284
12632
6649
15502
12770
6878
6062
2126
15933
14418
15263
4470
8916
3861
59
492
8562
3508
5565
13196
16370
1552
1407
7767
10272
12119
5133
5065
11822
11051
12629
12902
10636
7383
2235
13001
13905
4737
8113
1907
140
1803
11048
364
6279
14195
7187
12216
11415
4540
3796
15474
1130
6580
3412
8052
6950
4810
2508
5950
11752
15667
13701
1327
9815
14256
8850
7668
9678
6508
12524
2933
9532
7015
1858
3866
11751
14116
11710
2127
13110
12620
11072
15546
12405
7934
7730
11386
2114
9342
6693
2871
6393
12963
11904
10509
15061
1059
2984
7215
14495
7224
7846
2403
2317
10172
232
13549
14739
9713
11130
10486
1210
14906
11402
14475
4508
5841
1553
8921
1280
10558
6076
12138
14132
1241
7553
4626
10744
16216
687
1849
6876
389
7391
8059
9885
1817
13395
2841
15870
8879
3525
6150
11582
13
8625
9981
11802
16348
14949
3103
8090
6288
3335
10857
10851
7759
6456
4537
2008
7493
8603
15691
11410
2353
2669
15322
10995
10277
8682
4125
5930
3548
15268
8100
12357
3467
7900
15938
7222
4289
16019
319
14553
13573
13322
5912
2985
6510
12555
11943
3597
16038
2313
11260
9890
5301
3517
2050
8822
10528
10952
5285
5410
5018
6988
13820
5353
8442
6281
2179
11263
11609
3113
1367
16159
15640
11854
2452
432
1912
8535
15755
1533
972
1626
11298
13319
8681
9579
2289
5208
10527
8563
12719
16092
2117
9843
1251
6608
1441
6060
5068
12403
12371
16290
14265
5549
15370
15574
6901
14560
14162
11399
5206
2239
1660
9920
6383
6653
10757
4204
6033
4526
10552
16372
6620
3704
7398
14046
2428
2961
2099
1452
8308
8789
16233
12010
6913
2603
8377
3297
11899
4094
14250
2715
7307
10168
14819
14085
15416
8003
11180
289
3488
5424
14946
11132
13316
11303
4489
2413
2080
5449
6633
14975
9504
16187
16212
9325
1340
1692
4302
1674
9937
9814
16309
11767
14000
12677
11708
2024
12685
10374
15407
4307
15768
13906
10987
16204
16157
11176
3251
9537
5197
9172
10706
15451
5744
10373
16183
6993
10525
14048
10531
5009
219
8287
979
7602
13546
15367
10353
15290
6188
9517
8201
6125
5311
4064
1847
15636
300
14003
776
11843
10294
2655
2742
15709
3333
6021
552
4683
5759
10474
13965
15057
14613
4474
14259
2374
2058
774
4831
7372
33
14290
11971
1685
4273
14106
14829
5144
13158
15287
1248
9175
4036
3676
6372
4730
16208
5063
7815
12310
1086
12101
11914
14213
2528
12738
15323
5196
7705
9017
4243
13744
6881
7486
12301
11536
3982
13700
10534
3976
13041
12076
8168
14216
122
10764
8912
4130
4383
3632
6243
3362
9200
7516
14538
12030
8461
92
11108
13578
1314
15654
3622
9500
1661
10575
180
7456
12759
4265
5213
10410
9744
7616
2109
3662
15913
5586
16225
4735
4194
2940
8339
8823
7844
1228
15011
14145
2417
8047
15014
10219
511
14900
128
7209
12180
2074
503
5247
15712
8179
8170
11389
9105
2696
522
6427
9601
8986
7936
10865
10408
5880
10626
11030
394
4419
15904
10998
11590
11235
11341
4004
13382
1100
14252
11782
4587
7739
13249
12888
12330
5981
7353
15862
925
10184
5335
13718
7107
4939
7996
1588
12316
4069
3415
1398
11356
11598
2472
1635
5815
13176
3708
9644
12948
11924
3928
13178
15438
3764
5382
2806
13612
15750
138
11408
10297
11171
12904
4937
4944
11318
1541
10763
11256
11255
14536
7473
16142
15599
6190
603
11212
121
11090
10083
7297
8787
15275
5632
6777
9432
13626
7541
4933
5126
928
1226
13787
7667
2196
2151
16123
15045
5340
10898
12638
14635
6044
7371
2357
14709
11481
1537
6118
12973
11394
3268
4752
9988
6407
5817
588
1276
3915
967
6244
4205
11375
1697
15189
8313
10453
8395
9651
9088
538
10565
6537
10830
8631
2246
4532
2627
5612
1703
15336
3430
10962
14545
3395
1984
9000
1384
7248
5602
3391
8809
245
745
6493
11281
2559
436
9639
2581
2707
1162
10385
15865
3454
7543
487
11896
3527
15963
3169
4235
9150
13099
11557
14546
13211
4025
6433
259
11895
11465
216
8345
5902
15349
12003
5417
9220
11525
6338
997
3673
8184
4659
8306
6860
9677
14255
9052
10702
15097
4387
11181
690
5190
5437
10444
2319
752
3222
12317
15115
10972
7357
985
12595
877
7432
13767
10711
10329
10537
12504
11569
8057
9386
9817
720
12412
6086
8351
7631
7690
3948
15040
1430
7088
5972
6140
4042
14186
7763
4246
13409
15073
10835
3803
11799
16041
5567
2474
8024
4086
1299
15130
14958
3647
14034
11299
11627
2734
6128
1172
1267
13920
6572
15791
2879
4543
1205
10020
6
5540
2501
3131
2626
15745
9710
7399
4028
12663
9043
6746
873
11114
4226
13980
15984
8601
10034
2705
9268
10789
14024
2725
4829
7800
4095
8967
9541
8655
10327
12658
756
11883
13143
13467
4655
7822
15946
14625
482
4067
7155
14588
7040
1428
763
9100
15777
12869
8637
3999
3669
16280
10431
4348
10522
16170
10282
9466
12323
15340
6503
12226
13606
1221
13404
12712
1174
10956
7984
6332
4415
3463
11131
182
6927
5940
845
12042
8450
6440
11102
9406
8030
12782
13804
14409
4867
4690
11411
15752
8070
6730
9112
15304
984
111
4755
3973
10610
5278
2291
10602
16017
10361
12700
9586
980
10786
10927
9031
15562
11153
13842
2385
13045
6218
5293
11351
8278
15197
9335
12813
2451
10190
1341
8670
10287
9650
15049
1055
1154
15805
14981
2692
82
1386
16265
15528
6346
6785
14091
5237
4327
6611
10253
2852
13751
9750
11285
9989
5502
9634
900
3057
5360
11083
12014
13179
13559
8333
13069
16062
16010
8554
7857
11234
3726
15785
3923
12108
11218
243
14483
1031
1536
9274
4656
1389
8213
954
8878
8862
11850
2656
15102
5442
4301
11728
9346
10370
13807
7137
4009
8321
10306
643
7409
4912
2854
8651
15997
12565
7366
1511
13094
4811
3864
8542
4323
8206
1270
2817
10341
6087
6892
11916
6388
9427
1104
13663
8736
3209
15560
7083
604
3457
14961
14575
4900
14223
7362
3440
15037
15
3308
12838
9551
8732
15674
10827
11841
13954
7474
4123
10759
5399
4748
2766
2588
12575
15072
3840
6657
12460
6211
2421
3826
13218
5488
6582
2141
3322
13229
14598
15222
10697
12355
348
2896
12026
2536
2799
14147
6956
3592
4431
11938
8856
12522
2969
13422
2389
4258
7070
5906
6811
14231
9808
5132
10427
14774
12916
13754
9663
15016
1304
12241
14173
1057
9810
15944
5884
13126
7247
10726
2396
9636
5404
10687
674
5027
9859
14437
3583
11584
11868
1503
5320
9437
13989
16173
11225
13885
9748
16059
12834
8001
4551
9030
6968
1264
14764
10911
14163
1181
168
3900
9799
4725
505
4479
1629
4908
4649
1805
10145
14072
1708
7147
7894
9254
15158
697
8014
1060
2561
5159
2056
15579
539
8770
149
2687
15434
1969
1682
8615
14578
2168
13369
1871
3039
14505
7876
3964
14417
15201
7437
3644
3116
5219
976
13370
11151
15028
3615
13691
8228
2557
12666
15534
225
1554
3806
13653
1136
14119
7860
15333
2144
7430
1017
12183
9975
9155
8953
10140
9698
10246
2288
4459
7271
16098
2213
14037
13056
15983
3134
14107
4384
12562
3018
5432
44
8804
6161
11288
11600
7348
6228
11667
9452
8676
1475
10664
3682
463
2047
13759
3111
8902
14383
9122
11618
5701
7935
8455
10008
4924
9056
14333
11185
5218
11977
6342
6740
3853
676
3065
7538
363
10690
15403
9389
3189
2450
7706
10709
1417
10209
6566
7802
9732
1545
13488
4664
10620
9128
666
8758
14379
13130
7722
4353
280
15735
8062
14815
7338
14322
4388
1610
7429
884
6779
4590
6311
14559
7183
16275
796
9783
3155
15835
404
2419
13187
39
8794
3503
3203
2296
9107
1173
1011
249
7390
11583
3514
5903
11528
5457
9198
8952
3075
310
8529
5188
12593
8858
12273
6066
12581
13271
13377
13722
762
7347
1000
1906
124
11551
8506
7075
5124
8303
9037
2014
2967
6307
7382
4869
4826
11261
635
4870
191
16195
8840
5589
6056
12779
15168
5249
10860
3808
6656
9465
13835
16285
11100
7693
15428
5965
4264
12068
13636
9768
5578
6859
13533
10810
3250
6597
2285
1296
13864
3316
15501
5162
7622
15093
7709
12590
5633
10551
12513
1426
2613
10992
969
415
6229
15122
6995
6176
12320
5588
1090
10434
11472
6799
2925
7176
9778
3357
399
486
6606
6073
11657
16102
398
4020
4919
12294
4032
2072
2816
12612
10743
12952
8733
2622
12970
9914
14973
3252
10950
9145
345
15628
13459
2104
2574
12821
13977
15324
16246
9129
15437
14678
5964
9626
7388
11810
8527
10689
2916
9036
7931
3741
13341
7871
8696
10519
11418
10073
573
9803
568
1828
192
3405
5714
5047
11018
11786
13144
3738
7588
1185
10787
3443
1582
10349
10088
10433
1651
1046
8224
10838
6801
1186
8981
4806
5172
1092
9717
14059
15618
14816
15714
2148
6631
6263
13311
9767
14913
8420
6855
1585
12087
14550
2547
8729
9288
14710
8335
10059
875
14435
4161
14964
620
12328
14996
7218
12157
14974
6127
8000
3623
1401
15408
4578
1061
395
12633
11948
14332
3409
9733
16188
11379
7599
8391
2988
13671
4185
11892
14839
11550
14725
3235
12959
11316
5731
2525
12800
12100
14304
13629
3462
8566
11047
8244
501
10510
1345
5054
9203
11257
5919
7472
6619
10974
6026
6546
1983
6733
9515
9291
7775
11975
5756
14199
15692
7043
11227
13945
14679
13706
5456
11610
7014
12434
9875
13922
9980
16345
722
10768
13432
13093
160
12512
12257
7753
4403
3692
9944
8503
11613
2964
10245
13269
12993
15961
15855
4372
4956
11377
2490
8959
8834
14582
15837
13324
7136
14010
12665
630
8241
10143
951
11987
12442
6727
12001
13217
11642
8715
238
12642
13993
6081
12158
15558
3607
6759
11757
2826
4444
8478
10550
6437
12414
7226
10413
10613
2308
8310
50
2177
9420
8297
14924
5716
15256
14368
4093
2947
15627
14149
766
1125
920
3271
8499
15355
15814
6518
11243
15150
8761
1087
14999
260
11248
12129
8590
10102
2033
7252
12975
15840
7679
7754
6702
12511
14177
7902
2025
7994
5569
7736
2699
11107
9505
624
2329
14039
11814
6375
56
16223
1630
11629
1727
3921
6155
10137
7455
4244
15330
8635
3652
1005
13675
16277
5495
15022
8763
1613
1339
11800
7242
6863
10794
11853
2670
12284
3213
8599
12942
9455
3809
4644
13156
3492
5305
15630
6658
5889
4080
15493
12996
1127
11737
8458
10861
669
14515
13690
934
5796
2585
3650
823
8691
12688
1569
9205
7370
4948
2856
13817
10890
6986
6723
6780
5151
3013
1775
7381
10163
2502
9131
3157
2938
11494
2195
4925
1295
5343
1990
14703
4971
3828
15176
22
5942
5462
11695
11076
7611
3009
5182
4552
3379
16158
7589
16298
9237
8719
8268
15693
7816
15313
950
6687
5232
16121
1490
10824
4536
10785
11141
12080
11688
9380
9347
15881
16035
15598
4771
5310
5652
1470
1757
7082
14934
2287
4335
13175
13518
6828
230
6565
3509
13569
2053
7534
14280
15722
8229
5117
5876
3021
9959
12890
12709
1807
4523
9521
1245
4592
9348
10177
15660
1594
14133
12231
10475
14452
8521
632
14673
3045
4084
13490
4011
14339
5657
11419
13934
8114
10707
11956
9957
8616
6262
6450
982
2523
12466
15970
10675
9010
151
13287
9075
4092
100
12235
9784
15076
9384
3033
12808
14891
16138
11089
10047
6415
5405
4542
16077
9351
14392
8645
13937
9016
5764
16097
906
6235
8128
8474
9919
6232
11567
3722
524
309
11678
15721
1964
13990
1523
15371
14170
4511
15912
14762
2992
3062
14786
4830
5160
11217
2899
10779
15783
11681
5415
6843
6095
5898
7869
14356
672
7828
7126
1177
2001
1415
15230
3523
4088
493
3223
7172
4262
5597
9706
8240
1658
13402
9916
386
10714
9094
2210
8226
8764
8115
3038
2935
5451
5985
3565
3709
442
8106
8534
12857
14457
8494
5184
3185
9271
14590
14661
1774
2991
3383
3897
6067
8978
13944
10258
1476
407
11205
10940
11069
16379
2447
14850
9361
1864
15465
1830
295
8937
10591
10052
7550
878
16350
5283
7696
11704
13173
4225
2979
6226
14291
12367
14514
12372
16067
13005
15589
12073
10263
1230
10969
15952
5847
3217
2551
4062
5318
2212
533
7743
14054
4834
14655
9130
742
1429
11178
3680
7965
10031
13272
15829
7164
11552
8239
9489
8935
8611
15926
10933
4691
9949
6410
8820
7594
4165
7055
8550
10761
13090
13391
4591
4400
15117
2549
785
15246
3370
990
15404
1525
7870
8270
6603
11041
5757
1394
5771
11453
1121
1080
8299
1215
8762
1756
2011
3753
9385
9895
7825
10559
1519
652
3918
1279
5775
9229
13801
15196
6669
193
10220
12416
12027
14051
8444
2301
16139
9090
15764
8452
2420
12126
6130
3639
6960
1981
12933
3088
8423
13726
15842
813
15869
6524
5951
12601
10041
11446
11957
9683
8320
8060
10183
4604
5677
2154
6259
14871
3176
6446
3083
3672
2321
4678
16106
8971
2113
13557
11527
4395
12795
3562
1752
11561
8020
14398
14158
14486
5769
10026
2190
11306
3139
2851
5486
7057
4639
14410
8686
5086
5778
1265
14942
6223
14770
12518
11096
7253
8300
1250
7223
13015
15844
16030
8304
4253
4848
4920
2443
10984
5214
9071
14599
12110
5135
10965
3560
11654
10683
827
3572
1838
890
7018
1668
15489
5542
13111
15171
12622
12382
3242
1834
10270
7883
12153
11320
11666
11201
14555
6133
6700
6364
13057
12740
2663
9999
13844
1736
10868
7680
6513
13646
2159
8754
8593
1653
13486
629
11405
1335
5743
177
8570
10684
5643
2785
10296
4083
1140
8312
8793
8769
14318
12363
14763
5499
14032
644
236
5907
6435
8942
10904
13074
14490
443
5334
8331
103
13880
11376
3695
1033
14494
5989
2312
12432
4701
5113
7568
9873
7908
11580
6051
9915
6591
8543
4197
7004
481
2680
7720
783
16193
5735
8866
2095
2612
4882
15114
10597
6705
9323
9870
11986
1191
4987
12865
11974
6810
8711
10877
5441
1242
3587
15565
4392
3327
9279
7121
7561
16301
12182
7293
4708
11080
14178
6831
5388
15078
3137
7717
5776
3481
15046
504
569
8039
10562
8403
8940
9007
945
15461
350
11246
4928
8890
10248
13334
7897
3824
14100
14777
7978
5877
6934
16196
1966
3246
13907
10875
3901
2440
798
15292
16130
882
13372
10428
10400
13581
14551
8330
3997
13469
1003
727
4711
5703
13903
16291
4429
3566
15086
12745
14389
13845
14847
3461
8404
6360
8389
14939
11897
6682
14343
12730
9293
4676
10674
11138
11540
2648
518
10130
16145
12564
15965
10902
9796
4804
4990
6143
3408
9132
10161
8852
2658
9260
10040
4568
15922
14212
3867
3846
10638
7814
7233
5406
12071
3149
3142
1435
8767
16133
4561
16326
7878
16203
12664
8936
285
9862
10765
4850
8893
15310
15344
10307
10735
2340
7623
3325
2495
3747
1206
13141
3589
5668
5296
3993
12613
6857
9562
12210
7564
12767
11266
15436
2404
9883
490
11092
15435
6064
15897
10903
9397
358
6550
3154
7
13163
7139
6199
7294
13037
1004
14892
12413
11832
707
10800
1637
6432
14031
10734
7074
3706
13137
14956
15433
8189
1469
10828
10174
6666
4879
7328
7654
8716
7535
14631
8316
2740
2483
3233
10042
11355
8125
1570
13727
12090
1446
292
3243
2453
12247
14491
1841
8121
10125
12928
1319
81
12879
14497
2197
14203
9238
7797
16009
15608
8560
12510
10536
13107
1794
8827
12105
7575
9174
15055
14750
6735
2822
12696
11994
10233
9225
8875
1058
8311
4692
9104
8941
4373
5471
1608
7418
11715
15770
10930
2418
11607
8755
10955
6195
2668
11289
16202
11641
13060
6920
16186
10508
9522
3975
13848
9115
853
7411
15098
15368
15483
3456
449
7881
5264
15228
4179
4288
4066
8428
10106
8860
6203
413
5108
10543
582
16002
15243
8417
15678
7910
15360
2560
2800
11036
3600
8674
3568
11454
12122
13034
1739
10727
12331
8606
378
8596
5779
14382
10251
4565
10993
7317
15160
3557
3382
2498
1118
2338
2849
5069
12044
15127
15382
8492
500
12234
13940
242
10540
9476
7944
13705
5866
14251
11719
3489
8185
10958
6149
13191
12925
12801
13818
6361
15217
5821
2897
15699
13599
8898
12492
15147
10491
9771
2587
1497
9133
601
6717
14446
9578
1305
6589
7030
2121
4124
2657
10606
7858
15288
3539
6557
12114
4518
12404
14685
5408
3797
11873
4493
11345
1141
12147
9265
8257
14901
4622
2279
8252
6852
4141
4841
15695
11127
12624
2512
10717
13813
6576
10437
5718
2931
5332
3932
11558
12238
7457
837
11891
14700
16113
10640
14908
10355
6335
12614
1227
11000
2924
4824
7991
13040
12880
13435
6200
4903
342
636
10313
2458
516
5704
2937
14860
16373
1690
13157
5896
12672
12002
12433
16025
7841
4012
4451
8138
12862
3855
12781
5915
10516
4632
955
3046
919
12365
6506
11238
8997
6586
757
8656
8885
8126
15123
1714
16051
7537
7373
15423
12654
5145
14175
10535
7733
3063
72
6321
10546
8346
619
6539
7620
13707
13972
1628
7973
14295
12992
258
435
5165
11503
6046
12321
1045
12860
12618
12592
4476
1988
4380
10848
11109
16079
3829
6501
914
609
5967
11869
11712
3070
9667
1516
11595
8589
4255
11409
6699
12920
8706
8974
4541
7762
16004
6959
9769
10334
13593
13398
5844
13012
3511
4490
12558
4070
1491
11726
13586
8459
4139
2993
9399
3071
9439
13674
12400
1955
2306
4513
14789
9082
8343
12872
7715
66
9835
1558
3543
9309
11254
10147
2017
12706
711
385
7760
6386
9938
1560
4714
10517
3612
1896
1410
15639
14460
11617
970
819
10500
1770
2372
9201
10308
2520
10937
142
5922
3638
12697
10033
14706
5734
3320
5203
12410
7892
761
4719
1344
7199
1965
9295
11029
15827
187
5739
14803
11269
15924
3570
8041
12017
9970
6827
2206
724
6744
792
5987
12819
5685
862
14207
12733
11279
12441
9997
13159
2917
7284
3214
6241
8567
13371
13561
9837
155
8171
3291
8283
515
7097
14911
5384
13656
1853
11027
2267
14768
10198
2081
3712
7181
5163
8323
5768
6282
10191
12744
2524
1868
14610
2130
7145
7792
770
9445
12243
2518
13681
8186
4208
10420
4008
4739
354
1418
3167
9943
11772
9063
11989
4968
2071
5303
15111
7124
5204
13535
4035
13315
14933
12266
12107
10019
4888
12058
3092
8552
8227
7532
14889
15213
8054
11427
16103
1008
7487
10713
1287
7899
12287
9484
4668
9879
1129
953
2760
8724
8108
2943
10570
16327
13357
13725
12583
2028
7396
12465
12160
1357
8803
11208
7766
15180
15937
8038
3581
14047
7380
7077
16383
8063
11052
12752
12343
3955
14219
6136
12934
9400
8230
1326
11745
58
11097
7779
11249
4329
5603
9655
13348
5655
4456
1466
12955
6002
5328
8571
11634
1972
9794
4610
15696
15519
51
12765
9670
8242
4148
7467
7847
16122
7941
9078
15443
11435
8048
3177
13295
8109
4864
14504
16201
4164
2318
8094
5870
5221
4369
6545
8167
9103
16253
902
211
2457
6023
5242
12953
7048
8438
12115
12529
8695
13024
691
2920
3987
608
7377
7332
4998
1821
326
5663
7465
7578
11504
732
5431
9939
7423
15463
13566
9842
9333
8633
221
2912
2865
11740
7151
10587
3494
14130
5886
3735
13539
9979
1261
11403
9401
8964
10908
13928
7141
4983
5243
3334
3419
4792
2368
641
894
7644
8079
14865
12485
9404
16367
2493
5435
12747
5891
2534
8707
1839
9262
15975
15482
3126
11473
16329
12670
3050
13476
9583
10440
13745
12991
4727
6823
2252
9877
6900
12573
2139
4079
4283
8726
8609
7821
2293
15592
5119
13184
12390
562
2881
3701
10136
14861
12540
11746
5100
7410
12539
5642
14068
9357
3411
4413
12822
15293
7803
8129
6793
15468
9559
4807
12893
13740
961
5313
13960
7203
8919
6109
1202
3707
14009
8671
12849
6665
4723
13275
514
2748
15178
2125
916
1559
13494
12490
886
5754
4892
7912
4452
4760
2194
7914
1832
9048
6894
8147
6411
15531
10346
5698
11673
5615
9109
8816
12829
4630
5346
13635
8910
15767
921
15381
11366
12260
4355
2079
3054
12572
13953
5265
6097
6438
8387
8497
948
3949
15559
2839
7701
6756
16149
11546
4776
11905
1698
526
1863
10058
10672
15303
8667
2135
11370
7890
8817
4482
14794
9413
5551
7162
11682
8473
12999
15139
7213
1459
5581
13870
7744
9849
15954
590
12171
4203
8926
8425
14880
12741
6706
6930
10291
621
3960
6473
12199
5407
10419
7510
8073
6322
11563
6265
4796
9888
251
4186
4918
12856
8456
3397
8505
16161
12446
6915
9070
10091
7528
8082
11955
11191
5216
1573
16164
14038
11124
2517
9738
1336
3332
5708
2064
7768
12694
11175
7414
12050
13630
5395
13986
10070
13118
15331
719
4647
11338
4325
14707
7029
1075
16261
1944
11573
9904
322
1041
4905
10549
15023
13840
3168
11750
13750
3550
2330
8848
15251
14096
6898
16006
15338
10533
8502
15509
6638
2659
9284
16082
11714
9194
5041
2448
1159
3994
1308
4191
2582
1980
16163
14045
10809
1313
7250
14258
130
11304
5307
4357
14053
5149
2186
11420
10288
15728
7658
15400
812
14627
14161
5107
7695
1741
9993
3839
14978
6113
14912
1760
4483
5730
16282
15799
6094
7407
2270
4213
6969
7156
1365
15886
656
10639
16060
7893
15847
4703
4498
5153
1105
10351
11951
4758
8117
1705
11242
1684
14142
14530
7988
14689
3022
10005
13871
5367
11143
2431
4422
7131
10788
8568
6522
3238
3966
5558
15838
2003
7415
2616
13616
13515
4162
13035
6334
5358
10982
8728
1056
10862
13577
13204
15044
4233
7351
15706
11878
2444
4047
1866
11046
9956
6764
7558
2762
11508
16013
11155
10039
9739
3502
9654
12640
10449
14156
8790
3076
1874
12739
14153
8746
3080
4529
8465
4480
9447
4398
2752
314
5515
11240
11462
10315
15748
11006
3998
6471
2397
5378
5082
8467
13647
15080
7475
10414
2975
7750
15512
911
12951
5356
240
7618
8418
12556
2598
12988
6728
2205
1160
5271
11739
4305
9160
3011
15878
9775
10489
12318
14568
870
2057
6718
11744
3582
12939
8349
10696
9716
6750
14169
3815
3980
16096
9059
14683
15069
9029
9660
9866
7138
8618
3930
392
6722
3277
10813
6098
5215
4109
11423
5788
458
15540
6116
4021
10110
14063
8046
5721
817
9232
13224
7227
1643
5547
3227
8058
14600
2883
3254
4825
2774
8984
4794
6899
16049
11898
12353
5807
4160
14370
13570
114
15927
15854
13850
15495
9376
5871
14480
12983
9216
4897
9735
13614
11471
15988
9646
11313
11346
14705
11200
1253
15191
1176
15032
11758
15031
14563
3265
1222
1804
12455
13171
563
3104
1298
730
8421
496
3590
8212
8876
9135
9124
12376
14249
11701
14775
15064
6732
9191
15538
2900
5008
14064
16005
10037
3014
5574
10205
1323
3417
15172
3390
11034
527
7506
8646
10461
9839
13859
4763
371
8087
8104
14425
9424
14513
8397
13865
7838
15582
14093
54
14429
6191
13296
14327
14732
10462
9381
12368
1950
3947
5048
3187
8413
15694
5552
6171
1249
7204
11594
5374
6644
11042
3945
2644
6258
14626
13244
163
952
9571
15993
11011
7491
14331
2530
3896
2060
9946
11142
4024
14474
1557
5299
11549
3931
2789
417
450
10038
12566
5954
8029
7275
5846
6101
10303
16177
14005
8373
16349
1930
13193
3079
3123
218
12141
12373
9441
12289
16297
11334
171
14234
11188
10310
3924
7000
1618
1520
14235
2554
2399
2354
14449
11619
8573
5624
15096
12220
2204
14298
6680
11347
14879
2477
14948
15253
1199
12406
167
9283
7958
11579
5822
13958
1751
14137
13720
1544
12177
6224
7942
11606
10382
15633
10870
7006
14501
14127
4516
10772
2526
1010
14788
14601
10980
1427
10242
7245
2409
14680
6648
4338
10964
9497
1681
274
1550
8956
2805
11470
6246
2509
4
15007
16248
15420
10318
3865
94
12771
9259
4309
10729
1023
7277
9924
8143
5623
4031
460
4967
9390
7123
11880
4448
10123
13637
6285
12191
3453
12270
4631
9314
2230
962
7369
7648
9898
9905
3784
4314
8463
5273
2432
7504
1374
12850
6443
8203
8623
2207
10299
9812
9475
9692
1798
1184
5606
13437
14535
1064
8610
15843
8291
9067
3058
15556
9353
12691
5015
9453
8627
5005
90
13050
6417
2727
4184
5682
5337
5055
1066
3087
12046
6741
6315
2510
7770
11602
13687
4060
7831
7783
5230
9901
393
5098
10811
11825
9371
1495
6650
16200
9189
2425
2936
14036
13685
10617
7650
3944
13714
7228
11167
11059
12594
4716
14222
14835
7009
8847
750
13376
14384
6434
15796
11438
8127
176
1766
10333
3420
4563
11088
4065
7607
4434
4469
11310
1647
13445
4945
4695
16040
3442
8928
5167
1846
1780
8929
14936
4002
11640
15664
5330
10721
13552
9411
8342
14862
8813
15038
2346
5413
13932
1773
2688
7091
9966
4423
15424
2345
13652
13298
8975
2387
15581
7385
11203
9341
1044
4521
9144
7102
7685
11644
13892
4558
16262
7180
3967
8380
4134
9664
11026
5958
7782
5319
7267
8735
8944
5103
3556
11401
9996
6431
7186
2577
5729
7020
13438
13608
6174
5241
11498
9446
15876
9392
765
5427
6690
6940
12682
7431
15164
9624
7913
12282
2043
12631
10469
16042
89
7027
930
14837
1592
10979
1971
10842
4577
7711
15352
210
5702
9442
15921
4140
685
1590
4362
12748
8169
1455
10621
9779
7022
46
13342
3591
14184
6923
2784
7207
15553
14374
12075
2037
10852
15286
13042
12559
1021
1549
957
311
15661
1070
8968
4029
85
2747
13043
2690
5737
13155
6845
9062
8587
7951
9303
9902
14476
7188
35
2677
15776
1111
15391
12699
15242
10878
11324
11291
10283
14844
11932
14516
16165
10637
10467
12616
1472
5478
10328
12580
16235
14325
12207
7117
4741
9801
10518
13030
3040
4883
10281
11834
12775
15185
11426
8451
6496
3141
8579
13268
4504
10159
1027
11796
9621
16148
15969
2010
8699
8247
13782
8295
3406
14783
6162
2686
9625
5497
313
5115
12016
11467
7990
9675
14966
5538
1576
13951
15343
9954
13453
9425
7789
7116
8999
4803
13621
801
3328
13064
1672
14587
2942
11228
5664
9809
5229
6854
13735
2486
10056
9286
13670
8551
7545
10741
3845
3128
6804
2609
6879
8238
4166
13819
1562
10769
1617
9331
13638
2132
14412
4801
12237
13682
2921
5634
1951
5400
806
7125
10921
1369
13540
5066
10014
3965
10023
10872
1718
3584
8464
7232
965
15035
3779
13730
10891
5223
4979
7638
3663
7633
10150
7777
15128
5810
3198
469
13291
2032
3882
7025
2986
2076
2621
1556
10496
8469
5121
9419
14386
13261
868
9558
2972
15646
12828
7234
464
3135
9570
11592
1869
1123
11442
13631
13282
3522
8575
9486
16132
11398
16135
14070
14572
15060
7972
7518
11388
13101
9326
8434
15183
13255
5414
15219
9065
2360
14637
14160
1236
12039
9060
15817
16219
13084
7080
2381
1107
4401
3146
15903
9244
14287
7174
10807
13092
4484
15239
9906
10148
15795
8989
13006
12089
14796
9886
5480
9575
6356
7645
11650
12627
14424
4149
6595
1294
4343
5931
1612
2369
6459
14851
15508
5259
11603
9098
15456
10424
5391
1943
6996
2096
10301
6973
12296
9645
16091
9230
15600
4573
8588
9741
15389
14826
12500
4625
11693
6946
4787
8498
3661
1311
282
16311
11010
4845
5070
10317
2298
78
1891
931
15784
13489
12150
10436
12987
6296
4629
10758
11586
4963
7522
3272
12043
14801
1575
4947
9003
11209
1062
5738
6981
15651
14965
13477
10625
14992
11406
1302
2797
12032
6099
15398
10668
4113
13470
2280
2796
10409
9922
13153
14484
15281
12743
15831
14448
13896
7697
12134
7898
6016
11968
1093
10259
9727
8966
1165
12686
3518
10381
4980
11852
8798
2093
14403
2086
2214
1244
5784
12091
5093
7904
7758
7008
14798
13025
15641
9680
3749
13013
5798
12045
14118
13991
15499
14925
2184
3917
9696
3890
11780
16
10740
4486
7572
14542
1826
12450
9359
1218
7254
3276
5509
3293
14442
4421
1991
899
13852
14574
13447
14858
1397
4227
12619
7421
14953
681
6602
12392
3144
13899
10812
13527
5220
3423
4114
7282
9334
6540
15202
12762
9308
8352
2666
14684
11314
3898
5116
107
4367
11015
9986
6499
14713
11177
8933
7574
10126
2398
14782
9272
8962
9153
1197
7301
9928
5626
14422
2351
2700
4778
5842
2652
15267
6802
11144
4766
16176
6292
4127
8883
12084
4269
11806
2460
3490
1802
12303
3567
9415
4034
15479
1595
7915
5601
14077
15365
8745
10051
8831
3538
4063
585
13779
5268
5758
6005
4330
1354
3744
11776
10906
7479
11384
12984
10803
3441
1194
12615
7866
12541
3338
3257
3655
12598
14136
6905
1444
1065
13625
13601
1989
10456
9081
14869
7056
12142
119
5666
14415
6430
3869
9841
2507
10012
8068
14681
12866
16378
8141
13662
570
7081
6305
4167
11661
8083
9702
6392
3151
10010
4522
9525
14994
11239
6989
15177
4441
11522
5995
974
556
15059
716
8480
5260
13514
6151
11858
8992
8642
15635
11826
10609
4705
5742
4909
1665
15900
13968
13938
803
15153
12369
3450
7682
15662
6187
351
10710
9598
4851
5828
5342
13950
15337
2192
5573
13260
4054
11247
7021
12912
8009
12208
12012
14616
14347
7809
5195
10173
9722
10778
3664
13769
6817
6938
14320
6849
9530
4754
14548
14745
2145
14044
6333
773
2392
10936
8965
649
8853
16090
13096
1640
2565
9818
12877
7193
7281
7837
14552
93
7959
79
13785
10336
6230
4981
8877
15417
5681
12443
15893
5324
70
15967
10866
13186
2738
13450
5617
5325
4953
1673
4006
9319
14101
3571
1201
8662
1124
13003
532
12212
12097
3670
13133
11697
6495
12591
14586
7424
10309
8604
6612
7807
1693
7713
9936
15626
5956
13805
2219
2756
688
9827
3448
2981
14014
9250
705
2459
943
7922
2395
7546
6703
6306
6353
16319
1903
4662
2256
13306
11349
298
8544
1578
2697
15334
203
1052
14378
3368
11980
15112
137
2278
11953
5227
13550
14621
10097
11990
3068
3377
15234
12467
16110
1134
8930
9362
8863
12505
11738
15848
12906
15920
4240
1721
10686
3133
2737
11560
7949
14377
3081
7509
2504
2300
9746
10224
891
5713
15772
14696
6429
1809
5564
4022
6131
12063
11625
8868
3733
15124
2545
10261
4376
15383
5786
7786
16109
1547
7580
5336
8362
15048
370
10053
3857
4331
11925
9085
13293
4847
8712
7099
3649
8061
6110
10986
2825
12192
6655
9851
9491
15959
15758
11488
13757
5000
2378
15033
10712
10947
7981
3486
8015
3240
4993
5804
12370
12203
13883
559
3147
10910
12483
10415
7769
11578
2720
13442
14399
4153
12440
13959
1026
13174
4901
474
13615
12358
9758
3756
12000
10069
7794
1106
10344
15820
141
660
3056
13384
8976
5164
6167
8837
8272
1540
5616
360
4473
4101
6239
16251
8263
6135
47
5827
9423
14033
4576
5392
8795
14323
2803
12836
4299
6579
10957
12078
15775
5590
8307
7834
3995
4819
4284
6991
12768
7387
5970
9028
4481
3916
4433
4855
4942
12148
470
4700
3889
5079
3247
9605
6909
5695
293
8558
16322
3919
13792
427
10404
1234
14671
8424
1664
2721
16141
5799
10670
7445
10886
6755
10892
723
5375
6310
6781
6351
14982
1078
6697
5637
9553
3588
9083
3445
3922
6202
13345
5843
15919
7916
13875
3027
15431
14314
13226
3455
6667
10029
4039
9084
5289
7737
13399
2754
12314
13926
10967
15439
14577
3170
13292
8522
993
1448
1484
10917
1500
7244
14087
706
9960
639
291
5835
8411
9365
7774
4535
14971
5205
5916
2029
13238
7217
6985
2838
7833
2415
4812
1024
15710
8500
10234
15301
12794
13390
12576
1934
11115
8982
9503
12197
6560
15743
5936
10799
1755
9125
12649
15523
9038
11568
7010
12430
11523
13766
721
5960
13661
9734
13147
12319
10212
7889
4436
13302
4566
6515
6104
3305
9227
4202
1587
11696
13487
3446
3483
7708
2442
14146
4091
2578
5050
11809
11812
1255
14432
13478
15116
5033
7194
13424
4248
15226
11791
5494
571
8751
2456
3807
3153
6065
343
14888
15861
10078
13265
14292
9690
14028
7425
15673
11491
4686
14766
10790
7041
3974
7443
14875
736
1711
3603
14232
2855
11457
6472
9567
13508
5288
13867
11926
10146
768
6864
8592
2243
15564
13721
12563
9196
4342
8917
4462
9468
15568
7757
11071
2272
7642
57
12684
3400
818
10326
4974
4405
16295
16198
13304
4271
4121
10545
15779
11947
10582
13017
3019
9011
11432
8829
13205
12915
9565
7053
14261
7313
4514
11332
8653
1036
1574
13802
13910
13567
3530
3059
12496
7321
1424
7687
3689
12380
3717
3984
15193
15679
9501
5350
4306
12329
625
10548
10117
7280
9536
12839
11383
6401
4249
7108
7047
13412
8174
7718
273
5783
14069
2682
5339
16169
15224
12222
1641
2714
939
10985
2880
10225
1371
13640
13874
14623
376
523
13749
13771
2336
15278
14434
14088
14780
14482
14506
10561
368
13513
14769
4333
1513
2716
8843
6593
7498
16357
8578
7765
5625
12494
14581
10512
15684
8384
7110
15530
2973
9004
1074
15025
16361
2519
8675
12347
607
1933
9280
12536
14253
14594
15140
235
3629
4261
11663
6040
4053
1211
4155
6189
3792
10186
8163
1487
9352
15511
9991
15615
7024
8801
6326
7827
13426
14244
5521
1848
10999
16366
4782
9572
16116
1175
2200
10369
6362
7170
808
14698
3477
5459
7135
543
6369
2290
476
13329
13089
678
8620
9091
5044
8914
13087
1187
9108
13227
7454
6820
6935
1518
8365
1998
3594
5953
13346
9141
6045
15666
6177
440
426
4902
7776
6102
15238
6275
6468
4605
9580
4970
1543
881
5748
10260
12288
202
509
1927
387
2641
4907
14784
7791
15990
14428
10791
6359
8383
605
14338
1737
3724
10468
8040
15949
9925
6584
994
14615
2162
10203
344
16310
10598
7628
10476
4276
14740
9652
16134
10254
4440
14089
5832
8021
477
10628
3270
8983
4606
1744
12859
14876
12444
11113
15948
7179
195
16081
3023
5448
8697
5097
13129
14967
2654
13589
5935
6775
14792
1223
2660
8731
14841
11819
5838
12683
1200
2858
2188
6172
4835
13000
8406
12236
13789
3172
7273
14647
4129
113
14584
1278
11312
4268
8136
13222
12548
8526
1564
14874
2593
858
3740
12396
715
265
14426
6163
13363
1067
7983
548
13678
10643
15746
9763
16105
13318
12945
10131
6366
15832
1101
1409
11855
4837
15250
10342
10844
2801
12551
12285
15419
6313
12681
9631
2836
8044
8788
7288
2284
3721
3349
4158
7850
9223
2248
8906
4762
10660
14358
11487
2638
6068
14230
1806
12531
10285
5345
9166
6683
9320
9520
16001
9681
7255
13556
1208
10098
10391
8381
1687
9685
284
9206
12475
3666
11315
8476
12419
7142
1239
1216
355
5823
12480
9850
1615
11023
11789
2069
1822
15974
13587
5631
13768
8370
5244
12173
15296
940
1325
16000
12980
9013
8799
15418
5780
3914
4623
15498
5029
405
10973
6390
8574
6768
9251
5351
9177
5526
1659
14890
11958
91
161
7049
13485
12276
12009
10160
15895
1373
4724
646
8118
11915
10192
5834
11091
16032
10392
3938
3258
83
5600
10439
2586
907
7269
2244
2250
13448
11079
9609
4052
1769
7350
4731
8172
10481
3951
15241
13882
5851
5183
9368
3160
6234
2516
14922
3273
8859
14639
11031
12005
11068
7201
7276
14607
2133
15936
12533
10651
6836
8037
2629
1799
2759
11510
3337
408
642
6256
217
714
1993
7031
188
12244
6112
10397
8359
15701
4427
13312
12041
2723
4640
2343
8208
12544
3049
13198
15496
5186
1663
9218
12950
7140
9780
13353
15781
9168
8737
11268
1749
4495
11492
6327
8158
2044
12979
2867
13627
6712
11271
816
5409
15210
14115
13794
9460
2427
3485
5656
7995
7197
3620
3044
12495
6079
16274
3830
11635
3309
6841
14878
11535
6391
5147
13838
1034
3156
12809
1996
14350
4555
16070
3253
13472
15109
8851
1938
10948
15041
7863
402
13066
6567
11125
15794
15100
1150
1746
55
6063
2553
4774
3604
4005
153
8713
11576
14393
2823
10970
8402
13645
6347
8314
14668
9248
4636
3739
16353
3883
6484
16143
4396
1481
13996
4599
8643
416
6148
11676
9299
15126
15289
12703
14113
1883
13220
5523
13502
1527
14831
4538
7169
8815
10412
3822
9219
13982
9864
9563
2898
6169
9909
297
1282
3434
5997
1916
6547
11479
13386
4872
9275
708
6289
13565
7596
6554
12272
14711
3903
1303
12154
6688
1356
6447
11827
13038
698
383
12569
1725
3785
16211
11885
15442
1973
11007
4680
3008
12938
6807
16012
3171
12473
84
15631
12905
3734
165
12997
11368
10720
5924
11756
9173
9969
7200
13877
3759
9531
8865
11146
13018
8379
13528
11537
8289
13764
16299
1342
2036
6408
2023
14362
7159
16281
16377
5878
613
3586
6470
5023
7496
14359
13393
13252
12484
13151
13206
13957
12653
11571
8354
7993
1880
6776
9933
2743
12421
14011
9454
11907
975
15614
777
14727
12240
8632
10630
11120
5839
6520
15555
10700
4775
13816
8818
8155
3359
14228
9708
6485
5179
16117
3850
11357
14872
15017
6054
1071
4077
9289
71
14120
15190
5819
9953
7939
11154
1163
9345
657
8849
14930
12947
14306
3977
13434
5707
10879
5529
631
15200
9278
10311
7354
9612
7157
693
14580
8281
11021
13799
13232
2895
2238
15525
14056
8027
9777
5257
15430
12870
10096
9261
12960
1735
12604
2857
1385
10756
4533
3060
15532
8504
11204
11414
16021
2215
14926
4320
8293
9671
13643
1810
2906
13904
14109
10784
4966
1524
11532
737
1233
13439
12167
2344
2355
6813
3981
8925
11024
6937
14171
2108
13337
11321
7312
7632
3047
6304
11929
12201
8668
475
1179
8153
7980
14656
5429
11861
1229
5088
11434
15085
6193
12461
12837
8839
13482
15642
3643
15621
15415
6945
1884
5966
11464
12096
8857
6004
11903
13102
6146
3874
13595
13495
5014
9510
9828
6231
1644
10269
369
3798
14086
3465
14217
7946
16031
3954
6947
12281
8547
5225
4450
7556
6568
2930
11900
11548
10818
7482
2328
983
7342
8994
9676
3770
9856
3433
1
12704
15889
1293
15077
5472
2138
12069
13326
14721
5584
634
1171
11591
14795
14492
13140
14407
991
1091
15175
6027
13273
8032
4500
7689
5454
15972
8998
9770
13068
3202
5338
987
13716
13114
15905
13343
209
4767
9039
3751
14557
12062
5043
11784
3985
11653
6749
9117
7992
3127
7982
13162
13247
11755
4150
12018
7265
1028
9474
5532
13909
13929
15612
2249
14718
15186
4548
9217
1297
1139
4977
6642
4736
13215
9894
12625
15882
4352
1247
11605
6622
3761
2084
10337
7106
9854
8481
7943
12507
214
6862
4738
10149
1321
6865
10622
15875
2176
4286
15929
10264
9958
11343
2808
5830
13031
7716
7954
1679
5868
12346
422
8530
5629
15833
11485
8838
9416
5905
6626
14441
11192
9040
7748
11301
13849
7206
6882
15986
6340
13474
36
1283
13481
8705
7104
6206
9718
5071
8796
15265
1016
5235
10504
748
3460
10492
14793
12102
3290
12723
14282
917
14753
749
4211
9789
2157
14720
4675
6958
4499
4058
3799
7495
11302
5553
2709
8199
14239
12239
1865
6179
7154
12597
12176
8680
2877
11935
8190
2630
3105
2514
14466
5700
15294
14843
13723
12194
325
3159
2636
12479
10659
12587
11919
3365
2112
8259
3617
4728
10322
1152
15311
10795
11778
9782
14351
12717
5865
13440
3694
1962
622
13122
5482
6381
8409
9720
9387
2247
9435
15205
2761
12200
14102
2908
15620
13388
7661
6535
586
14025
16344
12913
3003
13572
3832
14376
13123
13433
11544
13541
8963
13378
836
13221
3929
7584
12751
1039
7190
1917
2499
3356
6387
13611
11352
9561
7314
14405
1712
5099
14909
6676
1851
11991
15638
14248
4397
12004
14238
14814
10241
10678
6071
1986
3205
16213
14194
3906
1350
11647
9955
9226
6577
15257
5955
10194
15354
11350
6570
4580
4688
15966
6216
15697
7636
12514
6709
5651
4356
12578
15113
11363
4520
9463
8880
16184
4991
15647
14478
8524
4628
13120
4190
15245
333
5712
3219
3831
14998
13286
10252
6555
5986
13876
1439
10820
2007
2833
15681
2573
13228
12350
241
9539
4218
1656
11407
15346
6441
9695
6405
4137
15542
5104
4118
13664
5660
2488
2866
16094
4742
9874
15863
4554
1900
15473
2798
412
479
3979
8173
13032
14805
14420
15611
15356
498
6331
7643
610
3787
12855
12977
16020
4026
15891
2544
7246
15955
12196
2461
12409
2990
2331
13491
9403
2070
352
5640
9467
5377
14316
8760
13717
16083
11258
14694
8806
15991
9824
6454
7236
16234
4857
9923
4560
14220
11981
8528
10997
15386
13680
15864
6558
5596
1040
6445
14571
6458
8924
12415
12671
7290
7026
11475
16069
2379
9656
4866
2408
8010
186
15375
3191
396
5548
9926
9431
6773
1591
3674
9304
6117
1915
1509
9329
11978
14309
11128
6660
9457
7367
6038
12293
10719
3728
1600
6089
938
8124
296
3737
10507
14411
8658
4128
4390
3877
5973
8888
3499
14645
9306
4717
9021
5402
15052
9982
9055
14366
901
3055
5991
7740
14067
9006
15740
278
15137
13914
11004
13517
13300
9686
15731
12894
14759
11033
5277
13473
8177
1322
4446
16168
9451
4978
8447
12206
11293
5074
2259
15503
1190
1453
14840
14929
15259
14436
12389
663
10196
614
14771
4332
7037
1603
9607
10708
6549
1911
1252
9940
2962
7903
11397
15173
15063
9312
3072
16286
4527
10079
5389
2703
3010
5572
3192
1730
6533
5908
5169
3574
7471
1316
3319
14406
15860
535
10286
4844
8251
15300
3323
14662
5957
14920
13683
13266
4201
2606
9617
2383
2241
8677
13743
14138
9795
7817
3438
5016
5550
2552
377
2678
1098
15184
4597
6428
2781
1604
6225
6708
15995
4297
15050
1043
9821
3343
3432
7300
13161
12962
5585
8909
9682
14915
6534
1515
16356
537
7173
7202
6300
5207
13834
8102
8525
13083
15214
9868
16332
1824
16328
10633
9800
9354
4868
8194
9622
15274
3891
14604
1796
7778
5671
10523
6711
3540
517
15308
14754
5485
10966
4170
2845
9471
1434
4311
8025
4136
15789
3266
14075
10284
8336
7872
11983
12156
9653
4168
11816
7175
11455
3421
6978
1979
2676
7907
1926
2741
8772
7592
14218
2470
9833
5952
13916
10028
1517
3856
15670
5061
4534
5291
16243
1456
10826
3300
6917
6766
4503
12807
12251
11497
8006
12843
1112
9614
2711
6083
5072
6826
2083
4266
10520
12847
8517
5105
618
10004
15105
8536
2487
10924
12356
10988
254
8991
10072
1161
12789
5745
8364
12417
7208
7989
3703
11300
13594
13254
3595
2842
13097
16354
9526
8414
10060
5580
3066
156
4364
8198
1657
14887
13603
1178
12262
8533
594
11270
4501
4809
5852
8350
13698
10918
3691
1740
3398
7112
2165
14640
15732
11441
6919
13194
9724
11253
12274
9694
2
11062
12546
9001
14997
6492
15027
12268
4733
15108
14196
10071
12386
6373
4207
10780
8393
5034
1209
10490
7460
12163
4698
2671
5434
9364
8315
14952
14345
8448
1808
13976
3940
4660
10951
10250
11541
10730
5233
12381
1214
14686
11835
16024
12918
10170
13389
959
12219
13704
2556
15161
11723
8475
5452
16026
3283
8743
5463
268
11317
16317
9555
12193
16307
9496
15353
14071
13772
6245
359
4887
2889
13924
14540
406
4749
2673
10335
10893
7957
8759
14736
10762
5790
10655
15637
4157
10111
1054
2216
13367
15605
11344
6983
13739
13695
11807
13132
8995
11274
4295
5270
13214
2228
579
553
11519
7832
10935
2118
13253
6858
1528
1855
7698
10541
1155
2724
11101
2253
16023
9934
4595
13350
15852
11798
15711
1317
11050
11126
3347
10396
4336
4895
5314
3559
8271
13724
5412
12986
13004
9407
11804
11660
7819
5284
4921
13780
926
2918
5872
14247
15056
8824
12549
9495
8441
2567
14215
7653
11451
15521
13588
12687
9674
9487
673
6382
3687
5869
11588
10470
4992
6483
15943
12946
11372
15198
12637
9096
8064
13692
5928
16268
12178
7721
2859
9317
3970
6406
14302
4665
12489
8290
16167
4487
16178
3478
593
9597
8979
12668
189
10751
14263
16064
2481
12366
8489
4996
14558
12109
8065
13010
8771
4873
3580
15544
4100
11624
15042
15925
11286
8405
7627
2653
8453
11439
13736
13526
14523
1781
1669
10197
15221
14715
13532
1982
14284
13633
11335
2915
12286
8576
9990
10863
15058
15452
14380
15004
9137
2594
12956
12985
5248
9190
4923
1461
64
5011
15994
15953
11842
8324
8556
5077
6840
2263
15516
10590
7393
6251
423
11628
15911
2034
7129
446
8495
15554
6337
12083
4410
4840
11078
3531
14675
15583
2818
9545
1837
4768
7171
3216
4399
8638
6297
10916
13429
8972
15653
13428
5224
14791
11179
1348
3899
6344
12008
13970
11699
6414
7855
15569
9093
5344
9962
250
6850
9992
814
2123
7166
6252
7490
7810
13475
15956
8744
7096
13979
16362
15422
854
15475
3302
6367
5505
11879
8075
8439
5326
14897
15616
7563
16008
10442
7986
3537
16355
12383
6010
5403
255
14105
6303
10698
13285
2261
10646
7646
7621
10573
12732
13058
14651
9549
2264
9396
14387
2352
3679
3367
6009
3953
135
9819
5484
14018
9950
14672
12172
5168
4793
3725
4949
13737
9438
9349
8648
7127
7879
5222
9494
7920
10187
26
13420
7678
3355
779
10018
4544
38
6979
5947
13931
10199
9790
336
11223
391
6442
16095
4917
3361
29
8026
5347
6096
5087
8720
2128
5394
9433
6664
5042
15211
8069
14824
14510
213
7118
5504
8569
7614
1450
10871
7836
4525
3210
16181
6629
12848
9945
74
6030
12702
6769
5782
12261
1707
12965
5200
15192
12427
13988
1568
15816
14201
11444
10766
9585
1232
13119
10371
9099
520
5662
12471
4876
12292
3772
7150
2405
11555
13888
2217
12621
15804
2794
12385
12661
14836
6943
12882
13912
2122
6757
5978
7349
2051
1135
4076
15013
6487
10913
9637
6951
15824
14055
4293
1116
2164
12391
5393
2884
6255
12164
4214
9053
13172
3458
10960
4975
6020
12336
6871
3107
3
12833
12617
8508
10425
2445
11197
14954
14225
2513
13307
9641
6999
11505
10243
4969
8361
12958
7403
10657
903
11821
5805
8887
10043
15487
13361
9802
10114
4411
14617
13847
14210
8723
5988
11687
9301
13894
2367
4467
11506
5826
11849
7665
6119
5816
7067
8122
5859
13512
3801
3366
2326
14243
14401
3512
10086
4260
11623
15877
7612
3112
418
301
16045
12842
4048
10681
5037
13117
1038
9602
9604
1349
8709
10045
15195
4195
10473
2776
7426
12832
381
14427
13963
4245
560
15477
5752
6647
11060
7843
12545
5076
10899
16131
12345
11267
9087
14465
7547
10417
7494
9253
1338
7061
6556
11190
5246
3399
1271
1683
5855
3621
10255
5398
13654
6734
12831
4394
10465
5329
12651
6972
9074
9149
327
15402
9292
4037
16359
4176
15142
11474
14335
13280
5085
7507
3001
14319
1583
755
7013
2850
11152
15619
5125
6963
7230
9649
9805
11039
11358
2861
2646
2939
8766
16263
7806
3763
3304
8245
11339
1110
12680
10054
8842
4524
14741
6521
13500
6912
9311
6853
207
15157
2977
12338
1745
7379
15297
8099
9863
8130
735
11596
16236
1153
5557
600
7220
6183
2181
16052
8479
10836
14593
14562
6632
12783
11962
5020
15155
16057
4926
11250
12841
5900
3303
6715
16339
15358
15580
10394
11452
3957
6803
7315
16210
11871
14569
6328
2274
15849
2276
8905
4180
1147
14737
4145
409
1579
11808
3628
11158
2775
7072
3097
5440
13773
6790
2848
14592
11322
11651
9774
12825
4016
10579
10539
15629
4874
5710
12802
8664
12949
6273
14019
1529
12896
8363
13379
12401
8012
261
2998
1352
1422
9049
5348
717
1001
16323
13610
5294
1997
11562
7968
1631
10235
2618
7976
4111
11867
611
9974
16351
361
5811
3736
1784
15945
650
12769
10502
9193
4175
2449
6080
8322
12051
5030
451
11626
4326
14595
10856
7662
4132
5262
2580
10119
10577
11764
10455
9138
7536
8487
3121
12634
11077
10116
11416
12364
16249
1759
16036
13471
10089
15458
7512
14979
12851
5349
13503
9285
4781
2599
13913
16126
7378
8634
14556
11847
10115
6278
15075
11785
1462
6872
2736
3810
2491
3178
9398
9009
13131
14372
7251
4674
1878
13352
7573
11730
15561
7034
12094
6902
10748
2564
7438
12721
15002
1433
4729
10588
14367
7796
8985
2147
6601
6280
13971
7143
7003
7772
3381
7961
6111
4187
7435
7672
1825
8734
8595
546
8657
8781
1754
15145
10057
8181
2105
1521
15676
15935
9110
11928
14438
16162
1420
8096
3190
86
8078
863
13686
1438
3767
10705
2615
8195
3275
9180
8948
37
8786
8084
2492
488
3119
12647
7243
14205
1449
12705
34
5397
3180
379
3425
14224
5102
10715
3886
14776
10834
3495
6497
1115
2576
13413
7842
15478
15727
12161
5387
330
15747
13544
3164
13396
14450
9026
8927
8288
4232
6301
16241
88
3085
16260
11013
12669
11413
13781
14027
1957
15610
3330
8161
13506
10267
15739
7964
10398
6254
9204
15348
14692
9884
14957
4673
4300
13841
4049
14825
3017
12166
13981
13657
6294
3783
6091
1994
5901
8045
14246
4247
6141
12151
7384
8845
1648
13449
7462
4447
4687
9766
1894
839
506
5130
2675
4889
1761
6249
14131
665
4718
10364
12295
9
2088
9169
8663
10213
2922
739
3416
4827
3884
1431
9338
14157
10782
5426
13538
7514
4863
9240
3614
4795
13824
6269
6055
2620
5038
11979
5309
6238
9876
3006
11025
15928
419
9241
2265
5091
3500
10701
581
15659
6227
15244
7726
6873
2163
11783
4707
3262
10750
14078
10338
3208
11917
14931
347
4853
7324
7178
11965
15992
6048
6944
6800
10430
6962
8538
6139
3524
12394
6283
10332
9871
9544
7523
11866
15131
6085
13709
9008
4221
1268
8555
13431
10934
11211
11283
8871
14021
12589
859
16192
2583
11564
11604
10611
10077
6260
10557
7185
10829
10201
10144
7938
10129
7911
16206
4156
16293
14970
704
8900
10497
9367
3372
12070
3959
15471
3605
8881
13192
14986
3376
12883
11145
2002
2810
11431
2749
8298
4910
14488
1935
13235
3218
3346
5458
9374
8920
1254
9480
5361
14853
9972
12374
4239
9228
3339
17
15476
5357
5508
3872
10880
14928
15312
13545
3150
429
9550
5937
10843
14257
123
4478
7692
3179
4059
6013
3345
941
1501
844
6000
10874
2764
3847
12924
11793
16056
1719
7011
14084
3037
2619
15818
10770
4041
14977
2410
14143
388
1542
331
2334
12497
5513
2225
3110
4104
8180
15604
5694
2376
9066
3624
8183
6791
10819
15596
7826
2976
3174
16053
11881
3082
15005
2320
11014
5921
13746
15166
6165
14463
5975
6397
8639
8116
3498
15174
15996
13023
5386
8943
10399
9211
16259
682
834
6329
13313
3326
11043
152
3755
2695
8861
850
11973
12526
11093
10649
8050
11559
11056
13208
10305
6049
9148
2322
10278
3852
709
8714
932
11894
12242
2778
7552
4672
8721
8357
6145
12103
5610
1169
8577
2441
10797
14198
1694
10825
14174
11297
5766
11721
14082
13165
12579
13939
12418
7375
13231
5385
75
11818
16085
12868
5465
7214
8869
12227
14697
6403
15165
12667
12889
5641
4984
11054
5455
8523
14827
7551
6678
3774
14187
2489
15392
1680
14717
14337
2325
11705
6948
14242
5959
14735
10754
3140
7909
6924
1786
12123
4856
3521
1859
3851
3533
302
529
4744
14993
13419
16255
2837
874
1260
1921
3716
7028
11771
10049
8511
9910
13358
6536
11136
5675
14969
367
7447
5980
6105
829
8327
11918
13604
10482
3849
11066
11230
15316
7428
5131
9699
8080
4681
11517
1146
3718
3230
4374
6904
13033
3384
5001
14353
14266
8132
15467
3875
13897
12124
3374
12481
9134
9294
15898
14914
9417
374
1875
1633
12019
7979
4346
3693
4785
8035
2647
16108
16065
3811
3710
11765
11009
5969
8210
1567
8318
489
9185
5561
11795
3487
9024
11969
12753
12456
14419
2307
1968
15121
4940
14278
13406
3468
3895
15688
4612
10647
15095
5174
12428
4171
15979
4583
7755
14183
14193
6490
5568
454
2853
14855
4862
4475
7864
13952
6036
11198
9740
11182
7296
3078
6922
3118
5496
1724
10645
10017
1772
11790
12713
6494
8922
2885
5621
15068
13079
8286
12322
3194
13522
13983
1910
15821
9760
4764
5
13854
6126
237
3848
11070
10954
13562
5654
1747
10339
5146
5993
12279
16369
6349
3497
3536
10477
13121
16222
1551
5498
11988
15350
13189
2733
2191
11665
12393
3596
4001
11949
7641
11392
3834
12477
5083
13728
9263
334
9042
5453
8119
4927
14060
8051
1627
780
10402
457
13104
11277
7671
3963
14081
3241
13062
16129
7427
12360
5491
8855
6745
2218
5527
9499
15810
146
4278
5416
852
8580
10000
10703
1277
14708
13365
2373
15225
15545
7659
12388
566
1013
3781
15170
14935
8488
7874
2175
16185
14785
6787
9791
10157
10360
826
105
3879
6398
12577
6541
13665
5143
9595
8347
3766
3871
1180
16033
6767
11769
4146
6714
6987
13362
10450
10981
3288
14695
3000
7405
13182
9897
7066
1632
13791
8683
11766
1733
15515
1546
5882
16382
640
5189
9640
2106
5785
10064
14632
12761
14636
14980
15347
13051
8280
6357
13164
8748
14002
11496
15683
5191
5211
977
15047
14330
109
3005
11876
9187
6208
223
12476
1978
9560
15425
9693
16325
7699
2102
4585
4173
6895
7038
4510
9606
12929
10745
12725
5373
2187
14121
11655
6425
10218
4652
14866
473
12447
3380
5845
11450
14738
1421
2824
6465
13605
15328
1638
12056
9321
7257
4620
2719
8757
2414
12931
15490
13374
9356
14822
3034
4280
9610
10503
8584
5674
713
16244
1593
10845
10524
4553
4904
9143
686
2234
838
623
6992
13212
10447
6345
11340
6385
7956
4704
13059
14756
6867
10166
8436
12113
4312
12230
9434
76
14300
10631
2873
3183
7084
5604
198
3143
15989
3542
8107
831
12974
1188
12535
6175
2819
3289
14650
96
2529
8640
3541
8977
4798
8043
1333
2170
15769
8692
15675
25
11354
5686
9330
12554
7389
11763
14644
659
7974
7149
2182
7120
7266
1768
15393
12718
15520
12291
655
11884
14895
13180
1219
1763
16034
7363
1198
9714
10050
1220
12491
12342
6034
12204
2462
8432
797
12439
5512
6726
2380
5546
6268
11659
7416
10487
6455
12811
1947
13091
10839
5316
14307
8358
8591
9892
8598
13026
3125
15276
9899
5943
4169
2245
10124
4661
3404
13752
2006
5084
1800
10499
2323
3551
11743
2171
14489
5749
11365
5635
13248
1767
7395
2365
2954
6976
5808
3908
596
11387
7608
5060
6507
8095
2548
1014
7702
4531
6286
971
4609
16047
8951
15480
6093
10833
2633
9046
15208
8775
9745
5507
2847
888
4820
12407
15454
8400
2097
15999
5994
13303
8873
13256
4242
7953
1939
11851
10747
1596
7329
3762
8394
9448
8437
4303
11888
14881
1479
11959
2807
8485
10909
16078
2220
13831
14112
5670
5566
5648
12881
12463
13583
9701
8277
11362
6371
2302
1217
1132
1893
9600
4699
8217
1442
2965
12790
16300
4259
5290
5650
14821
8005
2198
12557
5467
16215
9027
15588
10386
8519
4018
16205
15648
15899
3534
340
16254
7884
10387
4172
7323
133
10365
10912
13299
5653
12519
12971
12031
2035
11585
4071
8211
1189
15149
8784
15051
1876
13666
9073
8292
10478
912
9032
6204
3986
5736
15645
10171
661
1779
16230
782
12195
13748
9941
2978
14152
8446
3939
9156
1695
6921
7531
15689
15594
2882
7511
11327
12112
2129
9282
11912
3402
9246
5473
16101
5118
10195
1108
12803
9473
11936
11044
6824
6212
279
3162
1166
1936
11649
1351
16087
11733
13935
10480
11615
4954
10832
12503
1676
5004
16273
12452
4955
11864
555
2480
5052
13236
13203
5489
12639
6809
13241
7731
13237
8415
3700
9270
15120
14877
12810
2701
13863
10695
7325
2875
13281
3363
1510
6159
12184
7918
11104
8249
8056
14385
6607
9343
16115
4528
12040
7735
7891
6376
11019
4657
9806
15385
15603
7823
5238
7489
6679
15384
3248
4341
12186
12423
12844
43
1413
10529
3452
14413
7849
8780
16330
16239
7304
1376
8797
2173
6399
1262
4753
6957
7798
11058
8462
15010
7649
4603
9807
4430
7952
13881
13596
3547
3435
12534
6107
12470
8188
13493
10619
2031
4183
10849
8600
9249
1831
12187
1403
13461
3148
6290
6747
2478
13427
10576
14669
4911
12892
9077
13028
16341
12038
11529
3030
15522
3950
14508
11206
4779
12474
7566
6795
12817
7303
14006
13893
9379
3329
4304
6797
15536
2661
14381
3312
9020
2542
14396
1324
12057
15798
1458
13592
461
1597
15204
9313
5292
5693
14467
3971
8945
5793
4251
3165
4216
13755
8
328
11691
8223
12571
5295
6614
14094
10514
3698
5007
7094
9310
12853
16088
1731
16199
4584
2406
8348
7582
15543
8792
12957
9422
15736
5571
11933
5570
5139
11430
13925
6050
12722
11429
4322
4839
3598
695
102
8135
8812
15369
13270
16037
11003
2729
16264
9673
13568
4693
3130
5383
5363
10498
13672
10652
1284
9838
9377
14752
7675
15363
5466
4078
5555
15940
2429
8376
12135
775
5173
15388
11169
3510
14150
9443
4281
664
3117
13213
6395
1850
3472
9456
7420
7625
11870
2005
14896
8134
7673
5035
12676
7540
5719
8783
14543
1399
7906
13259
11382
15357
5039
16258
14638
9546
11872
4349
2928
5081
97
3318
16231
7001
9375
10583
4666
15724
4257
14800
6461
3902
2685
1246
13994
3699
4119
7114
9393
7440
8482
6695
14012
5370
13169
2614
10274
174
3479
4445
2363
3476
1109
1235
2048
3561
15625
15413
3115
11008
9214
6832
4746
9723
7530
6498
5019
1563
13821
11094
2532
8159
3681
15233
11121
10581
4952
8649
16058
12155
14416
6724
11679
551
13510
6377
12125
11984
6069
16283
2892
7402
4858
4961
1408
6739
12644
2476
14742
5750
3449
8540
14042
6908
1811
2779
14052
14923
820
10464
16331
9366
7343
4777
15578
9023
4994
13833
1622
5824
9019
2959
375
3996
10021
800
12552
12609
13811
9058
8672
10142
2995
9464
69
3634
10063
11489
11196
15754
11194
4960
9596
3633
15295
11538
4877
13483
14579
6918
1320
9792
316
13100
11995
7392
5728
13392
3702
10572
670
14301
3841
5475
6007
24
13536
13276
10363
4885
179
8765
15220
1315
10724
1902
14962
14714
8279
5202
1204
15802
16318
13016
6160
15444
9512
9213
15506
13383
15808
10293
9647
14297
3868
12922
9813
12715
16107
2997
5979
10247
4360
15885
14182
13441
10134
2494
1696
8076
9627
6998
14985
10530
13648
10553
8836
15729
16335
13806
4997
14040
10989
9591
2303
6868
5627
8892
1102
14517
11501
14391
8896
2546
1505
1722
14509
14653
16303
8162
4328
10298
12022
15009
13688
6237
6818
10867
12349
3773
6142
8305
262
15252
3790
11236
11237
3648
3224
3444
9256
4365
13520
13330
13355
12223
10976
15199
4416
4407
13414
13417
1888
9315
11057
13444
12169
4382
6525
6516
15321
9297
13463
10922
9076
15247
5127
11781
12863
11803
5809
14057
12606
5006
14760
12462
2055
12981
2059
3609
7567
7130
7134
12823
14023
5665
3469
13987
4138
534
4142
4151
1331
14659
14808
16194
7601
5895
7406
13167
6084
5506
9210
16308
13082
14273
944
15207
15409
8416
3228
2820
11707
15910
8445
6475
14622
12052
7812
15315
4321
11664
7478
9033
7613
12267
12910
3239
1702
11162
3029
7683
11706
4957
4116
4615
12424
6796
2555
6822
6551
8255
6883
5658
7562
15447
15001
8004
7524
13317
2089
12333
2202
1400
1388
2956
271
12188
467
5929
7508
13891
14144
11103
5031
7925
12341
5644
8805
12646
14624
4789
16039
5982
4291
3026
8810
6527
15563
5741
13975
6770
9054
6476
8317
15380
7448
1391
3299
4836
12899
13898
5154
14519
4750
12221
10175
9811
7640
8666
131
4000
14693
15650
6207
13966
6233
164
4747
4345
8987
11690
15981
14755
15871
3004
14155
2484
1084
13451
5275
10217
4057
4496
13166
8907
2968
2134
5058
1925
12459
14326
10671
5236
16284
13267
11731
13575
6652
12130
4412
7732
4713
2566
2773
6037
13609
15527
7441
5049
13775
16214
14856
11395
895
1686
8483
3893
433
1414
9025
5849
15803
11216
9186
13933
9119
13071
12537
12673
927
5051
19
10521
4417
7241
4003
7128
3745
6635
13466
1548
12375
14870
8911
2012
13086
848
16046
10897
1432
3729
9700
11931
6617
11226
6526
5156
5923
4643
7007
6147
1145
11856
5897
9773
6419
3972
13145
13798
13135
3727
16313
14682
2994
14208
132
6264
10139
1716
16247
11937
1748
6646
9977
10831
127
8564
12662
14947
6613
12774
14226
10493
13829
1006
12584
12359
6070
599
10162
6949
12657
15658
13992
16174
5763
11749
9264
15507
14608
7258
15968
7756
7161
9068
12763
4915
7064
12162
13509
11002
1126
9012
1183
10289
11073
9444
1508
10511
7469
4817
5308
10648
13305
3791
3760
9159
14139
10605
6323
7311
14305
15309
7539
1845
4424
11129
15101
6835
14315
14691
246
3074
12926
6587
10030
12737
12179
6798
5659
6436
16337
2769
8401
13839
5560
9332
14537
9170
8053
6302
11391
11337
8412
3553
10544
2767
15723
11972
2180
7153
4594
12972
2467
14103
3501
1895
1273
6805
5418
1353
1898
9511
11150
9290
10736
7585
1370
10925
16279
2255
472
521
13579
4144
9414
11095
9848
3201
5266
12308
4254
15065
14008
8559
4428
6694
5321
1812
324
8636
11490
9488
10155
15548
7932
10103
13297
3843
1095
8276
31
5622
3306
10923
4682
6783
13480
2136
12127
11159
2953
3437
13354
14268
8899
2092
15738
4988
923
4050
13338
1639
815
6754
12605
15070
8066
9608
5112
9594
11658
9508
5917
11331
13405
751
4494
9161
9061
9089
7449
4972
2402
16363
13887
9615
4217
14529
13233
11385
13308
5530
15329
8374
7820
4102
1958
14124
6423
7122
5306
16266
3657
12854
2783
11278
3675
3771
15133
1133
14455
9719
11215
9195
13639
8419
484
15401
1309
12395
9932
13289
1720
2356
15008
11436
8844
9147
1482
14564
10062
1099
11570
6736
9479
6511
15845
13649
7442
561
6444
15942
3819
11996
6639
4270
6875
8200
10001
16080
10229
2297
7093
9538
14757
14321
5696
14868
15518
9620
1375
5021
9358
8267
11296
12146
13955
15351
6659
6594
964
10178
8234
6971
805
16365
956
1182
14167
9730
11683
1937
7339
3229
8602
10693
3279
5010
12092
12731
15410
2974
5062
5263
12397
15687
10188
2251
9973
4715
115
13786
11140
1496
14554
14722
8833
10377
5364
2835
857
7105
1816
13499
6808
6528
10460
11893
15484
13364
2987
3292
6025
8071
11587
1488
2983
10623
10905
106
11945
12852
65
11779
11530
7598
5854
13760
15159
15734
14062
4765
12387
6100
6298
6449
1193
6500
12815
12787
13620
6721
15841
10324
11161
15606
15283
9830
5157
968
15229
7704
6719
3507
15524
16340
12652
2813
8884
12384
2702
5240
7115
6157
5949
227
908
5697
15106
9845
11787
53
4089
2049
11393
6409
15763
9847
2430
2203
11646
3324
3837
2710
15587
7109
11934
5500
14110
5593
15807
13225
1835
6530
1168
15514
15718
14867
5187
3870
15270
14955
13828
12553
519
10739
15299
10232
1286
1960
6751
10024
12104
11999
12233
3173
1443
15129
7292
7808
5554
15249
12784
2996
13072
3451
4442
16269
11016
10210
502
7051
3862
15851
16119
14838
8431
7045
7707
13580
11035
11845
14430
7555
12570
922
1318
11476
11736
10929
4886
11599
11922
653
9566
2364
583
14348
11085
5396
9154
6413
2726
8708
5178
7727
1901
8261
12532
11637
11940
2224
13048
14431
10704
11396
15395
8325
1882
16007
110
11830
1940
7256
767
8607
1119
13862
10239
9697
12035
1358
11747
6955
5690
3200
5101
10926
8665
5474
12085
11251
1362
15879
12334
572
5258
6910
6489
12422
9642
2926
6544
4696
15978
6523
3269
9176
13915
2591
12867
5436
8678
4081
13309
7962
14512
2904
12132
12015
14148
4709
14734
10446
15652
13067
8253
810
9781
4914
13108
6355
6888
14363
12082
5887
3436
14899
12757
8427
9041
6074
935
9798
14296
10777
3690
8553
2814
5723
7404
12611
13160
1301
16146
10774
8399
7305
4344
14658
4743
6833
13044
13022
4878
8337
13796
3780
1114
9736
9772
11554
2140
4618
87
11630
15470
14719
11067
13628
13679
1959
1148
13462
6090
731
15786
3193
6684
3096
577
4358
10676
5136
11735
4759
1122
14778
6014
9528
8939
5787
7095
9388
173
10435
9867
13790
4842
6481
7205
11381
8433
312
185
7146
1009
15874
16324
6320
10395
15320
2763
7184
12826
13999
10366
11742
3730
15053
10600
9787
466
2260
14209
8915
2153
7042
1928
3505
7237
13009
8832
3413
2273
8139
7933
9418
13325
1360
11967
1328
13349
4761
7492
16140
5705
11193
14444
2600
12675
12020
14787
998
5709
9887
7751
832
6368
7355
8630
14666
8369
420
7548
8366
4126
1985
9136
12692
12773
277
9831
6121
14988
13054
11404
696
190
8854
2316
9524
11172
3526
16197
14950
14141
7285
9765
7905
5253
667
14355
822
10105
13774
14984
15985
10200
10206
6502
14634
154
11245
6488
8938
9761
15717
1931
2426
5355
10731
11725
3686
9834
15663
8426
14227
8628
744
10953
4670
4432
11137
2945
2790
4038
15655
6509
7788
11111
10290
14991
576
6247
6115
2107
7853
2233
10817
166
10350
3920
15643
10214
8496
4072
6129
13858
12998
9931
2795
12935
5381
303
11359
7830
10589
13598
9951
5476
10376
13081
9623
4231
8725
11447
7780
14845
2258
15566
220
7896
3887
401
12252
15209
4936
8273
7216
4697
2388
12804
12099
2662
11612
9199
14341
14820
15194
14614
6786
495
13832
830
10894
4267
10362
5539
5365
9167
8232
5598
809
13778
11280
12678
9968
7848
7948
12964
10228
12766
703
8486
6164
15138
11711
9300
15902
3369
13029
4712
11252
10723
5193
10093
3564
13696
299
11574
14310
14317
7231
11639
8105
15460
12436
2731
1589
6561
9266
13856
15884
12623
5401
10249
1289
14286
4788
15469
13314
2045
3885
628
15107
14744
6182
16343
13591
11160
172
11608
8694
16270
448
6869
9823
13973
15216
459
5976
2708
1030
828
7356
5286
13918
4893
6720
11703
8477
11412
9891
10236
530
7073
10418
48
204
14050
11684
5688
8541
14983
116
10663
12885
9459
14503
8608
807
13046
13776
7570
11469
3473
15703
15455
11290
13793
16296
7549
12275
1363
8396
7882
9648
13860
3625
12140
4386
2268
1899
12755
14099
12908
14043
9234
5774
2828
13668
8264
5534
7464
7132
3459
2161
2570
4860
12585
4726
637
3295
14944
11221
8894
2887
13019
6596
7346
1395
403
12339
10393
12820
10121
3658
14809
4571
8265
12061
13202
14857
13284
6186
7158
10815
12340
480
15573
5137
10699
784
16376
5840
1843
6994
2242
7319
12228
3654
4193
11685
7341
13484
9533
12909
1195
497
13149
4797
16256
2193
2294
15024
15856
16267
9793
9590
11045
3585
7513
10422
13762
5727
9659
6480
3231
8501
2735
339
728
11534
11862
8301
10118
7873
12517
3812
15890
49
3285
6738
16055
1020
11148
12659
5812
13359
6628
8089
544
14236
2745
3941
10907
10401
15602
2016
10067
9243
5761
6517
684
3697
5661
5161
6725
6774
15677
10179
10423
13375
11287
5017
1538
5531
12072
1791
13288
14470
12525
13154
13693
1815
12940
12250
11518
1440
11729
8895
5720
10343
725
10122
8356
7738
6453
16226
8042
5765
13642
12626
841
6889
12516
15541
3158
13105
2496
4588
12326
6674
8457
8585
5516
14597
13837
12309
7260
337
2550
1762
1522
14221
12254
6713
11774
11837
2840
13185
12280
13676
11944
7500
7068
5613
14271
7309
3225
10006
7854
3833
3237
16044
3163
9114
6426
9057
9305
4366
4017
2333
15705
9478
14073
6479
6185
1946
8549
5479
13555
6974
788
7970
4377
7497
8710
8514
12128
14670
5948
10737
1729
4287
1852
14811
16099
4313
15236
1506
9192
3086
11210
6671
2063
11717
14117
11753
372
4894
5298
13742
13230
2082
15702
8753
12527
12271
3197
15720
2292
10556
4298
6624
3642
14629
7681
12878
7259
14340
13401
14092
4822
2359
3613
11844
6463
12921
4292
12145
3278
13279
2571
12655
1655
574
15074
15873
694
12255
10580
3181
8236
13344
13418
11543
6006
10725
14702
9573
3389
11966
13895
6890
306
15513
5094
8701
14904
11032
12411
8872
6416
9382
4215
15811
860
6984
14704
14817
8808
6284
9378
6272
10569
13558
1649
9051
8572
1366
15850
4815
4046
15825
1504
11985
2698
10513
6583
6966
5078
9394
11950
893
1956
13689
10202
2780
8988
14620
6220
15397
15345
16124
2704
6194
8742
5795
14030
8647
4635
937
15306
8727
11484
8702
14633
11927
7634
2030
15426
7212
2575
4177
16150
6794
8408
6316
5962
13496
373
1571
9408
6562
7012
7851
8319
6153
4014
10538
1477
12283
6198
7505
1619
12066
824
12464
769
14649
11526
9097
545
13923
9106
5544
15390
10300
14016
15909
2018
1170
11963
6018
10771
9908
4634
14479
384
7195
2531
10108
2713
510
11805
6630
13669
1378
7747
12399
10618
13551
12989
11295
11065
15110
366
3660
13702
15154
10368
15387
10532
15500
4196
2237
12543
13560
483
2335
3912
1259
13553
9080
6271
7419
6604
10154
5155
5711
12978
11675
11824
658
12749
8443
9337
4108
15494
6448
12521
6952
1840
14893
13116
7647
9704
15704
1396
7663
6637
5904
7660
11577
2765
494
12037
8819
4192
8996
12508
7999
9860
233
3962
1607
7619
5751
7417
14076
14311
13321
14927
842
946
8460
4051
11906
10635
12897
12602
13242
10920
12352
16190
13065
2911
201
6641
512
11838
7268
15162
2863
2957
15930
12693
13808
16003
14269
13124
11017
5423
1890
2870
5354
3244
9296
2955
9121
1801
144
11311
3873
6636
5858
11846
7062
3120
3360
2541
9548
397
15043
13258
2160
1437
1049
13846
16136
11074
14346
8103
5341
1987
14859
1654
8018
15549
15609
12509
7606
15103
9158
13333
11601
10949
6214
9752
5272
4613
13830
2596
11156
8092
10941
3471
16242
10592
14765
2384
9776
12175
14898
452
15187
400
5134
15685
2087
15399
2111
6017
5800
15167
15597
8619
12941
12630
9513
12656
6675
9832
14204
263
9184
12858
15449
12
15146
4854
267
4096
8372
11367
5013
1288
11992
6052
540
3263
11106
5201
10223
8235
4103
13784
7917
9340
10390
753
8825
10165
580
671
2952
272
6538
2753
11724
10022
14154
6625
771
12936
129
4875
8741
8034
4586
13998
15868
9514
11581
764
14481
7481
2054
949
9322
10841
13729
14773
4896
9426
12402
1498
3631
2617
5323
10244
16125
3024
8371
5166
11762
5464
1142
7330
14960
5090
2786
14968
9151
12523
1675
4363
7542
5971
12690
16144
2811
14299
15585
14066
5582
909
1269
15029
7485
3108
3838
6421
4732
2960
8821
11909
10560
10279
11887
7674
12469
5430
5999
1914
9846
15822
7316
11632
13732
253
14570
3575
1671
8237
2834
9208
9535
8367
16076
10092
1620
11309
2625
6314
13127
947
4085
12707
12586
1842
4999
4402
2611
7036
5984
11672
12024
7196
1977
1212
7483
13504
3378
4347
6907
6654
12728
8246
16089
16315
15094
15753
918
6308
1368
5733
11920
9355
729
13964
3842
4881
4509
10265
11049
12716
16240
1379
3880
2607
9582
2115
8146
10
4098
14972
7340
15427
4931
13177
4932
5267
5490
7480
14932
3516
15846
1710
8243
1285
4581
7950
598
513
6837
6504
7326
52
1700
8802
8583
5445
15591
5433
13200
6181
2361
3073
3667
2535
6990
8613
12932
7358
16171
7686
12229
15896
12086
4995
14500
8157
14521
3942
16153
7386
2075
15806
13719
5699
3952
13339
11848
10101
9861
633
14990
357
10222
5646
14
12603
15405
897
3012
7033
9728
825
13327
8182
6024
15547
6939
3750
16333
3958
7439
2305
5537
6031
287
12354
2000
6696
12060
5801
13011
2951
15223
14723
7605
11105
15258
9412
6270
2665
10141
3371
15215
1662
15307
12111
10109
6358
12750
14905
7773
8215
7666
2602
10406
11839
10888
9440
733
8738
1151
11220
12088
9139
16075
15858
13039
3387
10479
1829
8214
14854
5746
8466
1897
11811
12377
3619
14591
12137
4354
5885
6219
414
8225
2832
1416
10677
5850
6906
12325
3084
8077
12181
12724
12874
11456
6352
9267
14267
13908
13036
8493
13078
8309
15411
11668
3961
12013
3341
14852
3466
8722
7865
754
7835
11792
12098
2434
1945
14646
8209
13274
15231
7571
3988
7886
9079
4465
8028
9485
3260
741
14312
6600
6686
11788
13095
10488
10564
7272
2464
15570
13985
1792
4458
8353
10632
6618
995
12149
3794
4828
5176
10441
7160
3578
11836
14823
14812
4122
2608
9721
1753
8693
12451
13332
4556
7752
15067
13407
13335
12498
12547
2793
11770
3907
13347
7937
9462
5636
15787
645
13825
3863
1566
8248
4986
795
7725
12966
3109
16128
5614
6467
3786
7600
11734
10304
5120
8368
16172
9492
7655
4238
7971
8233
7079
1601
7597
11829
8341
10566
8605
8864
3515
5390
13278
13855
5620
1300
11231
1580
8422
14751
9360
6830
4722
6627
3813
15151
10003
15342
14375
10801
7771
10733
8262
10164
6514
14443
6941
41
1120
6784
16381
8791
5170
12425
15394
4989
4818
12635
1555
3067
2830
4075
10226
760
12431
14293
11461
12923
15607
438
15617
626
12278
9350
1050
3351
14522
3635
10354
15742
2061
7484
8688
833
11645
2377
7805
2679
2221
8011
3274
13400
5444
5692
11189
11307
662
2366
3464
1948
1836
2348
0
8302
15917
11669
3616
13207
14830
6543
8471
10661
9632
10407
2091
13978
15332
12799
3913
6877
5974
2815
9018
9015
8698
4087
4030
6197
1709
9705
16114
12919
9481
12302
14910
2465
16104
4814
11901
791
4010
9822
6965
3336
6829
14344
7824
6380
10182
16112
12118
14746
5649
7422
11323
3665
7724
15453
2538
8150
15686
8269
3769
7071
11815
14262
536
3651
4962
4507
3732
16014
3314
12457
12048
5181
3375
10749
10858
15987
5968
9179
4780
2412
12786
10090
10883
3424
9629
16338
11305
7691
14902
7344
6670
9633
5024
1605
15148
9336
10728
5772
8685
10345
508
2283
15960
7785
1881
7308
9577
5192
6365
234
1861
14729
3136
1085
7306
8908
6339
10669
382
4318
1158
3145
7617
2454
9235
5185
14125
13878
7032
5142
3301
8175
3098
13465
712
2282
439
6662
7924
11813
12053
12754
9616
139
6330
12036
4296
12298
14462
15813
11722
2980
12006
14129
2386
16316
10421
15472
5422
2062
3331
205
3496
11244
13534
4379
15708
3282
10506
3748
4545
15279
11954
16074
2919
8749
12711
6819
9298
6011
7211
6213
323
8375
16304
353
4506
8704
15156
2511
898
321
3608
16180
15488
4838
5645
10931
148
11265
10352
2407
10614
8800
6152
616
8739
15790
10792
7630
4964
4497
356
15773
683
8149
10547
308
98
5680
4117
16156
222
15733
9985
10113
5717
913
15539
7488
3480
9307
5280
16073
6482
12695
12636
4549
7746
12995
15071
15797
8581
16232
12297
8960
1621
4951
7331
2893
7985
6374
1856
16360
4044
9163
9277
5503
7963
6363
3431
13803
5933
12937
2878
6925
5867
981
13947
2829
1337
157
1332
8192
5715
5684
12351
8258
12054
11890
8510
14885
3926
6623
5226
16364
5927
6916
14041
441
3296
15378
5032
528
5110
1949
7086
6001
9658
5802
4361
11264
15976
5366
6710
9113
7287
13770
13733
4651
10642
15901
4453
11364
6512
2637
4593
9273
5932
14677
2349
7761
6760
32
4097
7238
16154
14276
3881
10850
8022
2315
7322
759
12361
550
15887
6215
3825
14687
5362
7845
244
3630
15036
4941
3743
15839
4667
14919
8629
349
6663
2332
447
13360
8901
10211
7559
15957
1213
8355
5282
4308
8081
16068
14496
10919
16252
13658
15809
10009
16018
3342
15601
3677
5379
11112
15006
6861
7921
9483
3545
15782
6704
15624
16048
8518
6825
6309
3532
14761
3715
3064
2295
5599
5724
6788
11482
3894
15379
10682
6222
11670
12777
14334
6324
14524
14688
4922
3261
14004
1361
13956
6689
14938
9461
206
11748
5450
170
8178
7291
989
434
8509
6640
1128
7583
6008
1157
7926
15669
11911
6592
4740
10760
10133
15916
6752
4646
16072
16028
4222
11775
7327
4219
6266
13930
9662
1083
7059
7723
67
12861
12917
14200
9502
8918
6548
7749
12550
6846
14074
10783
12650
2046
15756
7945
6763
7829
13195
584
14206
13351
2479
7526
9691
15462
4619
4791
14172
80
740
4745
12011
12398
2183
1531
12165
7019
68
811
1611
15119
6464
2257
12408
15280
15285
11698
14283
2199
5873
13511
905
15668
1329
2804
4890
7525
4152
3552
11082
1535
150
12674
11531
4546
2757
14848
992
2208
1131
3095
14395
9764
8750
13516
13967
4279
10135
4638
1383
1380
14279
16066
10847
15551
1359
2189
3860
12215
13113
647
10100
789
1732
14989
9965
13644
9872
6609
13699
1862
5056
7458
9493
143
12248
8470
3758
183
4090
11428
2222
4408
7967
14810
14079
12818
6041
8814
5234
14166
1992
5261
9588
14567
4689
1445
10207
7813
335
5252
7210
12335
7887
4340
12875
10859
11509
2562
10463
6418
3091
7998
1913
8891
256
2269
15372
2009
4786
5893
12827
11638
1961
15557
118
3447
6977
5470
4965
15062
8216
200
3166
3946
11262
13969
9116
15590
6834
10065
13543
11997
7856
2907
5672
7289
11055
7928
7586
4958
12914
5892
3220
1887
3426
1053
9534
12429
13421
14797
15595
73
821
2041
5096
7249
14943
10882
3099
7144
10459
8961
12299
10494
12378
9731
317
8193
252
10271
15932
3298
4472
702
4645
14561
15445
8388
2948
4391
2004
15533
3388
11874
12530
13869
7515
14832
6108
1203
4846
6138
13146
10035
9836
675
7560
4799
8449
6267
6293
5281
1499
10268
7626
7334
8137
6196
11797
15255
3041
15977
15034
15866
14471
12785
13713
13507
9207
6059
7152
6748
11960
199
13995
6569
3036
14404
10742
101
9410
3859
9755
6677
10945
1094
13827
1372
7742
8123
3255
14270
1706
15762
4943
10416
12313
8545
8747
2650
5856
11860
15749
11575
11566
15450
7113
12116
9589
13455
11463
15780
14493
2439
11213
8098
14813
12607
10666
11458
531
5075
11882
14995
1097
8328
3720
14254
1614
1256
13197
2902
13479
11794
1117
12487
1069
16375
5773
8949
14020
9911
2446
866
2026
1343
8491
8164
1598
3937
7459
15081
2584
5250
10796
7364
9921
4420
2400
12982
1974
11468
15362
14285
11374
11520
5533
15823
1920
12701
3817
2712
3844
16015
15136
4371
10104
6997
9881
9785
3705
9221
1771
5853
8955
3776
8091
10169
3392
591
16182
9757
15504
2146
5899
2624
13007
14464
7604
1022
10673
2156
6519
3061
11556
13277
5376
3152
12520
15019
3106
7198
2966
8532
8557
1625
13188
13356
8260
14439
1667
12047
6061
8472
14354
3821
12312
2787
14583
6134
7960
2468
5837
12144
11674
15087
7888
14609
7966
680
15325
10578
7092
2178
10231
6953
5934
15765
7299
15448
5447
9215
3823
1599
11219
13836
13547
13590
9183
3554
4802
15941
6217
15535
12448
7052
6911
6954
4212
1240
2394
7274
1167
15082
5630
8507
13106
2013
8254
11656
