8200
1822
1269
739
5815
11717
15313
11121
9055
1782
937
6388
4721
13237
8172
4314
14003
2
14556
13645
5670
10881
6374
10932
6953
13014
5217
10648
959
2751
15244
10395
12553
10352
3298
16290
5606
2946
8241
5711
14121
13776
9363
10150
11667
9519
14977
16052
5223
3087
8906
3495
1524
16077
7503
3448
4755
9808
159
13266
4299
6112
7992
14764
9653
2928
3424
6012
15239
13503
9812
8377
2666
2066
4196
2017
3017
15413
3005
9420
5587
11636
3721
6272
12276
450
9245
2063
8409
9977
5416
9142
2932
13251
12007
10750
14652
15767
7346
3385
10987
8092
7090
2559
1016
14410
7244
14901
14016
4439
322
2610
465
10241
11617
11661
13542
5600
829
6836
6063
10618
1528
6971
5970
9580
9886
6934
1473
6929
4182
12672
8254
11690
8319
4252
6590
8354
14404
32
14624
13032
771
986
5567
7653
13337
3469
10653
6445
15692
4738
15366
15930
12502
14196
7074
397
10511
10472
7809
4448
1819
8852
13694
13402
6998
7232
4117
10973
4563
9910
3512
9185
1551
6021
995
5187
5793
1305
3012
14895
9728
5019
7886
14488
6670
12444
112
8682
16150
8661
12529
13684
10635
12498
15792
1412
3262
5439
11298
135
10045
6331
7219
10537
9864
7497
10834
16367
10262
14648
11186
2096
4639
13464
10888
12043
15280
15895
15934
14297
3230
4239
13304
15314
8796
12828
6136
2224
2071
9924
1325
3974
15771
8983
4622
11590
10843
8793
5058
14447
14629
1355
16046
7903
9417
11908
5170
2881
11701
3283
502
1591
400
8566
6109
6509
10213
1967
11615
15166
15124
7762
890
13545
13146
9484
8280
11244
10026
8927
14225
1919
13656
4939
1032
1092
2979
3376
11806
6983
638
10694
5533
11782
11980
3104
4752
11062
11215
9341
2817
11975
5849
2417
11217
8098
10906
13860
8022
13148
8609
16299
10338
4886
12438
8157
2687
14680
12674
11162
13492
12782
578
12815
7521
5535
5185
2716
4700
11094
1683
6896
6625
2533
6029
2380
4004
3141
4907
14318
12946
2675
10690
14782
16285
134
14728
935
7721
11474
12505
1468
13609
13713
3867
15902
11178
10082
59
4103
15990
8085
1623
5585
4571
6198
9147
13375
8591
2631
3647
5003
5427
1107
5860
6994
10825
8574
8316
5323
4815
4971
7819
8828
16376
13278
9782
1557
3774
4758
5729
3296
3961
13387
4817
1791
2240
1902
10203
1778
10295
8151
15411
11562
1510
13066
10890
5361
12905
11580
11004
7801
9875
13894
12608
3275
6476
15905
7862
6723
8966
11380
7887
1534
7761
3411
4803
13918
4535
9143
1477
7456
4237
8153
11788
16072
11799
15758
6377
9149
15999
141
16301
15500
15988
64
8477
11547
6908
8915
745
16368
2724
9211
5687
2954
8462
8534
6355
8351
8883
13449
9657
8658
1322
16286
4578
8277
8326
16043
5779
13530
560
16111
5625
8011
4770
3220
9395
14642
14455
14733
7552
14817
6322
7797
10842
12907
7900
5081
5473
8505
3551
8036
1366
7826
16042
5511
14808
8143
15734
15656
3666
6158
3082
12896
1251
6871
2314
8970
12503
4876
13928
7290
7137
2686
1347
3668
6627
12412
5234
53
6011
3985
8452
4750
5632
10364
11772
9442
1698
2657
10788
5092
13626
16133
5819
8509
6838
6763
11558
11749
3751
7390
7444
14938
14858
6118
1571
16020
14306
10567
6879
8621
14744
11226
5366
3743
12866
15606
12738
10013
6632
8572
3791
5100
15562
16265
7790
1208
1815
11505
8181
1141
1586
13627
9479
8660
13808
2975
16138
15893
5565
15159
13060
11330
5723
1354
9112
15873
4005
13410
5337
14009
5251
5292
1024
5328
3417
7066
13695
9770
5166
2519
15616
4364
10679
9005
7898
2281
6172
13610
6914
1121
7673
10055
1705
3710
11837
2462
8928
894
9678
7345
11481
9447
3932
2193
9275
4219
1281
13025
6253
13851
12197
13711
5167
6403
6999
989
15175
12215
8363
13167
10723
15941
8789
3122
15480
991
5505
5048
7059
15867
14610
4796
9553
1273
8236
5835
8371
9733
1776
1857
3217
11072
8886
9076
2529
11879
15297
4376
14435
2915
15568
52
8547
5558
6815
13268
9794
15675
4910
11240
11657
10645
4300
697
3618
7095
4274
7676
13125
16243
9240
5158
422
14296
9987
5928
872
4749
9578
7000
8959
4095
6320
14180
9612
16362
4759
13229
13814
4217
4468
5901
1048
16245
13831
16333
11618
15021
7719
1040
13725
13094
13499
10345
8106
7968
10735
6343
2060
3476
1227
3425
7775
2276
14253
10765
14367
11803
162
10251
707
3660
5354
2356
15155
11999
2948
1454
13688
10796
7708
13124
13302
576
12647
8320
10583
5207
9066
16021
12925
10410
15312
15855
3478
2534
15814
8737
1904
3447
7555
15715
3179
16143
1101
1185
3506
8714
7479
12236
2348
9010
9176
3592
13011
10008
1915
15700
8650
114
7916
14798
3284
10776
3683
4317
8807
2674
1851
14335
16337
12533
148
11858
11130
7792
2143
14310
15756
13188
11088
5054
7146
6298
4104
11798
11157
15547
11068
6266
8032
16257
5209
609
10061
11071
10107
79
1248
7020
8759
14542
2004
1931
4381
7026
12372
1990
257
8836
14853
14348
5485
14005
4933
3627
12013
5289
16160
16090
12384
9252
13724
3097
684
786
13
9277
4405
10243
3984
6041
5299
6906
7401
4114
7539
4722
12559
13769
15951
8781
7852
15949
16161
7159
227
3076
8253
10023
160
15254
7880
12884
7970
10434
7037
6081
3833
11514
10299
6423
2227
14664
6120
12778
6586
2683
13715
8282
4862
11399
15115
14045
16103
5285
12865
2180
3574
7562
10480
12967
2083
3943
8118
13180
6017
16097
5123
14132
15422
10038
8445
12790
6337
14022
4361
5811
8719
14425
12091
7928
1489
2440
2010
10956
728
4510
12464
12354
6788
15672
15513
11098
5669
2194
9025
2588
12294
10170
5395
2695
3462
613
15857
16114
13538
4169
6673
6441
16033
4880
1137
5142
1644
511
7301
15331
8604
98
11518
1595
10854
15465
8111
11490
6933
5633
4593
7287
3950
14076
1171
8878
15916
5610
4825
4435
7440
9810
3110
6082
1080
4395
7964
2557
8596
7843
1521
15290
92
4852
1687
12924
13195
928
7374
1596
680
11872
11666
2972
1539
1028
2101
1452
4065
7598
15144
4337
12653
9634
1817
9554
5770
12772
8309
14136
5356
14919
13087
13059
11563
3293
11567
6892
946
15924
12640
12066
12240
1541
14361
11973
9137
14627
4574
2692
14710
15645
3651
2080
13416
15966
7647
9062
1025
5736
12545
6124
15971
1144
14114
6594
11201
3224
15432
4474
7830
10946
2813
11947
6037
2449
402
7220
3168
4597
15298
7466
14976
4619
2656
5022
8063
10929
11686
1672
12534
4443
12136
754
13507
4394
5355
13834
12749
261
11095
15501
8800
4705
4092
8595
12999
1398
13878
11291
5518
8724
7408
6637
10401
8400
2920
5350
345
10782
4414
2427
12080
11475
6970
4089
10327
10821
4848
9725
11807
10687
13121
10360
12981
12079
5751
5678
10578
8845
10004
6620
13960
7417
10804
4595
11956
16364
4786
13891
1396
3139
9467
518
7522
4050
9588
5574
7423
2335
7531
15077
5047
3174
4389
6141
3837
16091
8690
12541
7580
10096
1219
5371
8829
826
8551
18
5685
51
7860
9861
7352
4102
7745
7884
6062
5469
3726
4498
15402
6260
10701
9039
5584
9172
13967
16112
8360
8240
828
2446
3876
3879
9440
2693
15261
13531
5169
7695
8733
12225
6323
5537
5758
12958
12960
15415
10917
14026
8550
7325
5967
10193
15237
1560
2052
3976
11492
9146
12629
6110
5038
1620
9031
12381
6426
3810
6768
15821
2144
7457
9565
3046
14090
5173
8880
12131
5734
16196
12180
8618
9094
14720
294
4692
7611
13404
4331
16240
11040
11438
8449
10181
11466
2119
40
4188
11230
12702
4343
8539
7257
6854
7498
11457
5681
15098
13511
10615
6736
13862
8293
10086
7542
10803
15197
1746
14086
16204
1920
15361
3065
16159
8559
2672
12095
13019
13311
6542
12915
2308
5203
11020
6913
9632
11959
13829
3802
7168
10852
11791
875
8376
10142
15109
4040
7254
10292
15763
6898
13689
10720
16236
9414
763
12993
16187
618
300
1642
2888
1568
8256
13866
3481
13225
9174
9928
1849
9021
5903
2522
15514
15789
9613
4027
8464
11680
6662
12851
4667
2034
12530
12877
1456
3345
15936
11627
3905
13515
14061
4130
6107
751
16055
13345
9599
16375
14171
14033
11734
2684
5041
5938
11510
315
3635
6122
1165
10528
6518
13196
12885
13338
15463
3187
12526
11256
15256
976
8432
8718
7291
8804
6696
617
16344
7648
8933
4966
9761
13728
2036
14457
8635
12339
15345
11441
4552
13465
3941
5345
6619
10239
480
13436
6795
14012
7861
16058
13509
2411
2087
1584
1604
13147
15173
7083
6573
278
9499
1951
5962
9310
3177
5998
13442
4180
301
14264
1652
7517
3732
15143
6764
5303
14912
4516
12252
12040
11297
4074
15772
13350
12625
7473
4480
1426
8944
2023
1582
6127
13358
16259
3992
14055
3328
6687
1299
5608
3147
8495
14360
12117
12988
969
6274
9577
2065
3135
9367
14636
7282
9826
13242
14406
9786
13828
7930
10928
9945
15029
421
7757
5861
6390
8245
458
12154
15329
7471
5990
11631
5965
13947
13920
15931
6948
1632
4446
15442
11974
11488
6528
10248
11110
11741
10315
4408
7356
7543
8329
8594
726
4556
3912
12840
7180
3649
3818
3133
2572
4666
15551
14894
3493
484
4175
3559
8593
8834
8484
514
6070
6979
7744
6099
8458
13809
13652
9971
10431
12628
2554
11672
13431
13554
13532
260
12961
11709
7171
2461
5676
4221
664
2586
4726
5215
8648
8424
13663
4696
12391
5340
15168
13370
13968
7932
8099
2073
13043
3808
3243
6756
9430
2235
7706
3250
8695
11329
15985
2493
15742
4529
12610
3077
14996
13155
9053
7770
15398
4325
4917
14655
11392
12327
4276
56
5397
12271
5344
11179
6504
10995
5357
4058
15519
627
16066
3453
5493
2862
3597
13044
4844
1837
11054
4609
8164
5615
6767
11883
9905
12633
13949
13389
1112
11777
1453
737
9253
8893
3346
8861
16256
6209
10650
9494
8887
14452
13434
3410
16212
870
4422
307
15355
2917
13533
12786
15502
83
12371
489
10593
5478
12367
485
11385
6386
13882
8758
8125
13117
1252
7334
10047
9847
2927
7991
6531
6796
2688
5424
5247
2126
6391
1152
7883
12619
4892
2363
5910
4428
4025
10512
8882
8553
5421
1132
9713
12430
9744
6502
12675
10222
2166
7105
6820
6126
7743
13586
1131
1172
3341
14891
11859
13033
12449
14860
10516
3310
12282
12427
13959
7196
15835
14700
6418
4934
8388
11646
16310
5011
12047
10102
9356
2589
5950
14730
5317
8278
13594
4063
2541
7800
9276
15965
4138
5664
8910
15288
13395
1779
12680
827
12911
10761
2635
12395
2861
5857
1087
2056
6805
1753
14784
13906
1307
3988
4208
5406
14513
4697
12573
13168
1875
7339
12864
2388
12467
7151
7804
3923
6680
12489
128
13574
4751
8549
12115
2640
8787
3257
895
2441
7283
13482
12614
3128
5604
8069
3996
7953
2838
6135
11557
4782
8131
7926
14338
8101
3814
13642
7846
4210
15831
7178
6897
2839
876
4928
13835
4195
5981
12452
9677
14671
7832
6019
6440
15705
12351
3918
12460
8306
11410
2851
561
10154
15932
2130
10775
9264
12155
5813
5607
12211
6015
12365
8531
409
10968
3735
5605
11034
15277
8748
8873
7469
10334
8486
1827
7068
2564
13483
2057
12011
13534
8154
11101
8840
13607
10556
13922
1641
2139
14038
6825
3669
10953
9239
9958
3397
4777
11406
880
15395
14371
9508
14607
14882
1382
11509
6522
4231
2549
6422
5101
3240
15282
3798
13162
9034
1315
1297
8866
1911
10118
2312
10333
10385
15661
4628
14333
11873
11274
2445
15553
12754
12278
6387
9141
11725
14093
3239
14887
3407
8628
720
9037
14993
10264
7163
11804
2341
1811
16009
5362
9449
4585
12922
1646
3865
12003
4012
7242
12402
11820
1742
11525
309
15876
10651
11556
2550
4323
3080
13100
2520
14815
15744
5881
1708
338
6886
13105
7782
5218
5327
8428
3885
7641
4938
13012
5201
16029
8923
4087
8672
170
1552
12880
16281
11338
3991
12260
1153
13700
12238
14281
4367
9446
8681
9777
11397
10629
3938
6660
14729
6843
7315
5089
4471
5314
591
16356
7765
5874
9090
1202
15111
3364
13602
1545
15351
13417
4232
7566
14888
6920
6574
16322
15382
4135
208
14774
14625
12289
4049
7715
3193
11017
2970
9682
14193
16164
4176
9800
10576
14100
15134
6826
6134
9289
8525
1999
13600
1301
2418
11668
8018
814
12316
7177
13222
4504
10259
1042
11409
12753
7094
12098
12004
10438
4410
4685
15926
6238
3509
6532
11341
1909
8261
936
8045
7549
4262
14801
14262
13585
4298
10895
2835
4916
6280
1905
15176
1886
14340
8738
14227
15163
2532
14789
1393
12218
14450
3337
8874
4393
11569
42
16361
5766
9623
2286
11990
6405
6666
12256
5588
1814
2455
1678
6828
12016
11081
11755
8074
8466
9357
9249
14810
11188
7985
8712
14701
14050
13210
15538
10930
12295
3200
15276
14036
8126
2662
14823
14207
126
8589
7156
10706
15662
14780
1231
6287
8407
13151
14796
11619
3199
12745
2762
13157
8142
721
2012
6010
6246
12536
7041
10903
2104
7404
5701
7794
3062
11827
6564
6550
10320
7167
9073
8993
15630
11573
6328
10056
16237
11597
14443
14903
437
5915
11430
14535
13291
2745
12811
11997
6603
11588
10742
1074
8372
10404
13396
3290
14021
11712
14159
3718
6199
16241
9125
7956
15818
12002
5236
12146
15005
10268
54
557
3130
9830
264
10979
6321
12262
11140
8179
9969
9731
2536
6367
2985
178
13090
2082
10446
6921
11372
11387
4442
14141
9715
8710
12421
13588
5943
1015
1737
8368
14324
13298
7210
14119
14040
931
14792
3053
10392
9914
1317
7604
1907
1411
10655
2563
14563
4216
5856
13914
772
11452
16088
10183
528
2603
7712
15437
1845
2731
1599
11949
6344
8284
12576
10671
8417
6206
10681
12437
15417
8130
2436
7246
15950
12887
15243
7702
1147
13975
2393
7532
10427
16307
14052
6963
15449
8038
2041
1091
15467
12578
12406
851
5539
9456
4746
6211
5892
11381
7895
3989
8838
848
9868
10947
5602
5698
14208
3368
510
4222
1200
9859
4235
4486
3377
12767
2054
10113
5929
2739
6380
15585
1522
10675
585
7081
13667
4324
8444
5035
496
9674
6205
8171
14116
5386
11033
13598
3351
15078
218
2375
14322
12341
1802
9231
1975
15937
8968
12030
9374
12399
215
2245
5912
371
15059
6583
6463
3271
13923
6834
8196
12084
108
2118
14678
9515
4128
12761
4520
8790
3788
11059
11724
6071
2499
5174
13707
10443
926
7337
14958
13339
6672
12375
2488
145
4775
13382
1270
2353
2457
16053
1735
889
3273
10996
1045
7844
13962
14598
14201
2998
14496
14049
15456
3297
4961
7420
14552
10638
1546
562
13120
7370
15180
15204
6025
12378
11207
12763
14571
3578
13991
3482
12734
5398
13789
4332
9535
5538
8963
6270
15646
12643
8194
2454
6930
6333
13654
8367
15731
14272
6853
1188
10543
8891
822
7965
646
11281
8058
14282
4377
4402
3036
9920
15035
8149
12810
10145
16320
14319
7203
7869
263
15110
358
1157
6706
2726
14551
11951
1417
12434
3069
9481
4811
13479
1525
4357
2072
7688
15714
15429
4575
5018
11444
85
10718
3202
8177
6585
15543
9038
2442
15201
14034
13908
7236
62
9124
13867
8435
11753
1855
4763
8468
5151
15601
14746
797
9366
1442
9562
15888
5801
6311
15468
4146
13418
6523
13056
1166
12097
14554
8265
8841
5555
15221
5039
14787
795
6847
3269
11634
9540
14499
10024
1059
12998
8692
6904
1276
14396
14311
607
12537
5580
14646
10879
10767
13267
799
15878
12108
1433
11565
12210
10708
16293
4123
5807
6469
11816
809
9323
10152
16318
6581
1210
413
12439
10237
6448
181
12292
6803
12006
10880
14914
5523
4336
5794
4075
9196
7443
6224
456
15378
16107
4546
3917
10087
6227
13106
14019
4594
13149
13705
15375
9967
1333
2423
12223
3759
5837
10806
10914
15938
4070
11299
9108
5756
9334
11013
3944
10380
16300
15200
4120
9060
6286
5318
16321
11469
3504
15303
15563
15649
13721
9884
918
8222
10420
11002
327
14082
766
2613
12962
11967
11108
6237
13747
3629
3182
2630
12769
2006
1513
319
15484
3237
13028
12723
11757
14852
2721
12386
14527
5937
6067
8881
5193
13472
13170
7982
589
15405
7362
14037
13886
13045
2720
4827
7396
9727
9609
1581
9668
13077
10519
7791
182
4513
11022
3234
7529
8307
14539
14430
7411
15781
3681
8137
13668
4509
5689
10236
1167
1145
1667
2003
2117
1530
11147
9684
15319
15933
10344
8763
4170
13690
15511
3945
6080
8453
2171
4497
12692
15158
13704
5447
3022
4462
13562
15469
9400
16377
4039
6840
43
15719
513
1994
1244
1098
9491
8582
15786
13844
15189
15091
8995
15970
13426
2123
15017
16207
16082
12850
6891
6408
4793
9918
8202
11324
5295
12490
6275
11511
12021
9480
13573
5887
1206
2525
8743
5399
10273
15169
106
1070
14465
11766
13454
7661
9285
9436
694
2664
11616
8086
2730
10050
8965
8616
10435
11038
11115
4069
13272
11270
2852
8558
4702
2359
1447
3895
2450
4613
3771
5900
15677
3968
15864
2476
11354
15641
8479
13868
3840
10081
2729
48
14412
7793
6432
13794
15613
8610
6165
11901
11688
11470
3795
12453
1578
5074
16231
10925
9187
7482
11519
5301
3004
2094
10856
9008
13788
12620
2971
8811
1719
16342
6852
3799
4941
10585
9520
4427
1954
14229
5755
11778
15409
1380
6686
71
1808
1780
15252
10274
13805
13134
1933
11303
3354
2185
15550
5140
13756
5313
2425
13864
4234
12229
13308
15186
7029
14814
1654
2732
3541
10114
4864
14546
12642
3254
736
5972
13145
9091
9539
15171
2548
12263
14342
10722
7017
3266
6630
12901
5322
10084
5848
7528
4836
1509
7783
2905
7514
4081
7468
10713
8646
7106
9474
3048
2444
12076
8625
5429
11454
4857
1181
14302
12432
9626
13091
7032
2648
6490
7277
9606
15940
5132
230
6203
15813
816
9246
2373
6609
3922
2170
9218
13768
3490
13249
11738
543
12459
1924
9074
9687
11042
13038
9470
12362
15334
700
3811
9468
16331
12255
11700
380
5510
6306
10253
2088
11254
5495
2942
1146
4034
956
3218
11333
5785
10832
1744
1023
15233
12542
12777
1636
9404
11704
7509
4100
5862
1610
3575
8974
7308
2604
11915
13578
4412
16040
15032
6546
12670
8340
8934
648
14735
5568
1501
12388
1368
12451
9990
8001
10134
14879
10048
1890
15526
12948
6539
15071
4895
9509
15385
2138
9996
9605
7625
12420
14824
1977
1409
1399
1367
6086
3055
6040
10884
473
6219
16381
6749
4014
10897
6584
15208
10663
8292
3770
4156
15961
14197
525
5697
5224
2844
7583
15862
10415
7330
11471
11532
5097
8185
10316
13212
11288
13279
4404
13475
7214
4974
13754
12882
16295
9278
8291
3777
15942
10230
4461
3431
7756
330
3973
26
11917
15650
15615
4154
7620
11694
13013
4441
3570
3292
1504
546
9000
2490
15853
753
15350
1505
6318
5288
15346
7853
10007
2483
15360
10938
1352
4327
6251
14502
8308
8592
2535
917
8285
9643
3739
15160
9150
3245
8528
8401
3584
636
5459
13987
8761
8554
1330
12008
16222
5977
10127
1922
13285
12478
11767
10369
7453
11103
2539
8173
12110
15095
723
11015
4496
5333
7520
249
9072
15546
12361
9009
637
1684
8684
13541
15040
10613
8867
7911
5913
9697
6366
4307
1133
13042
11626
12172
4121
4263
9080
7127
5572
12774
3956
10231
3511
13965
11836
15027
5026
994
1161
4784
4447
3095
6960
12963
13522
4292
11566
7273
5563
6478
9976
15788
10729
9261
8480
6151
2590
13322
11035
11671
10759
11383
3303
7588
3373
14779
6368
8313
9232
8649
5002
16120
2814
2827
8268
7451
11877
10948
13980
13207
4551
12757
7902
15343
11545
3318
8751
7813
8324
11912
2099
6291
9116
11335
9460
5752
13624
11810
15081
12308
5358
13226
8902
10702
10795
15915
7594
2912
7740
3454
7882
13466
1160
325
15945
14308
2884
12067
4579
14277
3467
12568
12752
11359
13095
12077
13999
3571
2877
16098
6856
3824
8048
8786
7912
9602
10129
10180
1350
15049
14748
9892
10855
11282
15860
8334
3677
13537
2560
11144
13072
11212
7016
2243
8362
1500
14047
11817
4901
14223
7312
3333
16313
4709
13738
760
14185
4713
4459
8583
3643
9132
6052
8089
666
3014
8050
41
5852
13647
16083
10362
11847
738
10526
8773
2788
8404
7465
8184
4625
3947
10223
235
12188
13254
11501
13054
15890
9415
2941
860
10850
10400
7781
12765
15981
13257
11916
542
10693
6223
10727
9343
3699
4712
8753
11122
13847
13639
4756
1471
7193
10077
1174
2474
9255
5969
12959
2511
15156
10798
7166
3064
5001
14889
6452
5391
6155
4962
9747
2627
2035
2199
2733
8943
13192
14871
11703
10935
11710
16317
3787
1812
9466
6628
2273
15271
12548
12306
675
16095
12933
11589
7973
5776
7746
672
1088
3331
4602
384
5381
3207
5920
12246
8588
6728
5727
15033
8136
13214
229
3137
852
12113
4145
1732
23
7355
13215
13156
12532
7344
7063
2173
1763
12871
1598
4774
12491
1262
10377
4248
3911
13519
7694
14902
11845
11238
5908
15698
6793
12470
973
14832
1585
6226
9951
13765
14847
953
9615
13359
15795
8423
5993
10218
15884
14314
33
13731
1020
14724
11187
5798
8837
9024
5799
14182
9665
2903
9889
11828
5088
9600
12928
5847
5918
8463
202
7319
12691
1386
2773
4450
6771
12094
2214
12656
15573
10971
6038
742
5958
2204
12755
6254
7859
4020
9485
14497
10030
7238
13813
9661
14096
6340
14474
16118
4359
6042
15057
2378
7841
3921
9319
5871
12264
12265
11625
12639
5624
12598
6718
14202
978
8577
16192
10816
9459
6060
10561
5079
2583
4773
11773
13701
9365
7556
15162
13619
1109
4588
8579
5739
9816
11600
6363
12454
5877
6439
11085
4986
8266
10341
15578
8815
2504
4757
5660
14708
8180
11748
2909
4352
11154
7939
12561
11553
16048
10780
5686
9974
8369
7734
11998
5277
1039
4251
10235
7891
8115
2182
7350
2179
4640
9707
580
11066
5449
10562
12093
12189
1038
7364
8441
2160
15720
207
14290
16062
7281
12527
4847
13811
8004
13892
10716
10123
8518
14739
3727
9803
6559
11733
4821
12404
8511
15306
9938
2432
3730
3061
8926
3244
13673
12824
9706
12311
10260
12972
8633
14165
3327
16188
6364
608
13346
4524
15119
11754
2486
10002
14644
9027
1966
15001
9195
10019
9631
3189
4502
8827
2513
4730
12369
1645
11134
1332
3050
432
4521
8235
2398
12984
14062
3164
6862
2659
2527
5307
5269
2456
9950
11063
6475
10619
12694
11568
9521
7778
12318
14528
9347
3255
2430
6330
10062
8384
5153
16339
436
7313
12471
11151
15490
594
1306
7609
6508
5731
615
11843
5939
10807
10221
8091
4140
6258
7996
9059
2606
3485
8469
12425
9042
1605
8006
2428
5744
10167
8816
13017
9371
5668
4409
13036
11422
13328
4855
13379
1245
10271
8294
1783
9502
12506
2890
5487
2883
2391
1507
11623
12462
6095
16178
7612
6084
15598
1759
4642
8403
11721
10574
4365
517
11527
5569
3099
6589
13631
9177
6832
411
5060
5225
8049
14899
10100
15117
2847
4873
8808
10143
4626
1491
15695
13682
420
13795
11697
15833
7377
8524
8044
8728
13590
10763
965
15629
13182
15655
15367
1115
4133
14491
6758
14351
4339
1363
10630
7047
6278
5090
5254
2669
4557
2321
903
1214
6170
5423
1446
7811
5839
9416
9941
13320
15975
8322
13128
11284
10306
12242
10414
16202
2253
5073
15797
6932
3648
8271
11267
13310
14722
6684
2029
15827
12869
10688
15678
4207
14731
9107
790
15321
12243
14206
10954
3736
6538
16242
1929
4278
1516
692
13476
9263
11170
13041
14654
173
276
13500
11897
10518
7215
9921
8921
14008
1021
9387
3446
9503
15680
2259
2818
10771
433
13378
8015
6208
8832
11182
14240
15046
8540
1695
14791
16372
12315
7148
5824
362
15065
11292
7256
10339
4883
7096
14407
5435
16011
10417
12274
14048
16129
6216
15459
13004
1457
2876
8442
9445
7787
8961
3204
8802
1897
11084
10598
11813
100
15348
5181
523
6106
486
711
9922
5184
8885
4000
8687
15736
7569
5792
4959
10202
468
5961
11850
5460
5400
5053
2836
2667
1797
11241
10741
2579
143
7590
8008
2284
2737
3929
37
8258
12695
4851
423
394
6880
6578
10232
3074
3858
8884
5212
6814
2965
15291
1085
12567
6133
13452
977
7223
2389
6262
14056
9504
6713
3849
11933
5542
4930
7382
3673
5113
16276
2703
14124
2347
1932
12303
3556
565
10572
393
8541
16158
5840
11173
5064
3166
13296
14438
7286
5796
3959
12248
7376
6140
6039
1761
8520
12627
5725
5146
10883
4955
1648
13010
9767
12603
4284
11922
1408
757
6925
2638
9558
4690
11091
428
7554
4644
15229
12891
4052
13367
13231
2112
9537
8707
11487
11345
11251
14768
8876
391
16309
11924
2220
3019
6734
3197
8030
13800
1432
11677
14763
11739
8275
15854
5149
4742
3430
13263
6778
14713
6466
10390
8713
11764
2910
3734
8770
3853
5396
15664
7421
16117
9292
3679
3671
14238
6457
2507
430
12818
16216
1216
7753
2612
8962
5177
14353
5465
11384
14881
1662
13415
16123
13289
12954
3486
9901
14673
10429
8025
14356
312
5394
2829
14845
12397
1467
2538
7197
5300
6694
7299
949
15269
3935
8124
15628
7413
9686
14994
3767
8949
13443
8207
12317
2100
14400
14526
14769
1182
6336
4689
6066
12795
14727
5507
12720
50
6533
8679
9659
5410
12525
1838
13453
6384
15536
10616
7458
7816
16280
10000
15670
8170
13743
15913
2330
14674
9853
3667
10462
10813
16195
12500
5438
13597
9097
16181
14709
14645
9130
8076
13003
8147
3676
10752
13374
9352
12685
1751
10176
14617
191
31
7351
10826
8247
13079
4132
7684
5576
9514
14663
1026
8408
3465
2644
15135
896
536
2282
1543
11793
8288
8225
4580
13074
8430
11955
7202
292
10286
6296
1271
11774
6379
8668
15070
1679
10851
4576
11124
10209
10692
8489
8003
8447
2811
11428
4358
14131
7270
15673
10433
899
10927
2011
1403
2896
12477
10104
3862
10573
4431
13002
12563
1934
10499
12301
7777
4568
14030
4943
11937
4801
15593
10849
8801
5564
15920
7914
13020
1378
6629
7936
12152
11825
14101
6823
5126
5904
13919
9455
7079
3516
12058
15362
9571
11994
904
15626
1292
5183
7333
7274
2565
2001
130
15667
5245
5311
9683
14961
1119
10498
5249
9226
14991
370
13680
4434
12065
14604
154
6506
12886
2772
14623
7929
7665
8795
5239
14303
6347
4663
12934
13934
8941
7321
10393
13326
12511
8723
7108
7371
11866
3259
519
10670
10206
3779
15212
5526
12436
3500
6567
15443
10814
614
3098
14949
10833
2870
10621
7940
9120
10606
5020
7393
10389
9740
10465
6204
818
7021
14085
7262
12789
7467
14591
398
13282
12096
3208
9576
13344
11647
245
593
6245
12664
487
11374
7879
2304
12191
7429
6665
15639
7201
9209
11376
13871
8868
15486
9186
9736
4090
3892
13981
1689
11824
13343
12802
8925
11301
5583
9100
7276
7511
9325
1728
15674
13405
2248
5757
6401
3419
600
5013
5516
7268
670
4840
4822
13726
6505
10317
15396
14494
4608
7814
9789
2934
537
3473
13307
12706
9296
6242
11960
15031
4718
2587
16234
10270
11252
16030
8437
8601
15466
13823
8494
9645
5226
4254
11758
15721
10483
15939
8985
554
15332
1688
7006
12730
6648
9836
2086
3963
347
4572
6692
15372
220
14548
10204
10876
10715
1861
15754
8331
12092
9718
3997
10052
11199
11073
14954
9877
7535
11136
15272
11875
3977
15917
14152
13773
11272
13139
6759
7383
13114
13905
3568
4514
12632
9879
9048
9407
3940
12714
14633
14747
14168
13052
12392
1770
12547
15571
1339
13740
11277
2015
9506
4734
10945
16275
3434
6089
8560
244
4078
4267
12062
11795
5802
3822
1420
5652
985
981
11521
5771
8708
3178
7747
8382
7280
3987
9779
6918
4707
12987
5135
8729
5162
16171
13230
355
8785
6588
15089
16023
15339
16113
9773
4542
14329
1565
9822
9471
12596
9962
2092
6197
431
13335
3466
7173
5596
5490
13581
11305
11100
1049
524
3274
15397
4714
1785
2381
5383
15923
4163
14006
7279
4316
150
9318
14150
8330
11045
13564
2760
1055
11232
5138
6849
6334
10174
10133
5889
3152
11517
14377
8825
9637
11337
7906
1926
13854
14616
5579
6153
9205
12585
5046
15352
8165
4641
13204
5093
15307
916
476
4838
11001
14687
12860
12799
3859
998
12878
13508
14460
9087
8500
5934
4464
3210
12320
4417
14500
4111
13491
5646
16092
13729
14982
12788
7402
9676
4131
16353
15130
15570
7918
11448
3172
3744
1422
671
14743
11838
12704
9925
7626
2470
2294
11250
8352
10070
4482
2210
10226
4330
12564
5042
2826
14115
6544
4658
7179
8755
16157
13049
2803
2547
13622
9406
15746
14291
8872
10885
11736
15729
5083
9699
2453
12267
8223
6601
13703
2556
8189
12032
8415
8093
5743
5237
2384
324
2238
9161
14999
15779
9593
359
6647
14911
10481
14113
11393
4725
13241
8612
5117
12931
6174
3532
7614
16177
14170
8398
6058
504
3231
14405
7460
1706
16217
2956
4226
12310
6462
10245
13890
12400
7481
12560
1673
6049
469
164
13930
15622
9964
10370
15426
4672
12834
15493
7153
5334
9046
15685
12722
13925
11931
5783
8498
11854
10889
8570
1554
2268
9234
8990
6516
11255
6284
10531
8842
7617
13932
6075
15079
11769
3927
14
14514
8898
3118
19
7628
7983
15349
13924
12687
11041
6935
8053
4833
6228
15921
6705
16247
10140
14357
5997
55
6354
13274
10950
14755
3600
1353
15521
8485
11389
5419
5491
1916
4190
9206
11294
13380
272
9500
8209
4187
13807
5595
2786
1713
12266
14156
2250
7651
109
4171
15718
8028
1685
3388
8914
6715
11416
15935
12000
12729
13006
4912
8614
12646
16330
13572
14112
3894
13969
10536
9159
9984
2714
2258
4720
10711
15320
3171
4573
6051
3901
447
13467
14137
6061
3222
11129
9927
1217
13399
674
3119
1424
12200
4525
10467
6572
15190
9070
15811
1637
1896
343
7680
725
6587
9709
9338
4733
4900
599
6543
13911
1660
3587
2646
8803
2668
2940
12717
8438
4348
14236
15866
14046
12010
780
5501
10372
5108
5367
152
13342
2833
3889
10214
5547
1173
5924
4318
63
7837
15478
10148
9694
762
16050
15325
13159
7685
15207
14577
4993
8814
13979
4215
119
70
15704
812
7494
7248
15804
6486
7275
5106
15234
2625
2517
12376
13243
15549
2819
1364
3270
717
11584
12415
69
15043
12817
13309
14343
1151
4253
268
13078
2633
11477
9364
9006
8776
6125
5066
3572
6467
4695
5025
8967
6986
10470
7669
15447
2964
14429
1659
6059
6351
9957
4036
11125
12034
1392
807
14934
4528
4124
326
10161
5229
8678
1921
5437
2448
14275
1767
5012
6264
1266
10647
3021
2195
10485
5182
2471
2799
1342
4816
6910
8325
6860
2327
6907
5730
3030
6958
4501
6626
5930
11611
10510
10967
3886
16363
1295
1170
15072
5748
2707
12855
15633
3085
3527
6965
5137
11177
15390
6841
13269
1717
6097
2415
9477
7200
9815
3717
8644
4018
781
10365
8542
5945
6404
14087
11907
14643
1155
5679
14685
5973
12668
251
9525
15441
6382
13411
13992
3338
12297
8946
15002
12990
12700
2485
9336
8877
15922
1060
3957
13495
13329
2849
4856
12913
6634
10819
15717
13753
13153
5309
8033
3827
11831
14987
10656
5879
7293
11086
11675
1971
9191
1618
2026
6411
8016
10949
4969
3075
813
6946
11674
3372
15654
9237
14464
13034
10388
10065
2725
3309
1178
15620
14074
14812
9726
10961
2128
13555
9851
14000
3609
7111
1671
4806
3433
2320
3023
2503
3027
5506
13510
13655
8697
7369
15815
7122
1734
6365
970
871
8487
4229
1993
1944
4765
3672
2551
5648
12862
13433
15066
3441
14586
1899
9585
961
2467
12250
11287
5331
8536
13258
105
7157
15759
6345
16255
12455
14821
14686
9940
3741
9746
283
20
3315
11639
16148
11025
6036
2744
8027
4426
13966
8419
1700
15603
3403
7961
14679
4731
6092
195
9871
4240
9799
6233
10997
344
6638
7967
784
8942
5514
934
15295
9317
15283
10184
11524
176
3198
15800
3838
11443
10238
8700
5690
10887
363
6611
3733
3109
6961
2218
3713
846
3761
3704
3615
9972
15258
2251
1006
13111
7491
14840
10740
12662
4390
9790
11732
1481
13614
4046
6517
12231
11727
1908
4363
331
2757
9904
12843
678
2368
5049
16226
595
9666
11484
15877
10564
13719
3864
15554
7500
14649
14704
3639
15590
7487
3658
1885
12575
15586
12116
12823
10623
1480
4477
10200
10272
14650
10043
4590
3607
6817
12288
11604
14849
16045
6162
15245
15344
8725
13336
6973
12387
12061
10463
11520
1057
12703
2866
14960
8691
16136
13037
12181
10505
3042
3567
11705
15341
14440
2339
5566
2967
14585
7057
7508
15116
9841
3089
9111
15023
7656
14693
3392
3192
11007
9700
15592
8590
7677
4214
5160
15525
15430
3882
16311
12590
14387
12170
12055
1887
15532
6210
9286
12442
5876
9351
9260
14018
1450
619
14147
11670
15371
10875
651
2230
10486
10059
12124
5470
1310
11643
10604
10989
14695
197
10474
12741
2869
11593
5540
16345
16209
12485
877
4503
15604
11681
14220
11082
5114
8286
8210
9258
12137
3678
724
14875
887
10006
3565
14428
5186
6654
4194
4481
4421
10777
1190
8482
9330
13286
10822
1900
8421
10350
11403
15595
12897
4859
6200
2955
8768
15157
9834
15819
9988
7720
13227
10944
1518
11504
5749
13634
14930
9798
11943
6045
15211
13478
10192
6691
12496
15542
14507
6154
1947
13321
14155
4238
11742
3314
7771
13879
11402
10791
14245
8478
555
15559
7847
5666
3820
7190
9690
9268
16258
2329
15336
9960
12844
15403
1078
13444
3972
3008
231
6269
15643
8645
3611
10846
4119
9304
7619
6556
1743
2922
15052
10294
6398
13777
6446
5321
6241
605
10660
6201
3420
7005
12966
7053
234
2966
13218
11283
6569
12183
1969
16380
12283
2203
2223
13762
7158
9692
2989
14105
2858
9241
9392
9650
1691
1114
10665
2831
3404
12762
6102
8327
11420
713
12971
8516
10416
3339
5293
7817
11730
3776
8600
7485
1964
7772
8174
9891
4354
9949
2832
11220
15238
1722
8924
15333
5346
14984
12947
11257
4429
15418
4728
4727
10734
2567
13420
6342
6968
14257
5810
7934
6525
4638
5339
6250
9144
15263
29
14315
15505
1423
14883
3756
16079
3365
1515
8812
6026
11395
16206
5305
7678
4209
549
9829
7432
2717
13473
8353
11276
14835
8515
520
14529
5232
8081
14946
15535
15948
4403
12078
11450
10937
5914
6890
14094
5431
16382
529
12601
11269
2791
2051
7438
2904
11707
3468
9384
8782
2892
16274
1030
11853
8522
13623
9167
716
12035
3225
14952
15666
9852
6300
6668
10769
7113
3201
10109
6915
12539
15182
14694
4804
10812
1441
12226
12582
6548
2761
9883
5966
6905
6369
2300
5931
14597
4003
4266
1765
12219
405
6044
5833
10101
15927
11871
5760
13189
4418
5996
15010
7699
3656
1472
7705
7717
11539
12746
14163
11160
9850
1358
7234
9771
7430
8039
2584
12159
7359
11693
8450
6974
7776
14631
13621
7025
14793
4923
13587
339
10234
7119
14211
16153
9049
14854
4344
15778
299
7298
8851
13761
12083
5984
4384
11892
2747
13791
15053
14920
15177
4017
925
2289
6346
5747
12736
7024
14742
10085
12737
12595
12626
10746
12978
11607
5737
702
7561
3401
10841
4898
5582
11759
14669
3794
4888
6396
10522
1043
14601
2983
11904
11137
9419
5178
12666
3006
15696
14567
4028
7585
2777
1191
1102
15777
3979
3689
5359
4664
688
3121
13348
897
13173
8957
6285
11353
5016
12870
7613
5520
7252
13126
5808
8021
72
9293
6812
8722
9505
4637
2475
12424
14783
8226
9247
6888
7422
16174
11726
13281
9887
13641
16122
13876
1103
12952
7977
9473
940
9014
13895
10119
7530
6297
3868
5888
4566
9427
5721
5270
12793
7387
6792
4545
5479
96
2573
15085
5387
7731
15262
6988
9791
7885
13666
10860
14925
7433
1647
6591
4185
14970
14794
2161
4559
7258
13929
2497
5409
9134
12174
13678
1460
12245
15663
11205
10502
8429
2326
3362
5262
9248
15849
1341
4241
12955
10451
7910
481
3502
2602
11060
6722
10423
10682
9448
16332
5283
15170
5700
166
13790
16064
441
5063
14736
16359
1019
14461
7324
15406
13421
1089
187
3663
3803
12985
3398
5482
7632
2338
13874
2812
4199
2055
3830
16288
10088
2568
10940
8771
15102
4033
5680
3857
7449
3854
10864
2611
1127
4346
12474
6990
11400
1537
13582
8269
3530
1806
2945
14501
4645
13529
13364
11412
1207
7217
12543
12104
7631
4915
16166
16360
3836
911
7527
12676
835
9256
4964
4329
2750
8548
10611
3552
5252
15791
4623
5405
9745
2863
11317
9917
5616
7477
15016
12514
221
10586
10158
1949
1360
10244
12904
8818
9785
1434
837
6072
14771
7994
10818
1852
656
8721
4037
3693
3708
3267
2897
4977
12457
6924
14394
1260
5119
11819
284
8562
1095
311
13450
5315
10926
1544
3517
11822
14358
11290
5428
7579
8569
12719
4704
403
11107
13073
14354
11227
5390
6184
9712
10527
1443
14083
10479
10981
5279
10582
14595
16145
10676
4242
4992
3242
2647
5949
3007
9649
7516
10428
10912
11362
14234
4688
11635
4349
4583
4026
9758
4455
7607
3367
1314
13330
2305
5589
10027
15898
3287
11846
10091
14869
4534
12673
4589
5806
12167
15383
14587
15185
9362
12290
1635
15181
13354
14634
4387
9040
10714
15992
13187
15906
4306
9583
16355
1058
8095
10376
14330
14065
9942
7414
8766
10633
5422
987
6762
10110
14482
15188
15881
3489
10568
12070
14231
12009
8752
14190
14759
2472
5657
6940
12483
6119
7412
321
14937
3978
6370
933
13498
3576
1156
4161
11386
14023
6519
6742
8611
5343
13512
8374
15224
8279
9946
14621
14431
2414
14712
4269
10111
1854
5786
11246
9843
1749
382
8311
2705
787
12353
5732
11138
45
11891
2176
16269
12194
14381
7690
4997
5858
16233
14589
6807
2371
8920
2116
7078
1466
7446
8392
14091
12908
6801
1300
288
3960
14365
10547
3084
11113
7447
10287
9981
1777
1369
11938
5006
123
2845
6236
104
7295
13744
16071
3305
3316
13901
117
4380
14128
6096
12645
10790
8780
9764
7031
2297
12902
4048
598
14753
13536
14962
385
4965
9544
3491
12929
3792
6033
9552
10839
3832
5023
5639
2254
4768
13873
15816
4553
7403
2349
3063
6967
6417
2190
5591
10785
5718
7663
12126
9228
11234
15891
16002
455
10870
5894
6605
14129
16218
9570
5189
8107
7896
12201
14020
11870
8132
1983
2482
950
7822
8597
10255
9685
7033
11687
5499
1084
14432
10313
9992
15248
14985
7042
3442
7052
5188
2379
271
8370
13110
6774
10197
622
12081
5471
11612
8166
788
8335
2512
13113
7512
6782
3778
2165
9168
5745
12861
2399
7858
14379
1265
3440
6324
15897
2387
8094
15567
9101
4158
14469
2103
1597
1086
14932
12221
10644
11503
5370
11106
14382
451
16094
15041
1256
6394
5637
1580
1125
3340
10190
6926
9229
5004
12325
4197
10412
9216
3624
802
13122
16213
5712
6232
2376
15425
5612
6289
15137
313
5336
11537
874
1384
13422
7247
44
2673
14336
15892
8705
12820
14983
11648
5051
10205
7707
5484
11414
16370
11462
3955
9517
250
6194
1720
2435
6424
10425
13786
16038
11574
9660
11093
7060
879
16115
13913
4875
1484
1257
11814
12683
12825
6065
303
8543
1988
13883
8042
110
9876
4166
7958
15354
3513
635
15299
2159
11620
9766
6855
13276
705
10721
8683
5957
15249
6818
1249
3422
279
13174
14081
5971
1278
2405
6350
9089
6697
14151
9035
14249
16035
888
10336
12205
16015
16283
16261
360
4205
8186
1106
12023
14252
12661
7065
4264
2706
2577
5867
7097
6030
3238
6869
12344
4433
12322
11526
3531
13413
12335
1663
5825
9916
8937
14363
13877
4799
8492
8070
8156
4935
4963
10112
9179
1229
7093
12051
11905
314
11945
7565
6213
12103
2540
200
5638
10080
7038
14327
13636
2624
15588
16127
14561
12916
4258
15780
791
8585
14659
10387
5445
9283
2345
5094
1298
5231
6248
4877
12833
5202
4272
1135
5373
1483
8889
15363
7014
13845
7748
15730
13770
5076
9339
435
5235
5271
12144
12075
5171
1940
12141
1939
7525
15145
803
277
11665
16326
8395
11180
7341
5055
2007
9943
5037
15460
2434
3934
14836
12792
747
11554
305
13681
4537
15099
2317
1294
640
9369
10039
7739
15315
9483
13164
11976
10737
1000
12050
7960
5557
3561
12291
7302
15537
11551
14800
9453
6894
5104
11961
14478
15976
15387
1640
16027
3714
2763
7147
3418
13481
12994
3998
7072
3054
7212
5742
3501
1199
4360
13505
2124
14656
11621
10503
4507
4635
477
12342
16214
4107
9198
14829
13205
13539
9882
13686
7722
11987
13916
13569
3394
3289
5963
7226
6570
7780
12796
6833
12299
11731
10165
10557
11075
6721
10182
12758
16121
2260
11995
13440
2332
189
13604
5691
14213
1122
14107
1863
353
6936
1823
10074
4708
7022
12398
15743
13437
11986
4879
6348
9131
10329
2840
15206
14737
3390
9547
9844
5213
9061
10523
7130
14408
4949
14522
7754
2823
7224
1536
7010
13297
11031
5433
11591
11346
6215
704
1831
13521
7518
8794
4080
11343
2062
4173
667
13283
4391
12020
10444
4540
14395
8272
3999
16119
10162
15086
10506
1681
1195
570
11214
13361
14706
10700
8150
4265
4536
12298
7139
6864
11313
14070
204
5942
5827
5870
11408
8855
3492
15491
15531
3001
6732
14830
731
944
1014
867
1651
8557
16264
9568
2285
2871
4872
16358
3165
15420
5873
7183
7635
16013
13985
10399
14423
8201
7871
4397
4908
12956
4887
6002
16124
6775
7347
13549
868
1682
500
7400
11006
8702
10397
6410
12859
919
5005
10871
11925
10
12650
14677
2694
3601
11571
11682
5800
4927
13917
9888
6094
3252
2601
11839
11027
1723
7392
15337
906
14205
12631
15768
4762
10760
2569
11829
13062
16235
540
10894
7925
5032
12936
5649
6554
938
10936
6014
103
13926
7696
8935
1391
11645
14481
5176
14341
1196
6489
14172
12814
15843
16251
9154
1302
3702
9900
6047
14326
13152
205
4636
7054
907
6282
3819
7627
8493
8490
15652
3215
13083
470
3114
8576
9385
979
11909
16106
8892
11534
13334
2451
6510
3344
13366
15247
5268
13200
1891
11264
12895
5456
15019
10301
2334
6710
8145
8344
5489
11653
1164
13107
6420
16000
151
8529
8556
3628
5919
13551
8676
9425
7921
4186
5284
1416
9438
6928
7833
3605
11528
5765
6939
530
10751
2043
5675
11223
8792
16220
3497
12064
10075
7944
6218
3686
8262
10147
2767
1235
10157
4257
14149
16140
11896
14372
12879
1867
14422
8875
7990
10178
14726
6252
15431
367
9381
10931
8475
8720
5527
5382
1718
9899
1798
6766
1503
4673
12586
13806
9703
11159
3261
7602
3520
5368
10066
12302
3129
14374
15213
3380
8
11992
7112
3980
9300
13294
1996
12554
7192
8754
14059
10041
3610
9309
5948
10677
7999
3035
14828
923
1274
13550
4631
8476
14389
10125
4944
3769
426
4570
8685
11880
7255
7815
11848
4517
4043
6434
10283
3675
16049
4683
9722
6739
5095
13691
3842
3052
9856
7475
6657
5497
9866
13994
6182
15147
7206
10424
11878
3558
10169
7067
10908
5120
533
12056
5899
10459
10359
14668
16149
11564
15707
8863
61
9476
217
16336
4223
778
9280
9155
13197
2070
6938
1538
13451
13804
3409
10021
15541
8206
11760
6430
8079
3175
7043
2957
12326
643
14051
1918
10657
6316
14215
8220
14089
2798
5378
9635
7584
15636
2209
9465
5804
13186
7662
7729
14298
386
13271
5841
4957
2407
9673
8191
5329
4972
5560
3136
9527
12360
4818
7998
4983
11248
12970
16316
6644
12305
4698
2873
13579
16252
4914
11373
10726
1535
233
2021
14684
1485
11028
11954
12132
5347
6167
9429
10421
12332
14716
10654
2709
7966
891
902
2233
15317
11936
12696
3752
6621
849
13391
1421
2748
5750
14530
3542
2987
5457
6175
4345
2727
3038
8100
6873
13575
2377
1955
3159
1879
15296
13489
1082
9441
1912
5206
3413
10040
11111
2196
10394
2980
9557
9911
12977
14108
4177
15977
2382
8457
198
2342
11762
733
13506
13140
10155
11751
5008
3105
14775
14788
11464
15482
84
259
6468
442
2794
5853
5250
15711
9214
7332
774
5369
4788
15610
7104
13050
142
14630
6610
12121
12109
11370
1149
7272
15644
4554
10838
4290
6100
11233
6901
10361
13085
15713
12254
11327
3747
14337
2134
14697
8819
11431
2175
7003
5759
3142
9013
8848
3698
12919
10246
12429
2846
5921
15136
952
11683
4436
14459
4926
2151
15632
9858
14870
12314
5330
3378
575
2168
125
2521
11841
11586
15477
6943
10691
2403
372
15122
14964
13750
15318
4841
14480
2421
14923
5597
9452
9096
15011
3436
4243
12123
13628
12120
7439
9601
8912
1795
5774
2653
3891
4893
7881
13461
12207
9322
3353
14313
4362
11174
4634
9549
13177
6781
5255
1809
350
10911
603
4420
9405
669
5401
2783
4470
15495
13612
1400
6188
13236
4144
3914
7616
4508
11247
14219
15112
6703
10724
10730
14916
11237
847
1438
8413
6725
2570
824
11322
6402
630
10571
2481
6889
211
16057
5466
15498
14339
12253
9022
5264
6301
4271
9002
14632
9931
3543
8727
390
7571
2681
4701
14872
2046
3661
5376
13709
5192
14989
16305
2146
15642
9233
9566
7711
16142
334
13961
3383
2257
4499
4739
7009
7806
14842
7546
4424
12684
12751
9294
8385
13988
4522
2853
12520
11319
3272
7560
9721
2365
4693
11216
8580
1415
10252
8332
14126
13313
13699
6731
14473
11536
289
821
375
101
2064
5688
15760
8904
14592
12413
6942
1067
11874
5243
10643
13927
13841
13401
11582
5059
4853
12707
8629
11465
9869
15481
7288
1083
535
9360
9148
1062
11561
13057
10525
909
5024
4505
275
5952
11673
3232
3952
12826
14951
14570
15838
15311
11056
9184
14066
11192
13484
7199
8383
16102
13363
1110
2228
11660
10168
15640
1575
5110
6562
8665
4885
892
16238
14690
2020
4745
12565
2809
1047
6414
5705
1514
2704
7205
2999
3010
12022
11890
16175
4871
11608
6524
1567
9081
16262
11852
6753
1569
9487
4366
4984
12867
14441
9424
12269
16012
6837
7360
6701
15808
12941
3395
8671
8797
8917
15008
2343
163
10966
1995
1220
14007
10215
13518
11811
11662
7795
5494
4724
15365
14781
10964
13848
2655
1349
9787
1296
4798
5545
16263
4995
12735
12222
2323
3841
2801
8062
9109
4001
12847
9129
10916
2734
12600
5078
5014
8250
13603
10758
4764
4766
11047
10824
15037
16239
14564
9603
4987
532
6700
6222
13009
5031
6899
3641
10745
6429
2127
5257
14752
6597
6020
12991
7618
12368
11684
7391
10705
15785
3821
13702
14867
5194
6699
12101
440
4904
1865
15886
974
645
16131
5768
15994
16163
14010
11097
3144
16346
2977
4029
14864
9071
13605
7559
14611
6421
8158
1869
13376
509
3626
9299
15828
6809
4978
10770
2198
4918
8119
1113
1290
9250
6192
14689
10141
1495
13220
8102
9985
14981
668
2267
10913
12571
14472
11325
794
11991
12900
11342
1960
8964
12177
13372
3286
13065
9795
9536
11906
14572
2837
153
4256
7136
6992
3529
6166
3887
9809
11259
7818
10900
9647
15025
10789
2867
9321
13191
1692
5147
1303
11950
7103
4340
12251
12379
1930
2531
2039
13958
4437
5875
4430
910
12742
12827
4415
3369
2796
6187
12839
13660
15689
15956
5265
13984
8864
387
7652
3325
99
10535
490
14475
948
10982
14279
2322
11112
1444
14184
782
1293
10608
8584
6816
5643
14866
9636
1760
13540
5614
14714
11183
12660
5641
4741
10958
12461
15605
960
12214
9763
9591
10436
7336
12679
9893
9128
11715
11720
15236
3226
11689
8919
12898
188
3302
4819
5304
14001
15414
6964
2665
4305
9003
9138
1036
2776
14641
7913
180
354
2634
4643
947
703
12644
8238
3167
2645
120
4598
1221
8858
8454
10471
14347
3620
7892
4999
4259
14560
14667
2340
7216
10868
13872
12513
1063
11348
11605
776
2154
1362
14084
15668
14173
2523
2018
13316
5927
3429
6161
13618
11763
12544
3557
14594
14676
10703
1371
10905
15885
12899
11979
8846
8394
6054
5651
8204
2995
531
1123
4779
765
14757
298
9004
10225
6147
7582
15377
1134
3148
11502
6214
5645
16340
8636
4413
689
4201
2993
13902
12808
2480
15391
14844
4385
13352
12216
4973
7368
624
2217
5191
4805
7839
14703
1263
146
6309
9152
6332
1860
2181
5040
13058
11350
14939
4035
941
3214
6560
5082
2044
4569
1056
4189
1872
842
2473
7878
3320
8455
2865
15293
4867
5850
2188
11833
14058
14910
12239
10970
267
9257
3994
15690
10873
16223
9490
14004
1177
9018
5155
15279
3384
5000
10016
12049
5627
4193
6576
14795
1076
6195
7741
13414
2637
13819
14397
356
15964
4684
11624
12634
2943
4767
6730
11601
3157
13365
8312
11024
12482
6618
3228
10918
6149
8087
7225
346
3613
2755
9105
11948
10346
11476
6217
5975
4320
5200
6754
8655
11826
1963
14427
12036
1401
10177
15006
6653
3664
6954
5134
5985
12521
184
8533
1829
2623
10755
8426
16060
10126
6724
3515
11911
2155
13524
2855
1910
9182
6950
3131
10405
1201
10697
14092
7666
657
13570
10640
11651
3188
15823
11856
5883
15487
9033
3484
13457
1034
9542
6091
3070
14995
11480
4
14907
1242
5062
15216
2045
14508
17
7829
7394
8465
1835
10779
9833
7646
2109
15483
10366
14362
5071
4694
9802
957
12208
368
3696
5619
11390
1624
14157
563
7102
13463
7048
15264
7737
5842
15545
631
5845
6438
6212
558
13381
12739
8077
6802
4044
11546
11293
14247
7657
8860
12630
16008
4922
15470
15812
2468
2102
6472
15739
12358
14142
5130
9717
15928
14344
13736
5360
10490
629
9561
3024
6677
13514
10332
12307
7015
1775
15726
9197
8526
9788
15694
10983
12658
7056
5027
12621
9495
7061
7470
9805
14077
1142
8161
3548
15509
9162
10909
7827
8545
10188
1961
16
15138
12724
4869
1356
12771
16183
8474
11263
1212
3872
12338
3546
6458
1321
15214
11061
2219
8732
5763
11109
13137
10649
7867
11926
6283
14479
12468
9979
4820
14039
10005
6288
15761
9204
16074
7
11459
12393
12217
8894
7637
5738
1956
2571
14069
777
5826
3928
16308
8662
3781
4677
5989
6514
3847
14446
323
4911
15659
15724
8289
1282
7519
1619
9077
8916
14653
15220
15225
9023
14402
5242
7689
8020
6186
4494
4129
11735
13435
9282
8806
8987
7808
16093
9354
4160
11119
5667
4328
12791
8809
8958
8009
9783
6261
14959
2206
13821
3614
10840
11413
1346
5241
10668
8347
13101
8899
406
4831
10605
15123
12363
15826
2164
14025
2105
10783
6757
9646
6535
10497
999
374
11747
12657
4813
2868
11985
9428
4624
13303
11181
3522
13793
12259
15852
14515
1203
9166
1018
7251
764
13820
13527
11797
14773
14067
10563
7600
6093
11127
2797
3518
12383
4218
15907
10455
10545
8955
11175
878
12942
14230
14194
7917
5650
14274
15847
10051
4547
15386
582
15602
12715
2723
1022
9749
7267
6579
5898
14332
3229
2925
14355
1676
11032
11363
12690
14741
13130
13563
2496
11114
13203
8764
13259
14545
604
12060
1486
2163
9065
10600
8026
11698
10135
7963
16197
8798
8627
172
6895
7840
12163
10240
8696
7327
16210
12169
9640
7502
2466
7716
16162
11048
8127
15687
9679
7857
14057
7245
310
8168
1583
13568
2489
15575
1562
13143
12552
3764
14926
506
14945
12798
6863
5034
1308
10553
14965
11882
9475
15708
12937
7643
16303
15565
2191
11344
775
4846
10029
16338
1579
13493
14766
2264
16176
2740
2976
1917
11153
13290
11706
9968
13470
13351
14148
7121
623
8739
4814
6600
11515
6972
7877
7379
8643
13696
1841
2303
2663
13787
972
2050
10073
1709
8412
11888
214
5951
3850
15793
10984
13698
7540
10976
1168
439
10285
15368
12059
11780
1237
3688
15957
13592
14857
12
364
392
10684
2492
13630
1284
4457
12068
4599
16078
12636
12151
16056
4678
4657
5795
186
7292
12671
6400
7164
6515
9335
10617
9017
9541
8283
3880
6966
11131
6991
7384
3009
1938
9375
2093
8986
11193
13039
6303
12382
2502
14900
9750
1677
5375
16180
1435
9955
16371
12709
7709
6846
15097
13995
8448
8234
14538
15625
4308
3586
16279
863
1703
6302
7760
11699
14833
6148
8698
11307
270
15240
12168
4475
10195
5379
3170
14222
15024
6496
6050
2616
8507
4979
8677
6819
16329
5851
569
9907
357
2047
9327
14192
1609
8951
1714
6239
9587
8835
11243
3043
4691
4600
3206
7265
15503
3183
11792
2670
10398
13771
992
15210
16141
12480
2950
11368
11714
9548
6596
9543
9522
14822
15364
13833
13360
6617
15424
2741
15174
1710
5455
471
3279
6981
15267
943
5214
7766
9533
2246
10592
14524
2153
8657
11932
10476
6622
8208
3762
6872
8381
4740
6479
4530
5045
16022
2937
8630
5859
2295
8844
13720
13024
8418
13386
16076
14099
8298
5393
7309
11460
10515
6534
8000
1430
5906
3102
12549
14384
3028
823
11310
9207
2337
5068
9572
11339
329
4261
5017
12857
729
2302
9518
2886
8192
6268
2439
10473
3937
3659
6308
3107
9215
9104
74
14307
9956
5709
10731
2778
14506
3540
13620
15581
4754
12145
11300
3263
16347
6498
5797
4968
13273
6565
12249
10265
6338
381
16352
15287
8675
2424
8212
10960
9719
14437
13998
11123
7045
2959
10131
5865
6023
3301
8555
789
15834
8380
5275
14874
396
12726
11219
10986
11790
3971
11050
1532
6257
13000
11268
11211
1792
9574
7049
2362
3757
14028
2636
577
2346
12725
730
1712
3408
6048
15476
2597
12688
6714
7027
6877
3219
11010
5348
2249
14909
5655
14110
2617
1549
15475
14449
6851
9821
12446
11781
5091
14754
11779
2742
4989
10862
13211
4653
14317
5468
810
9098
9359
7935
12604
14366
2598
10117
9724
15304
9628
4315
13933
5788
5128
111
7515
10194
15062
5009
7634
12519
8410
12057
13169
11275
16278
14797
9903
12592
8224
6229
4479
2174
9488
5474
16017
16315
14232
7727
13275
4110
5994
13525
15330
6613
768
14865
6726
7452
9482
6806
9929
13468
2370
3724
3596
14619
15007
13221
3930
5753
2406
14266
67
15242
14111
12147
3002
9546
4905
4680
10808
11869
10282
2412
13824
15404
15139
2236
3452
4661
6461
709
12964
13749
1175
2205
3962
8831
13021
5509
6022
2908
14576
285
621
4031
7633
3282
6861
11794
6645
1985
5524
10624
2201
6717
16186
10353
8399
11415
13646
9175
10637
16325
770
1138
7152
5817
8433
4780
2931
1498
3723
4810
5392
11737
11043
9435
5787
15034
4165
11360
13018
16073
296
3185
6473
13839
5554
5935
1724
6132
6865
2719
1279
7311
15305
11405
14969
5778
16248
8110
16374
13938
3156
14550
127
1005
9086
13535
6911
10678
11542
3423
11152
8563
10596
1258
744
5953
3176
5377
8817
11143
15572
5640
14918
12497
653
6474
7692
3898
10457
4783
1794
3553
3281
10212
10422
15533
7537
11702
3216
11610
13785
6307
8952
6667
15140
9735
9512
11064
7725
2526
8112
4650
4550
14921
9378
3612
12348
15980
7639
6685
11023
13952
13972
1193
4789
14383
12748
5320
10717
2754
6993
7870
13685
5486
10892
8443
15278
8436
3132
6409
9020
2038
2824
4490
15219
9331
6341
5979
544
8502
11508
14350
7726
14209
975
5070
16037
16184
1556
1410
13957
2149
13735
572
7972
4353
9765
4870
1035
2962
1998
14504
14534
5659
7679
12957
10998
15589
13955
13171
7670
2524
14924
6748
3920
9855
13797
9592
4400
12841
8108
10093
11
6799
3033
7875
913
3555
8653
8854
13687
9463
2242
13921
12609
15073
136
755
14876
804
6947
5699
7812
12428
3544
5954
10738
1130
6329
11776
16323
10003
14122
4484
3817
6001
5127
10801
10837
7513
1657
5272
6536
13277
9980
8488
7297
3644
5258
16031
8242
4478
14974
14063
472
4970
14913
2951
16267
4881
11652
7873
10011
15944
6442
3763
1754
2142
698
2949
13098
14176
12153
14320
5561
7488
14859
4919
11602
552
3990
10296
3160
13778
12329
12046
11014
15745
13822
12377
1520
14658
13801
12917
4287
11440
521
11039
453
12910
2790
12770
14263
460
4451
12562
11622
9221
11513
6593
7472
16289
2906
10303
854
548
8148
7150
16172
6416
988
14612
7586
9934
4662
7802
4652
5072
8459
1655
14896
1445
929
11864
11249
9691
15045
11367
14862
9579
9965
10764
9082
3212
13970
4868
7191
7046
3760
14498
10492
6977
14346
2422
12472
7957
15684
3632
5512
8757
5673
7428
2280
10331
1100
15824
15051
4988
5964
6671
16087
12523
7427
190
4633
6497
6007
1601
7329
266
10595
832
12986
1361
8686
4866
14130
13471
14516
712
14260
7642
616
5706
203
5773
6507
9614
6652
15300
1913
11222
1953
507
2698
15722
5228
5941
8667
12940
15574
10067
16284
4023
1374
1388
1439
13650
2122
7144
3101
10001
15947
12357
7533
12780
7638
10419
10136
15749
647
12233
15453
2984
9545
16373
6079
3608
4958
2996
1072
6595
5412
4125
13616
6098
9388
8481
9043
9439
8379
7284
5030
5682
9236
1390
2982
7924
13253
13216
12125
2628
8318
2708
10857
6577
793
15597
14950
1209
3772
3464
1027
5534
10774
1010
13199
13238
13989
12701
10632
4795
2401
11903
1699
10792
4333
9982
15591
174
10256
16249
1230
193
13936
4149
4335
862
15047
5420
1272
3223
2352
9342
14027
11185
482
15151
7326
5594
9153
9267
15114
4592
11296
14483
15324
7534
3521
5530
13288
4699
1790
13661
11158
601
5525
5622
16246
3162
6265
6185
8514
12516
8355
13846
13796
3347
4313
9423
11029
8088
8084
12015
9391
12028
6005
2150
14557
10090
3631
13856
4839
11857
14287
5820
7278
7798
4350
11155
15770
3525
13439
3470
14806
2354
10577
1225
3526
15914
2037
5991
6599
6159
12287
10639
13485
3755
8830
8779
14433
4139
12566
13739
5656
8849
11919
16306
6447
14125
9966
15113
11318
5411
13889
12433
14078
11099
3260
14143
16378
15803
10963
15094
13858
15392
8339
9244
2929
8586
14750
16208
6074
9064
8138
4059
3939
6612
15289
15308
4812
35
15018
12852
15292
6068
3190
9510
15904
3181
1856
7328
13487
14580
13158
11128
14304
7208
1343
15623
8034
34
1383
4737
9689
4656
9092
1876
7385
6741
10534
15492
9607
12087
16069
7349
658
14011
10454
710
16156
7597
13865
3728
8109
2068
8639
10768
3539
2661
12812
841
12149
7077
15257
8670
13644
6031
2793
5620
14947
4785
4665
626
3163
3562
3754
9279
9291
8451
9567
16019
6383
14955
5735
5286
12759
4225
7100
11743
7155
8337
13377
15784
1643
5983
3247
9845
12129
4994
12005
8762
3126
12017
10482
3583
15822
2234
5716
13580
4062
7687
14848
15987
915
1711
12419
2834
14675
8267
7864
3884
2408
3358
15751
13178
16154
12330
9044
8839
3915
2306
1950
13408
932
1935
12045
551
4899
5413
3580
9281
8772
581
7001
2766
6335
4913
1656
9738
11087
1625
293
6776
6016
2764
15869
8783
7209
8439
801
7785
14740
8497
247
11418
13287
15557
5803
15840
5417
11594
14846
5308
8664
9582
30
9394
6769
10642
2913
9813
15903
12356
9723
7174
10569
13817
4850
9913
2452
3088
9998
6381
15092
7114
7162
16151
5980
2509
5259
7768
8396
15121
14079
11920
12212
6743
15241
16100
6779
10588
12389
11105
4224
6733
9397
11860
2679
7261
14364
11328
5782
5769
12507
11958
13474
11203
13567
6150
7728
14599
2700
13097
3343
8356
10409
9007
6592
3205
4047
8295
12667
5634
13798
6919
14242
3115
12677
13697
6069
12374
15837
121
14380
3071
4982
3829
4487
3278
4200
14578
11074
13748
4007
2114
464
2500
6299
3363
15039
4668
8105
14241
16244
10551
8982
11055
13305
12546
4802
12027
13665
8057
3514
11209
1094
8190
10064
2177
5816
14579
5658
6325
11821
9396
15520
639
5613
1752
13115
12980
2898
13385
4206
58
1348
2958
15984
14819
6631
6690
7407
1247
1455
10809
3904
843
3706
5448
11224
7227
6259
14448
5349
15172
3537
13355
4351
5266
15451
2156
8047
9933
7541
5828
3731
12654
2991
16227
10440
7947
921
13677
2189
15528
3081
3579
7989
15074
7013
5925
5661
13986
3873
9804
5496
16026
4054
10418
13264
3507
7660
6454
2894
1184
8387
7671
7138
7825
5143
1542
11809
16084
4584
15879
395
1402
14181
9431
3638
8134
5831
4945
13108
6858
12140
6962
1287
7116
9340
6456
8167
5210
11236
884
8270
6267
8888
12198
2212
9181
416
5532
8103
1889
13953
13543
14778
1136
8217
10151
10057
1236
14135
4311
14436
1741
2578
14626
1405
10747
718
5902
13448
11752
7820
10207
9696
522
883
14670
6761
10756
9224
7855
15982
11876
3049
3086
14145
4444
6444
13082
13601
4142
8471
14299
5443
15370
196
12493
408
9909
16199
15087
9569
13853
13775
2710
11191
12698
14734
94
8742
12220
831
13722
4294
15069
7838
6922
16369
2738
6674
6183
14820
2690
10865
13356
8669
9450
3249
12336
10108
4096
10367
3789
15471
10018
3161
12073
15596
2515
4338
1880
5440
9695
13664
16228
14745
2622
78
5222
2077
1007
9573
15000
873
11921
8699
14485
14283
4452
968
16024
4729
2978
14120
14967
12196
8402
15058
14334
14941
8221
8310
10227
10092
5880
808
8230
676
10698
9469
1965
9346
12074
9842
2487
3942
5464
9026
4178
15474
10517
14892
12873
3020
15969
4024
9051
1319
13716
11485
7575
4882
6675
3878
3349
5959
1844
9183
10224
16128
1602
9939
4370
12697
6173
14386
2789
5761
11579
15600
748
15960
1864
11596
7450
7418
6487
5109
168
13026
8704
3180
1488
4747
2271
8813
7606
157
2032
3694
8745
3460
11939
4515
9837
12038
503
10521
3450
5444
16351
5205
12816
15088
8503
5067
11302
12894
14978
6189
3695
6738
4511
9935
806
15338
16044
602
6171
15103
14179
12982
3150
3581
10089
4151
13480
13909
12173
6831
6027
11934
9848
3066
15829
6263
13763
6649
15508
10095
4013
632
14256
13838
15832
6927
2328
3488
10098
12409
10800
16001
2749
14403
2864
2350
11802
8188
15566
9906
11834
2464
14064
3633
13599
7323
3654
16215
10216
14917
1105
6881
11969
13133
4309
15825
1848
1345
6813
16063
15658
14850
4021
12366
7675
9743
893
4401
7567
2252
7455
12481
11823
10449
7636
14777
7807
4118
6884
11076
2392
9078
8211
8673
8078
7082
13779
984
796
14442
2279
10426
14765
2140
12206
8947
1406
2552
13292
13306
9344
12607
15850
7698
16067
9478
10977
3155
14681
785
2632
11637
10458
4716
9625
9314
8470
3227
3916
5261
5855
10469
11655
7735
2239
13469
13718
15506
14144
2091
539
3096
12622
3758
11641
2319
1739
3355
2000
6160
9890
12156
10289
14988
14175
7946
9734
8784
512
10532
8176
1238
11366
5389
13430
8244
1041
12390
11449
3291
12920
14767
16108
14547
11548
8159
11544
7845
8701
16277
12935
4083
11695
15638
8317
13662
7092
10672
6433
15996
11499
9095
7069
3474
13093
8017
15251
11334
2918
4842
10442
3595
15093
1696
10990
459
9489
908
1073
11196
15983
3523
9265
11830
14972
4341
2085
3494
5562
11785
12185
783
11729
11531
14692
4157
5278
5480
8716
5846
6633
6902
8386
5923
6794
13347
13445
6676
12995
641
11900
2878
6294
12176
14975
9644
10348
10625
662
11295
11377
4425
592
2806
16189
11218
10464
10530
9698
12296
11083
9047
9778
4577
15255
4382
10242
4386
1268
6111
4084
15733
1653
7536
3047
9377
6008
9170
3535
14751
11184
1120
4407
4082
15419
9662
2111
10659
16039
13565
11171
14756
4099
8425
9594
8075
1482
5197
1318
16010
449
11495
5754
13250
8071
15517
10686
12921
5818
1669
5033
8460
4679
3332
9528
2902
9201
4076
13990
2148
4088
6480
7318
13144
8843
1179
10739
696
9704
2231
6727
1972
2963
590
8080
4903
13676
4296
2808
695
10664
5864
14613
10130
1675
11139
1449
12244
8461
9806
15967
4106
5529
3823
16006
3593
340
2660
1853
15688
1991
644
11482
6900
3674
14886
6698
5636
12804
10036
10599
2272
12932
15369
7899
3866
4432
2324
497
11722
9741
13772
7975
8345
14251
10137
6163
7154
9259
11306
14908
209
11411
10173
6568
7997
4495
4077
6139
8619
3812
12651
8715
5884
5693
15450
6279
2108
9203
1379
14471
8694
13005
3067
6491
14071
4399
2842
9290
12352
16297
12787
4776
3449
612
1394
8215
1523
12856
8231
10933
10291
10349
1873
7221
13240
5230
13589
13233
13223
97
8564
13978
8767
10229
1377
3458
8090
7789
7573
8431
9531
4204
11783
11148
7098
258
3801
4476
3538
3100
3421
4304
1731
16357
4492
6003
11902
13898
10877
7987
12872
122
7331
9857
9739
9752
4538
11761
11169
14628
8561
3813
12551
201
14174
8169
13784
11166
8263
15686
15462
3750
3594
13293
10874
8587
12261
661
6353
3534
13897
6435
8496
15555
13672
4823
1755
12394
6326
5342
12611
11198
1492
650
15810
12581
3700
734
2333
14373
5830
9437
3443
13007
1099
7713
332
467
14352
3016
7229
10025
7995
15842
14807
11496
8805
14953
4527
6481
3712
10988
14273
6944
9751
534
4832
547
4894
11835
5298
13193
13504
11818
13368
10827
1686
6598
9792
13315
15015
4889
12842
6397
12161
3807
9775
3402
115
6635
16232
10500
14523
11172
10347
2618
14544
8879
10284
11863
1665
9526
11787
10504
2498
10343
15394
6641
1820
14259
3357
336
5453
8901
8366
4960
5812
15194
8938
7823
86
642
4275
4467
9036
4456
15328
13843
5805
7984
7294
11630
16034
15757
7269
4748
5714
13982
14531
9604
14390
11691
10538
13016
508
4909
9029
5629
4632
10898
4105
2460
8521
5642
3058
4373
11628
9831
3056
5332
8273
1239
13123
3936
12783
3684
3969
5407
9885
13099
2410
4032
15599
14620
10460
7526
13190
11606
11118
427
11638
15063
4890
15250
14963
4674
1328
15576
9820
2404
6845
4172
14286
8152
9881
3687
15515
11719
14492
13939
4942
15787
7358
11832
9896
7011
15457
7289
584
11930
4440
9402
4466
3235
9140
495
12053
10308
1638
11663
15020
8519
7622
3149
8903
5021
2367
11016
13053
15699
10509
11018
3317
7545
8175
10541
14922
834
8663
10083
10667
13008
8997
13142
16086
14702
7763
12042
2699
13213
13176
3946
12479
5462
6137
12766
7979
478
8535
12951
14391
4463
6196
3313
12495
1590
7240
10685
9212
2933
13429
13022
4561
12323
12837
10160
155
922
7986
9492
2397
13693
9575
14802
10032
7089
14948
4953
596
12591
12732
11168
10461
1666
12874
6661
6315
756
8989
13397
3146
5125
8205
14068
16152
9716
12130
8456
2759
1725
15494
9063
3797
3590
7945
15191
2027
12148
13548
11957
714
1309
14169
6608
5233
13632
10453
13855
3479
1927
1553
6035
3400
12494
5103
0
10546
10772
11120
11598
12333
9923
9556
9370
4136
2184
15152
8052
2458
11555
12637
12466
383
8041
15038
8083
9019
6482
10179
14665
11744
6615
212
15118
8019
13163
12809
13040
13643
10058
9178
10634
11419
10662
14609
1487
9641
8626
1786
13615
11840
885
5878
15022
7222
6499
2537
2360
12071
2133
12063
15647
10863
3993
10641
11332
6744
4544
8602
12540
4896
10934
3883
11993
15461
5312
15056
5374
8735
6663
5467
16366
3828
8822
7437
13388
12100
5418
6443
4792
4824
7784
14717
9742
4356
4067
10028
9210
15105
16146
14097
5015
11849
1803
13983
11442
1327
767
1029
11971
1958
7691
4406
6495
7842
4006
15709
3308
6527
15807
12328
12241
13138
4710
5544
7101
13977
8365
12359
3636
10712
8606
10869
4071
462
7012
4289
1729
11659
11149
1547
14998
9997
10478
4931
9379
9136
10386
5087
16041
15703
14424
3439
14255
4671
6651
15193
12518
1335
7630
7557
11918
15953
3399
7454
1338
13051
10307
12535
13755
11231
10985
13764
10017
14378
12760
15100
1519
14699
13792
10054
9127
3386
16036
6658
7907
158
4954
1397
5477
1531
6952
3691
2478
13553
15125
964
5968
6789
12743
13235
13131
8895
6244
15448
9507
5248
14246
9393
16134
1736
206
2581
9867
11723
573
10589
2792
15702
5926
10507
15253
12026
13245
1877
1658
463
14568
6773
5324
12863
15473
7062
4891
11005
9337
6032
1475
14588
1389
6116
3498
7949
9169
175
4045
13517
1474
2137
13717
1254
10163
6483
8567
5577
11262
8948
5458
11929
15989
4113
8473
9753
12779
8956
1680
13826
14359
769
12713
14826
11592
12727
425
6878
14637
588
12135
2953
2277
5611
9769
3412
2431
8390
6361
14893
6177
14015
15154
9088
11463
6867
10607
8517
15129
16147
13462
88
1588
1413
10603
13561
2830
3692
10891
8747
7044
6190
3336
14635
16125
13318
13996
10829
7931
5057
6375
133
2409
14856
1128
15769
9315
800
2145
9849
14565
792
12509
13160
13683
12331
4030
13746
6000
11003
8976
10031
15374
2385
9067
15230
5999
4863
10959
13679
9702
3342
2075
3617
1499
15725
14243
7133
1065
6868
6679
2973
14413
5550
9496
1612
9262
15014
14898
12617
1511
12550
7373
2968
11315
1664
5240
87
223
15217
10669
9630
7908
13832
4355
8859
9651
12499
9444
2084
8067
8290
2921
2076
161
8932
2355
9621
3459
12488
7683
6791
2263
5784
3773
1758
14785
5102
12069
10124
4056
4541
4791
13997
3359
2911
14606
13141
5822
15226
2800
13954
15064
11494
12756
8624
1462
1690
9113
625
10310
11356
6520
7876
12517
5085
13546
9994
8281
1001
10696
2315
930
9173
12682
9106
13412
3958
2311
4533
15584
7170
6752
12890
9898
5541
12447
15455
13708
4277
5043
8276
6470
1176
8979
15527
567
4929
5869
3051
2016
5144
13629
545
1701
12171
14489
5764
6553
8642
12663
4285
7854
10921
8296
11371
15416
9165
5365
10994
8607
3350
3366
14470
9054
3908
16193
11145
13441
10514
1429
11437
3241
5618
2178
5838
12508
3550
10631
8304
3652
8791
9075
13625
9139
12234
7380
9756
12114
15518
9358
12801
15082
10187
3642
11311
9959
6755
7416
9608
11977
3843
15270
7426
7366
6013
9403
14885
16271
11079
13118
9793
4116
11253
4302
16054
6640
7889
15108
3393
8510
10836
7304
3029
15435
1828
6056
15798
10999
1606
15735
1372
11382
14799
8037
13742
15609
3954
7375
7866
2713
5522
3919
7697
2930
14200
2919
11486
11491
4423
9975
6719
10266
13558
14280
15712
9617
429
14289
13812
377
1508
1832
5115
1285
15727
8689
7415
6108
2167
8336
3701
6131
14770
15209
16068
4137
12615
14980
10732
15776
13071
11692
2255
3657
12450
15750
1745
9854
11765
15682
1275
239
11549
2229
12731
758
10269
7988
452
1154
15335
3616
12512
7904
15740
708
14661
238
13427
15894
13369
7120
3405
1906
3825
1766
6511
15782
4946
7659
15561
2291
10063
2641
12162
13202
11355
10363
14285
8255
7592
3361
13425
14198
12105
5992
905
4539
8651
16253
12705
5644
15523
7073
16007
6290
3569
12166
1715
4057
9269
14316
16282
13075
2121
12487
5461
1079
11972
7505
12652
15433
8214
3753
4980
5780
1512
14732
14608
15356
16003
13730
14672
3967
7901
3622
15013
12203
10847
1213
6138
2715
9085
14426
12012
4485
15974
12313
4744
14549
9057
2893
4093
8847
8850
12580
5843
6273
15679
7601
14321
6557
942
12892
6073
4347
7920
7123
8187
4790
7040
7131
9954
12557
7109
15899
5436
12979
9675
7937
11378
10015
13092
14861
2005
12190
6985
9999
7213
9995
4647
8162
6982
3765
1810
2671
2031
1158
7658
9948
1787
1800
3852
3140
16167
16070
8833
8375
8869
9114
805
8870
6949
2152
13459
5267
16032
192
3547
7431
693
9243
10704
5702
3877
9015
15534
687
516
8146
10071
10952
1011
1222
7701
13606
9807
15161
886
6830
12613
15693
7927
1756
12410
2058
8299
15747
12142
7523
7253
4952
9669
1768
15539
8378
7435
9012
3456
5069
107
2599
5944
13893
8060
12927
10044
2090
66
237
3533
8467
4167
8918
9457
11080
10907
9099
12806
4706
553
2429
4282
8565
3931
10210
12569
15227
6436
11953
1365
8788
11009
5586
7848
1771
12272
6376
3790
7499
10817
12602
12781
690
3117
13945
5940
11206
15281
1337
1793
14761
9326
15195
8897
335
9501
9422
11058
15075
5551
10487
6078
14640
4301
7207
4967
9589
6493
9193
6359
15738
8233
8141
14044
7868
6427
16354
14749
1097
3236
7623
13055
13261
8992
10533
2351
15766
13403
12524
14267
15958
9919
7810
10494
12918
9254
488
10743
11429
4148
2372
10725
10736
13657
13447
10191
12635
10901
15126
9349
11983
6636
13802
15107
9590
14931
15805
7134
10778
3953
4236
12440
6751
11884
10666
7239
844
15358
685
9978
15012
9524
8971
6230
11786
3591
8936
14258
7086
1559
7950
10396
5552
2336
3903
7172
5814
3045
11740
13460
6989
9361
8640
5823
12178
12187
5246
3621
11881
3745
1470
16298
12085
5726
10407
3619
9656
7501
1773
752
1614
14445
16268
12106
983
8121
10186
4073
10144
14017
6678
10520
9192
9180
2510
16018
10042
9202
11285
8117
12258
8097
13859
8029
7039
11189
2042
12764
3785
10335
3682
10121
3508
15400
4383
14518
9953
2952
12456
4055
15530
11984
373
5553
15871
4483
11988
5498
15434
7353
3295
10322
12044
1825
12744
320
2129
253
16190
3203
7909
13560
3816
3863
12340
12829
11861
13116
10728
9208
6113
10878
967
4212
2770
2558
6689
8055
7978
14467
3845
9538
12989
4438
2992
3786
3437
12555
1769
13596
2885
12616
13583
1003
3606
14979
3068
5294
5260
443
654
2364
7260
7161
3472
13088
11815
2594
10156
14195
12838
5987
10309
3655
4168
2477
11011
7008
6669
3153
4845
9308
12649
14574
14041
12974
14618
6997
715
5722
11280
15285
10072
2211
3742
12193
1901
5599
15452
7759
4268
7124
12889
14235
579
8552
13875
14178
10793
7462
6064
6378
9947
7664
11361
10689
2508
11200
6656
9230
9418
9382
8178
5452
8939
16168
3438
7828
4682
8043
9595
243
8051
4604
12570
5635
6547
1224
10037
6566
6450
39
3835
7644
8799
15439
8216
9235
15796
14218
11161
12939
3948
14002
4396
2049
302
15133
13912
3288
13325
13392
10053
14843
2935
16383
7805
7259
5098
1989
10754
4072
14060
13651
15488
14146
8420
1017
2394
1277
4293
11424
3483
7564
6937
15036
8203
291
3949
11164
5882
14605
14415
9784
4280
8994
14331
6683
14831
2576
12324
3251
13317
11092
6169
8637
15946
14013
2158
16169
14453
11340
1868
280
5010
499
3387
8397
14031
1478
12235
8274
13035
7835
5084
6607
14254
13080
11489
10941
4920
10910
6530
2850
1836
3094
1186
3025
3848
2543
11801
699
15083
12407
7051
2067
16047
15235
12435
9757
7023
9
8568
10022
7938
68
12089
10439
13398
3444
13166
2396
15198
13783
4531
8523
1192
13857
16004
8984
11649
15991
9068
12025
10328
351
13712
4143
10217
5075
4660
4735
15384
15218
11498
9324
13780
6708
16349
5451
1799
6425
5168
10164
1948
1840
3536
2514
7700
13611
606
16250
14890
8922
11942
6740
13423
13419
2872
15388
14537
3697
13446
10575
7343
4108
7767
12134
11176
10555
13219
3729
13048
4835
1090
1533
14217
255
3477
11629
8980
4843
527
11260
2386
6484
7724
3324
900
12938
8422
4094
3158
11506
13737
7357
7036
13613
9894
7378
12014
9619
13528
3981
13759
13262
3389
6399
7655
348
13086
11146
8427
566
1189
11349
7442
15774
13496
352
5077
13516
6501
12906
1004
11388
7461
5809
12912
5866
9513
1344
3913
4134
36
10799
6804
11775
8774
939
6688
14968
4374
7704
8323
12031
14555
1846
7773
304
1476
659
10249
12380
5917
11369
15428
2582
3869
5483
12669
12445
1981
1440
7749
15054
9390
1788
6277
6824
14376
11728
2718
5665
16335
8123
1576
9376
10171
248
1013
6006
14536
10357
2162
13850
13910
15954
10811
1772
1497
10149
376
12597
7850
7140
15809
11581
6412
4646
9103
9824
16296
11965
10554
2383
993
2994
5872
14323
4990
12492
12230
15889
11167
773
14409
13068
14944
12775
5476
9846
4828
749
12463
6055
5936
14762
7769
13836
15870
4453
11133
15149
12805
2247
4368
446
419
13816
8218
1336
16254
1962
2895
9902
2402
7241
1789
9305
7483
6193
15614
8232
11423
16230
14466
8820
2131
3381
6558
15106
14851
3057
11320
13935
4150
8198
14054
6018
15410
15516
4085
14098
11669
11458
9110
11899
10753
3899
10591
4627
10491
11941
7143
9863
5728
1923
13373
4761
4947
5488
6903
1320
4630
8641
6371
9670
9584
14456
1264
7307
15196
8348
4591
7476
378
7002
4654
12247
9220
9970
2275
8064
1050
12138
5609
2596
2939
14269
12202
6349
16109
12623
3322
1914
15929
6606
6945
15617
10744
15790
1183
568
5112
10014
8598
16110
13559
6180
10441
5441
4500
4860
16287
7310
7897
10975
2438
6485
14204
13239
735
3040
10406
11434
4159
4519
10276
3294
14973
444
16139
2025
13001
12041
11664
14463
9411
491
2907
9270
5978
11750
2301
4303
9288
5204
12370
9532
1404
12122
2132
7135
683
10673
7496
2416
1407
14904
89
4011
10594
13670
4878
9122
3103
9817
5161
3059
11493
6393
11258
9266
12577
8406
6220
11379
6604
11225
4244
3640
10456
9052
6164
12037
13456
1881
12699
9306
4560
732
11585
361
13070
9199
494
701
3496
8527
10584
2113
13659
16126
1862
8446
2244
5481
11229
10835
7752
9658
5617
6431
5338
12612
13224
13194
4122
15050
10020
9664
6571
7050
3371
10957
8726
14189
6419
3246
5296
4164
15454
740
10220
15861
8749
4607
633
6415
8183
5684
7764
3306
7395
8133
10773
177
1324
282
12385
3634
15919
1611
5195
14719
4532
14191
10452
9227
11049
10290
4606
15909
7484
14811
8538
5503
3970
1204
1077
12431
1764
1943
8900
3549
14276
2926
14505
3909
6540
9421
14183
1359
7574
14162
1232
8248
132
12227
4743
4153
15608
16211
9963
6623
8731
5631
7235
13486
1197
5592
13064
2008
7645
14906
10784
4975
2433
9642
8605
7464
10046
3800
13129
6034
628
479
7718
3670
10033
12133
13904
1839
2186
7386
1494
9563
1903
6729
4469
14818
7306
15
5947
16334
4247
14562
15184
15901
13260
1096
9776
147
333
2022
1702
1291
12111
3415
10382
12638
8638
1461
11550
5080
11577
1162
9458
240
15973
6385
6549
15485
4288
2225
1826
8954
5515
16294
7228
9596
2654
12150
15192
5316
15952
7786
13818
13830
4458
1066
12854
1031
8239
11711
4555
14270
11165
14088
1329
415
15681
3138
15342
9413
8998
14986
2746
9135
4586
5575
2097
8746
7581
5199
12029
3720
819
16080
3685
12300
15096
14943
15912
12209
4897
1630
14805
13593
13394
1075
6976
2891
2771
7504
15004
7340
3125
4615
4233
14401
14420
269
10340
8251
10450
14957
4614
1674
3455
10866
3475
927
10166
10106
11560
11583
1316
13714
5570
15691
13109
7888
5306
12740
474
2546
438
12605
13815
10661
4648
15389
6057
7893
11239
2463
11401
4488
8287
3041
9355
2900
10314
6142
2614
3329
4250
15440
14834
6646
14533
2028
10899
3503
2585
14226
7856
15875
15955
15028
9493
9639
12418
4617
9380
7018
401
1589
3793
5172
7160
12776
8195
16224
10845
1629
5886
6129
16061
3784
8040
2202
3113
9443
912
137
6917
13127
15003
11090
12228
13280
12337
11197
12143
13544
15755
12304
7890
3871
10674
9188
4445
14657
11851
3111
14638
5121
2608
11117
14035
6357
8031
8264
10797
6682
14138
10049
11132
5601
15529
9652
1821
3983
14300
6362
12589
1148
14399
6327
7149
7263
5654
8905
14102
5549
4837
9348
1884
6956
1311
6009
7905
8632
13103
14161
11613
10902
12285
6460
4379
7551
13649
11304
10402
2183
10867
15962
3834
14825
12195
24
830
13341
3505
9616
5694
9295
3563
4610
9345
1126
14935
3374
11461
10009
7194
4419
14905
3143
15101
14490
5380
1784
6115
4581
16341
7758
13852
8908
12868
16051
556
11718
14237
5351
8333
493
14839
4558
8341
11309
16182
5988
14992
836
1198
12803
4342
11204
13837
8680
15522
13692
3881
1139
1816
11893
6459
6453
11135
5836
14738
4629
13956
139
8328
3796
3588
10922
4286
4612
2795
5772
15896
4179
15868
7954
15865
9838
9389
12888
12950
13217
13284
2916
7971
10488
3585
7974
2848
2621
4808
2491
1118
3334
11347
1243
2807
10612
219
5326
14682
15294
2566
7610
11375
3665
13096
10342
2495
2033
80
7490
14721
11479
7126
2009
1288
14877
8066
7181
15564
11352
14553
7125
8599
75
38
2292
12965
13246
12160
5341
11163
412
6176
14328
4732
14863
12832
10010
14458
15801
13301
6798
2331
8260
1986
1561
9083
3630
4669
10580
4097
2697
16016
11078
13477
8945
9701
12443
15883
7314
9119
9711
10787
3780
16173
2820
5065
11784
12204
12257
6276
1882
11150
10277
12997
14139
9638
6293
4041
10993
1747
13648
2344
3127
1859
13842
14543
15260
15560
1240
11940
5297
1228
14419
16273
6931
12448
3577
3766
15978
750
8259
8350
274
2465
12184
11996
16137
10882
13950
14368
5086
14509
8249
13208
5628
16205
13076
857
9708
4411
3427
2787
1068
12175
