12799
5453
15661
1354
4216
1017
3828
15939
15901
8122
4945
1967
9723
13741
14822
15879
2512
5905
10566
7458
2114
14723
11519
9159
9294
7706
3036
13351
478
5224
13997
3210
4788
15406
9339
16218
3295
9528
16187
3769
1709
6907
639
5753
10891
12920
4173
74
12795
14834
7100
8934
15067
153
5472
7478
11
6805
290
9250
11766
2810
7466
10355
8336
6419
224
12049
1179
7452
2629
10113
9097
12059
5107
5433
2092
7139
9254
15394
3406
4590
8539
15760
12871
82
7910
10472
14714
6016
6924
11269
1803
6230
6899
2371
1308
3705
2529
2673
12864
3967
9186
140
861
3128
9084
13245
13988
13381
13599
11513
8044
14005
4706
14058
13136
14430
4515
13449
15708
14229
9984
5356
12209
7614
14181
15367
1567
1252
11801
3248
10379
7417
10651
4857
7772
7963
14661
14435
108
3411
3407
10705
15594
1265
12734
4760
9855
11812
1477
5692
2079
5347
12131
12526
4690
3255
6067
394
740
7592
6043
8668
15985
14883
5228
1209
7243
16232
6987
7521
7813
1030
13346
10692
11660
2376
5721
226
6040
11078
1834
3057
6213
6544
10598
13734
5768
2469
14945
485
6779
15097
3759
17
656
10548
1868
9443
10481
7860
10204
1399
14895
13493
3062
5388
2522
7035
5847
4288
14857
13971
15867
16317
10312
5795
9031
7279
6563
7295
5539
8735
14137
5550
11485
16104
7362
12380
7332
1117
15969
8008
14970
2548
1886
4541
14887
15258
3472
11446
458
12557
5604
13071
14518
9768
1854
13104
16310
8723
10295
15680
1191
11143
8146
13531
3332
4386
385
214
6095
8541
13264
4547
9164
7191
10441
3084
4214
630
13764
15640
9829
15834
4281
10761
13150
9219
362
14779
11385
13908
12300
15517
9102
4471
1095
13329
48
16265
5526
7712
15438
4613
14020
3548
3638
5877
5467
15365
1714
403
8512
14289
5851
6168
10126
877
10047
7919
12470
2058
7976
5201
3831
1
15689
10618
5584
6856
10287
13873
13941
11054
181
9580
15607
8316
16084
14417
2534
1138
168
9783
2633
2692
7628
8813
14491
9049
10644
5192
12618
9995
13695
12237
10640
7547
9094
10951
9780
3247
4670
7710
8408
11589
14170
7616
40
14128
13738
10213
14988
3162
10844
14628
5776
5130
1534
7755
12947
12251
1258
4479
13496
14445
12750
488
1726
5151
178
813
13505
513
10349
706
5517
4413
7674
1067
8211
5751
1665
15564
11736
8536
7718
3026
10967
11145
16148
12700
584
11713
14777
11241
9694
13100
7634
11597
6499
15500
10867
13559
3819
12949
4367
10956
13557
6782
11786
3469
6307
3992
2550
2941
7943
2440
13518
15162
732
10985
4458
8083
7423
1472
14869
3192
918
5040
2324
5915
11658
2990
3986
3268
1486
12442
3866
8351
13043
3788
9549
4887
4444
6961
5757
13507
16144
6033
16253
6513
12129
4930
1647
12808
1278
349
1465
1090
3902
11571
8290
11233
16301
14849
15645
15944
10786
3538
2878
14904
9954
2425
15091
6711
1932
14017
7735
565
1135
4660
4567
2992
10984
8414
1076
11582
11360
6349
14432
2030
1913
9751
2212
15641
8304
6000
345
8274
15582
6007
15563
7801
14897
12774
15859
7995
12119
15141
2197
9001
5708
8643
6737
9369
13642
11101
14166
12482
7925
6941
7983
9324
780
16352
6727
5165
675
1807
9471
13258
3239
4817
9779
11194
8862
9828
10187
12186
11310
14271
8330
10132
14635
11239
12579
1635
4926
7572
1460
14493
12838
3353
5462
12061
6531
9930
6697
576
6364
15335
15720
5140
9040
4986
8484
10552
13056
6383
11188
3067
14947
4748
3299
8069
11861
4225
6533
11367
9700
12007
13877
4844
4833
10682
11688
15827
12449
13529
4254
4907
3832
3607
11214
13577
6761
2069
14958
3260
12990
13798
4267
8905
1561
4208
12128
11003
6460
10375
5422
14836
10499
4883
800
7418
4650
8751
8347
3513
1062
4098
14731
12822
8079
1867
2364
11573
6512
4527
2767
2119
4039
6362
9787
1628
15524
4526
15920
14523
11038
236
7247
1588
6799
15044
1723
8337
3223
15644
5088
9446
13906
132
14396
4201
408
1675
7105
14149
1875
7206
6827
3025
2596
804
6459
13474
10615
10027
2379
3786
6835
1884
14486
13436
7469
3339
7873
4242
10428
8176
489
4213
9259
9461
1185
12582
3912
10879
9636
13363
2904
7817
9687
8418
3114
10554
6103
14340
15107
9481
7413
2975
5123
12555
3795
5421
5977
7287
14610
8253
15089
12236
2680
9992
3739
12006
15158
16075
12267
6915
4020
3587
7080
6865
6101
11921
3493
15733
5632
12369
12562
12709
3542
13198
10870
4323
2198
13917
8952
11722
7435
5197
5625
11572
13583
2266
449
9703
4312
8442
1863
12645
6142
7282
1843
10256
10536
8530
9416
4131
9782
2643
9133
849
5085
3312
11043
11770
15261
7063
2622
8817
1893
1378
4841
14501
8269
6170
10208
15451
11750
3168
6804
733
12162
1298
2169
830
12377
15684
6902
6427
7086
13984
16233
1202
3604
14576
7842
13478
2997
4655
5746
16268
9551
3749
176
842
2403
8698
5716
12253
5212
15836
10496
5960
14455
8456
12919
10069
7126
3686
13707
1968
16338
1215
10630
5957
11452
13350
9633
8158
5613
12466
2443
4011
5909
14690
15030
7941
7109
7427
3763
7082
5945
16179
12706
15737
6240
13501
10186
3373
5163
1909
5994
15331
14106
11345
5375
3588
10706
16370
1923
12453
3991
11837
102
13903
2589
8296
8454
14141
3690
14941
4224
15302
13607
15762
9110
602
2401
9942
7504
8401
9192
15830
1639
5344
5589
15179
11657
13371
1790
7930
7574
10871
9801
16140
11119
1407
1370
6490
12828
14885
1326
15425
8731
10144
9544
3206
9558
11852
10073
13143
10819
8457
2793
7909
13253
10114
10016
5968
5953
6776
7837
4756
1452
13923
15550
10329
15234
14987
10683
1470
5037
7484
6688
2925
10727
6370
5595
9060
298
7438
1708
12777
15889
7129
9156
5622
14743
578
10729
4384
4975
7699
16359
14387
2256
7775
1939
10165
14716
3954
14807
9866
10853
4822
8189
13126
5032
4461
10763
6681
10457
11514
1962
6207
7330
11002
2045
1917
11813
11602
8904
12069
1499
11697
6289
2374
7180
2194
13854
13276
4122
6509
13339
5646
3356
14071
14284
11347
11992
14917
6098
14659
9599
2898
13456
3343
8286
4728
13266
10518
14348
4599
85
9234
1116
9594
9971
3130
10505
1630
837
2747
11311
10565
8106
12110
5547
10197
2186
10178
4971
13578
11550
5075
15928
11988
16316
6236
4536
7135
12540
10422
7723
14754
1972
5029
9738
175
13464
11265
4501
8386
15731
4307
12552
10330
5561
4278
5066
14420
10404
572
8514
6114
4343
7148
15556
12010
14372
15825
11811
8970
10321
16102
4277
692
4746
4671
6039
14351
3549
5408
13012
1149
14637
11391
13963
9419
4884
942
13360
14404
12451
10993
4148
8543
15983
1568
7738
762
10285
10053
5251
6411
14751
8845
12257
11353
7599
8236
10150
1654
15475
2816
13865
15437
15196
12873
12793
5126
2577
7259
13806
15131
4453
9575
9141
2669
7476
5208
11042
12634
13102
13319
10571
15783
2065
1885
14001
12198
5658
1379
814
2430
15995
10476
15833
7865
504
3324
6107
7737
6401
9761
4283
14406
1948
1554
2646
5230
4374
10718
1598
14681
7942
8318
9845
7785
5319
9232
7215
16012
521
5572
12518
6505
7019
10078
455
10181
1837
905
5363
601
5506
8355
13385
16024
14270
13676
13211
12770
4624
6354
5605
8494
10991
13787
4086
13289
8075
4441
3306
5318
10744
11843
13932
10641
10876
9363
8807
9501
7639
8405
15222
4974
13263
5893
16157
7319
12861
13640
8413
1108
7598
10448
10806
5447
9940
14944
12215
3762
13392
5164
7633
16022
16246
11710
775
829
7843
13836
1316
9837
8018
5786
9796
4645
12968
3618
8742
15654
5860
7077
673
643
13308
12408
502
14069
14363
616
7720
9301
13925
4555
9732
1112
500
13230
15816
3054
1356
8941
2960
15002
10882
11579
8614
10381
1753
3104
1294
699
6596
2145
3147
392
4736
818
7352
11133
8709
10785
14201
11487
14931
13975
6930
13076
10795
9291
10530
8479
6581
9891
9823
14985
471
422
9913
13295
3579
6049
16243
6224
12880
7203
6322
9980
4890
4647
14100
14693
11511
16108
1623
7281
1584
14469
4737
8298
116
11444
8377
16258
2948
400
10556
10573
428
194
6190
1779
6687
10282
13338
5473
4061
13750
13199
1396
14892
928
14050
3123
7328
1291
7815
10299
5257
5299
14094
5494
12254
14275
14785
1036
4460
8182
14213
2228
3744
2827
12769
2073
11090
10425
10142
7575
15225
1651
3035
8611
2757
10082
11806
5330
12932
12740
8220
5797
6245
8660
15130
11539
12045
13079
13396
14328
4949
4762
5205
3069
3907
13715
14823
11677
264
6502
2905
16055
10354
15614
754
14018
8627
8329
19
12329
8185
9055
12244
15823
13337
11650
16293
9816
7292
12620
3923
15948
6486
5383
6469
11182
4466
13090
2116
1959
14590
9763
7246
2261
15432
14307
4656
13399
8402
8233
14449
6384
13494
12787
14826
7800
1856
2283
8601
4377
13133
16345
413
12855
13544
9532
9366
6584
2760
4811
6872
6828
14262
6280
11830
9836
16105
370
15011
8143
9764
288
6885
12962
9415
12405
14083
6568
10149
9124
9657
10122
1912
12465
4538
1538
9410
6137
5483
7441
2067
7274
13131
14067
1144
10158
12563
10115
174
3286
6866
964
10514
3983
15507
2481
16222
13269
9884
15455
9777
15116
2608
9613
5488
3565
9343
15441
4750
11339
6132
14335
12363
13860
6754
2928
5317
12311
11919
14089
11181
3019
14405
14046
12235
2415
14447
2612
396
15828
4769
6811
5559
4832
1456
8429
1940
4546
13482
9918
4747
10535
3904
7054
16248
12716
5463
15567
14942
15780
6225
5102
13190
12189
1349
12758
5777
5880
12888
9466
6445
3927
15065
10489
7166
15452
3498
14570
5648
7060
239
15372
9286
10592
3475
3787
13731
6762
14352
15518
378
5413
4797
397
15881
14909
15431
10103
15700
14770
4270
15592
11718
121
8030
13539
4073
4262
14151
11960
9506
581
15657
8282
9862
7265
15485
8259
2774
2538
13451
13323
10096
1594
332
1789
1733
1444
952
13225
10755
15433
1044
7661
13670
8823
185
3163
3738
9807
12617
5624
12969
9051
8409
4524
13686
13443
14843
11617
5261
7944
13904
1206
10688
6121
14442
4865
11654
6525
13720
11457
2339
15086
15705
15104
8024
6208
10196
3895
10210
7657
9071
15696
5125
8088
9964
3849
6345
6765
8825
20
11317
4675
5225
3158
7414
9662
11330
5035
12606
14076
1463
11686
11755
1433
15709
5524
12830
3030
15436
2638
2235
865
5641
13271
3481
14752
8724
12058
9274
5030
13210
7005
12108
3994
1678
14644
10083
13382
15811
1989
4783
3257
14537
8682
8188
14788
12711
13548
11560
7366
7174
3252
12065
13468
14303
2132
5617
11014
3427
16062
1528
1941
3442
4849
3928
10801
6270
8786
8673
12834
8287
11637
14676
8888
11069
3329
10685
14601
13785
9577
10446
7654
13712
8063
13668
3233
2868
14852
7851
12351
5204
15677
7088
7356
11103
2926
3141
2860
10709
5857
505
1591
11453
11218
11925
10470
12385
6740
9345
16220
3632
4379
14410
5050
4142
4012
7788
7746
11089
13857
11473
15012
8797
2853
6790
1765
13685
11666
5929
9265
3919
8319
8677
3987
4810
8741
8567
1711
2756
9931
10015
4606
1468
13681
6771
7584
8412
1451
14933
6992
3308
9452
13021
5930
10513
10296
2670
12479
10586
5944
212
16151
14494
10895
15279
11976
11749
7033
12754
12327
12468
5511
14367
10034
11341
14202
3519
10022
14019
3107
6555
8049
61
1254
7546
5080
10466
2435
10102
540
3367
10974
3610
14683
8889
5815
163
9312
15947
14712
6264
3555
2715
15603
3840
10711
3645
14552
4940
10415
10851
9830
5885
4916
12937
2191
3640
14109
3862
15719
3212
10172
9432
811
4181
6104
13248
1266
2562
12789
14971
5935
8640
657
4691
2149
10800
12399
7698
4973
9906
12644
14042
14036
12820
1239
15396
624
16134
10749
241
13504
12547
14901
3270
9061
11363
931
1809
13980
267
7689
3543
13679
847
790
2105
10453
10463
14627
8116
3556
15643
7296
16342
4984
56
11656
12849
6238
15203
6648
10664
2658
5611
7509
7137
444
13536
2725
14419
10125
5631
9950
4630
10906
15153
12730
10655
7244
12484
4685
5391
11510
7437
4942
12939
10998
10508
2583
4673
844
15891
16188
9185
9896
11366
1730
12972
5872
6046
1404
8695
9550
8267
13439
5461
4395
14829
7144
13733
4605
10500
6712
14172
4385
3184
14977
5405
1922
16322
12303
12519
13604
8321
2652
921
15053
1817
3850
1347
6418
16242
12756
4009
7915
11080
15148
11333
2029
1695
3836
10110
5765
7173
14704
13089
12792
8861
12331
3138
11717
6549
12585
7345
8521
2428
6849
3634
7409
1122
14186
14937
13310
15484
10939
11380
5234
6076
4882
15529
11682
12815
3288
23
3064
15946
1237
2311
5720
14495
11440
5843
12021
2160
11435
895
8770
2087
14626
1934
6381
13634
15706
15095
15917
12099
16028
13617
3668
4376
13866
15774
4639
448
11219
14260
10877
11232
16036
1170
360
5779
15821
7605
376
3575
8525
979
9839
15048
4404
12921
5259
7838
9115
9420
8879
11693
13345
950
13406
9947
15959
13989
6541
14545
4753
12435
8534
8370
7745
7307
11149
6290
2520
1051
1525
13855
13538
1957
2536
6350
8860
7226
12320
13740
8348
6570
11823
11419
12414
15717
2013
2125
4144
12607
755
3203
10639
15489
1458
1376
14299
15601
8157
7079
9713
8745
915
5574
7189
8944
14087
6860
2554
11737
14178
12346
16193
2736
15536
10075
4543
10376
9483
3803
11565
7254
13405
7132
3943
8923
3023
5704
12692
10194
10539
4349
1516
230
12918
355
15453
4825
7651
9602
13561
12642
98
4185
5348
4320
10269
14526
824
7277
2903
11204
3916
464
13151
12504
1255
16311
10400
5180
9916
6268
3094
5548
10028
15778
9277
16323
930
15220
9326
4723
10622
11146
14123
4632
14129
9812
15324
943
12406
8832
10439
5487
5302
791
8462
231
12578
15482
2233
2323
5332
9314
559
516
15468
1691
12266
15184
14940
2475
2573
3699
10054
4812
11706
276
11099
11298
2900
14029
2979
3040
13856
2447
3347
5807
11970
14841
1111
13166
9331
14650
15105
4016
16110
12560
10357
15429
1655
12517
8003
14809
16229
13465
5481
11778
15314
9861
15992
8623
1771
14786
348
11547
14185
11158
16272
244
9383
9908
16153
13727
16372
11994
11707
13170
8232
7961
10933
113
13725
4334
9626
4462
3301
8214
3855
4439
14816
6255
1549
6004
14153
8619
4763
6792
13627
3721
3419
11318
11041
10894
12013
219
5998
5643
1194
12436
16059
7514
3789
1800
11603
13259
14771
2595
6069
220
5055
202
1120
12085
5608
401
431
5381
4542
2066
5384
10342
9919
8451
11068
1323
2576
13229
4246
5804
9857
6667
3842
12717
2436
15026
1357
12952
15588
2340
1385
8629
7127
15360
14431
3702
12050
14811
15539
2572
14385
6164
10251
10335
8858
12318
16039
8230
9435
15765
8260
8712
2831
11354
11747
5434
8560
9911
10849
13958
1892
11211
4594
13665
3851
10681
7090
5591
2600
6174
10359
4496
13922
12348
10647
12899
1077
9092
9246
7475
4523
14096
3974
629
12599
16046
14366
3414
2815
2799
13590
12422
11824
5762
11590
4434
13847
1840
8782
4677
1744
2316
1467
11312
4297
9132
1102
12391
14528
5920
3547
10440
11816
1508
4383
14204
8248
9384
412
10099
10579
15140
7709
1413
6757
15753
7623
8949
2683
15428
12672
5385
5852
6602
8836
4175
13758
4961
3617
15502
8444
6123
5249
8883
4775
12054
5964
11882
11551
819
11132
341
7213
7410
8478
14918
6928
3326
560
12615
11956
7502
13369
3334
1999
9670
5601
1703
8144
12779
6905
13384
131
6269
4922
10317
816
6971
1612
14511
7724
7185
7004
6125
3303
8015
2399
8887
8790
3540
14746
13232
12718
11559
6951
7984
4637
9804
14326
12885
3937
2720
6027
5533
6927
539
9742
16082
1965
14913
14488
8206
8991
12958
4851
15757
4602
1813
10066
7933
14974
4121
11533
7770
7549
3072
7300
8874
4577
1666
2446
15806
7389
4806
10921
8265
4313
1610
13395
13255
5117
1921
1797
8009
10809
5418
9876
12707
3309
15882
2560
13299
5484
8575
12389
7618
586
2445
16360
10127
278
4891
10014
9015
420
14277
8171
4196
7483
13298
4551
10038
7271
1764
10230
14224
8343
1931
7312
8445
13374
12566
12381
7787
15461
5621
10840
1437
3665
12604
4351
936
6227
5370
1313
12539
4850
1704
10292
7793
15137
467
7038
9885
4761
9998
4565
14919
3964
8289
2484
4187
13247
15568
8252
8231
746
15271
845
3038
7171
4147
15991
8129
9802
7672
6831
15638
2224
7242
13902
11165
2365
7658
1752
13300
10485
7065
11776
9766
13698
12650
12905
97
4038
10896
6144
4978
4189
13743
7260
1292
10173
9607
292
12597
4359
7896
13326
10802
13083
13243
12157
11050
12741
5425
3958
3595
11389
8107
15062
4134
15631
11934
5752
9770
11670
9449
3382
13684
4398
3315
7263
11410
12876
12935
5540
15904
11694
7071
7954
14053
8026
7370
3431
1881
1653
8940
1491
10212
2561
8204
10582
6546
15349
658
2727
10384
1763
4640
8739
1889
9640
1870
1890
13705
10469
6149
537
5236
2674
1176
15673
5711
6465
557
2555
7669
11492
14604
9197
13364
10953
14088
619
5279
15449
5492
11668
4217
6844
9245
13700
10697
475
4702
5104
1093
7977
28
5242
7020
6083
4725
5428
8670
14300
13844
13492
1080
6200
3915
7376
9591
9019
13033
2800
607
3131
6111
4091
9680
1408
9688
4117
4626
6395
7425
7850
2300
10207
4494
10684
8221
15919
13393
15168
6330
6151
7790
7121
10232
5366
1983
12315
798
6550
2845
8218
9668
11899
7042
13615
426
9933
4772
14345
12249
4876
2769
12412
2495
5578
11264
5887
7973
8467
1916
6640
10577
4676
2676
15869
15217
14126
5250
13827
5796
1288
9089
9604
13121
11512
5933
11829
12409
11763
2717
10779
7487
4593
5551
4514
13156
6620
9869
4925
8474
15123
851
6329
3476
9795
8978
281
15045
12894
12356
10814
1241
8563
13270
3428
5245
8771
6867
1562
5823
11059
15694
6516
13115
14973
9238
2253
6210
9541
5802
13391
2124
2729
9939
13461
15253
9320
1218
11932
9598
9608
15637
3014
6295
12636
10713
117
9686
10663
2531
7106
15693
2057
13422
11388
8979
10465
10044
4800
6464
12780
2123
4717
2269
4177
11033
8161
5477
3355
2176
15855
2054
15060
4420
1926
10559
3217
15989
880
5027
13120
11093
11965
13723
8646
1483
6923
3552
8609
13272
11692
11351
14353
13185
5456
14115
9038
7852
7970
2892
13019
2014
4766
15028
14365
486
9791
2963
15977
16296
14021
2557
8487
12988
3883
15190
10352
12328
14960
15958
8192
1033
15395
4627
14671
14481
9489
15268
13726
9171
15908
8110
15182
16335
4304
5489
5411
8824
5766
8404
2239
7732
4847
14796
595
3088
7348
14136
886
13440
10203
15147
13231
853
6979
13321
5963
10303
1204
6704
1142
8053
14006
15254
6279
14813
5529
9113
10766
5951
3144
10648
11262
569
5712
12802
7145
7730
7266
1599
14726
3801
15208
12301
4619
461
7497
5558
1290
2016
10538
11193
15978
8506
3034
9754
2802
2398
5431
14602
9693
12024
14184
8154
8784
4170
6599
4352
14055
11322
6834
6235
6863
1925
8128
13909
16048
6709
8275
1490
1616
5740
16129
10025
13435
12870
2354
10992
3246
1089
9304
15688
5193
11212
13088
16223
15494
11904
12480
13677
4378
11962
681
11966
8094
15371
7955
6909
1489
9881
13354
16117
5854
6518
12933
8891
2949
9514
11427
13833
2099
11178
10322
15974
10374
8436
3160
7606
13110
5308
10854
10291
16067
1718
3727
15727
9997
3824
7725
15401
4765
5304
115
4654
5536
4157
13251
5396
11202
7644
1650
10183
4483
8971
1333
4967
8179
15798
5512
4430
14286
13884
9854
9335
9546
14266
246
9009
16138
4917
9581
5341
9872
16194
12605
14044
13777
14761
2084
13678
14589
6958
686
6406
843
9760
13039
10793
15336
8263
8341
11834
12854
10319
1891
10087
3730
4333
10932
15772
9170
6906
7545
4587
11067
8448
6564
8403
5049
7261
6749
13835
3494
2575
15189
1944
6524
6536
14304
12755
5452
12372
13484
2081
5491
4722
2986
2689
705
1938
14332
11916
4055
11798
15274
13509
12217
10715
9130
14221
2200
1105
5841
14424
11699
2742
14707
12843
473
10250
5600
16035
4372
6724
11481
15155
6628
3032
93
13564
9433
1998
7936
13438
10765
14220
11907
4667
7347
7892
2156
5946
11244
2718
11636
6361
245
14078
7424
8034
11967
1336
6809
12314
13453
7450
9358
6970
10389
9319
6147
12628
10838
10886
10633
6487
6209
10865
6869
4571
3348
11864
11953
6966
5552
5309
8831
15595
14890
1484
1311
1397
6968
13442
405
7898
5311
9982
11141
11878
6246
14867
2792
11817
589
2593
4463
10657
2189
11825
8258
3000
14350
11192
5286
15430
1141
10460
16141
11015
2517
10743
14244
3897
10568
14234
3417
1130
12076
6627
7225
8983
16240
5982
1975
14459
2004
13160
2523
13747
3599
5645
12917
7637
4123
83
8649
7744
12869
1552
1846
13283
1879
11745
15532
12197
7721
15390
12783
6091
5803
4296
14492
8961
7684
43
277
9392
16176
15590
1352
9691
6424
7381
5274
12037
8059
1536
8793
15744
738
177
974
4414
4162
4199
11832
10776
9401
1727
10764
11020
1929
817
11684
10734
11220
7525
2991
533
8972
2219
6196
10274
13620
261
14081
999
12001
4044
3479
3962
15036
16178
4062
14287
769
8639
4549
9275
12836
12762
2490
7309
13401
11203
12546
12558
3741
15734
4616
16150
3177
11762
6507
12635
13005
6450
3976
5301
14745
6191
642
14738
8581
13870
16365
10360
9085
12444
8098
3371
13011
7914
13072
2661
15006
2377
676
14837
5742
15724
1371
14487
854
15617
10670
3585
4133
14907
12922
15761
4615
13025
11497
13015
7854
6643
10227
14374
9707
16315
8391
8434
13728
2972
402
14246
3734
1802
266
15545
10981
6407
6814
2962
5610
15448
1729
15426
9722
2135
1386
6221
10431
15548
1732
15262
8869
13912
7223
5054
9638
3505
12508
10023
15435
11753
3537
9330
3045
2038
5846
14638
6926
4659
14049
2598
12747
1400
2958
2732
12936
11898
2291
9163
11954
651
11863
15197
2118
10890
7433
9223
287
4665
14232
13317
8951
10702
7555
9814
4152
13261
12051
3243
11796
524
862
821
8925
9218
15942
3470
15892
6608
1143
7567
11885
164
5983
11810
15341
12246
12392
14075
1351
16064
12674
7685
6430
1679
8307
6750
7149
6874
10244
11789
14140
13288
10973
15987
6347
6365
14636
4988
13466
2887
2153
4457
1966
11787
11491
4179
985
9756
8829
8942
11779
2419
10202
13335
15585
16238
13951
8025
15805
11575
7513
6815
14483
4770
11331
5534
7805
14998
9402
9134
95
4963
11472
898
9399
12529
10777
8087
1270
10024
11757
9847
15679
10168
14727
6380
9253
7306
5678
8795
5793
4164
1132
10911
13024
12078
15653
8911
618
10986
10781
13660
16198
15613
12004
7729
16159
9710
9478
7682
5315
4855
2974
7733
4522
15749
11847
5314
12721
11554
2238
14028
14508
802
8051
13161
14774
15241
15387
12224
8710
6548
13956
15763
6806
3765
2434
11411
1581
5246
10455
5871
3899
275
10968
13498
9389
9628
3889
9660
14889
15362
9671
297
7401
6934
14108
13802
13522
13002
10017
1686
1659
13007
1453
2784
15686
5718
10098
1212
8714
8036
649
6321
12036
3631
5243
6020
5599
3515
16249
11169
13945
11023
5129
11134
55
6839
15511
10852
3546
450
9716
2356
16078
7021
11242
1406
11480
44
2566
10390
3099
4699
13549
9191
5124
11060
12498
16069
12357
2151
7219
12079
15726
15412
295
10616
14643
8732
13424
3774
13774
2053
3305
7992
9505
778
11292
8936
9903
3483
14580
14633
15559
118
1852
4440
11028
2275
5955
9672
11422
7123
954
10581
3797
2223
16276
3942
1416
2432
4003
9344
5522
8178
13000
5883
8997
4049
13530
5005
14263
6882
3180
14274
10574
5528
588
10240
14208
3550
8899
4498
12416
4745
8190
10408
12915
15508
14995
14268
8360
14990
6590
13434
10045
6888
13534
3462
2357
15206
12233
3265
130
12005
16376
2381
8305
7394
4100
2245
6557
1740
7058
13044
9503
12737
1418
465
13633
2857
14195
11466
4401
2863
3391
1342
5265
1788
2788
12715
3756
6497
4601
4448
11000
11016
12083
6830
12914
5138
8890
1624
2386
5966
3386
13605
6357
7828
6942
12598
10420
4227
7333
7905
8602
6721
14568
12591
12228
6938
14862
5651
789
6079
4347
3001
8610
7096
14756
1511
4268
12832
14347
11618
9562
15957
4824
9118
15793
7152
16219
10324
1240
10397
13316
11044
15265
8734
15972
9929
10283
7893
8209
52
2609
4631
11872
2335
5615
12373
8767
6838
6707
1446
15480
3378
5210
2127
11127
509
15333
7340
13691
6864
14848
2103
4539
16045
13625
9689
7542
13359
5329
9279
3387
9258
9938
3218
14416
9374
1269
6088
14323
14465
7361
2728
1214
1136
1814
6781
7934
760
391
4557
14605
3236
12819
3060
7839
6332
9480
15288
10313
11027
14336
4572
14253
8621
12622
10680
5209
1565
5156
6753
414
11528
15178
6911
11229
6087
6962
6386
4802
12252
515
11206
3502
507
14747
6433
10243
12476
3108
5623
12600
12156
11819
2594
10166
10979
13882
14721
6199
15321
3830
7205
7272
5626
15895
12791
14117
15538
5148
16353
5702
11890
10464
11471
14616
13416
2424
15478
991
1109
13718
13611
9332
15824
15329
5710
7972
14641
11891
6685
9502
16357
11238
10928
14921
9706
14997
15369
8181
3205
6632
4124
3485
15799
3591
1668
7929
3313
2098
11031
9484
3491
3861
2671
14879
2610
8023
11373
14407
7336
8294
11950
2085
2299
5754
15501
15050
8447
11476
13840
2836
11598
3240
12942
3829
12614
15300
1848
377
10659
6335
10088
9111
1745
4534
10587
5684
141
8747
834
15264
466
11065
6657
9327
5003
13987
4969
13776
5115
13643
6500
2542
13644
685
6656
14102
11923
7196
9396
6226
4188
2830
2405
2332
7560
1597
6701
7115
143
9112
8359
2564
9463
13588
9811
11981
11524
4952
4072
1768
7331
12866
3629
7704
14775
15311
2556
15069
2449
3999
16087
8461
6402
605
2492
9226
10601
6956
4729
9181
5594
371
8077
16143
8837
5660
3420
16165
12313
15171
3127
9024
14457
10672
10051
11771
9991
13274
357
7428
14565
13209
2023
1986
8202
454
7181
3559
15205
16356
2172
13362
5223
5382
5320
11135
9370
1633
11287
7727
12950
3793
4511
2871
16367
14629
2349
13164
5760
2282
9993
11676
2452
15092
15797
9177
13473
15231
1272
5845
7498
12291
7451
8074
15185
3024
5211
9361
6988
14519
10495
11774
5057
13423
110
688
4482
5949
1832
10917
12980
10695
8927
14936
13940
11645
11395
4418
879
5919
3399
13876
8376
4529
13027
2626
5108
9926
8492
4871
647
11196
9352
7947
3489
10482
14720
11655
1315
1119
15416
6327
13472
1285
16199
15622
12522
6780
11131
3892
11585
10750
14717
7303
7778
15382
7104
14124
1950
2411
1539
11224
5069
11172
13305
12671
8661
5024
3772
11357
1754
9574
13650
15407
9769
1392
6996
8352
1177
15938
4943
8141
9441
903
7918
4530
7499
10480
12270
14452
11053
13194
7503
200
2618
15272
15378
12536
3662
5346
4136
14215
14983
712
5826
3691
4357
11267
12533
9099
3499
12285
1208
4517
13898
5985
6035
3408
9289
16116
6250
11324
14411
2785
11235
850
8535
701
11535
2959
11139
5217
4424
492
9
127
5878
35
9865
15334
11160
5096
9611
7202
7832
4393
5875
7722
14612
14273
7782
12229
9786
4816
5726
4779
4901
7920
15270
2278
14035
13256
11377
15145
8084
6786
12637
8227
4752
7621
2750
10039
15523
5141
787
15933
10345
4120
11309
13794
5769
7921
7479
9665
1029
13246
610
1760
8005
5414
10545
2277
8433
4879
4346
9459
2783
3018
10523
11997
550
16011
10101
11905
9037
4325
11855
14080
9450
9696
12951
5972
11231
1343
39
6064
7412
8328
5634
4329
8342
3496
1604
7696
9525
7471
13278
217
9709
16287
14423
7422
5457
10893
4721
12337
5694
721
4970
1494
9745
9849
8326
6312
4509
3189
15769
14311
12509
15414
9143
3516
15033
15591
9278
9587
9554
13008
14285
7067
5145
4433
3235
12250
4190
7816
6534
6575
665
13942
203
14045
6052
6294
5627
2910
9193
13584
14498
12358
14176
4726
9817
3237
10501
5666
11653
12261
8493
14338
11024
5936
8641
13675
3940
15423
4780
11773
1167
3703
13555
10334
4257
15681
10368
13815
626
1264
12141
1861
6258
2809
2977
15152
15712
679
2351
641
6444
7717
3002
2848
12424
16212
12589
2477
4161
2416
12576
4203
11840
14670
8630
5392
4953
11109
6504
6300
11719
10909
16306
8568
3480
14932
899
9955
13067
11894
10048
10391
996
6853
4315
3050
9039
10409
8048
3443
4900
1526
3651
8380
909
9537
2450
7512
5273
3161
3766
6881
14782
538
9233
15370
2181
15255
15037
15146
6652
15055
1979
9342
6425
5460
14193
9140
14577
8362
12640
15043
11456
2659
7749
8564
6789
11418
4397
12002
9902
7056
8133
8469
11739
1773
9757
2648
2027
9187
308
13241
14355
16018
11828
13331
4010
10918
8625
4734
10079
10198
14773
14072
1712
5943
11596
187
6689
12118
3
14389
10916
15164
1713
4705
4206
15723
10517
3567
3712
14866
13551
1865
15031
2870
12307
13137
213
5196
8125
10860
896
15960
14791
1688
15364
7406
6862
4495
7142
14243
6062
12395
3561
16173
13386
8764
11365
7539
11945
7025
6148
10578
1231
4636
11836
14199
14497
810
1432
5260
12612
2074
9270
3614
14749
10654
15736
5430
13621
8160
14536
10072
14098
12234
13674
15646
12966
8628
7486
2489
3322
11844
14762
596
8589
15587
13003
14825
7819
13038
12938
5619
10768
10421
14840
13432
16302
1365
13937
7659
9144
10583
15962
748
14334
15339
16119
15177
8242
14190
13880
9391
9512
6993
888
13755
1822
6154
12751
2011
15018
16264
9759
5952
15266
9740
6232
3219
2179
4585
4292
14161
3410
14793
11217
6172
13967
12019
6736
7585
13020
7407
1249
16026
2077
14295
15695
799
11639
8004
15345
14321
5078
2015
7128
4113
9871
2083
2901
10298
1476
12154
9491
4966
4663
2457
6162
15699
5670
15893
9010
8020
12835
8929
1676
2221
12981
72
510
13215
9240
15273
4804
7803
15812
15604
5903
10857
11138
5835
8916
635
986
10176
3137
2896
11640
2706
12911
5373
8163
15127
13597
12232
3929
7596
8198
11035
2002
5735
10796
4980
2493
650
956
1424
1738
13307
14920
5771
13868
12844
12308
427
4818
535
2917
5820
12989
8737
12571
1904
1428
9310
14588
5429
3191
10631
7835
3574
8216
14599
5194
6281
13949
8515
14587
15781
11094
11879
1906
14631
14475
2257
5521
7731
2746
2193
7834
12703
2951
8364
10336
1312
9909
3179
257
8411
11319
8633
5086
3183
16270
10190
11336
13412
10934
2759
11626
2695
12992
8428
12052
1541
7881
7501
670
10948
7047
12398
12319
5778
9109
4499
3776
14963
15608
9899
16260
15880
5858
8881
4245
3728
1124
2154
12040
2679
12271
12419
4151
4951
3568
15348
3178
9376
11969
10543
10675
7691
5745
13800
12088
16278
5200
7360
7924
3133
3676
6810
1372
5668
2171
9841
16065
2855
10910
6823
10708
430
2309
9767
7094
13929
10674
15656
6367
14357
14383
8174
12538
12142
12368
6248
13996
3742
8317
6717
6925
4426
10741
1873
10637
12680
3063
8915
10540
12413
8090
4370
16344
12464
13045
6271
8250
4686
8369
7069
12930
13962
8542
3455
7668
7707
2294
631
10736
11105
724
11483
8276
561
11498
3960
12602
1736
13047
9956
11537
7384
3670
9418
1340
4143
6002
7001
11257
106
4030
13077
4681
484
2026
6145
8338
9728
1942
13062
13165
1530
9624
8531
4399
7448
5454
15924
15971
15950
3352
6716
12826
1521
11079
10900
15063
8757
3304
12095
8700
16003
11900
8331
14952
12489
13053
3169
3013
8301
4682
10983
4156
5090
7187
15019
10367
9302
11030
5592
2642
10650
9960
14698
15243
9397
2328
983
4911
5262
7252
1423
2744
12397
11792
9260
14819
5527
11584
7711
15544
4085
10382
12478
14600
10152
6669
8864
7313
16007
1839
14981
1838
3076
7182
9957
5733
527
4652
13960
3433
11246
11848
1330
1355
4060
1362
6963
9264
955
961
3449
1818
2185
4116
10923
317
15298
15223
9307
5636
15841
11977
11484
6586
15672
9566
6275
3096
9736
10301
1223
15326
3747
2705
10351
5981
12439
10443
8657
10808
11624
482
14898
15391
14231
636
6463
14451
4562
12889
946
11679
14753
12621
14369
7236
12510
6131
11881
4204
15159
1524
8054
6847
12745
6482
3675
10595
1828
12275
6493
4163
9003
6565
16113
14500
15283
5216
5836
11157
9454
4600
9394
13761
3416
9417
3706
4054
2632
6551
10778
6537
2930
4957
16101
10019
5048
2453
9765
1113
8262
5044
7155
14700
33
6650
6391
3300
8071
14236
7190
4250
5587
9069
4646
1621
8584
9516
1060
2616
15007
7404
8186
4791
14991
15986
2794
11383
3663
12872
10477
9996
970
9380
1232
5576
12521
1611
15384
10479
5922
10365
10834
15951
1314
2637
6468
9030
867
13059
13879
11805
967
3046
11260
12569
3478
13656
12877
7998
6359
10148
1442
5869
12360
7240
11390
9063
3924
11794
6373
9290
5064
10065
10060
7268
8921
11814
13889
6
7091
9062
67
15213
4972
8637
1734
14207
1596
8194
6277
8821
9205
4380
3467
10502
1826
2012
13853
5513
14613
9853
4487
10861
16226
8642
4056
11461
323
10807
5417
8136
11490
3421
12816
8967
2737
13469
8165
9539
354
4371
10988
305
13671
6358
7455
12532
12044
5220
16208
15244
4985
9578
1227
12609
11662
16085
14023
7216
7726
9403
16305
372
14247
5739
15464
5351
14579
7779
4819
15739
10385
1692
7074
15698
15117
9878
9064
7298
5119
193
11958
8361
1335
13819
13789
9772
11738
15818
11873
1047
16361
11439
8103
6410
2911
13187
5398
4493
2344
9256
15310
253
8086
11073
2284
11344
1641
10340
3095
5924
2634
15149
5189
10063
2226
10095
3503
7948
13303
12824
4149
1162
14484
4436
3622
3586
12400
14736
14660
3761
14950
10665
10005
14596
10600
10452
4255
8804
7777
15894
3886
11664
16041
13562
13572
10590
3086
11281
16015
11500
14412
6257
13309
2686
15215
5986
12127
4212
13905
6974
10678
11518
758
1901
608
1419
3110
3167
11929
15491
2832
16180
4101
12109
3043
223
731
2921
7902
6316
3204
7917
4272
6554
10963
6019
16149
1387
10898
11286
13398
13526
12145
5073
6662
8840
14014
12710
10782
14016
8076
10307
13099
14090
7467
3655
3271
14734
8662
6171
5583
6179
14911
2148
14632
12034
3936
10403
7183
13311
15692
5393
5502
696
11673
8246
12975
5410
12105
9012
3081
1887
7474
14542
7719
7833
3020
10220
10818
12765
13520
7230
14634
1551
11951
9600
10597
1910
3197
13349
1627
9393
13127
781
154
9387
7702
11261
6556
10343
7134
6044
3901
1128
4924
662
8705
13948
858
528
4989
10445
730
12332
11783
12137
11922
3165
12735
11558
439
3823
11096
11162
4778
5313
10617
10424
10995
11781
2752
5008
2808
6583
11208
3947
10006
1007
15858
15630
4620
11973
549
1473
6372
4545
9136
1005
15553
15907
7932
6654
6552
6375
12425
13632
4889
14878
2285
15111
4356
2287
5365
15358
14561
7085
7764
443
12688
12551
13390
4294
12773
12667
5168
15552
6202
4057
5357
228
5162
2541
14558
1907
12928
3459
15
4552
3438
7141
668
14763
2307
3818
11893
7053
15535
15742
13710
2753
7807
2170
857
4584
1980
9711
13304
5895
14647
7553
15854
9898
4992
4846
13383
8815
2844
5773
12684
6506
914
15042
8314
6949
12062
8965
3558
12656
6880
13419
13322
2095
6617
13205
13128
9831
10029
8659
12075
1707
14171
12364
4932
13749
12404
6009
8968
7649
8519
6388
4467
6658
2982
8728
1474
15285
375
8476
13117
10726
5984
2420
6315
2873
7200
5523
11964
12133
2776
13969
8943
3794
1126
2895
13797
856
2553
7391
6050
6558
8313
16088
10784
14114
1845
7162
13816
11914
8877
13871
1578
388
8139
15322
307
16146
9106
15219
6377
14516
4582
10982
4906
1236
6188
7461
1449
2397
4740
15620
15537
12206
6198
11525
6389
6980
12982
6112
10328
10091
11074
16254
11263
3453
8749
6747
4608
16010
1523
8975
15421
770
1558
16133
3998
1737
621
5997
15611
13841
8855
8966
7178
968
5248
2877
2584
7027
8508
8278
6338
5750
1019
8012
10874
7358
1857
3105
12739
12910
866
14742
13467
14555
3522
13851
5368
562
22
10976
7211
8495
8756
15967
12616
1701
2915
1412
12216
10050
1493
3508
14077
838
5226
6331
3033
12749
6594
9648
7853
6278
6651
2677
654
12043
7794
2628
7420
10170
6898
907
9879
2201
14464
8900
2052
6100
4684
2716
6059
2174
2823
15142
15577
6637
12295
7003
2613
8148
5698
2580
6778
13737
5106
14549
8870
15505
12433
13092
13999
11902
11651
8039
3539
6785
3612
6694
1878
7951
8510
334
6228
14620
9645
12695
16023
5150
7531
6298
14594
5387
4996
12900
7577
7093
2161
3720
7524
5084
3473
14651
2682
16318
11205
5271
13138
9104
4592
9041
15046
7030
757
7378
15936
15383
1082
9214
8624
11827
490
7701
4219
6508
149
5000
12248
4363
9222
11328
7562
5912
5379
6604
2139
4486
9470
3917
7037
14543
1268
12629
7248
15905
16236
330
3911
13016
9029
5187
7238
15956
5264
1246
532
4976
2635
179
5099
13040
9017
363
10594
2396
13914
882
3812
4160
2973
1071
13586
9773
11877
9486
6318
14391
13094
547
9941
13084
506
14384
1984
2068
8121
6309
12170
12185
9142
15870
5737
5287
10914
10223
3611
9534
5312
13842
4469
16100
3156
8226
15853
4622
9917
11374
11430
1742
15347
15609
10348
5974
8366
9592
8743
5809
7017
9336
2188
1052
15191
2519
11672
3816
3716
4459
13573
51
1205
13013
14996
3051
12074
252
579
8257
14064
16177
503
4621
10026
4628
3530
14496
3944
2916
13792
6803
836
7006
2000
2499
7136
2880
2144
12130
6409
1841
16000
9359
933
8504
10585
13055
7256
3090
6267
15669
15315
3934
9965
2208
12625
2473
15443
13091
2824
9087
9157
9437
7457
15293
2166
1570
14216
5288
1512
6984
2970
3961
3445
4290
5282
5976
13580
15576
14134
12496
13706
10748
189
9986
13220
13602
14865
8566
12590
613
5876
433
10938
11733
383
554
4022
14938
9697
10234
9005
9538
7349
5400
840
887
1273
11372
715
11179
1263
15363
128
10442
4928
8016
2969
3211
6935
5772
11348
296
6484
13864
16061
8124
1835
15232
1547
8791
13934
7935
3755
11343
13528
8173
5729
9285
10987
6726
10224
12292
2036
5990
9196
5263
9482
10493
232
8244
2107
8032
5783
5364
8324
1556
9784
700
240
12846
3642
13191
4300
3112
7676
9155
9117
7221
9900
14711
13535
11037
14249
1970
12264
1849
15566
12354
15865
8868
965
5859
4364
11546
12904
1199
15886
6890
7991
353
11240
7885
8636
13808
1422
1978
5918
9659
1620
832
6256
11029
8397
2182
8787
3298
12728
11915
12669
5378
404
10880
6187
8686
12401
4937
11963
15755
13450
15937
3959
15180
6845
10235
198
6437
11296
14699
9147
5043
4193
15745
2485
8980
5015
9644
10671
10980
3545
8669
13103
8072
7443
15829
6609
4773
10881
15054
6117
7212
2402
4835
9149
8424
1801
2524
835
7339
14402
12290
11622
14197
2709
12461
4881
12760
6965
9068
10388
16047
14191
3593
12350
14765
772
2999
13517
4558
570
6251
10316
15710
12042
15093
5787
49
9632
1823
13822
15481
15330
14175
3926
10728
15581
14121
3117
15230
16324
4950
7421
14103
2342
6636
6777
13545
11756
1364
165
12572
972
12723
12160
3514
4899
4191
3224
8021
5139
12967
6197
2984
3430
10752
12305
7979
8523
8203
9953
12857
2297
1569
13608
11775
10262
12208
6577
9973
11768
15450
7789
8102
4036
11454
1161
11903
2270
12179
251
6680
11759
3510
1905
10646
469
15192
8050
7430
15316
8752
5642
13159
15393
11359
2375
1963
7098
10525
2387
9515
14441
14223
3279
1079
11100
6124
5693
12883
10302
7250
10117
3066
15102
14214
9863
8167
9675
3624
14467
8548
10847
11106
15350
10253
3215
192
11335
16304
6854
4518
546
3978
13235
4082
10908
13994
4576
15826
11854
2229
12976
763
2710
14876
15470
9318
5767
11663
10219
6205
7288
14375
12829
16215
5091
4548
12537
8605
1503
12269
3867
9826
16341
6647
10030
14302
9337
63
9617
2159
3888
12475
1780
29
6159
11058
4946
13595
10816
13052
4933
13759
12396
13886
3402
13489
3135
11927
2850
3254
10745
2567
5759
10153
9832
10978
4078
15687
5372
2950
12326
4586
1847
667
5831
2908
5305
2690
5221
1025
8101
7385
6301
2380
5222
10821
7371
2388
12839
14403
13028
12970
5169
2872
7686
5256
1699
12955
10247
10107
5303
7810
2009
3012
8780
7529
2819
10830
1261
13875
3726
270
7968
15632
2740
151
9284
7872
9002
6352
10842
7826
14157
752
16200
199
1341
4848
346
16112
15373
7844
133
9530
5709
12272
5669
9755
11968
4564
13596
8432
708
2389
3092
42
994
13058
4669
4505
2940
9859
7703
3890
3395
534
12276
8544
9664
2812
11741
9915
5865
15979
53
10730
3101
14557
5674
8680
6420
6756
2733
1825
9280
4105
4387
12860
6569
7359
12456
5184
2466
14624
7638
3921
14031
2255
204
15009
7168
5350
2333
7036
3881
11151
12833
15966
7715
7996
10427
1094
5939
11467
12611
3372
12665
10156
10061
6110
6130
1731
15250
2006
6875
7795
5419
11552
1439
5127
3997
3564
1791
567
10528
3242
10238
9207
6973
8588
2150
11714
9573
13818
6613
1454
4308
783
5179
2995
105
15512
5747
14217
2231
15791
7620
10229
765
4344
1575
11295
6808
4960
12477
3657
6994
15017
3049
6028
2636
2463
12580
14164
4794
7891
5293
4034
4388
982
9313
6611
3613
4625
14524
14546
8830
3908
2936
15787
13552
13742
9212
9447
13768
14101
5496
12322
8835
5967
9494
1587
8383
2334
15467
14912
4452
659
4618
16083
10758
9810
6265
1043
16245
13177
161
58
2961
9209
409
14258
3863
4243
15571
5700
3509
2341
8501
14899
11247
6029
3360
7460
13641
10199
5059
12550
15408
14560
12733
6448
9509
11567
16235
10520
417
14657
6488
14306
11671
959
7796
9895
15114
10128
8288
4767
11300
4013
4382
12165
13624
11549
9520
4470
15808
14703
1388
7397
15671
694
2168
9572
7014
319
343
13286
9341
10417
13378
15497
3302
11009
4696
4428
6545
6774
91
8842
3580
13803
9727
10402
14177
10076
16128
3664
15668
77
7000
585
3628
10596
726
5438
12025
70
6840
8838
6523
2662
4042
9586
8872
5207
14364
1781
5902
11986
3764
4368
15074
15911
12125
8070
14008
5175
12868
11207
7009
16203
5689
2031
11477
8123
7081
13631
15307
2346
11790
2218
8926
15248
6037
1002
10074
11085
14666
11859
14330
5914
6677
14986
12015
2657
10964
6323
9306
7210
423
7068
2617
9510
10363
1810
9588
1121
14924
14827
8882
11288
3609
4727
3125
7916
11888
5025
10824
599
14654
1382
14158
4316
680
13930
5482
3606
11659
8755
13376
50
4093
13098
16252
3340
157
9746
1018
9123
10827
9388
5183
14649
4137
901
10704
96
9619
7283
13503
4507
8713
5147
13780
7163
5616
5401
1203
6481
11993
9813
12046
15290
2504
3273
5239
4443
10161
4508
7543
15558
1042
5806
1228
1303
18
8384
6601
12946
8558
3674
15574
9928
8438
6075
12534
3581
2781
7739
976
11935
7490
9057
5940
744
5637
12440
796
15122
4918
10725
460
3805
10604
15027
2862
12047
15691
8280
3285
5218
11791
1640
8480
11815
4159
2952
7456
15932
10175
12559
4484
3601
3570
627
14535
6461
6056
11901
9373
9457
8572
8650
3946
12367
147
2835
339
3190
4808
424
2858
9513
13623
2329
11725
5519
11833
8449
7492
15941
6122
11615
11681
1457
11161
14608
6896
15081
11605
2215
11429
7886
5094
2441
7663
14086
60
2096
9731
12670
10731
1537
7558
3368
9567
15380
8818
14934
12384
3136
7516
8392
11727
4299
10662
5958
7468
4635
4878
15082
8481
13216
8725
2276
3258
13953
555
2983
1229
137
11865
9774
4221
10364
8607
11458
1431
5738
7846
1098
751
11007
10977
2711
10826
2989
12410
1158
7586
14757
12999
15187
4076
5630
12460
3404
10263
11438
13332
10167
8857
4422
7442
1213
8291
6946
911
3388
5441
1882
10869
13093
14269
13172
6501
2272
2019
807
6032
5713
15771
4465
1638
9753
2966
14144
13168
2656
13769
12302
7600
9422
15312
13813
1898
16029
10459
12652
13282
13119
522
3102
8398
11987
15079
3349
9667
8645
12022
4784
11049
5186
15952
88
2639
364
519
9348
9213
11123
2647
1911
563
5801
13320
12806
14881
2303
10629
14167
12686
7747
8990
5866
5466
2422
10429
4749
14474
6976
9473
13340
902
11230
12681
5656
15022
14091
7625
468
14238
3342
8672
556
2685
13144
15357
4662
8626
4703
12202
2509
6614
9776
12121
4110
3011
15766
4165
4153
9347
12851
3995
9806
1081
12677
12573
6683
6360
440
12230
5993
1864
2968
5227
274
11777
1461
1318
13379
1233
8688
10435
603
15975
7564
4411
11375
12387
10506
15633
3643
12530
10526
3813
11334
14926
7946
2859
6723
10474
3232
12490
3623
5290
15198
3041
13483
11409
11534
689
14250
9247
6572
15282
5603
526
15610
1092
7822
15570
11772
382
16340
15930
4084
6494
2117
8029
2914
2121
2409
1937
10642
2470
8959
13609
4796
12207
8115
8033
10410
7662
5697
15267
3896
2713
14874
6217
9190
9838
5170
14715
11955
14003
9189
6503
11332
15471
4921
5046
263
16381
9138
11152
5355
1915
13163
12091
11017
15228
3047
10829
5307
8777
12026
1683
2391
15374
1997
1853
12033
7693
6664
13974
12430
704
2755
6229
16211
3750
13998
13976
10236
5420
9977
7130
10373
7076
14845
10817
8880
9033
1127
3576
6017
9453
7773
9712
1040
3737
4261
7956
1488
2195
2373
3930
13206
13541
10945
3970
8578
11996
8439
14316
2884
6108
8562
15343
8794
823
12902
11370
15782
10399
3541
9121
5671
3876
16123
3080
3292
6741
14132
12586
648
11998
13095
3837
15308
6573
623
11382
10723
6943
9897
4279
5774
1583
973
11189
11522
8092
12092
1717
9368
6649
12200
2539
6223
3525
3596
11985
38
1706
1793
5134
5345
4115
9194
9924
1500
6574
8367
173
12032
13445
3389
3577
14839
8859
2964
3953
14390
10551
5947
12925
16130
6022
13667
15460
3693
10557
671
3089
4589
8217
2175
5176
15923
12394
7201
7565
14189
4598
1247
5577
13745
4764
14853
8634
9053
4874
8373
14844
15531
10922
12627
971
3869
12941
11712
16006
14999
2888
14603
1748
8153
6631
10823
1721
14165
3201
12446
11628
8778
2263
12312
6659
15305
6719
14764
3464
9210
12781
1440
16195
476
15900
8856
11254
9946
6206
6119
1982
10478
5144
8249
14664
4238
10041
15021
1759
7798
7431
8774
12277
1648
2805
14041
13554
13470
6633
159
13233
14812
16313
7125
12646
7903
8064
10971
736
4821
12506
3048
9730
16032
10413
12934
5480
14392
16020
14456
5837
13895
14750
7566
4744
2630
8803
11764
15040
9398
10753
6714
14504
9020
3116
5173
960
14855
13026
7382
759
8894
8820
7780
16051
2295
13441
10353
2360
4904
16097
12338
14203
13968
3216
13872
5503
10137
13829
12353
10281
1023
14810
1824
544
4826
536
8570
14466
869
7172
7781
12445
8243
3719
15118
5041
6261
12086
13820
8463
3740
10209
16170
8302
8472
10136
3817
5825
9126
11540
3276
1964
10491
2518
2211
7399
13031
14248
3572
703
8022
10498
863
12201
11754
6706
14148
1329
2899
11761
8671
14453
7888
13550
9677
16217
4305
1943
6991
14160
2739
9165
6708
7808
11769
11569
11408
15344
4234
15061
14573
12654
1557
4132
5154
12630
2021
2020
9655
7316
7841
6788
11278
8928
14735
10139
7756
1990
10358
6884
12063
6635
1532
10739
5856
1207
14515
15256
15993
2996
9262
5680
233
9858
11489
6073
10544
1391
381
14333
9629
1173
5238
11782
7229
3418
3244
6957
10369
2933
10000
1395
5068
3083
4088
11425
5575
2331
11835
16348
7926
14980
14074
8488
5001
8465
4768
11721
122
5333
13729
2486
9407
14342
5635
15338
12613
6129
227
13893
3715
2061
14290
9994
5432
9656
7761
4867
10833
5832
12140
15896
4365
8834
4109
926
15356
1345
8047
8394
1462
5973
14539
9321
10211
10021
11114
3939
13477
5395
5316
5736
16068
15457
7197
2932
4771
2604
15746
7032
447
1118
14794
6089
5157
13899
13814
8281
2165
459
15525
15135
3336
6842
4688
2842
243
3325
13129
123
6434
9183
11008
13537
14468
12878
4252
3802
8729
8950
6812
543
12641
10767
3860
11807
12316
8006
9451
1133
6244
5349
9372
11140
15506
14200
8674
3659
12673
3256
14315
9431
8038
15776
8631
451
11486
10707
9409
8027
779
14400
13756
5097
7728
4215
2954
8591
16303
2093
1485
16205
4929
11479
10180
2247
5962
4830
14850
10308
12347
399
9077
12104
6094
6940
12743
142
15596
9014
6153
11443
16328
15242
9464
10169
1221
8207
3091
669
12581
1560
16251
12732
318
1589
11588
15108
1495
9474
9914
3636
12418
2133
10836
16213
11869
15759
9239
14349
9127
373
15819
6593
13719
8081
6324
2918
3181
7440
12847
6535
16290
356
15216
13448
7186
2237
3524
13183
7176
5728
4041
747
4025
15260
14107
4798
872
10081
14800
1287
4489
1027
12924
4574
2691
9469
2544
107
3059
13281
12956
6954
2336
10276
3700
13990
4754
5306
16206
2987
1083
9283
14547
16037
6879
6969
6914
7535
6024
4814
10919
10975
945
9620
1728
9912
16107
3724
235
15214
855
13961
11555
14219
14478
7927
4866
564
8785
14499
7070
9934
15397
10759
12084
10593
2839
4301
14689
16019
7911
15963
15580
3982
1482
11941
3109
10160
9176
13169
16379
14591
12908
1384
661
932
15999
9082
15878
7208
16312
1078
14257
7140
15024
11874
8303
2601
2037
3950
2155
5486
9408
6283
530
9273
10794
4050
5782
14882
7792
7845
2028
16106
14894
3146
8748
12535
3374
14007
4910
10952
7184
12987
2383
4319
4713
11111
1480
6431
892
9004
1262
8884
11870
6998
4048
13365
12584
8000
12120
8427
3362
3474
2326
3669
7434
674
3949
16154
7573
8222
2942
7357
12595
10929
9047
12370
7579
6351
14509
6065
12897
3713
6220
3732
10004
2791
10511
5195
1390
10304
4738
9287
13601
13659
9634
2128
4799
12549
10931
12541
1150
6403
5824
11301
7114
34
13775
6695
9323
13837
4544
11726
4730
14685
7270
8415
4927
11164
9536
7774
1544
6442
11938
5362
9120
6796
1667
10788
4298
4714
15792
7982
1154
13540
7829
7534
15817
10164
1359
3359
10418
12187
9135
3393
10271
3269
5374
4712
12931
9815
15600
11947
1020
7518
10134
11098
1976
14421
1509
2421
3752
988
14854
13022
150
4990
3681
16368
3845
12452
16214
14011
14362
367
14507
6458
3111
14437
2599
14959
2660
9741
1008
8446
7494
2062
15420
2064
14225
1243
14251
14138
10507
8168
2592
12172
12195
487
12359
11802
1777
13832
5033
15087
15868
8722
4415
8684
5077
6253
16136
1877
5833
13073
1681
4488
1164
15839
4083
8119
2943
11580
8511
9603
6047
16261
437
2051
11488
6625
13637
11868
8592
14296
7957
5034
776
14242
15522
10188
3661
4525
10237
16196
4531
1475
16285
9612
13389
10589
13567
12867
15071
271
14027
483
3879
12505
4172
5988
5788
15628
6610
14034
12192
4506
8431
13950
5571
7377
7052
5727
11289
13897
2088
12886
12664
8043
6543
14235
7473
2620
5437
15342
3652
16209
889
361
11975
3578
15872
13558
2532
3821
1353
12297
8907
16380
2854
9793
9963
7866
5927
14965
11746
14276
4419
14697
15476
15810
293
8327
5741
234
13411
13924
16147
14929
1747
531
16137
16030
11163
15873
4282
12574
9428
11940
8895
15862
9999
10887
15263
16081
13846
6759
12520
12719
8131
3767
993
12226
13085
13200
4743
9555
10449
4859
4742
4094
2137
11052
7597
3573
2227
10897
9642
15747
6297
11971
2976
4276
14462
5531
15287
4237
12072
7011
7341
614
4332
9715
7346
14702
2406
1226
14113
11216
4823
12420
10193
8295
14399
14645
4031
12801
9699
31
15619
8393
13344
12891
6948
16142
12288
897
14692
9091
11846
9150
7656
741
5563
12138
15809
3425
10542
12355
12421
12423
1155
7688
5423
11944
4089
6510
12147
6619
9184
7459
9643
12017
10774
9523
5913
13850
13418
12231
2627
3707
7624
3259
13762
11952
11857
10042
13883
11909
7690
301
7016
10268
8127
14548
1969
6829
9462
14305
9412
5219
4269
4954
637
10652
12473
5639
11352
8918
12514
9182
221
13111
6514
8762
15099
13167
3621
7766
6115
16330
12274
9904
2254
12763
3615
5829
2429
12263
5822
11897
14955
1192
7530
7631
13887
11251
4026
3858
6919
6109
8247
2787
6013
12890
7327
5485
9146
9080
7840
6953
11957
6328
5554
2459
7508
13739
4687
9533
4839
8789
8382
8381
722
7694
1617
429
6959
10957
89
14454
11040
10159
3571
9981
5555
6607
11125
12239
4905
12437
10331
2803
6693
1088
7284
11516
2931
14964
2687
1767
2063
10108
5688
11797
15678
14440
406
3583
10490
7092
8466
2289
11046
15503
6857
7507
6858
7736
13252
16300
13985
14377
10863
4240
6936
4231
13414
5412
8986
9076
8985
3973
2501
10049
9200
9803
1220
2393
15175
12960
15294
7153
15227
7383
15235
3871
14571
11849
14863
10930
13114
13420
4979
324
541
13658
15309
12447
13036
7051
4450
6467
14245
6291
10337
11948
10937
1652
12265
14949
3768
10553
7275
16339
11215
15623
15981
12344
9488
14212
9545
9531
13132
2286
9467
9056
11405
12525
5053
7608
11313
12708
997
6423
3079
12041
15249
12553
13970
8464
13192
6146
10835
5240
8311
14803
13763
15166
12713
9215
2889
12243
3504
13801
5092
1682
590
6691
10450
15658
14619
12790
4166
14783
14237
13653
8266
209
1360
6343
8555
12927
13585
13495
8284
1275
4135
6282
16234
6542
8159
2707
13933
7570
5888
11648
7708
14033
10233
9669
312
15459
15211
9658
6061
7581
120
3345
6910
5715
9873
12048
15697
12727
9425
12009
8339
13954
14886
12800
4328
3777
6160
5732
4410
2130
16050
7847
13375
6760
11415
10742
6937
14748
15332
3098
13201
13626
14906
2043
2358
2345
11462
5501
8239
9840
8422
1527
3775
3385
9058
4045
11875
11581
11991
7227
14388
418
5717
14513
7464
9952
5060
12813
10839
5853
6310
16053
12568
13683
11711
3145
5545
6990
4197
3685
8658
5808
368
13931
2967
10258
13646
5761
15714
9322
15597
5504
4119
2912
16227
4286
11350
10492
687
4651
211
6063
8149
6682
13370
1646
11197
10792
7253
12978
3351
14147
3159
7762
4692
7505
11180
3641
11039
13771
15139
15112
5191
2667
1478
9309
10669
11417
16145
3560
4795
8738
4259
5389
2327
11223
9788
1253
8238
2894
3318
655
6034
14282
7160
11493
5662
15775
7315
12753
13347
10989
13139
16001
2461
16279
9610
7648
13655
9381
8353
9367
2699
6158
11423
4006
11845
7848
5300
3463
7897
13488
10401
1115
1518
10529
13568
13204
14057
512
2704
3783
5744
2708
9705
9718
10297
9107
15440
4360
6528
3527
1011
566
13158
14574
8118
7643
13995
13993
4473
2190
12176
14505
13065
10522
247
11342
8540
11386
11412
11416
8164
4146
1819
5681
2044
13032
2048
13661
2722
9560
14156
16374
9522
342
3272
5917
2075
14479
12204
12241
13569
11625
11465
11506
2761
30
5653
7890
1505
2281
9521
7855
4205
8068
10772
4032
3633
5659
481
12515
11445
8955
10007
1200
5828
7612
16336
12705
5975
6768
13581
14930
5114
6947
1152
5687
7368
7355
7827
13301
1375
8502
10572
6399
3358
15898
6204
6203
753
1339
380
12623
15194
172
11831
2296
14012
4909
4648
9168
7901
148
8183
5844
12850
10519
11895
2007
4497
14695
2249
13116
5436
14
14686
1300
12136
134
6848
1498
12323
7751
6820
4709
2468
5424
13186
1003
5794
3597
3511
129
13174
10085
15049
8557
12174
10062
2890
12343
3214
702
8733
3647
13313
11091
13751
13260
1515
9850
10341
12766
11629
5884
6883
14111
6889
14581
7044
4569
3164
1085
7899
7742
384
5520
9154
14182
1859
3075
472
6421
1401
4239
6452
13153
7087
5911
5062
9125
15204
13152
10226
1987
8325
984
4864
16167
11117
7619
12375
1074
10825
4678
9922
615
1869
5690
3471
8586
14741
7364
5283
2494
5442
7188
5160
5232
12113
12390
14381
4711
15713
8816
5696
8982
3277
11933
4741
4274
10613
4790
14653
3938
709
7601
311
10878
16124
12940
12361
12929
8430
14025
2071
15488
5470
11795
4642
374
1180
4707
9288
12587
11112
13312
6576
14992
11556
15119
215
5899
7959
6661
10575
597
2546
7154
12944
6385
7150
9519
6952
12948
12448
14062
4597
8760
14873
8939
6622
1696
389
2017
1519
10619
4406
5532
5337
4689
1872
9228
15325
8529
1331
1529
13688
3979
13682
10907
10903
8809
6018
8045
7291
2748
2047
7791
1680
16172
12998
978
13645
15469
12991
2129
12089
5805
16080
12965
15354
15351
3666
9892
15521
54
7960
6325
15565
11851
9158
7552
3380
4195
366
8112
12286
10231
16299
6870
7748
6676
10216
4210
11808
15094
15940
14989
13402
8205
11504
12653
4184
13786
8503
5334
3833
3798
2998
2204
10339
900
4040
10361
10503
12247
3007
11499
103
2157
13480
2694
9066
11284
7515
8335
10960
9448
6515
14477
6446
14037
2985
2102
14327
16132
8235
2558
11876
15278
6397
7609
611
14607
3679
8312
14210
11006
14173
5579
14015
11082
4226
4935
8753
6562
6532
4697
13173
8772
2025
13096
9442
75
9169
3010
12810
12809
7966
6453
15943
12651
5052
3031
15931
13475
12690
13430
2837
15997
9201
9378
2055
6511
8828
13060
13651
13049
5087
6641
5676
8917
7856
13582
393
9235
15903
13189
14443
15252
11297
10221
5867
8315
14679
5510
13977
3245
1087
8410
14618
9877
15386
13869
12116
14595
6218
15154
573
5202
14891
11448
1619
7395
2304
7388
10703
3673
734
739
6186
11595
14787
10790
11661
6908
11432
4023
13791
9646
9690
14559
12150
1188
5358
9666
9674
6660
14320
2094
9744
1914
2097
13421
13227
6744
6185
2875
9985
15096
7874
5427
1045
7582
617
7636
5816
8455
8066
336
2980
5435
4391
13826
14928
8866
2754
3073
1430
13284
8664
11724
9907
11129
13514
12143
5352
5956
7950
15509
5377
10805
15935
6136
3488
3781
8573
14346
3376
8017
3796
7485
5892
10395
15980
14283
1951
10555
10561
10666
1157
11108
8937
913
2712
1766
441
14877
5079
711
12913
3688
11529
289
6663
4888
13757
5582
14397
6873
15982
15010
12841
5440
12283
12280
16309
3006
13366
16109
12352
15157
7884
2178
7224
6775
14489
7626
10925
12342
937
13217
13109
9989
4873
10033
10057
5153
7632
3121
15318
6369
15402
2049
2433
9819
9382
9833
7825
16364
5800
3529
809
16216
13610
5451
11918
15784
9507
13553
13499
1918
12639
10850
16371
11097
7913
15207
3448
13197
5640
6237
1755
13966
15447
4353
11841
11077
10147
10182
24
4829
520
14043
15388
3843
10716
3124
16308
11586
1134
8865
6553
8897
6913
4389
5323
3314
13462
1705
3844
12163
8552
9303
5863
11061
12035
8500
16269
5098
11643
1053
15174
11609
9237
11527
5100
2091
7945
803
6356
12434
1301
12759
11542
13437
3532
1186
1520
15504
10124
6692
6252
8565
2167
15949
6192
11570
12657
10273
11210
8052
8019
9000
11742
8120
14583
14875
16038
1955
4202
2738
13394
4919
12916
5882
3948
11326
16247
13730
15767
1248
10008
3396
3321
9046
8569
8537
12858
5276
2655
15246
10387
6038
5171
2726
8108
5016
14052
7953
12008
7194
14943
5280
7799
4158
13250
11917
5588
13603
4342
3383
10222
4559
119
15320
3384
8878
5612
5469
7559
8215
9145
1320
6455
7402
216
15490
7465
7350
11290
15381
8385
5954
13516
6580
8046
9893
10461
14135
5580
3129
4130
15487
11459
13724
874
8440
2431
7481
697
7517
16382
12825
1032
4710
6540
4000
12661
10954
11760
6417
13315
820
3689
15909
2684
15479
11649
2569
15424
9195
3140
1725
8199
3687
12386
13699
12459
9045
12957
11183
10563
2152
8229
5798
9684
2056
16297
13429
16333
1502
1548
12511
12859
6025
15110
15023
786
3751
3266
6045
3603
15953
6058
182
415
2205
6288
14485
6567
9167
2735
2789
6085
16354
9073
2886
15683
3620
6163
9490
5002
5111
3486
11568
14514
5862
13148
1195
12542
16298
2763
1394
6739
9227
5135
9035
11021
5446
13409
12722
620
14267
186
13838
3639
4588
10003
3021
8486
8349
3394
6396
868
1086
12101
7477
2106
14622
1168
7544
8655
1935
1165
5790
10451
1282
6048
13867
13195
8683
9616
9559
12702
8371
15124
14448
638
8496
14209
1949
15650
7294
1608
8914
4915
11800
2427
2138
12039
162
10940
12407
4017
7237
10738
11279
11337
9217
9820
13598
11853
12548
11088
6836
6326
9867
9979
15801
10419
16183
3500
2032
4724
8459
8156
15777
645
5565
15064
4369
6474
7419
16321
65
14954
1402
14297
7645
2005
15707
9630
2413
11740
1700
16210
12168
8844
16263
9846
340
10436
3085
10086
6477
5564
7635
7392
13574
11623
3061
7993
15918
11349
6105
2779
9749
3241
4103
2666
5152
14916
1125
13273
12087
13788
7958
8272
2306
9743
16025
5763
8105
6466
9568
16092
13512
12570
2526
1770
4596
8761
11323
7831
12164
7179
3227
3658
11280
11303
13367
5028
6589
5734
9621
7622
6702
15722
4704
4118
6791
9224
16355
2654
15134
12794
3654
14281
774
7922
16169
8945
2177
4661
6304
15864
7511
109
12798
13834
10516
1037
8617
4186
5297
1302
14678
5450
16021
6480
12011
9949
13063
10771
9526
3132
4295
9095
9623
4561
2001
4019
7989
14084
7400
14534
10314
14739
6939
13533
3557
11025
1871
8441
10815
9925
4449
633
15530
8651
10100
12953
13630
5012
11259
15665
4758
4739
1156
3952
1844
6807
12082
8400
6393
10305
6878
15276
2663
15355
8155
11276
12863
3087
21
4263
11413
6471
7403
14730
11144
421
7700
11469
9932
14833
16274
11545
13663
15163
14684
15626
2611
6519
4977
12662
13716
5010
4051
16204
12106
12803
387
1309
15820
7753
11850
3323
3990
15025
8240
1405
2814
1673
1874
10810
12094
14646
4995
3677
11369
12697
5291
4126
9180
9825
5535
6733
1327
13862
4394
1566
8538
6678
6247
9357
3397
11574
11245
15361
2319
3753
2714
9797
13372
7797
6846
6189
2082
684
14024
11751
3482
12256
7007
9714
1715
9426
14966
3213
8863
11248
10722
771
12222
11606
14674
8162
4485
12428
2919
2385
8848
15602
15910
10141
13154
9508
10740
333
12561
7887
10531
9485
321
977
14386
4803
493
8245
15201
10217
11195
5081
13041
14908
2547
12066
7824
9920
15786
12565
9579
5019
11838
13066
7981
13907
7255
1952
5172
14317
16079
1947
2040
13704
3526
14687
15803
10414
13957
8549
12837
15572
14439
11087
8210
13447
9894
11400
7480
15493
593
3825
8490
11593
7322
9983
4521
14982
11362
12341
948
15926
12178
8875
12219
9050
2260
5004
6616
5959
14145
9413
9883
9199
14606
14872
2818
13343
4475
11557
10628
4007
8694
6313
14824
11821
14667
6852
15143
16044
3985
11442
6720
12647
9775
15473
347
7952
2513
6674
6859
2225
5811
5799
5904
4273
13291
11924
4314
1216
8406
3209
7752
12383
7285
1046
9100
1348
10468
14378
4339
13915
833
14946
4759
8365
10624
9216
14444
15666
12081
14476
45
12432
13804
8853
15474
9414
3729
10031
13457
6698
3284
3709
12624
5609
9292
6841
15226
1792
9027
4623
6368
7045
3187
1366
6276
10550
11018
284
13920
1991
6496
5011
4939
8847
6023
5585
8551
14665
13254
1602
11013
4877
4447
15496
5214
15857
6675
10416
14694
1174
3569
6432
12027
13407
11153
13946
7278
6986
11594
12818
11063
12306
5121
15052
9635
1513
10811
7883
7454
5497
9166
10326
3822
13639
10632
13874
14222
12543
6292
11434
4021
1201
13238
9615
15789
7949
8471
3250
15785
14851
12887
3194
9405
12487
1012
11441
695
10770
12173
9296
10822
7164
2549
7089
14085
104
11209
7055
5567
4438
8653
13070
12293
9204
822
2465
11591
9356
15815
13325
15020
8622
15419
5509
5518
15200
12415
14696
13081
7923
3566
3222
14408
9230
5543
6201
5834
280
11635
12053
4575
13943
5289
3791
14099
16098
16337
12658
10576
12194
14054
9248
1295
15186
9808
5849
9477
79
12898
15838
16160
13910
7540
6241
8268
3884
16291
6390
15301
7603
2384
1895
784
14130
13689
11767
13817
1603
11095
9752
15173
3077
12278
1614
13296
6964
9673
4139
6211
68
463
10797
6472
14859
5493
8969
4174
6871
13936
7882
7177
10603
1368
1410
12262
3134
6690
6266
4931
10242
5231
14194
1866
8300
793
5322
9609
12592
6710
1626
612
4081
6340
14968
12699
2920
5284
1956
14463
14870
10277
3330
5789
12159
11583
15303
14051
7776
4649
16281
4533
14760
15098
7783
2476
10043
10769
13638
13106
15813
10714
1580
205
10783
3731
16185
6286
10661
12994
11270
3082
7491
713
4903
1697
8704
10406
14298
7629
11306
9365
12912
13035
7158
5814
6284
1455
908
12603
11426
15515
4516
14806
10858
4982
10607
5848
508
249
9974
3264
10201
7870
2089
9070
1689
14668
5325
14550
1540
13926
12471
12336
4326
1573
9625
10434
4896
5756
2505
2581
13380
16017
4580
10602
16224
10837
2758
1615
12458
4573
7519
1101
3725
5938
13618
4451
15059
587
12378
11871
6074
5203
8954
14482
6233
11293
2418
2971
1160
7264
11860
7321
3757
5932
13113
14502
12193
10509
7396
9093
5464
8425
2876
6489
6713
15292
9589
10372
7697
16058
9338
11325
11048
69
6735
517
2902
2410
8350
13793
3497
4583
6097
10732
6259
2698
14832
5021
10848
3627
5942
9851
10257
9423
1660
11680
15547
5340
5039
5890
2649
12643
3653
16063
6730
9890
1716
2822
1182
9103
6985
4111
14401
15409
10218
15961
10902
7802
7665
815
2022
41
10119
4232
10118
12804
12175
12761
14095
0
5416
7239
920
5941
4284
7447
218
1235
1662
3745
15340
860
15183
2474
7108
7064
4249
6904
453
15375
13821
4182
14956
7679
9735
12273
11536
3022
5471
6314
9719
9570
13964
14259
15359
5009
11839
13510
5324
16139
10145
3379
13543
8137
3667
6598
12483
14902
1056
11120
6161
4266
1535
992
13228
9108
14458
5327
2216
11421
10433
2645
12497
2939
15352
12524
8368
11943
114
2565
16060
9052
1389
12906
170
4222
10264
7432
15934
6894
12663
9131
12817
5277
794
9704
3909
8228
8606
5369
4994
4520
5714
9493
4429
2273
11632
5198
3311
2702
9276
15583
2394
8095
11364
11045
7646
10267
14314
1028
15843
14218
7041
4633
3003
3900
6498
9088
4464
5252
8666
9151
2651
15058
2625
12426
14068
16121
4220
11644
1542
1310
13397
2693
2606
11896
10338
7374
7472
7571
2370
259
4634
10010
10873
10383
8908
1271
9679
11530
10866
1479
9297
14310
7859
10488
3450
304
10667
3044
15516
8458
15562
935
8964
6426
268
2100
13141
873
7335
7806
4075
9244
9263
4309
12797
2322
4079
15988
14162
7878
15047
10888
15444
764
2934
8912
2317
15575
10018
16013
11468
15927
1902
6005
2
13048
7962
15068
4235
4519
10780
2597
3754
4732
625
6591
11509
4840
14801
10735
14460
5677
4167
7286
229
13502
16329
1829
9800
13916
8935
11931
7084
16257
10944
9221
7050
7522
10687
2945
8851
6374
14354
11548
14227
15080
13693
6010
4293
3466
16331
15492
12073
8604
8114
6539
3743
7994
5112
4695
12282
7446
6379
335
6931
12971
12583
16057
8062
2280
3551
4176
7758
1644
5065
12963
1358
7199
1274
3635
4607
4604
491
6989
13711
6355
4719
4228
9269
11826
9252
15994
27
9028
11642
1184
11307
12660
9043
10831
1656
15495
2423
2773
14821
4417
16002
1024
8283
13046
2407
529
11340
13486
9445
8721
1107
6180
14522
1230
1163
6319
2619
9844
7066
8356
11715
14708
3544
12720
1531
7251
14079
11936
5359
92
7057
73
13622
11258
2907
10093
841
2321
5818
1981
11553
10966
11392
10524
16014
8930
14927
15756
2957
15193
3848
9552
11612
13947
14198
8796
10286
4962
13938
2731
4787
3293
9959
2514
4792
6787
5999
2480
13628
4066
1769
250
12213
15704
15181
2217
2180
3115
12365
4321
1605
6447
11076
10225
1506
5136
14888
10092
8805
10284
7147
6429
4566
8378
13576
924
12594
6933
13579
13171
11616
15238
14288
1545
5443
62
1657
1669
15129
6877
1582
2588
9500
4324
16086
10171
13732
1281
6732
15317
13107
6783
14066
5907
13616
2856
15629
15542
15625
3826
4912
7604
9585
10905
15120
4260
15084
8452
12853
11564
1572
1277
12852
7590
5730
13881
3238
1831
3175
10155
1643
8507
5980
4024
1337
9921
1426
7593
262
2041
910
3834
4358
14344
14551
1361
12979
10467
10872
8234
3429
12631
15462
225
15912
4408
14359
11447
1805
11226
12689
12882
9006
9346
7146
5331
553
1049
13744
8687
14939
10090
14984
3458
1166
139
15569
4233
8811
84
1993
15796
8989
11150
10189
6950
11620
10699
16126
1693
11734
9860
2142
11982
7812
912
10252
13267
8577
4480
14527
2623
14026
5089
16250
9429
15346
4789
8920
7048
379
13491
11723
1183
9353
76
11592
15202
12481
9404
10813
5607
8833
7289
8031
13446
2697
1821
12744
1369
7862
13612
16186
9889
1533
2131
12402
4008
6793
13828
3335
8958
14373
11496
5647
2408
14789
15237
9022
4421
5614
12668
9316
15955
10679
8898
11022
6752
13810
2602
15224
5038
9887
14529
1350
15618
10950
6978
9937
6120
1014
5544
2568
7097
14578
10347
6015
1383
1181
11785
4856
14009
4718
14168
248
11397
11842
13593
6605
8007
2248
8638
5146
9308
303
5839
6819
16076
7379
8399
8933
13244
2242
14436
10913
6219
12638
11732
5707
5652
7877
9504
2515
12220
13485
1123
788
9018
14163
9161
3778
5074
3984
5971
5047
1332
975
6451
10611
10620
5629
8498
11010
5785
4287
3501
1785
15413
9086
3196
1577
3608
6587
3316
6821
7015
6917
13352
14846
5338
1377
13004
7363
8145
12135
12731
4192
10724
6893
4445
3800
14656
8470
9936
9927
7999
12626
10456
7820
13268
2795
5063
12289
9652
16202
11908
644
3758
15682
14784
3708
3592
8730
9188
4253
2981
9571
6944
8994
11036
15377
8718
156
2540
2586
7630
652
14434
11450
5
6522
14820
5515
15616
5468
3898
2587
13348
12771
11704
7083
660
12879
7863
4641
16164
11113
208
15764
1238
12775
9011
3648
5101
15711
15001
2268
2243
7769
13790
10071
57
14566
7836
4402
4311
4468
2665
4104
4141
12995
12345
870
737
2010
8585
13336
13097
6366
3055
7607
14540
16042
2811
15741
14322
16074
4556
12205
12268
5664
9789
11393
10970
6646
8388
13694
86
10138
15557
1100
11541
8615
13890
6995
4046
4183
9726
2621
2122
10146
12309
3931
8489
940
12985
10961
3071
5655
15306
11221
5838
1735
1464
11577
5360
2723
9834
160
7683
2271
3289
4947
13219
15410
6239
11708
548
3694
15615
315
8812
1876
1645
9848
2359
13959
12242
13852
15543
3327
11748
16349
8574
10
6254
7804
6891
6378
2528
3637
15984
2771
4096
7034
16127
4554
10962
1242
7453
15685
7231
12016
15057
9809
14097
15138
806
14609
8599
3070
12258
729
12811
7687
64
16189
13702
14358
2162
3799
13532
8988
8963
11920
525
12556
10757
6262
2259
2111
11621
10884
4251
7670
2003
11995
15160
11137
14630
1110
10969
15670
14291
13703
4777
2840
4396
15832
46
2826
14795
15299
8177
2456
6491
10184
1504
9547
8715
13075
14828
4674
580
12676
1795
14040
5969
14639
7429
14312
9198
6967
12330
1622
10255
14755
494
5908
4018
14228
12827
16375
11320
14503
5596
6837
9794
7615
15101
13413
8987
14206
2479
3717
14614
10185
8256
14925
9593
10475
3078
5390
6334
5724
7868
11604
15239
16255
2192
13101
10546
12103
6139
12181
13147
14154
3941
12298
9724
3009
6784
13009
7161
12499
14961
3027
9427
1880
11906
953
9173
15664
15113
7334
2448
3951
7317
15662
5657
10084
5031
14264
8091
7680
13279
13563
3594
1899
2533
6222
446
2146
2535
1137
15151
11329
12023
16166
12057
8219
3173
3873
6731
6955
5819
3437
8876
15295
15598
3275
14150
15109
14706
9720
7318
15996
2867
8717
13140
1004
4987
9695
3870
11190
7938
15483
10315
15070
12503
10143
8819
9529
2701
14553
7849
3228
12167
4427
11784
6086
3150
11396
10163
11600
14060
10370
10070
2881
6092
7075
13455
8096
13809
11121
1436
4595
6042
11055
13722
13547
16267
8117
5093
12875
6342
14896
10899
12457
7823
5855
124
16056
7653
12463
432
5020
4807
11930
4898
13927
5266
742
15875
14675
6798
4442
13796
5948
1629
9468
12986
8273
13415
5925
4416
4550
5650
5995
11186
10270
5618
11176
7894
14672
11285
12014
12183
1171
1722
2527
7760
13202
13275
10927
5281
927
16156
15013
9653
9325
10820
9901
848
4004
9524
12462
14070
2367
11243
15156
9350
13709
12610
11170
663
9880
9129
1637
2042
6734
10690
8254
9272
725
15032
16115
9948
16171
14658
11507
15674
14329
11159
15863
15313
1685
3424
6826
10214
11630
16103
3584
5691
7523
6243
9557
6134
7415
4672
12805
11321
15281
6438
3461
9535
2302
10746
10249
11820
9377
7078
6833
4258
8597
7673
6336
1013
8483
15718
1571
947
2355
8788
12909
3166
6897
13508
14910
1992
12255
9790
11282
14361
9678
15176
3846
13770
13327
6665
6912
3093
12961
5229
7613
1896
2956
11184
11735
4338
15732
5298
4106
2559
10527
14230
5950
3625
4065
9517
4658
6822
11502
6405
1927
9822
1710
12923
1658
299
8255
1334
10972
6521
8766
9868
8443
6084
1178
1776
5894
2797
4446
8992
16289
15635
7131
4207
13010
7743
989
1690
1435
8308
3220
15051
14112
9026
11669
10333
15945
3718
1977
11544
16
9257
6797
2136
11689
1903
14159
11883
4776
13983
9975
15929
9406
1933
8509
2978
8505
2086
3771
1762
2874
2775
8309
2502
6435
3600
14155
14804
3460
14677
4063
749
15275
8417
4535
8104
11273
9460
9958
9315
1286
8261
1670
3872
8
497
15247
9827
2140
10447
12685
16040
4755
1996
8806
8720
3155
13766
1555
756
15725
8719
13176
16334
3711
8060
16162
3698
1631
6273
10541
14582
14884
3354
3262
7110
14978
1609
13952
4247
9119
9362
11034
15454
7500
9440
3434
8499
11403
14831
11587
238
12132
3377
13487
8691
15634
5042
10179
6071
15716
1782
8647
3068
10350
4820
2472
5685
15773
10947
9729
10614
9139
15735
1346
5758
5679
1075
11171
2741
14722
2173
16327
3200
12786
4047
5725
4099
15000
7987
7353
7506
12055
10058
1784
15701
1429
3188
10484
9856
5061
13513
1649
12577
7314
14640
5185
13030
2764
14575
13162
3004
15280
15814
12678
152
2158
14368
5426
13400
3291
1908
13692
4097
8518
13918
3405
6169
11478
9271
10904
6981
15221
9631
4154
9268
5868
7222
10444
10248
258
9961
11167
2825
13721
498
8792
7214
3838
10864
6293
81
13546
12945
7967
8526
4095
1260
16280
15100
2115
875
5840
15606
3841
3267
1380
6972
941
13179
10318
9564
4715
5743
11728
1774
13293
6449
15624
4852
6212
518
4923
11371
7671
4375
11437
11404
9792
7767
13594
11428
7627
15914
10032
8554
2510
7416
6485
2404
1522
4502
11503
6634
5444
12823
7342
2110
2378
4694
16099
5206
8892
167
9317
11695
575
9021
16277
12060
1284
15866
14179
9036
14337
15715
10205
3536
6666
1417
4409
8996
6150
4345
5784
12472
2240
14294
13051
6274
5813
13057
11198
1858
6001
13328
1862
8035
10562
10278
4362
4610
9614
13222
11128
12279
7232
11291
9137
10265
8460
12513
11185
14871
11107
8374
15404
11990
10241
1084
11608
16369
8320
11937
5992
3988
4275
4112
10799
7195
3853
4392
4644
14915
13188
8913
782
7338
904
14339
10959
5478
805
12111
10569
3672
8579
10643
12874
4169
7880
10721
5403
13239
1496
15078
2491
6773
10645
5181
6529
11062
6918
13182
9649
260
6333
8768
351
728
9105
3792
14506
2183
1559
9400
1425
9701
6824
7062
9799
11019
15758
4944
5339
171
15578
3056
14768
14473
16275
6011
2337
2866
9886
12531
4955
11720
15852
2838
6705
6118
7489
1299
331
2265
1159
11110
7759
2552
13614
3582
12333
6715
5110
3714
15366
9951
7408
6758
8201
7103
2352
2101
720
3722
11414
9966
10832
1806
6861
8193
3261
8632
12842
1420
3864
12554
1517
10787
11191
3263
11451
13613
12149
477
14409
10040
7533
3656
14705
1104
7664
8693
12488
12812
12746
9923
5022
1217
9597
8706
11959
9081
10691
15922
16230
16314
5926
2414
15800
2120
12821
6057
3226
9430
1719
9349
1601
5598
2368
10261
2046
1563
11470
13575
14196
6642
12115
12984
9364
10162
582
8322
11460
11799
1471
12450
13130
7906
11222
10112
8993
11667
8545
11475
3780
2801
2846
16244
2929
8093
11047
6382
12881
8852
7165
4014
5683
11032
7157
14680
12
8491
1994
4845
10059
9967
8208
3435
3457
9065
4476
11984
3287
16271
13410
14152
10658
10105
14900
6404
14737
4617
7257
4472
4407
16294
2222
7290
10320
9721
10943
1836
9334
8126
7907
11136
7650
14142
6597
5898
4981
13069
777
1367
16027
5557
4782
831
11607
5247
1671
9685
846
9472
8407
7580
5174
3274
11647
2462
13992
11401
6317
7311
2734
13779
2861
9116
1151
13334
4611
16054
2366
7369
2883
2503
12020
4302
16221
7591
14472
568
407
12070
12474
13746
3854
1786
929
1960
1772
12182
14709
9935
2382
9241
7072
5556
1487
9818
5560
6346
16256
10754
14360
5105
8576
4355
7583
6769
2777
3981
15259
11508
7320
1607
592
10828
10693
3028
13921
14663
13560
13
14611
8524
8598
10698
9970
3808
7652
6214
10635
7233
16351
242
13471
5213
2786
6975
13839
9023
4834
4271
3365
14239
1661
11236
7526
15083
6473
3446
8073
13892
1306
4478
4813
10396
15844
7895
5215
9152
7436
9455
9456
11308
13784
10804
15296
14180
878
15199
6560
4958
3097
13064
3182
8849
3234
3770
1954
13018
6673
3980
8111
5036
3337
7871
11173
2412
14038
13515
15770
5445
14116
1009
10686
5770
4838
4560
5448
6242
3969
11665
2806
13280
4862
12169
15520
2350
11638
2833
7548
10239
3122
10052
3361
9281
1096
6606
3297
12223
7610
9627
12564
3868
314
6036
8078
1778
8187
6183
8603
4043
11886
5498
8358
6755
14395
13029
8711
6414
12666
15229
8802
14265
9747
12376
2721
7029
8419
12545
716
1070
434
4001
3680
4067
9676
9739
12892
9054
13454
15434
16091
4698
7040
825
9174
13034
9298
14541
2751
7344
7928
11274
3696
11913
8814
3052
1816
10608
12648
7538
2203
3171
9583
14923
12211
5934
8953
1741
8169
5143
3945
395
13242
5343
5499
7741
1224
11744
9496
7986
2308
14979
7757
812
10013
11501
8783
10994
8962
3283
12907
2372
4145
11926
237
3865
8109
15651
8736
14082
7551
2241
4
12714
8042
15446
8085
14169
4350
7235
15415
9206
352
12742
9542
13358
12694
1434
1147
4322
10710
995
2264
7302
792
13672
3891
9329
2790
5703
9048
4127
14903
12491
1811
4071
15899
3333
5665
8237
1961
4064
5070
11026
14301
13403
5755
5566
1324
452
222
6743
4948
1586
4892
10104
15209
9203
13944
5553
1920
8663
11115
3678
919
11275
16363
2749
16228
1995
6825
3605
3154
5255
2614
5505
8750
1758
13497
1746
10001
2988
15968
4171
2906
14308
269
6173
11856
828
15885
15846
6945
6102
11304
4842
4885
9360
1196
5586
8527
10106
14450
8843
5827
6128
1001
15126
10570
3684
10935
12238
16283
3914
5542
3495
14572
11255
4908
10920
15730
7692
10668
11858
2668
7875
7771
15269
1000
4490
6080
3357
14967
9444
1225
6021
10437
3723
12203
1919
1321
14713
4218
13353
4090
101
7276
8485
10246
3369
15427
15921
5889
4831
1403
8306
3225
2113
5705
9563
767
13565
542
13524
14000
3439
6579
15874
14039
3172
13037
15136
15790
13074
5455
6096
9969
4077
6371
1510
8973
11729
4178
15353
1015
8130
15663
15840
6443
9074
8902
10157
7536
5996
8357
8423
558
13178
2325
11376
369
5723
15513
5508
5873
16378
4138
10398
5537
13145
14860
5294
13265
2187
8556
6077
15103
11949
14125
2650
7532
8781
11056
10534
3736
12516
12454
8773
16052
14842
3671
7405
7510
15888
7143
7116
8421
8067
7367
1066
7299
5891
15385
4405
3748
8354
9042
7343
12134
1842
2641
9476
1441
4114
13753
7569
2579
7647
10751
16295
1497
3454
11613
13175
5874
4998
6070
7594
2590
8516
15039
3779
10627
9737
664
12785
12158
3465
8957
4230
7193
5569
3619
14471
9078
5014
1958
37
5278
3444
8142
4716
13086
5673
10717
10912
1058
6999
5479
745
5507
9295
16288
5900
9561
16239
14957
5764
12317
3440
3290
1600
2778
4837
12166
1021
7734
5131
10955
6644
2338
2511
13708
5562
12056
3198
13888
7411
10996
6031
4437
11610
5394
1139
13735
11420
501
11277
15004
14673
4330
13591
4074
15328
6152
11001
16184
11928
6308
8297
13479
2438
12608
8150
398
9016
1501
7304
1026
3933
13387
5978
12862
8271
12455
15376
3922
4959
761
3810
4037
5906
5296
14293
3553
12097
4058
15703
2817
14759
2885
13294
6629
1257
1585
719
9379
9251
2745
2820
13848
6547
1219
13149
13696
13208
4668
5549
7768
594
99
3005
1153
14669
13858
10135
3809
1438
3230
16366
5667
8346
2571
13697
6167
6193
7337
632
9733
15514
10310
8678
8200
15400
7297
2955
2478
8475
359
11431
4500
15652
14564
3017
9114
5007
8184
6851
15533
11561
7124
14318
10696
2909
13297
11614
2244
9075
8497
8919
3735
7444
7351
15561
15072
7258
1466
10120
3913
11174
6476
14425
12865
2700
14554
2681
9725
9692
11912
6440
10599
9968
12575
9293
6729
2807
13134
2829
6099
8061
15016
6341
15871
302
9148
14563
10393
456
1069
2460
8482
6623
327
10760
8608
4035
795
3294
15884
5402
6413
11601
12335
5861
10344
13894
11788
7308
14772
15169
11482
4456
981
3512
8613
14092
13428
4425
3820
5113
5275
183
10432
3815
15029
1827
12696
9487
11011
8998
5870
3278
425
1672
6140
5116
14893
15729
11253
6066
12782
10309
10803
16049
9499
12495
4863
10798
3957
9128
10411
337
8612
4477
13863
13054
7931
717
2184
8089
499
3935
15850
4964
4578
2487
8520
13302
10636
881
14255
14584
545
3521
10494
3893
5267
1815
3847
3432
10412
8676
6672
9762
4708
12601
9179
10064
3202
4735
1750
15877
6886
5353
577
4720
9008
14226
5128
5409
13257
12500
10200
12339
306
4454
6260
12431
3878
14371
7496
9175
2678
9044
5253
9458
6156
3282
13078
10206
1450
5137
12467
15728
13124
951
5897
1812
14758
13939
949
3477
8135
6495
7667
10080
1447
646
10012
15612
12068
6588
11433
13811
13981
9596
12831
2070
8931
6353
12502
10660
2362
2852
13669
5961
14864
13649
13444
2506
8896
6106
3153
8901
1197
8924
10046
4528
15472
7329
2320
2008
4537
12191
11685
2672
3143
4264
7675
8981
7784
1663
5792
13463
6376
1064
4894
6772
13330
7228
2582
6299
2236
8799
1720
11633
7310
6559
13748
6400
8323
12492
11092
773
8332
11867
11818
12177
6615
4893
2250
11381
16231
7588
11175
12784
4868
13662
15389
2937
11495
12123
9208
14538
2258
7122
78
6285
112
7786
6816
4920
5371
11538
15842
7818
5237
14798
14797
7904
4361
1210
3875
13213
3874
8841
8822
7380
6483
6456
11884
10789
3695
111
8420
5321
10855
8635
3784
8956
10462
16125
5620
15008
12964
5272
5989
2591
10762
5241
707
8580
10279
14805
4070
11731
66
2059
14718
1296
4683
25
5354
7169
14729
13635
15038
14914
5775
5731
15750
4310
4209
5495
14394
6802
9511
12325
12729
10547
11634
12493
15236
12155
9650
4354
12362
6081
1664
6686
1888
8703
12682
3403
11379
10926
3523
14808
750
1169
3120
15768
15738
15510
12393
15519
4815
15965
390
2363
11147
8279
15337
1131
14652
10656
4653
2199
13108
15702
14817
2314
15245
4403
2730
6026
10056
917
4087
7018
2109
14470
14732
14341
13979
9354
10733
5695
9565
16070
6997
11148
5686
6922
16225
2039
8375
5979
9988
15286
12884
1245
255
6592
6141
922
6054
8800
13226
13824
8547
15411
14002
7386
5850
14004
14769
9300
12071
14480
14744
15549
13224
14880
2891
1751
3533
11118
2965
8708
7002
14975
14343
12196
3157
1632
9590
6306
14969
9661
11804
12098
10037
7617
8679
3229
15795
1897
6679
12724
8984
10123
7095
14623
2922
13142
11155
8172
7061
6699
3456
714
2050
3447
3415
1304
1687
10965
16131
5722
196
14254
6645
4248
4327
6843
15675
13460
957
11641
8082
16319
14022
12214
1507
180
14426
15418
9750
8974
10487
14780
15161
13654
8532
10471
365
5376
10438
188
16197
768
14393
7809
457
12788
15555
4786
10068
14398
7269
9595
13752
11942
12340
4875
7241
13778
12000
6014
7102
13125
14256
11887
12593
7426
3106
13527
4836
12659
1344
9843
15170
1411
8854
3814
5051
11075
8333
11005
5842
11199
8138
15527
16332
4934
16207
3053
10949
13408
6932
7043
12018
14948
15257
7563
12260
7305
7325
12619
3381
6166
11520
8041
15456
6770
15445
8225
8517
15649
3401
2507
5965
10512
14422
10133
2361
14013
5530
2772
15277
15284
3422
9798
938
8685
2496
11646
8340
5896
9375
313
1694
4002
3644
3319
7107
13426
710
16077
12814
3971
2080
3320
4423
13135
4331
6470
13629
1276
6818
12227
16009
8701
4781
8292
11576
15573
5675
13146
1894
13237
9439
1684
10174
12768
15477
12983
11494
6920
14905
7975
6960
10580
2574
5791
11526
6895
3682
13845
2467
9465
15541
2743
14143
6725
5812
6302
797
6722
6416
10332
7830
10773
1860
2570
6116
6398
8692
1283
5335
12443
5719
2993
320
2220
13773
15676
6561
416
14592
1114
13105
2688
5149
13911
13001
3400
11130
12683
1550
10392
13600
13262
184
12100
6868
10885
9717
14972
8763
12080
9605
3281
15150
13481
12144
4140
316
5006
6454
7705
4693
8223
6571
5076
7112
2719
8180
14133
13795
11983
3932
3996
10504
15056
4532
11758
14427
9641
801
13831
2104
9569
6618
13203
14835
16111
8616
8867
15540
10673
1065
135
8147
12180
10151
4643
10720
6527
5270
12840
16320
2076
10549
3452
12107
13452
8195
1363
10737
2834
10121
11674
4052
1576
7488
7280
5361
3113
9639
4991
5188
12596
12501
5161
9424
11057
11084
11126
7681
10533
14127
6696
15165
13664
16237
7151
4609
15655
16004
11705
7267
3103
8014
16073
14065
3118
9601
4965
14517
15647
12693
11889
14073
462
14433
15807
12031
1193
5593
10111
4941
3366
6983
3152
1072
6182
12077
6977
12764
11892
1445
6194
5182
13500
13218
15466
4510
987
9236
11142
9178
723
13361
3649
11356
10634
11004
