14385
16281
14948
14380
14200
7864
2781
10844
4348
7384
2804
10455
1603
7745
6181
12183
3239
11385
16206
15336
4806
13189
9935
13487
12306
8008
8377
643
12101
14738
2466
14016
14759
7446
3097
4406
13604
9392
16172
4283
15202
2554
554
2011
5574
110
7019
14286
14000
7530
10246
49
12844
7357
8388
6323
5410
12618
12470
1902
16307
13198
6282
12317
10487
4822
3179
1512
5270
8394
10678
467
1470
476
6867
12129
10794
12134
4259
6865
12520
16071
1872
3980
3409
4240
9623
8771
6972
13454
10239
15541
5184
7298
2329
10647
15424
464
14084
10842
9381
7185
13996
806
4156
3292
315
7847
4337
11581
14445
6122
16295
4985
9103
9021
8242
5942
15663
4000
16008
5917
6040
13653
10668
13989
1220
13791
55
1096
9213
14393
15113
14300
839
1138
3983
15321
9424
13702
4759
10889
9336
2551
4630
8216
4175
5748
6451
15185
12628
6965
4823
10411
895
14873
6756
4282
8723
5876
884
10493
14202
5366
4451
6730
10341
16261
771
13977
10699
2937
4903
14501
9991
6360
2969
9310
6854
16125
11207
9618
13852
8098
8499
3486
12414
10725
14795
10067
1289
14921
15101
3796
16077
14272
9472
8545
4962
8560
7377
5902
5152
12256
7521
7836
13684
10804
9106
2634
11200
2907
10199
8512
10593
2293
2141
8970
7400
6803
6161
1680
8202
13308
6
5818
10132
14960
13575
10346
2155
7980
14739
8850
5643
3265
658
1385
7607
9571
3278
11387
5989
13179
14621
7649
199
1469
2328
16377
5112
3121
7438
13804
8123
6464
2087
14079
6109
559
14990
325
6409
14110
8831
4482
5947
5712
2659
1608
3474
9383
6685
2810
12511
4473
8085
4120
6820
5210
13399
8014
16216
7935
11561
5069
1517
5240
207
16308
277
4210
13579
12982
9180
14288
10922
4183
8327
2779
7162
3489
60
14007
13849
775
1060
673
213
14056
13609
4466
12883
15941
10636
3882
15010
8223
3679
5016
4888
1967
9066
2974
15975
4252
7887
14763
557
9259
11343
6732
9224
13140
6265
598
9948
13362
7291
12460
8136
7965
8062
8411
917
7304
14430
14511
15427
1117
12252
3606
13590
7142
6353
4092
6518
2254
5460
13492
8885
3240
13724
12461
2541
7867
14257
13689
1322
6791
14656
13886
10076
2132
13212
14004
8865
15857
9484
14658
2006
10811
4548
6114
9370
4511
8320
1962
10807
7382
2840
9064
7715
13254
6405
6856
9656
2471
9893
12230
217
818
1524
10369
6604
7787
1820
5815
14770
3348
999
13829
5610
3963
13269
8753
571
2183
16089
13268
14068
59
6334
16273
249
10573
568
14209
7711
13661
5208
16215
2631
1171
4039
10319
12979
2462
13018
10202
5745
5575
11746
3307
11975
1958
2373
6516
9296
15651
14817
8825
11567
9385
10281
16046
463
2930
1073
6383
1599
5477
12488
11898
15920
12384
9002
2387
1080
309
2223
3356
11279
13247
13514
2448
6816
6103
10334
8671
6153
7477
9592
6902
15659
10871
9539
2337
1965
9457
11104
6956
3787
2699
12768
7163
10121
353
12629
6613
258
13538
2180
1107
16269
6537
8234
6356
15056
11194
14535
7152
6469
5446
4290
6256
6292
12675
12959
7205
13633
4338
2417
14251
7015
3793
6683
7981
13176
7583
1762
11541
12938
8818
6075
4350
11886
12698
7320
230
5234
1440
13123
1988
801
10094
4159
712
14728
1462
12155
3849
6651
7375
907
11415
9158
9422
11237
7233
14498
8529
10055
6544
7904
13846
15415
447
11579
8100
14484
11180
2836
3484
15328
8615
1168
10594
9880
9142
10496
14033
15180
12887
285
13982
9332
3478
2636
13546
4307
10048
13827
7167
2591
172
5026
11706
12401
210
13703
7402
4514
13118
10185
5633
16118
15422
8969
8956
15177
15408
12154
3487
2639
784
2665
3186
15241
3948
9521
270
11946
9072
3765
14858
10489
10843
8639
8837
9077
664
12803
7555
2992
11781
2123
1893
7102
4703
11349
2200
550
8289
14861
8045
5535
4913
1493
5275
16353
12699
13491
1370
15437
11705
14513
6901
2552
9015
14497
1880
11742
10884
11329
584
14953
3677
6076
141
9321
12194
13865
4792
13635
9855
11247
8203
7106
15567
7243
14855
14299
11046
5450
10581
11716
9834
7069
10144
855
8430
979
12815
8443
7425
2898
8027
7863
1173
10887
6472
11273
6583
2984
3470
11578
11763
11144
7447
2915
4363
671
12103
7308
5592
5607
5775
147
5525
1277
14615
6095
12591
8730
2118
6691
1129
6930
7482
5763
9885
12854
15695
6364
12600
1855
2065
5580
11869
7744
16034
1553
3083
10609
15559
10880
12764
11224
14934
14282
12673
15270
11997
4660
13057
6847
12149
5225
13897
15042
433
794
15367
11412
14426
289
915
8596
15354
15024
8764
1032
13341
1689
1183
8504
16358
4325
13594
232
11718
1833
16367
8449
510
4518
15446
16349
9573
6548
6226
5015
13038
3268
16284
12287
6821
5473
9255
10378
11414
10579
1919
4814
6595
8514
3644
5755
13949
9654
15365
2040
10428
11609
15889
15477
1975
15626
1011
6352
11007
13900
2292
12656
14408
2188
14609
13823
7218
7731
14975
9553
4877
14644
15802
194
8050
13818
10864
14050
11001
2089
12787
879
3068
2173
13172
10484
6004
7741
3123
5603
12045
12159
10928
10431
12546
16159
11059
9042
990
397
15696
3048
3635
10046
1088
11824
5953
3518
1323
15804
4939
8130
7356
1625
5489
4070
14474
9215
2409
8076
1698
4495
3964
10543
13507
7034
2009
11122
9676
15800
8822
13405
3091
2821
13950
7918
1373
3386
10014
2939
10658
8696
16271
3248
10045
8643
7979
12829
3843
14868
1025
6529
3955
11239
2447
1626
1568
1635
12012
5485
14735
265
15875
9677
10172
15507
14054
11082
13081
1229
2224
4503
5237
9488
8859
7812
15768
9301
12410
6939
8104
15692
10681
9692
10621
9877
8619
2359
8296
8103
7345
8945
1910
6424
836
8434
4975
15304
5100
11774
13237
15571
14308
11767
16383
3842
7554
12430
10602
14059
2526
8392
2535
14274
303
12772
8230
3562
21
6367
8186
11457
7617
11866
8373
4456
14672
13309
5732
12611
16038
4261
10099
9670
8783
9431
3695
6726
13100
3163
8912
4475
1218
5434
2018
14201
2893
12919
6275
1403
4542
9923
8626
13440
7825
13192
7692
12533
10035
10998
2140
11950
14159
10311
4769
10615
7031
14709
15840
6553
15720
3853
7567
12799
9662
10502
14849
3638
711
8295
5057
5171
10781
630
12465
7811
9659
14918
8890
37
9329
6498
2272
9543
5930
8686
11549
14406
2570
8757
3912
6384
8759
2043
2470
14014
14260
3196
6286
14597
5843
6715
8467
10549
12592
9789
5550
3838
9831
2386
14826
12870
1106
10861
11749
3689
11398
12682
13000
1829
6535
7412
10080
6523
10544
8178
6655
12033
1162
14167
326
3995
7411
3022
1941
7826
8163
8718
6049
939
14791
7803
3704
13881
691
5577
2690
12011
10259
14010
7431
218
5727
14512
8943
4970
7087
1569
3140
11417
5631
8266
1092
14691
10906
12497
7957
2532
1665
5419
10205
12741
10043
15798
2128
15358
13471
4426
7636
941
484
5117
6615
4512
1495
8765
6368
14706
7945
9591
1701
11376
10705
4349
3421
13624
6774
14952
2147
3439
3300
10219
16272
11786
9025
14405
4187
2377
11157
7660
4486
8886
8772
1661
5623
10855
9636
14471
13832
10058
2815
11729
14685
2259
3011
2071
8490
12914
12451
10174
8624
9348
1020
8460
13064
2452
12228
11354
3981
9949
10278
12349
3828
16337
15689
6629
2419
6432
2666
9660
10779
9982
264
2093
15438
12550
9777
10509
8925
15420
6866
5185
12810
9055
3129
5964
3143
11099
401
11721
6517
849
3855
2436
11951
11999
8473
11782
10407
14338
8975
14894
6665
14020
2488
12934
3856
3062
11488
12711
3735
10913
7444
876
4377
9671
12376
9606
1414
4300
8646
5772
13764
6245
4720
11947
15254
9416
4714
15048
6447
12884
14565
12224
2179
13563
12898
12330
11190
5123
225
7871
7361
904
11819
15256
12544
15134
13587
12063
7194
11327
10127
4620
2233
3739
6017
2643
8851
6175
12932
12486
10564
5503
12900
7292
4048
8773
13912
8950
2671
2391
11711
3734
12040
14870
11614
14932
7769
15466
13990
9665
10626
2672
2852
2412
15423
1071
2314
4940
2262
12566
13103
290
6525
13649
16136
7723
13899
1549
8170
11901
14767
158
9721
1164
7459
6111
6969
16005
4476
5230
5043
6928
3400
12792
460
5986
13555
9382
8472
546
12838
169
12085
5222
4784
11536
15301
13324
7590
1652
12582
14434
1007
14401
9691
11895
212
8786
12439
2240
327
10939
11790
3599
9324
3214
13808
1366
14318
12577
11021
8128
11451
6050
11779
3440
4909
14244
5654
12403
15255
2345
4560
15339
585
14979
1565
10142
4301
4315
10753
10508
14904
10271
1817
8384
15488
14320
15872
4212
13259
9917
13859
5382
14650
9520
4733
7244
6848
1560
129
8024
14901
13754
15260
3037
8494
1590
10312
13654
4493
228
6117
1353
842
7560
10916
7290
15745
5838
13144
2534
10096
11826
2308
486
6755
10556
4523
14127
9773
5027
10676
13812
13068
11181
6493
9706
8595
12930
11877
197
8385
12728
12572
437
2266
13647
14493
5891
12573
5857
3380
2537
12177
8799
14003
7535
2494
9323
10368
15237
6931
246
16083
15366
10499
12620
3389
15011
10170
5250
6942
1685
12385
15389
1530
4744
3675
15399
14478
4897
1935
10262
13543
6151
14779
3506
5178
13358
15139
5020
768
7063
11671
4865
8903
1742
8158
6290
10478
5573
9674
8574
5604
5539
13924
10038
13177
10318
1534
5646
3468
12518
11235
11693
9951
15471
1405
8817
1653
6832
4745
5781
13124
13187
8578
850
9316
13316
4529
8214
10423
10654
2752
5209
12498
5741
7035
2783
15124
8358
5743
6947
6339
7827
7626
9952
4168
14337
9793
823
807
602
13605
11286
1720
1254
14081
11598
5990
3777
1612
15166
8316
10006
7381
2854
2962
13208
9119
13114
11482
5113
4725
11208
7172
16100
9059
11143
6640
12447
11535
9897
1477
8297
15273
8862
3829
13908
16265
7169
11443
2175
10139
3822
5628
4388
10748
9944
1467
16160
553
15168
16340
7374
3244
14598
15121
10389
10198
11943
9433
15359
15581
10521
13831
3823
567
1879
12227
3423
8962
4370
2789
6580
14147
5929
12988
8046
2990
5806
11505
7042
7424
6224
1308
14778
10687
5805
9097
6116
7092
6090
944
1778
7884
15915
14532
12400
5242
15125
2263
8917
4801
10443
13712
8933
10787
1646
15759
7448
2306
4730
12260
3164
15403
13562
10536
5105
9726
9550
11151
14804
2737
7557
13776
11595
15742
9308
4783
4553
7785
15487
14219
12142
11080
9069
4596
9828
8474
11423
2438
7445
11146
12398
1505
5959
3132
457
8293
4844
11255
7305
9515
5932
7417
3493
11659
13693
8978
9124
13350
16063
14607
4541
2325
3743
6319
8904
9302
1607
2718
10943
9896
4218
6545
6828
9827
14745
3961
7467
9176
10929
1279
13540
14961
13265
8874
2961
9801
11834
10249
12390
11075
3568
6966
10733
1299
11197
15773
10862
4249
1499
8633
7505
9313
4182
14122
11660
17
15385
12993
15208
14740
6952
10118
4817
16241
1832
1418
6281
7843
15731
5532
11939
8530
6789
2207
13448
5655
14086
5278
5047
11231
10242
7032
15932
4886
13984
10212
3434
13042
15888
1940
14579
967
14883
13583
139
489
402
5376
9455
867
8458
13592
12811
9953
1132
11380
1811
7095
12864
165
1137
15261
8211
11515
5554
6760
10297
13438
4706
16297
7030
8274
5413
7968
5602
5101
4928
15962
16090
11102
864
471
9235
10716
7520
6818
12696
15001
16079
15155
8084
8959
3652
3505
12920
8161
9339
537
4670
421
1283
11627
9581
15090
3276
15743
13128
6162
6041
2028
9197
5978
11773
13548
10713
7936
1862
1519
5048
3637
4200
12164
3340
6288
3314
8400
1251
7628
6937
13942
11107
14499
15648
814
16363
1596
14182
3360
11128
13602
860
1443
6575
7360
9045
10614
2520
9826
6962
9353
12783
3071
597
4054
10603
3350
11456
10164
9790
11460
10774
6607
15000
4343
4899
11468
3572
14896
6909
7619
1094
14632
14194
10641
8579
8166
749
9183
6924
4367
11198
5348
3095
10450
175
2957
12132
7593
8112
11837
5248
13948
1927
5335
15098
3548
14045
4649
12290
3725
7952
3273
6718
13965
2177
6118
15251
7101
15334
1389
897
14880
6556
15228
889
11243
6080
12539
12800
13835
6229
9816
10359
15107
10166
6631
9477
2910
12732
11478
8521
3791
2100
13485
5713
10940
509
14204
14490
11835
11670
12719
7387
14105
7596
12647
5719
1364
9181
11752
14701
6363
9725
135
383
14844
12714
6814
2034
5807
8804
16053
10441
1669
12594
3270
7727
14263
9887
8408
1033
4428
2594
16149
14950
16093
15135
14802
1780
5998
6652
8653
11211
11053
12236
4141
14589
15935
4059
2054
7256
15160
5969
12779
4723
8180
8594
9864
9273
1546
3367
13793
5005
10131
11277
11186
9560
1383
9345
2766
4911
1286
13260
45
16094
703
445
8707
15588
12017
8457
1623
14836
9759
3228
13713
15979
13049
10039
14407
4805
2137
9240
774
15748
3112
8282
5061
1303
11600
6264
8389
14264
8435
13380
1130
6670
5784
8280
8245
106
4537
4242
7943
9483
2218
10799
16303
3101
1248
9497
9516
3658
4972
9470
13914
11963
1355
6502
9525
12889
15465
6157
12238
12211
2519
13778
255
12106
1770
15093
1207
7347
1752
14526
15149
2256
11308
79
10260
9420
10034
11927
8760
10740
978
3448
170
6445
16293
7911
354
12365
9028
3185
5478
7703
10895
792
159
9746
2400
9977
6485
12943
488
15780
8608
15806
8017
10250
6680
5086
5512
15623
16087
13784
12877
14125
11077
2973
3098
3744
13921
5447
9916
4458
6257
11263
5050
14721
4028
4356
9076
8810
14726
14561
7479
1738
13279
5526
12115
513
11130
8699
8607
6414
5271
4203
1913
6592
13175
189
7634
1582
3921
2599
5856
3064
9130
2547
12472
9630
52
10247
14051
13294
10305
3845
10082
8363
11294
7624
13582
9955
9644
4917
4340
12817
2124
13655
10709
15322
10634
8990
1324
13430
2186
5911
3289
11110
13577
16147
15351
15954
10033
772
8221
854
11083
9500
9393
8884
9389
3714
10466
5283
10689
11511
9867
14069
12199
8405
848
1895
976
5158
14428
652
6827
10530
6857
767
9513
10879
3511
3977
16081
7872
2979
9737
13484
14985
4188
2104
14259
3741
1710
12454
5118
7531
1009
14232
1844
3531
6019
8238
13181
2458
3195
1673
1889
620
16130
10063
5493
5836
4116
10488
750
6611
8199
998
7340
3788
15195
2549
299
12202
569
12899
14375
13650
14009
15676
13112
3579
11870
3212
5018
7315
10700
7220
14372
8965
8719
4677
13343
15809
14919
11534
1918
9293
12487
7719
1564
500
14106
339
16372
15890
15233
13426
3234
3894
9233
11754
8190
9322
15703
15295
12039
6638
14178
12706
3745
5780
5213
6514
10947
14459
10417
10768
3236
9305
15667
15961
1436
5570
15504
16338
934
1591
8734
11873
10993
14741
2988
2493
15554
15239
15841
15470
1435
10116
13075
10893
5139
9830
10661
9978
7337
287
7124
5368
4125
6919
3742
2882
5407
1265
14214
2051
5439
7500
14143
1515
4129
6733
8833
2030
9735
7730
1606
6534
4056
9446
5380
14046
9763
13717
1666
10731
15808
14573
3006
14030
3029
4876
4984
10393
11787
2784
15231
4310
6750
15380
6234
2730
10472
14913
11234
4522
8535
13699
5766
8348
10345
13680
6259
13188
5762
838
13087
15327
8225
11514
6734
12687
8028
10982
9177
600
11617
14074
15710
13094
5260
5508
9195
4579
8853
2102
284
8798
2707
10577
4581
12348
7656
3026
10728
5294
8126
2125
6195
14602
935
6602
5919
3056
7659
9899
268
5567
12873
11339
14044
7164
8386
2568
12970
8417
14037
3275
1038
9228
15939
5585
6782
4613
4123
7437
13274
5421
9875
4904
5997
6254
6812
8691
7468
14689
243
13338
8605
14276
1949
7565
3513
4345
13880
12102
5194
14382
11370
14878
15876
6845
3917
13876
7751
5926
3284
981
3649
1036
2331
1245
15779
13760
8659
13248
1581
1615
4478
9958
1237
4260
16142
13801
3381
7678
4800
6298
10041
7870
386
7159
13524
10130
10337
5847
4029
8522
2632
16064
1081
13141
3516
10964
1268
7805
13945
6410
8592
12977
8469
14965
11580
7989
11333
8105
202
11842
5431
4930
10606
891
5751
8404
3427
13195
2965
15486
10591
2388
14440
3674
14296
15213
9781
13151
14333
7155
9709
8154
2885
14634
15452
10418
706
7546
6785
11492
11853
1390
10208
3237
9900
3673
7212
12668
12241
5951
16227
10457
12535
5753
1672
455
12069
23
9969
12848
9236
15934
15682
8661
515
3282
3002
7174
3007
11897
8539
2623
4094
498
9984
15105
15398
12849
13956
15052
7736
6882
12408
11621
16191
8329
14473
7105
2265
1506
2721
4976
15830
2669
15037
883
2038
9619
2283
160
4637
15860
3665
8544
6378
9583
4067
6701
10919
7622
15400
10255
4033
4098
4634
11532
9937
7804
1219
2480
3347
1953
14376
8038
10456
12338
7661
4003
4236
15496
10528
13455
1263
1799
100
9351
343
9299
11654
4385
2317
4680
14582
15232
14135
13477
12990
11136
6921
12882
10437
408
2369
1369
2620
11887
13473
3862
12894
5042
7851
4698
14343
3691
5053
10651
1748
6196
9621
12190
7457
4807
6112
12483
6283
15763
10108
12684
3671
4785
10020
5272
6470
13621
15268
3554
8030
1135
871
14271
10372
15511
12820
4082
2190
12516
96
14587
14534
10090
1155
8863
15119
8590
10613
2370
4004
1285
3935
10406
11652
606
12917
12213
298
10066
12179
628
9610
12640
7149
7288
2842
8448
8312
13328
11680
8748
300
6513
16165
13681
4281
12669
8795
9631
3517
13327
14410
10274
1823
10988
3681
1678
6037
13202
4846
14354
9578
2461
1604
4643
5588
14627
15777
12720
7694
8222
10059
8828
2203
5417
3831
12140
3102
4206
16062
9622
2148
10285
12027
10394
12343
15793
2251
11810
11989
1483
7022
1853
6013
16233
13386
13502
10161
11958
4918
13085
5599
5025
12795
831
15694
5007
2268
7217
478
3910
332
9010
12172
7759
3156
14061
4251
5782
5067
13339
13607
6272
6807
14290
11498
12219
7559
6764
2727
1046
8508
5038
899
10872
4735
13286
10828
1525
4848
3319
14935
14970
10856
108
6318
15561
7721
7138
14505
734
14657
8770
5232
11973
10446
15723
13611
15775
10948
5844
11179
6577
11658
6442
8585
149
15971
5808
9987
13928
15728
5174
14242
3072
15456
8287
13323
1149
16179
7776
4256
646
11776
10951
11935
6808
4582
13408
12484
7227
8010
420
6586
5943
5211
3840
2931
6015
16302
13186
13627
8364
4517
9089
15831
10892
2313
7985
15533
2070
5238
11521
5735
10353
5300
10426
4658
3120
15418
15556
13701
14398
12143
6048
4959
1013
2110
14543
128
12295
13853
9495
12455
404
9527
8069
15769
3133
14557
16144
6916
1882
2001
1145
7899
9538
13938
3182
10587
15656
12901
2895
3907
6674
1017
13349
3134
11264
12301
5322
3958
8685
3411
13411
3336
10387
16300
11766
1727
9412
5151
2650
3170
15998
14097
12847
4414
885
13795
4044
9475
15396
5093
6182
4158
2948
1404
6533
7577
15982
6179
323
223
15428
3876
6400
10138
9598
4352
832
5180
14552
3169
4257
15674
6386
8187
809
8968
7170
4248
2492
15605
14792
15851
1169
8841
14744
11637
15853
140
2144
1950
6044
11806
7002
2195
3512
10531
13417
11953
9651
1559
3465
15594
8307
7440
16210
1709
9234
14570
16057
3914
171
14680
2131
12138
16110
11700
14822
14365
14164
16052
7057
3383
660
11240
14183
4927
15027
4722
2497
16107
6713
14026
4688
5689
14997
6645
13988
6047
2415
7471
14669
10923
4040
12124
14436
1700
11480
5390
12281
11843
4937
12587
2600
10554
4995
10803
14909
14134
795
3407
3077
6450
12305
2799
13929
6317
3555
13551
7134
674
3943
9297
12616
1954
14243
1019
9185
10795
595
13772
11944
12320
12610
11931
5268
13099
14999
12637
9960
94
15189
9825
740
2103
15715
11254
16007
9838
8171
387
13715
1618
9808
4387
13838
12584
5534
3326
14413
10028
7239
13542
11056
2611
5466
8743
4835
15151
16019
8998
3161
4910
4328
5987
11576
15704
13230
14558
1983
12996
1067
8233
3126
14090
12944
966
10679
15005
1539
9612
14450
4053
2774
11915
5004
82
6581
2106
12664
15756
8567
1361
7206
3428
13429
5394
3726
4228
10040
12892
2333
15075
6987
6294
7118
14503
2074
9770
7090
14418
15978
12791
15187
7113
8056
8887
361
2958
14931
3574
4874
16163
4749
14348
8173
11323
9835
13157
3128
14828
523
6851
13819
16024
11283
14431
10534
186
6945
6806
1053
11472
9481
927
7995
1896
7083
9476
7100
6621
5704
2769
4549
9062
1736
757
14699
10672
1577
5467
2404
1891
10994
2004
6872
12481
2115
7327
3577
2874
6744
970
2869
12908
655
6003
4891
15852
4468
10347
13115
14874
7642
9926
3874
14837
8693
14111
12372
366
1319
13336
10533
10366
9587
930
12299
6687
12597
10314
7330
3425
11018
9267
16050
13122
629
4496
5498
6996
8754
1202
2117
1034
6576
5013
3583
11874
12895
4461
15348
10767
3523
15698
3716
2597
4506
16012
12188
2390
4923
1160
12496
11992
5528
12457
9019
14626
12812
58
15138
648
2993
8733
6189
11430
15444
294
4815
16109
5688
16205
12018
483
164
10809
8441
2662
8074
5711
11610
468
6069
12268
12735
13054
12867
5697
14384
15722
14119
7367
10555
15744
6454
9714
16065
13688
610
16072
14596
5039
8328
952
1113
14175
13267
5757
11852
7048
12291
1158
6863
3631
10420
4746
13637
3338
14514
12707
12585
10537
5442
16270
5849
11569
12510
8563
11665
604
15887
15552
12284
15615
4052
14047
14550
5720
583
15577
11393
8947
13111
14002
222
15549
5537
742
1212
1052
10612
5441
13556
6396
7156
5040
1677
1945
11644
13515
9050
15244
5481
2897
10775
8079
15788
3361
820
8526
7755
1172
3476
12672
14039
5982
13980
15194
11096
9747
15182
6434
14304
12099
12841
11710
15967
10827
6635
5700
9225
4121
12717
733
2670
5718
8523
4705
10956
8321
5080
11537
11651
15708
14403
6695
14821
3018
1979
15670
6455
14353
3925
9626
1869
15274
14295
15394
8634
926
4855
12506
12176
3335
4779
9073
12417
3272
2126
7276
114
2561
13307
2579
8588
8250
8538
9398
14642
5409
13544
4405
11484
8840
12960
14177
10135
458
12955
3450
8873
6893
4656
14718
7891
3805
4361
13434
6593
14807
1739
3403
3066
3783
13626
8198
11653
1784
166
14362
4347
15558
12428
132
9843
3887
6362
9542
2199
6456
14024
835
1874
8629
16156
7232
11045
3328
8125
6336
16169
12754
7614
1682
2560
3571
15592
7269
524
13820
3168
8737
13344
6698
9679
7414
16208
9196
8713
15243
12921
2289
5572
8423
5083
15989
15442
590
7669
9258
1134
11497
5673
9576
1222
1485
2759
3938
14847
3213
4811
15443
13067
4788
2374
3242
8847
3174
11954
1290
7908
6500
12042
15018
5129
11371
2982
3306
1502
14192
1808
3067
7698
5936
12303
15066
9410
7021
13936
14196
6299
9954
1920
5617
5075
8994
4378
14681
8256
10991
2550
4419
816
496
2861
14872
15598
12442
413
13037
13706
13019
6107
4353
1992
5547
16350
2959
7978
7245
3460
12538
4181
10193
13763
13817
13731
12444
253
14637
4599
14704
2349
2622
176
14577
4810
989
11502
2681
15938
709
14366
11911
6874
1991
9074
2692
12426
12407
6344
6150
7184
16335
15532
8673
9458
238
10920
13566
1360
1342
12705
11137
8644
12473
7143
16375
7497
11880
10483
7441
13841
11471
352
3021
4429
11187
14655
6276
16155
5945
10288
7343
131
9852
8116
12148
6707
3934
1454
13568
10752
122
2429
14190
6389
3573
5341
11564
12035
5063
3208
10343
7837
7562
8286
5051
14166
3616
15991
9438
2440
1819
4650
4863
10439
12776
4991
3024
8284
15192
3803
2056
14907
14032
14775
4490
15086
12046
10583
1225
10266
11070
5141
9405
2062
9456
2713
10721
2860
6817
11815
101
3231
10933
11267
10447
4417
12078
11707
4926
12542
12747
11090
3824
7705
8610
1972
2902
11585
11064
10605
8662
6833
1157
15032
7409
4433
5957
4766
5999
12136
7126
6160
8650
5197
10584
11206
178
15573
3352
6864
6735
6835
3449
9924
15560
14998
5894
6601
14746
6342
15482
15680
10047
2037
4687
7819
1063
5090
494
9409
9490
8966
4335
4386
12167
2750
6373
2114
2792
10812
16299
15275
9502
15196
13458
14093
16051
10757
3753
77
4432
7618
13024
5985
14865
9326
12961
11513
10973
3223
7201
3515
9094
7253
9202
11934
4666
13709
4618
9664
16120
25
6678
14614
15153
4221
3959
216
9934
8350
4063
13369
12090
2886
3055
11813
16138
8009
4190
11831
4165
15693
13197
13564
16314
14677
13757
15957
1999
9096
9769
2829
10265
6087
14842
9432
15972
11336
15635
11727
5369
6331
6371
3194
8143
477
4922
4826
14463
12862
11027
2139
10730
359
9350
9082
12578
1957
5293
502
2808
9406
13907
15625
9071
3972
12545
13227
3866
10295
4244
15878
12171
1633
14877
11823
15352
5656
13978
7428
15170
6022
13777
13032
1257
12436
10958
13972
1755
12969
8271
1426
2348
6207
3366
4770
15616
4564
11675
12876
3584
13201
13470
12273
9315
16279
4644
3069
2399
351
3148
2098
8006
1790
8541
8228
3020
5372
12842
7947
4330
2838
8318
5221
10758
8843
15167
3429
1779
7513
1556
16234
16247
1468
7919
10772
10097
6829
6401
9742
2702
10659
13573
3431
13423
15499
2475
13670
2068
4292
1000
6333
3924
13315
15584
448
7228
10637
8094
6313
5302
9734
7584
8108
8145
12356
13226
6141
4463
6110
2431
13218
10432
1763
6906
1977
1078
10186
9510
8667
12185
8801
6471
7145
10133
3613
3074
473
1077
7166
2302
16101
16084
1457
14101
5970
2667
11310
13798
13040
1398
6720
2574
9173
115
6813
12098
704
10860
15104
15671
12859
6215
15525
8113
760
8219
15176
5626
7986
6646
10494
2843
3204
9699
91
12852
11925
7052
16189
3821
3690
15331
7726
5731
5690
10858
6320
9579
10169
4833
10896
11606
5754
6801
16035
28
8502
5235
10854
1367
15397
11687
6900
7295
9947
898
10869
2008
6023
11481
9856
14438
1241
15587
4132
7621
4080
2433
13613
2646
9278
3939
13992
6476
15265
6528
10974
3041
6573
14344
1069
11016
11857
30
10504
12234
3220
1932
1354
5609
4871
3969
14163
3651
9128
5939
5928
14559
2146
3893
7684
7418
11302
1628
12814
9204
11203
3896
5608
5334
13506
9635
6332
13468
13638
1201
11108
9811
16195
2435
10560
2153
13322
15102
12737
8664
4319
13394
9859
7493
16099
8195
10881
10065
6749
4231
2234
9845
1184
7123
260
5098
4964
5306
394
2698
363
2932
4902
4802
14469
16003
13233
10706
3462
15568
1423
12798
13729
2434
656
7393
14613
10264
1122
7654
1314
331
12285
7362
10667
1452
6970
11971
5968
6411
3219
808
10670
8257
10178
10005
11981
4204
1490
3113
2649
8518
8839
15071
710
4225
6267
3079
1253
14733
8572
12554
5131
3104
4177
1843
338
7537
14249
11838
7682
13396
15912
5455
13894
2464
1529
2049
10735
14487
9920
10963
13451
11695
220
8310
14291
7272
4318
15739
9479
11409
12433
7677
7191
16343
4773
5853
8439
13131
7419
3904
8703
15283
15132
13090
3996
16328
15544
9133
2563
6186
15795
828
12644
9979
14660
4931
4037
6393
16103
10448
11202
3283
1711
11352
14120
12655
15597
6242
13420
9507
8071
8462
12638
1806
4797
7861
14
2410
9118
12336
13228
2217
5461
1753
6199
12727
15129
4208
10766
8119
1194
3885
8583
14916
2612
14420
9482
2109
15881
3825
5723
11088
2213
8861
13837
12044
9237
4189
9930
2279
9902
13006
9407
6347
13974
2835
11318
10957
8073
4624
7926
3911
11413
14937
9716
8346
5661
1783
9895
14064
5044
16129
1396
1981
4498
5821
4117
13292
7571
2694
8268
13785
5331
10213
12031
12793
11109
14387
13285
3509
15517
11862
3820
14605
16342
12248
4623
3311
1330
9883
11452
11772
5500
5800
307
3880
9046
3729
8468
10662
14949
14654
1593
15258
426
6754
12139
11676
3780
5425
7112
15009
9786
566
5249
4836
13503
7299
7969
9261
5921
5529
4708
5304
11028
15216
7733
5436
4678
7917
405
12499
11357
8525
11097
10317
3482
5052
8176
9700
12648
8379
13159
5845
9396
9540
10310
9785
14703
3371
4198
9768
10588
15171
1637
11625
5352
9950
2914
5630
10833
1912
12704
3688
14839
8409
15654
13868
15827
3147
3617
15518
7818
10673
621
16025
13133
14580
5799
1313
16105
8645
9399
8122
15300
11760
10715
7252
1684
507
8477
14057
1292
7265
9150
662
4031
916
2950
13940
1101
1105
5336
3754
12744
11236
3598
3362
15792
13080
4790
2846
1715
3337
9201
7177
12084
2166
11458
739
11520
7896
2847
15183
13374
14137
11132
7848
15439
3473
11081
2204
6176
9722
6073
11245
11487
5586
2446
11422
13001
12175
10203
9090
15660
5164
15003
15128
4718
9832
5538
6419
6132
11747
9886
14306
6105
4883
14356
13873
11261
12276
12607
2046
11260
7247
7473
5797
12933
10786
4742
8727
11331
6077
1858
12114
9171
2889
11100
4988
15621
11402
10485
6322
6185
9698
4289
4470
4601
5768
7510
14519
2221
11170
9858
16226
2585
15118
7413
8620
5064
15717
9099
4508
6804
13381
4533
7054
12289
7324
13238
15130
5851
9627
2538
4265
7460
763
8844
5251
8616
9687
14156
1651
12724
11959
3698
16364
13220
2716
3108
2749
8117
11503
15755
13301
10307
14509
5776
2191
8383
9775
274
539
12242
1234
10060
7685
9044
15818
14737
11527
8509
10841
364
11577
14255
1990
15317
10289
11410
10036
12307
12526
12053
13780
9049
11509
75
14184
14986
3586
2481
15702
787
134
1422
8774
15383
8212
8129
5783
12464
12255
8413
15311
2332
14091
642
6810
8690
12762
3414
2751
4633
5393
2693
1971
5060
16259
5587
10944
7406
8814
15684
10980
12130
8584
424
13044
7676
6692
8972
3951
14777
6843
417
7192
6497
5787
3426
7235
16244
168
5316
14070
15606
10978
7928
6366
3994
7548
869
6480
12712
1270
6873
14311
3560
1566
1557
10724
2701
7930
741
5583
10101
7376
4781
8175
13321
1507
8366
12738
4280
98
15332
2571
7249
3092
14734
14912
10498
11708
1796
12957
800
6868
10876
8973
16282
7572
5542
1976
1877
11434
2687
2625
11816
9143
485
4726
11974
13891
9401
11386
10818
4409
318
15318
6964
13346
3046
11756
7341
7798
12239
626
3159
10395
13501
7020
5305
6388
14991
4828
1670
5773
16255
11814
15916
8680
10126
4992
1982
235
2602
10037
14238
2742
15089
9325
9194
5487
14546
15767
9161
221
13097
13519
9909
11979
12008
8836
4421
6682
14955
5437
9517
5239
2168
3622
4009
4665
12186
3224
12946
5750
16032
13600
179
10011
9704
8338
1562
6971
10344
15148
8421
10392
11159
15262
15157
6946
13305
1866
14757
4866
8005
396
7835
2543
3730
10128
14522
15999
14675
1985
7820
11427
11429
7879
15382
14959
8789
13697
3480
10981
1206
9931
11268
12949
6712
1041
5462
2704
16283
14667
5320
13740
13893
3015
7823
1619
9264
2143
9823
13026
9190
7219
13126
3966
7900
6308
3992
5790
9956
9646
14697
1937
9449
9452
8452
10211
13147
6870
13606
9417
15156
5590
16028
7386
2457
16230
2269
12001
11483
9957
9779
3922
4751
7564
1350
6627
11533
714
107
887
8742
14199
1671
2845
345
7390
1849
5172
15762
14104
14187
9043
4798
1870
12156
11674
15819
7941
6599
11937
13359
1794
16045
6459
4562
10921
2196
8059
10452
7214
2747
11531
5973
22
16158
15025
9218
9134
7832
4734
3369
15060
708
14160
1070
4069
6742
119
764
3682
7391
3837
16054
1466
533
13261
2253
977
15823
15966
5598
10697
1163
2085
2674
12543
514
9242
10220
6897
13385
8305
11548
4263
6124
1707
16315
7768
6759
10263
11466
7549
7954
2772
11921
335
10454
8712
10436
9884
1413
1238
12753
13089
4397
12399
10107
13721
13677
8496
14957
1115
12135
13340
10899
4088
8506
4628
9087
11033
15368
14146
4878
16251
14676
10408
11399
11228
4778
11351
9327
16010
13138
4906
1936
15436
12246
4605
11798
12450
13664
3537
12370
3003
374
12265
14620
13557
11232
16181
3683
8061
11316
8622
4332
4104
9230
3770
2927
1305
4460
14228
2680
7103
8600
12494
5166
15330
10300
2298
2236
3592
9905
11175
6327
3250
5037
3713
13073
16294
1481
6099
13848
2904
7791
14035
16231
2798
150
2090
5872
11673
4400
4916
12076
12928
5033
2963
1938
10228
4472
7000
7569
11559
14863
9854
15869
2604
12222
8824
11936
12765
4997
10308
347
3422
3247
5886
16280
9963
5219
11437
7797
13017
1491
3345
416
15074
5548
6676
13368
16185
13332
6910
959
9048
14140
4012
3612
2862
2771
6589
272
7130
7082
1609
3812
2811
10547
12929
9537
8704
393
9459
8558
12857
3061
4664
4682
14926
7321
11902
2827
15323
13920
16381
9035
7097
4197
11512
1465
11764
2212
686
6018
12916
4174
4690
6552
5398
16188
2663
544
14303
13033
196
2238
8816
7576
15870
14540
13264
7810
13656
11048
1825
10322
9996
12412
15033
1002
1864
7432
4672
15083
7877
825
5108
12678
11029
6846
5114
948
254
9994
10755
8549
9798
10253
551
2235
13481
2067
14640
9633
13512
8315
136
14719
6482
8979
9189
13499
6130
2330
15340
7591
8317
8827
14485
1255
9713
9366
2165
1116
6899
2908
12559
5388
1695
13882
15041
4520
3693
1602
9269
9212
16
7133
625
13510
15950
11320
7539
314
15190
4172
8902
11867
7509
6684
10031
2267
11641
10620
8905
1749
1622
11849
1231
14211
13119
3298
6973
3036
2788
1543
1391
8879
9945
2099
4020
11737
5764
14700
5402
5701
9862
8302
11932
11106
9613
2136
6166
11918
12683
666
3591
11275
9755
5420
6837
15293
5116
4946
4167
5034
15863
4566
10095
12127
1636
7724
9614
9441
13174
5516
15345
9595
10405
8150
12308
6792
7794
9461
4945
15970
4580
12128
14553
5411
7974
11042
6444
14797
1824
6780
4771
12093
11164
34
7439
3594
2225
13027
5121
14310
10251
6559
15666
10430
11648
3998
13334
1726
10838
2152
14100
2108
9428
9512
11299
3785
12395
11799
15120
9486
4269
992
605
8631
4411
15884
9894
4213
3532
7370
7740
15324
10941
7461
7255
14174
6392
13504
9469
15993
1326
14006
3686
9727
11730
15313
10734
1090
576
12532
6067
6252
8586
2851
4023
15716
15922
14287
9638
4299
10292
609
15429
15242
13630
12529
8401
9868
14845
215
5066
1104
7001
8426
4761
3650
3953
5621
3919
5597
10360
6905
3325
9426
2819
3723
9373
11419
15409
10335
14414
2401
1884
3867
15479
16133
6877
14369
16098
11522
7883
14664
1458
6558
13596
358
6904
431
8124
11274
3875
15040
4007
9404
11518
14688
10601
14330
13061
133
10695
5682
10631
9745
8428
43
11312
5395
7743
4829
7951
9040
3277
11574
3625
9780
15205
13135
10293
5313
6104
10704
5370
4793
1177
15789
2918
3529
4827
5523
4005
1409
15250
16347
8251
8044
1294
10968
7379
8559
14923
14786
8041
15677
13404
469
8739
8988
10545
12983
5555
11909
2469
1136
14444
14386
112
9754
8
6686
9165
4215
6253
10383
817
3607
15892
11619
1548
11612
400
12353
3836
13678
6079
9911
663
7270
11199
15816
16242
11722
10357
8029
5658
4148
3656
4276
2121
2999
11017
13875
10635
11630
12073
9203
1846
14850
13567
7081
9374
15988
8717
9000
9616
19
7865
3699
6078
1256
13643
13695
7639
3766
14835
3401
8011
846
4246
14040
3494
10907
2187
10332
2127
16069
1947
6550
14879
8032
14397
3463
5816
15927
11359
15771
5683
3280
6736
4119
5615
12905
9166
6071
13545
13559
16112
6086
10460
13489
15958
3089
9901
3653
10323
14495
7720
8273
8261
9861
9474
10570
13329
8531
5914
6598
5332
14938
13348
1082
181
12475
11508
3627
12266
5299
12344
1841
2364
13345
10977
7950
4313
1188
15412
1627
8013
4164
3334
11304
3176
10241
8992
1411
13733
11836
7646
13127
14891
14663
12879
5122
1865
5874
14188
13079
8253
8491
12987
10891
7160
13422
15512
6381
13223
4977
10481
6618
7404
9572
3377
16380
15529
9265
12962
9988
12318
9645
4696
5707
6706
12555
8602
10252
8640
3801
5976
15754
12891
14496
2883
10083
8403
14882
7589
14523
9533
6975
5820
15866
15729
9266
7788
3318
14213
11820
121
6649
11094
10572
11646
14693
11546
13101
6402
12298
8109
7254
14099
4741
14451
1022
5097
9907
10597
5596
7667
2237
7349
4372
6883
7331
14755
2078
3504
3175
7824
5863
8832
3929
3065
14055
2562
6177
2878
6751
9792
16164
11421
4842
15122
8681
6064
9812
911
10016
10853
5899
10750
5031
15668
6669
2209
657
4925
10936
9740
942
4235
14813
9209
667
12019
8720
10558
1894
15287
8940
4099
2309
9250
2389
1039
10655
6127
9719
3099
3703
7747
3316
5521
14423
2654
6668
10868
11868
12310
407
12657
11555
11596
10102
2385
12903
14094
5829
7175
9667
5109
14834
1306
15946
4602
8997
10145
10284
12579
1803
5681
8264
1213
16029
15451
15774
4679
14275
4868
12322
4114
1102
4662
10723
8492
12146
3902
14429
5279
2775
12174
14537
11822
3488
10717
11775
16104
6060
4124
6217
11105
6379
8642
4273
10468
4416
12912
5428
3232
7756
8911
6614
9998
16002
3778
5082
5453
9110
4724
8637
2803
15411
11495
6675
15485
11141
1634
6507
1407
14903
7671
15095
6948
2635
14651
13824
12050
14179
3692
8961
13375
2210
14806
14890
5469
722
5638
8396
10582
15103
15269
1827
5231
278
4365
9971
15430
10015
1647
102
7975
11012
237
13732
372
6061
13165
5716
7210
13143
4840
11553
6887
2678
11987
1014
10576
14958
10548
8184
1702
4640
10350
12816
3456
1934
11424
279
13171
10950
20
5714
8852
4932
7268
5476
4266
13639
7267
13287
13117
3774
13088
7085
6306
5292
4753
1676
15184
263
4952
3267
8931
14920
9554
4973
4075
9314
2485
8948
2050
9257
6825
6346
10992
15229
13640
7586
8288
7036
2648
8651
2005
8663
13416
14001
5032
1925
16026
6849
2942
7516
3049
7729
3655
14292
6805
13961
9565
4851
776
1066
3058
3034
13058
10191
9460
7722
14679
4870
13102
10003
4076
11875
12297
11656
5952
12915
10384
3883
12897
2205
11116
2976
12160
2834
14816
11682
205
10461
12645
6475
6210
13877
4550
4254
6976
1351
5387
11389
9206
226
15008
16329
4480
3976
5905
4671
423
7563
8259
4492
12327
16235
4383
552
8402
3657
3878
11408
16260
13919
480
2627
10156
15306
14969
4565
12421
11840
6359
15271
6784
2944
8982
7470
256
6522
442
5019
16141
5530
728
1267
5517
9814
4607
14665
8446
14301
5725
2012
3727
14028
9642
9352
10949
14191
4101
3288
14043
11893
852
15109
14297
13963
14794
7587
9522
15272
10693
15401
10553
6881
13053
9921
7689
5971
11698
11473
15882
12835
12184
15894
7701
12082
10245
13460
2441
2285
3928
11604
6571
3685
13549
7716
13136
16201
15790
12321
5730
2305
13516
12153
9876
16076
9717
14578
6365
16198
123
10111
15848
2880
6811
5518
8872
8292
7038
14036
5298
2453
11450
6328
10364
12567
9038
2741
4354
5397
12861
8114
2154
12856
1917
12166
3199
13892
7230
3942
6578
11744
9379
10176
13943
4957
15514
13391
10397
11262
940
14089
9342
15055
11139
14628
5497
3303
1301
13890
7017
8907
4821
12840
11338
4850
1252
3430
15035
7764
13355
7735
3088
6092
837
14541
9217
1287
2926
2157
2346
10999
8118
11829
13281
10691
12654
4043
7598
5495
10542
4919
6494
9882
5189
6422
9503
1372
10633
4229
791
3200
11324
1723
6398
6506
7323
15785
11603
10287
4045
6449
12429
12652
7961
13644
4485
9594
2533
3960
15478
15117
4323
15034
12935
12746
913
414
48
5759
31
5362
15337
16245
12999
1161
4575
4465
7339
6453
6351
6068
3709
3379
13207
10805
6225
16190
9151
13691
6399
2500
3331
14930
4617
2925
15023
9005
12755
10234
3789
2986
14053
10669
3968
3871
3399
14633
9990
10890
8051
6986
11769
5094
4217
14360
12493
4685
13148
10718
9155
4738
13493
10356
15069
14668
14335
200
9058
4278
7795
12072
11217
1302
13576
5791
1663
6888
8888
6197
6953
2076
856
11986
9939
701
834
6725
13
8974
9788
7455
462
16277
15678
9440
4513
13525
3941
4816
11464
7718
15903
4295
7302
12326
6123
3152
14439
15338
2242
1139
15859
15353
5837
9451
9359
499
11425
14433
5367
1258
4380
2776
3762
10236
80
92
3528
7821
13462
16009
8577
15610
6145
7778
9391
5979
13406
5708
5310
11071
12071
8047
14364
5622
11770
5030
15203
7204
344
4998
11669
1447
3852
1152
6228
2354
5347
491
15645
9208
7683
14027
12259
14121
16223
7524
11395
8710
4326
14388
8787
9784
12311
9609
2903
3076
13271
2201
1527
10800
8424
2096
6465
8546
13478
11353
8053
6460
13166
15772
3619
6260
12866
2954
16336
2595
2790
2830
5668
4112
15500
10969
804
7454
2712
4268
3830
11605
10367
613
451
69
14906
9813
13685
2450
241
11379
9335
15686
3209
4996
2427
3986
14367
519
14278
6338
11889
14124
144
1730
9331
7641
2083
12968
16258
6484
13474
7882
10273
5396
11295
4568
10696
8153
4147
5029
2530
7696
8922
5217
12375
12122
2226
5867
6767
15911
2824
6766
4499
3125
10187
15883
3094
14670
2511
11544
14205
6006
9153
15637
9214
4304
9898
11526
3222
901
8487
15572
13628
9357
7064
7713
9012
15432
5465
10816
1199
9557
13802
5504
12117
14892
4507
5077
8555
2368
7373
14731
5125
16357
13337
1004
12274
4439
8372
10975
5972
8455
4010
6326
12777
3957
7188
13461
8967
10030
1687
13206
15783
5261
12116
6765
8378
10052
15390
10089
10469
13872
493
9179
1871
4825
16320
3949
972
8355
8534
4593
14207
2588
5168
7566
2922
3850
11635
5126
15797
11850
7809
4882
881
9774
15761
9696
13367
9529
15515
10497
5870
7264
29
12553
6567
572
83
5355
15996
12271
5084
5142
7842
8519
2817
317
2890
13056
5739
13809
10433
1401
6565
2762
14293
6088
6097
3696
5866
14848
15658
9545
11613
2872
2867
10798
1047
12438
577
695
8218
4893
15586
8921
12623
8688
13675
14743
14419
1544
9562
10165
13331
14671
11036
1186
14945
2848
3712
3258
12088
5308
3520
11477
5392
906
4355
13096
1056
9154
4427
14491
13283
16068
6943
3858
10158
7760
14782
4375
10927
10796
4371
2565
7844
1216
2813
1103
15510
8919
10042
13039
3028
851
6278
9985
9276
16175
15280
14711
14112
10590
10934
6251
8892
2929
4600
5156
6072
13256
2277
15825
7850
10966
1040
10474
9634
9187
15503
9531
11607
13273
3596
8179
13105
5253
7508
12131
16086
16376
9588
8752
3633
3756
9914
7873
3257
16154
635
12233
2371
7115
2912
1151
13257
2945
15445
10222
12270
8087
8072
8486
1845
6053
8157
3344
14465
8533
14875
3772
15447
10638
12061
7196
3870
14042
12858
12366
6519
11119
6823
13490
3286
1554
430
156
8706
3000
9126
7351
6630
5980
9685
12789
15947
12264
14785
10235
211
7041
1167
15974
16374
11022
13319
11250
7139
2295
6280
1031
12197
2516
16204
9253
3906
11185
579
7632
13084
6457
3989
8337
13645
6673
10610
7528
10931
10321
11448
6221
432
14783
7629
11872
15524
6172
4693
15757
7503
333
6412
15464
1488
12501
10652
2122
3697
9541
7680
4570
15426
5223
1123
8375
3221
1915
617
12709
7857
11812
2334
634
2197
6108
4403
6616
3327
5809
7695
12730
9349
6700
1124
6284
15080
13994
16311
10663
4437
16131
10677
12950
3639
5696
6096
5120
9620
15267
15458
11011
14262
11753
12404
15364
1274
13418
5233
12094
13357
3857
4453
9599
2358
10756
12680
5111
12066
3905
918
15813
6524
11552
3678
11361
13536
12006
14796
15154
13759
2381
13999
3802
11406
6375
13453
13200
7215
6622
11334
4018
15068
12951
8101
13009
14448
14507
2275
7793
5204
5014
5076
10159
2142
14350
8858
9221
14710
14138
5676
14859
251
9878
14023
1399
6330
7710
2249
5440
2281
14334
13663
7127
12818
16059
13734
12568
4606
13161
6505
12096
15540
13856
9247
7277
13383
14268
3188
13045
6268
4849
12809
6555
6348
16193
11701
9494
1989
2720
97
6839
7495
2935
6802
15904
641
6219
679
14584
5612
15188
3615
2507
10898
1205
13028
7774
12363
3827
4424
13239
7427
117
11006
14331
1766
4536
13071
5128
15449
2095
2322
6209
3581
4981
3375
5954
15913
1461
15012
11292
10075
8648
13169
3776
7453
12525
4839
12865
10726
4763
4609
8206
6617
11220
6474
12419
6778
14265
11455
12813
14539
13083
8666
14973
6596
8132
15495
12700
15776
16060
15375
8524
862
9879
8322
1489
3832
341
1656
5289
8557
12505
9810
11647
6609
1315
3346
7648
13690
15817
3950
14378
12293
9997
11602
13153
13527
6488
4552
4238
2899
10764
3932
16042
12097
14629
633
10218
1472
8964
2355
13356
2682
261
11920
3447
6661
4285
2508
1734
3547
10644
15535
5259
4108
15054
5861
3602
273
1203
3984
14172
3154
12418
1278
826
4061
8042
14646
11731
6316
13398
3010
12427
11475
1706
14843
13472
1948
4936
5110
10649
1576
15298
11062
15719
13805
16321
13412
2818
14899
5721
9940
11209
9738
5200
4861
7739
1897
955
5068
12752
3382
7547
11313
6958
8728
2340
13858
5940
5254
7987
10710
8682
9054
1978
3978
6032
6324
8984
5276
5501
14951
4185
10618
9758
2342
781
14729
6149
5675
11364
5627
9141
11167
3569
3395
11995
3127
13023
5706
10470
3944
13901
6569
15186
6008
6787
5404
522
291
15217
12342
5804
14250
13620
6879
4133
6729
11517
14560
9298
12231
13666
13958
624
13803
4170
9052
422
10416
3424
12162
700
4953
15084
9411
2735
2303
14157
2684
14245
8745
6831
10852
5315
12925
4804
11154
15021
9465
5934
8996
7491
14707
14467
3106
14132
3892
13743
11485
3118
1074
8762
16341
10371
4765
12371
697
2875
6101
14575
4556
38
16115
6911
685
7603
14359
5632
1987
6880
8354
340
2227
9354
109
9149
5000
4401
1986
5257
11713
3042
16074
16055
7545
8139
13531
4547
7704
10848
13052
5452
4627
4452
1994
1686
1
13303
15381
2744
9430
10523
10823
13610
11153
9063
7775
7326
3967
12722
1722
15209
5722
10207
365
10643
13291
5245
8019
7817
2425
7579
11284
4604
3990
15736
14425
3975
267
11667
1141
14825
12441
15143
10518
4481
14432
2119
5177
11907
1719
7675
7536
8324
10113
1642
6091
10698
14021
5684
10328
6632
11565
13800
1758
10442
2809
9919
12736
4297
5457
9973
14593
8262
9666
6771
12639
1393
3761
15740
14355
104
5379
3707
11804
3263
1298
2697
13744
5666
5833
5046
4449
15751
5323
9114
13888
13530
12367
8353
12718
4226
9168
9959
12345
4106
9551
8500
1310
130
4982
7813
10522
2531
12872
14631
14611
11590
10192
2839
1773
6354
2548
14653
1309
11926
8471
11839
10589
8308
15326
14336
3522
15376
12609
14412
10044
4264
15355
8068
6768
6479
14724
5296
13913
15164
1510
9848
9526
6968
497
13447
11125
6960
9611
2695
5199
3351
6238
14394
2863
5941
11715
797
1690
3353
11540
10114
12515
2828
6743
1791
14925
12075
4294
250
9092
11465
2786
1655
3817
283
6625
10619
3145
8018
9804
18
15434
5321
10330
4184
8493
9729
4595
4477
7369
13288
10398
3634
13598
8454
13142
14562
10146
16092
14389
7043
13927
14638
11222
2888
15214
7526
2943
15952
7542
7346
5295
10233
5637
1012
7173
7637
0
9881
16287
8883
10354
13985
13246
12079
15655
11634
13788
3309
5226
4484
15995
11967
6739
425
13397
15569
8390
11
2413
4707
1614
8613
316
10336
14788
4538
8481
815
14742
4454
7866
7856
9869
12595
4176
3233
10650
7792
3181
12267
13145
11883
10625
2841
2366
14038
14400
11591
2630
11530
5828
6357
5406
5188
8597
15981
11442
7434
4046
10596
1620
11266
14150
12251
12855
16067
6120
9101
631
5920
16148
10979
6757
10376
4752
13727
6926
15737
7433
2130
12387
1068
14479
13968
3342
9575
6417
3136
15096
4809
6243
4527
10565
12144
518
2411
8655
10434
9363
8923
10744
5138
7903
5183
14162
4142
8433
2449
5157
1247
3005
12804
997
15373
2582
3155
3322
1533
10435
12453
7328
11031
5160
16220
15425
7303
13960
8090
6999
8985
11802
7834
15699
15249
5868
3973
1694
5284
3648
16370
3550
12463
348
14063
482
89
9434
14115
8081
5794
3040
5361
7147
13241
6489
10402
5023
15370
4457
16218
11249
12517
799
11689
3590
1356
11762
7670
2761
6885
5001
2424
6058
1085
4895
6180
10935
2738
3413
812
9467
5556
3670
4374
7117
7141
5062
7197
6626
8725
5329
12806
3909
14017
694
12278
3936
13854
2642
2896
12646
5993
15640
5349
15897
8055
6659
6844
2629
10874
13445
15964
15683
8399
9523
10025
13830
5910
2244
1051
11084
3144
7551
12359
1496
1802
12863
14206
1276
8819
2795
1460
11103
11504
5875
1170
7280
12936
4699
645
2459
11748
288
7602
2584
4384
843
2300
11009
6303
8391
12633
1873
6241
15002
10149
5505
536
11322
14981
3869
5345
12120
2923
8609
2996
5340
15628
382
10294
7405
14102
3230
10324
1876
2887
13658
14963
2222
5124
3139
1523
1810
6903
12346
4764
11551
3320
7350
13449
6142
214
14349
5531
10674
4881
11113
1142
9027
6202
12947
8951
8668
15953
15508
14370
10707
6501
470
7906
8823
1532
12034
13884
4812
116
4305
1307
6146
1916
5196
5137
13934
3210
10900
15951
13213
11723
10204
4241
11305
10685
6312
3585
919
7806
12974
8875
11054
10835
10722
8021
9091
13351
7779
4820
4445
9800
5933
1024
11496
12198
4034
7773
14841
1697
11696
12458
15453
1463
54
6642
1728
3165
7786
1513
5449
14392
2198
15898
15858
1475
2326
16286
6542
7728
7610
4701
3216
11568
7988
15070
10911
5176
3122
11945
13952
3946
12283
2618
6582
15247
6776
5022
6933
13947
6938
6223
14149
7898
9248
13146
11076
5496
2628
3243
13442
11142
7306
1446
7533
406
14687
3012
10777
15782
7964
1333
4314
14977
8901
2278
127
1075
2397
1890
7066
1492
15028
418
11743
14449
16228
1476
7558
528
6083
16140
369
2586
7709
14761
4368
8715
7309
12150
6852
15578
707
8914
9559
12975
7767
1176
4311
3864
8111
6793
1696
10500
12770
6063
4209
10032
7580
12751
13857
10023
8898
5793
4943
3080
11314
7846
13258
4089
3773
11797
3587
2626
8231
4113
1044
8778
14910
5193
9968
9819
14527
4728
12300
10830
1761
13011
13615
614
9193
1478
8935
146
10642
10112
10546
10953
11863
778
12351
11287
14542
7119
699
9986
5311
14108
10000
1112
10680
1692
11111
11808
14686
12635
12323
11894
9750
538
13403
2906
10945
6696
16360
1922
11860
443
15015
3050
13657
4577
305
555
1480
13720
373
2422
15893
12232
11702
1961
349
1924
16018
15509
1337
8463
3580
7132
8427
4360
4803
12528
13015
10506
9724
4351
2510
11661
1611
2372
495
8868
16078
15094
8064
4719
12313
4097
5468
13758
14452
14954
4171
16237
10875
1800
9051
2656
13770
5692
12459
11998
13569
5557
6093
9356
5154
8854
11573
5839
4078
12868
6418
11538
1048
15631
2220
3954
8564
4799
12
2865
1545
7597
762
16187
1003
672
639
9703
10624
675
15163
14720
4036
15022
14075
2360
4740
8625
727
932
9910
11015
16323
11420
14072
5433
9487
3358
6190
7422
14500
14270
12480
3810
10759
6798
6896
13059
12821
10607
12906
12904
15712
11993
4983
2383
14531
2081
11506
10989
7643
16292
11490
11373
11474
9231
9034
14095
9778
15058
11825
15302
5479
7070
14457
15657
4921
1638
4858
11933
16015
8215
16212
5281
11297
419
13109
9715
8283
12823
14477
3299
3138
7282
4625
14978
4629
5085
14563
6463
5036
3751
10708
14236
2365
11298
4079
14635
2892
12200
3349
13072
6170
687
10088
12000
10333
9966
7158
10177
15350
1275
1304
1442
12726
2536
15097
1243
15282
15140
9889
1260
11024
2980
6458
11765
13410
4887
9753
11928
14185
8485
15051
12972
2066
654
1906
3033
1181
14339
4857
9736
3676
11692
461
16127
11321
8747
11684
5241
356
5192
10269
14173
152
14289
13833
2101
4695
7237
1120
1598
4774
9129
13923
12032
11089
15461
15476
15481
5418
3859
1787
1571
8516
920
9337
2793
3281
9093
6270
8571
9822
184
14555
9418
11584
9439
12523
8575
3985
7329
12531
9178
15706
4510
14831
5795
3886
6978
10894
2807
938
13855
14285
2558
2971
12723
6840
10471
14604
5191
3738
429
4105
8349
2517
7717
1535
2495
4450
9850
15004
4441
4448
14980
4994
11793
651
5687
682
11583
10763
10541
4978
10119
11192
14316
3767
4961
11173
4239
6898
8721
15624
14322
5667
3255
3052
4255
8361
4262
8800
13414
13063
11699
15896
14351
4277
6777
8878
6693
15855
15843
16143
244
3808
13164
4853
7223
14518
6623
12379
6046
6043
6612
3947
6231
13840
13235
2375
1659
9803
6030
9904
7763
3419
13428
3391
120
5488
8031
6997
6994
7976
931
1767
1795
7517
7939
6216
93
8683
6062
715
15245
2796
7890
16373
13725
13895
2921
5747
3198
14442
4100
1211
12703
13299
12819
5647
3956
14234
4173
1508
2156
5509
10309
7604
3641
11039
11734
11005
7874
15388
7262
3728
5499
6335
3461
975
14492
6174
6672
8060
5871
4900
1818
14082
138
409
6841
1412
12694
6570
7040
7475
9974
13634
3626
10960
3868
4588
6289
9524
1261
3053
7782
11463
9806
16135
7465
3397
14554
8291
3623
5709
9145
14682
612
15713
14601
15944
690
10238
2035
3087
10910
11065
2172
4083
2936
5003
6128
4563
11778
15087
8475
7065
5734
9047
9369
6508
7697
13253
15421
11291
3879
13167
7286
6237
6285
4143
14787
6055
14062
11014
6440
13700
9413
11732
11615
7023
12984
5948
3172
2428
3158
15639
16332
10230
9083
6089
8587
13199
15014
12853
2655
4654
13007
5119
8459
14212
8362
15593
2924
12697
8726
12292
15016
40
15711
8932
11996
12771
13520
1027
1788
3705
821
14805
12025
11120
1178
10495
14464
16004
3443
2047
15030
10529
2145
4558
6862
9262
5984
8761
11891
4635
1114
10714
12827
9216
5328
185
14317
10773
8779
9343
4574
2189
896
11640
1630
14705
6325
2539
7398
5887
14437
549
12023
10599
12087
454
63
7645
16355
4652
78
5880
853
5357
9023
14799
10129
10825
13790
5896
12492
5803
9241
1479
1674
12608
9710
11899
8735
14510
3363
10737
10525
15498
6727
3557
12445
5840
9188
7312
14155
7998
13707
7625
16344
2246
8438
13002
4321
11719
2406
4539
84
11025
87
11342
9198
12807
12790
9115
5533
12286
4103
1567
5680
1449
10972
13946
14924
13623
644
3177
4674
12191
15234
11818
14013
8220
570
8924
7982
7691
16097
9872
245
16361
1724
7789
7515
3452
1834
4438
2003
12780
10762
15236
12630
14717
10301
13137
2167
5977
9942
4430
9764
8543
2138
702
1233
16117
9720
5342
3330
2027
11524
15609
1236
13204
6038
9776
8821
12713
15406
13682
15829
946
7150
7283
15531
12047
14141
5786
7016
9596
10598
3848
10482
4431
13431
3070
16022
16157
10373
6129
1538
4435
15650
12355
2820
15133
1804
5346
8140
12760
12973
3993
6520
12685
12446
12352
9796
9471
15963
886
3813
8894
12784
2129
526
2421
16356
5009
12282
2521
3898
4317
6648
2097
14927
8880
12665
12503
1740
13867
1087
2002
12347
2638
10348
736
14233
7182
8591
8272
3945
12691
8777
6413
4721
86
3394
14018
603
1526
9453
2490
14223
12824
3157
10859
9925
6894
7606
13814
12965
6468
12593
5965
15506
11166
2691
3643
12710
14881
7540
4017
8513
14283
15627
10181
3415
9628
13694
10361
41
10473
13769
11183
678
13231
8876
13390
13815
10878
4852
7686
9319
15026
14588
15114
7712
3291
1227
14768
10377
6608
7688
9210
2972
11123
16192
13631
2362
10124
4011
8407
275
910
11411
1500
3884
2194
3131
13896
8229
15063
1931
14256
10007
15223
227
5130
7352
11447
3782
10760
3731
12888
13185
11051
12617
2474
7234
7893
15450
4179
2947
6249
4653
3895
15468
15279
1760
4791
5813
1030
6208
9647
2017
1693
8382
2193
5744
2833
4293
6633
13580
15162
15814
8927
8393
11972
183
7770
9686
2353
10671
11608
10073
5073
10459
167
72
15924
7674
8281
2416
957
5938
12826
12948
234
4298
622
198
12745
9036
16298
4446
11525
11844
9372
12761
7355
1926
508
10465
14504
9031
670
6135
9657
10399
3575
13168
3078
3700
780
9749
5381
7494
8313
5095
560
2134
11193
15673
9065
4621
7089
888
8617
4528
3717
12651
13987
16248
2456
336
6273
7742
4914
11047
601
15812
12141
376
11441
1281
4647
6658
5074
12674
14224
13797
594
15199
5991
125
8359
13293
12187
10093
9365
1121
1573
5644
5924
14753
829
12971
15519
587
7948
5187
1311
10819
4109
2019
7487
5822
10143
14815
15983
375
9307
13312
11978
10719
900
10915
8451
4122
6011
10712
13673
7830
11117
5258
8063
8812
16378
11985
11067
9643
4339
9508
1417
9159
12478
12834
14321
9608
16128
313
7452
15718
4638
2229
2304
14758
10167
958
2856
6121
6486
2350
14698
909
11903
4869
12225
10214
15910
11686
580
9295
4965
1224
683
3752
8540
6770
15172
4831
13456
9584
2380
13342
2423
10688
13191
11049
8052
5625
7620
14396
13839
15642
7552
14483
9309
1271
11010
9718
13104
3
15179
2361
5173
2708
2310
15206
7916
565
13973
16257
10532
811
14971
15973
10056
10010
1930
10845
2094
15173
12649
5307
12068
7875
11662
4497
9056
13116
12309
13955
3527
11309
13718
208
7059
15653
4832
8040
13755
8674
2719
15342
12729
7706
10837
4947
13419
9263
16285
2080
10467
6788
12536
5148
14866
2523
3051
10834
2745
2658
4223
10817
67
5149
4193
2367
15665
14340
11037
1551
4227
13588
1368
11163
4024
9447
2975
2082
8381
10413
11554
12679
5918
3392
14273
8001
13585
9857
1045
12786
11397
3146
3343
13076
8551
6512
15079
11378
16183
11643
1903
15933
492
11724
7633
5375
7914
5145
5262
12890
627
2455
10403
5403
9024
15360
11098
15467
247
446
903
13005
5778
15641
2135
7481
5579
13196
7746
16168
6430
12621
14506
7122
3927
4632
12666
680
3667
6235
8893
11131
6634
9641
6340
13224
15928
15065
8255
9681
9060
14298
11178
9505
13194
7700
6005
665
7966
7024
3593
14750
747
14170
10683
6936
2378
12994
14395
10608
13062
7071
7502
7912
177
2855
13887
10194
15750
5788
16111
6415
15281
13314
7336
14943
2960
11384
12885
15799
11817
4716
7317
9244
10196
15131
15219
292
15062
12247
5169
534
15539
688
12279
6775
6212
11904
12661
13129
4152
16268
2621
905
7862
649
2731
720
6467
11074
14516
4071
2451
15285
7777
10604
3711
7046
12364
4659
12452
5771
9123
13110
5650
945
5916
3566
14076
7958
11750
1933
2823
14888
11982
12489
16171
10813
15930
3621
13903
2966
5106
11725
11241
9992
10051
726
13302
7892
969
7588
5162
10304
3203
14683
6748
15877
15960
11138
14967
11000
7176
14215
6203
12874
1331
10562
6985
6890
13240
13535
2418
11403
15542
12195
12423
368
15039
1583
3193
13482
9127
6125
8806
3458
2484
7714
638
3364
14347
370
11858
3775
1010
1640
7538
10791
6213
10147
589
11023
11168
3442
12767
8207
1509
11293
6641
12725
12527
14840
15235
15174
2968
10771
16173
14900
15483
5890
14585
11906
8189
3483
13781
14690
14662
11924
13433
5636
8204
9423
2601
2258
11961
9163
16263
6164
11124
11218
3806
13216
191
10098
14536
12220
3256
12315
2703
2578
9272
5464
1341
5634
4178
13722
1432
4614
9175
7211
10519
15410
9067
4093
2092
6745
14727
4153
4819
11148
10415
1613
9
8335
8694
4715
5703
6781
9585
9414
14694
15688
11401
10769
5159
13050
615
321
2111
2420
6028
9304
12189
6039
11467
11032
7231
4856
13547
13276
5777
1601
2647
11809
2688
2849
14377
2174
12822
2290
11854
3387
7881
5099
295
3533
8900
7790
12340
12896
8495
6927
6967
1943
14012
10224
15839
5354
10527
5958
12937
12851
13306
3538
6473
8657
1146
4068
13698
9943
9528
677
10909
2806
12080
9680
14684
8891
12137
15257
137
7226
9251
15576
10938
5201
12660
12565
12869
6304
9137
16213
2320
13441
12206
15264
3763
7627
810
9116
2504
3608
15248
9791
785
6262
10600
14616
13941
5566
9318
9607
12601
8981
10282
2556
5966
9041
9771
10240
12435
789
7140
8758
1230
2572
2778
3160
9192
15197
12676
5553
4830
9120
5756
3501
12060
6590
1521
1909
15493
10563
3771
11912
8344
8254
11666
5889
9078
9853
9274
5552
15501
9346
877
7110
10822
14976
15630
11375
7707
11126
4757
14441
10630
7179
12907
12095
14447
12424
15824
4407
4974
2705
7765
6657
1474
14830
6302
10451
6907
5576
8146
1588
10904
15294
1868
13483
11476
15545
14928
5560
13251
13221
7815
13528
8942
9388
9629
1328
2866
438
10806
14158
6314
3570
13182
13225
12966
11629
33
11391
6875
229
5686
863
7953
15462
12557
15734
12405
1857
4346
6703
2689
15566
8708
7058
11038
1664
1688
2615
5107
7630
7640
1175
5742
12294
3215
11523
8181
14107
516
1380
12541
13534
7541
11095
13378
4008
389
1511
9113
11068
1643
3800
647
14077
1118
15784
11785
2598
9172
8638
10243
7098
4795
14636
15733
15687
7652
15286
12924
3374
12471
5561
14771
7056
924
10074
6029
6420
15821
6667
15277
143
4369
10100
11683
3521
12067
12650
10306
15178
11149
11562
8658
15900
10568
5389
1143
1776
11796
8340
10225
4668
1439
9744
7512
7527
2347
13860
5072
9632
13597
11400
1395
2617
5620
15349
1362
7241
9980
9690
16309
6274
1397
1705
13648
9751
8660
9840
113
16037
9946
11499
9580
13842
14652
381
8784
7322
15749
12940
532
4464
3999
7734
13193
10449
7221
2088
6233
5144
7442
12766
7594
6998
872
5593
10106
2072
14538
3558
12325
12324
5785
6204
11830
13660
15746
13726
2764
5679
6466
12296
8802
8210
3525
357
4872
3047
8436
2529
13674
8552
7131
7187
12513
15407
280
11020
4344
8953
1166
2252
8478
15309
11269
9415
5862
15764
3100
4234
8192
62
9105
4867
3920
13771
9833
9222
7401
311
5584
12479
12161
7631
1086
11060
7039
1054
12244
6428
15551
12086
2015
13155
6119
10027
6045
16365
13931
4205
14279
9184
7600
2486
10412
6372
9932
12339
12978
12580
7931
3341
1921
9032
1179
8078
640
5054
15459
4663
9569
3019
13728
1059
15505
8368
13775
13619
16044
8416
16246
4971
12168
2613
4286
2499
7940
14544
13310
8896
8589
9030
11672
4713
4924
13479
8080
14674
6660
13869
2743
1785
6462
6977
15908
11063
14591
14235
239
1789
14130
7088
8088
5059
8554
12201
9018
14203
9003
9371
2881
6311
11383
15835
8182
12192
3962
1835
9999
11800
11968
14058
1018
3305
11588
7109
12030
8944
7543
1058
3063
14754
3084
12569
2525
4096
8429
415
12392
3039
10514
14696
2522
3971
10325
7635
786
11296
2133
11066
8049
3287
10666
11238
13373
4316
1574
4808
3604
1735
15923
7615
1751
8899
12731
7801
5339
182
9355
5424
15484
9306
4969
7937
13813
10761
12193
773
6892
5569
2294
15997
15371
13782
6705
4364
16033
8641
5256
12254
10050
9006
1520
8099
3663
844
15480
12583
8398
2826
15906
11726
154
1126
5726
13641
4747
6000
9983
14371
10257
1856
3931
8048
4950
7178
13320
8565
9330
16073
14833
10017
6681
6819
6374
8611
11140
2437
10971
13665
9033
2641
1400
1552
574
6337
1093
11069
5182
10870
13008
11182
12626
7532
5416
16113
16209
3890
14005
10227
9375
9548
8057
3721
16027
452
9300
9207
14269
562
3833
10440
10926
11035
10783
6628
11078
1828
7829
3933
12548
4381
5227
13532
8301
11638
956
3541
7761
9818
2335
6169
9913
2610
13738
11418
5423
15582
5391
5619
6679
204
10789
10535
3826
13106
3662
9111
14508
7161
15919
14015
13014
14736
4676
2319
1388
15489
9170
6762
14886
13816
13086
13413
2542
13379
14148
13970
4515
7423
7222
8299
8913
11957
1632
13716
7568
9498
12302
3492
8939
3241
7474
14838
13825
7319
3610
16048
9866
7392
3839
7915
9506
13898
10512
2919
5317
1065
8649
8260
8612
8628
9732
5338
3542
6543
10585
3271
14666
5216
14622
11922
15801
1847
12836
2685
2261
1542
6296
13844
5967
6979
15238
8334
4306
1716
11516
2734
12605
3559
3261
15675
9489
13154
8437
608
6477
3059
1594
12893
12104
15538
6932
10290
12474
2700
8142
10021
11050
13243
13069
5483
6773
11362
13991
11582
15088
5544
12151
11407
12360
7013
15574
2301
3819
6995
15020
8957
9590
10085
1600
9817
13497
11885
10200
10567
9648
2515
10340
11426
13918
1064
2257
8630
15646
11980
5830
16153
9975
10990
7395
4270
8573
3567
9683
3899
13957
13533
12028
13150
12448
5269
7209
10802
1587
9132
988
9004
6167
5435
15589
11494
6690
4118
15315
12964
11439
14154
4559
11486
5651
7137
11984
8603
10986
14221
14326
16331
3854
7909
11841
12062
7972
459
5925
14793
10885
15314
3937
11914
14574
3795
4358
11784
8507
13753
10162
8127
11735
10302
4567
1995
6148
12007
2192
2722
14936
542
9485
15791
1098
15292
746
15595
8517
2031
5705
1754
1344
2754
15416
13030
10675
4739
12074
4786
12466
14884
15907
11346
6859
12653
7799
16262
632
8756
14713
15701
1712
11156
10826
6021
4373
4873
3507
7189
3881
7008
9139
10866
7973
8488
15987
1974
12911
12788
15647
6526
13749
15547
12641
3556
427
4756
14994
11664
8561
6258
5373
11216
5246
12564
5353
7613
161
11041
16151
15669
13603
5765
456
14374
1459
6532
9386
6300
16369
4086
12574
13910
14472
581
9070
16011
527
1246
12773
1959
15454
9552
4534
7079
6963
5266
1363
6511
3749
6796
16219
1119
9821
1504
8418
13541
5935
8830
14305
1264
3130
3044
10516
11851
7469
13446
4889
3629
8311
2794
1359
1419
13671
13184
4382
5749
15457
545
5551
14381
6307
15497
13360
14456
13022
10008
10396
6574
15417
1208
8380
9138
9338
2933
1691
15753
5175
8794
11550
12558
731
13370
1316
13407
15955
8881
14610
1232
13705
2884
15856
4219
8093
2182
1374
2748
5649
10692
103
10231
2000
4459
9752
12223
355
16174
10492
4418
8201
9156
2770
16013
5415
16203
14808
11570
9653
6329
10486
3119
5950
12476
14530
15832
5448
8740
607
623
15921
8445
15405
13436
4667
10538
15211
2271
5263
5882
16199
9711
3500
15760
14078
2545
14964
11446
2444
16207
9014
1346
8387
3737
5383
8599
10120
12850
10154
2858
8191
14329
5445
11135
7044
15730
13466
14864
13526
779
8692
15343
15204
12208
266
7025
12196
2215
12119
8002
8252
5960
2777
9672
11169
7668
2729
8131
9782
951
3032
4245
13162
4064
12380
13651
5405
14314
10832
5065
5884
13376
11165
4750
7854
3582
3987
8196
12998
9824
1518
6731
15724
3408
3109
4087
15049
3499
15469
11745
5802
11948
8846
8236
11459
10004
7435
8425
11956
2496
10850
4993
9211
12243
1312
12425
11791
10955
14819
16250
4195
13704
7855
12551
10821
2216
9723
7366
14217
1097
4743
10168
1993
242
11404
5648
16238
13822
9277
6747
10694
14905
7077
6753
14087
765
203
788
16036
12329
13662
2489
13010
6895
15064
10551
5810
2951
4585
11061
13016
10421
3815
12055
8015
6741
392
9144
13926
15833
14227
2864
11372
13435
10690
13387
14992
2732
16061
6158
3645
15240
3202
813
14692
13863
13250
6610
8357
8791
16121
9794
6056
9760
15861
14814
11510
11655
12989
8360
11282
9761
6951
8007
1547
766
12432
10851
2905
5865
4683
8422
743
5814
16352
11416
377
6200
10068
15460
7960
965
240
1801
8285
2956
2426
15289
6549
5974
5236
6436
4875
10501
4110
13158
472
6355
7012
7725
1929
13745
14790
15600
206
15644
15618
15142
1839
3611
16041
15395
15472
2058
5161
7397
5850
2664
6147
8618
6343
14887
12980
3844
11223
7880
6435
8793
14280
57
12456
1471
5672
7193
1441
6935
3715
9863
7997
8096
6723
12010
7983
15384
4084
13289
4949
15212
1382
10464
12081
6654
3332
10453
3441
6564
4501
4275
8864
4006
540
8701
11501
7967
14453
16114
1091
1340
13686
2900
16152
7673
1522
14639
561
13295
13552
7033
12029
9851
8431
6155
16316
14468
11272
6287
1131
16318
2239
14052
2396
12556
2169
6988
14281
9427
4334
2055
968
3719
15557
10316
8562
1731
14648
4592
16211
2608
2989
15811
7183
3294
8952
4915
9728
6990
16186
3001
329
13646
7816
11846
3192
2644
6797
12058
10901
8376
14302
1042
16368
15440
14198
11691
15092
1433
15871
12257
10702
3266
5070
13152
9511
4636
15564
233
8520
14220
12209
7796
14237
4622
6568
3497
13591
11929
8928
1838
11174
11195
16371
987
5327
10747
7511
5017
6012
7616
10462
6860
7026
6554
15931
201
1980
3437
6993
2805
7888
15145
928
1001
346
5325
2596
14801
11991
11594
3618
5904
15714
13335
2270
10784
14267
4422
12337
14944
2
7485
13424
4532
11257
7561
12833
3865
3792
6799
9841
14732
14218
7287
6822
10086
12152
5823
3660
5691
3748
14312
16330
15475
15725
111
5224
7963
13266
8450
7275
2159
11176
2733
3535
3388
2679
7380
5414
12369
9933
14661
7766
4989
7650
4267
3781
2075
9303
11230
1662
9270
4272
475
13773
5854
4587
6027
13282
14528
15604
4837
12590
193
9017
441
12275
15786
724
15596
7878
7592
13916
1746
13457
2675
15986
13232
6889
1898
15191
1580
14494
3023
1998
15099
13236
15150
14568
12416
3860
4505
5858
7962
3149
4032
12715
7332
982
9140
4818
14715
296
13747
2010
525
6922
11878
10092
12992
3451
6361
9478
435
556
4929
14956
13589
15038
10079
14659
16030
15994
7135
5350
10829
7168
2717
5546
16236
5613
9387
8174
14889
6538
15441
5280
11556
12052
12909
11663
8442
3508
8453
1821
10320
6699
15377
12212
9290
650
11704
2077
9243
12180
12796
9865
8675
7999
5520
3370
14277
1955
6194
4196
3872
10865
8097
4359
2393
2710
13004
10087
2498
5591
13711
14435
4443
1831
4258
12625
2606
5471
3373
10267
9448
4207
16176
12913
8162
12740
2064
6918
5906
9702
12362
9164
11191
902
13120
11949
11571
4487
14294
1420
5297
756
8000
16145
16049
10908
15126
878
2740
11832
9022
3225
11969
5761
2260
4366
2696
4938
5695
12110
9809
14098
8665
6227
12406
8277
13751
174
1782
5770
13029
11440
16106
9029
8395
3469
3900
7014
12350
9362
9849
8724
8244
9174
6721
15766
12631
13632
1376
796
5214
15613
5351
11225
4030
9466
10173
10365
1605
13134
5010
9544
8877
13132
6057
845
4935
4626
833
15629
3589
7456
1886
5252
8058
10379
1196
4154
15136
8066
10054
6452
7570
6809
5205
11162
1900
13537
10283
73
8656
12931
11964
1191
3930
3466
13425
2524
15091
9663
995
3105
12333
8086
13082
14325
16214
15288
13382
6786
13905
13330
7415
10256
12534
5096
5186
2228
2323
3205
5127
14415
7802
12778
428
10069
6220
9593
3600
11740
15523
13296
11966
2150
12775
9390
11204
12245
9675
11008
8323
12049
9122
4015
8909
14940
11177
10511
738
3166
13464
13565
13786
9358
4320
8172
46
11290
1863
752
15828
2870
9708
5371
547
13074
4610
4180
1540
11133
12394
12420
5949
2814
2016
9655
15220
14942
15072
802
10524
3475
11618
4760
5995
10505
7771
9765
13560
12801
15378
6689
5374
2430
12832
7335
3640
719
8290
10084
13427
5527
10152
16001
7876
7050
9577
11930
9967
6024
4711
5659
5545
4389
5589
15050
1631
8929
2382
8963
1402
11717
11489
9075
3926
8867
14846
1826
11311
11560
9260
5264
219
737
6620
2987
399
5255
15909
4062
13031
8547
2024
13297
16379
4001
5852
4686
2149
15347
2402
11679
10110
2178
10727
481
5641
7910
1793
11649
9617
12749
10390
3226
7612
9068
6722
2465
9152
7129
3404
10171
15602
9284
312
9605
4642
3514
6836
8476
13932
10355
4135
13993
12695
13883
11328
8738
2245
8309
6551
14824
7609
725
9294
4569
9037
1365
8949
13959
11758
1197
9615
13906
7396
9589
2163
7833
4160
14361
44
3259
501
15218
15611
2686
1272
3293
14780
7839
1228
12514
3672
3666
4684
9280
10840
10793
14080
13347
10026
1379
12491
16267
9739
8465
11462
350
11962
12825
5153
15276
8749
4530
13836
3647
12599
13048
9918
8515
14088
5422
4645
8054
3642
11681
10754
6380
10814
7483
4296
1775
6247
5733
669
4322
2739
4202
15319
6152
9860
9403
11977
6650
13874
6527
4754
11558
15386
2916
8510
7208
14239
11714
573
6391
8632
14404
1887
15926
11685
11645
11470
3075
4603
7905
9492
1334
10280
6961
3519
4230
10105
2711
15679
2801
88
13807
586
4838
11244
7808
7416
10381
1451
12540
6441
8177
11905
12758
11845
9514
14762
15431
6855
13098
11469
2316
5207
450
8598
1904
7581
7429
2983
15526
10024
3694
10888
2913
16039
6102
6981
14085
12272
14893
14525
7853
6052
4941
8930
12619
14231
16184
13608
7313
276
15867
47
10151
504
8732
15448
3197
10429
4166
12991
11592
4521
8415
15849
2286
3758
3797
9443
2170
5513
12927
2472
8023
9567
6912
4692
5282
9219
11221
11367
1645
16162
2007
7353
4157
9402
14475
440
7638
6704
9340
529
14708
1023
6054
14443
5078
16339
3183
474
2825
12671
11115
7080
9085
2255
2995
16021
6697
7111
5779
4933
7499
9367
7902
2297
12881
9837
155
15077
15562
8200
8809
262
1815
1348
12509
6772
7003
2061
5614
9536
5900
7655
4712
1269
14818
937
11543
6065
4731
12802
15059
7699
3081
10616
13595
4860
11392
13967
3454
3759
6407
5740
13735
6637
15076
1725
745
15152
8070
8483
6826
13768
8026
15490
1425
8089
6397
10375
718
13452
1772
5049
9532
15622
15607
3453
13584
10912
8882
10846
11433
2219
882
11160
2911
14673
11575
2338
14898
13214
14968
15948
7274
15949
12757
236
14996
9815
912
8248
6531
3903
3073
9712
15847
9964
11848
1939
2653
13486
6291
3218
16006
6478
15901
5879
15419
9232
2559
11350
145
10109
8767
13939
15045
11976
11491
16304
11631
993
619
12314
5717
15617
8835
4944
14358
4390
7224
8003
12734
6763
12214
4408
11101
1861
1347
8698
7363
411
10987
1083
3432
7462
6591
8820
5028
9408
8766
4047
6020
14466
7977
15614
12402
10358
8790
12354
51
7657
5895
3628
8785
8987
1621
1597
11620
8037
12552
12702
9915
3333
14798
11990
6539
4243
10286
3302
13714
1028
3687
12240
10237
16180
1406
5618
12708
2616
4951
14417
12878
6992
2583
9493
1108
4772
3296
11155
13388
782
3446
6815
2356
13864
3142
11572
6246
6206
12522
11348
14066
2726
3915
14136
7258
9871
15636
16070
11733
12769
2753
12659
2341
162
4447
2832
10053
12123
921
9444
14520
11940
15591
7279
11118
8566
12622
3162
14533
7364
2970
11493
659
15747
14083
8265
6051
2243
2230
14730
180
12059
6624
10137
11428
10157
8845
14854
11847
1428
6433
1750
1431
5801
14424
4598
10517
13078
3706
7553
1561
13971
3229
2460
10578
12269
1128
3549
11248
10150
12781
14481
4908
12014
996
14772
14427
13539
1486
4576
1210
1482
1531
6345
4544
4987
6310
3760
9499
16134
14041
10226
14860
7073
11751
6133
3297
1209
12468
12880
5358
7096
4571
12125
12048
10886
8331
8716
7923
6171
12389
10
4709
5290
9534
13821
15225
7359
16056
8989
5055
16058
12024
9989
3901
8036
8440
12178
5677
15226
12502
7051
3357
13871
14352
13616
8601
15053
1332
12467
3540
16139
13935
6082
751
6421
8239
4291
6156
1528
1639
11633
13930
3552
10299
5737
14521
6541
4342
10370
12612
15880
9344
12147
668
7076
2026
3818
1029
5983
8149
636
90
962
548
10134
13917
151
5842
8797
5087
15865
3402
9970
14065
9108
7436
14982
10820
4081
14781
15662
6293
6605
3544
1769
6546
10216
2352
13091
13850
7556
7072
9287
10072
6070
3290
11227
3339
11019
16274
4440
5694
7078
3564
12985
1960
11636
5912
12845
6439
10557
7501
14773
1016
14169
6492
15738
3877
13443
1536
14832
6250
6666
11783
15726
9908
5846
15844
15333
14128
13034
15705
1282
3355
13561
3804
5337
596
32
6794
11650
1563
10189
14749
11377
2086
7018
1850
15862
7852
5429
5956
10009
9435
1437
15082
12981
5835
15263
914
10490
12393
9285
8137
1147
12634
8333
8267
14590
2315
10217
10790
8915
3238
9131
2208
1110
5104
13488
3324
2284
2112
13843
761
13450
7895
2544
7148
12512
11728
2151
592
12002
1444
1595
14885
15661
5384
8345
8763
13364
8247
7261
12173
4136
9807
3191
10279
13953
8480
13679
8412
4232
5492
15169
9311
4041
4608
3816
9462
2528
6010
9162
15873
12038
367
14756
1610
10882
15681
16366
15044
9693
15620
1148
5923
11994
4399
1415
9509
11542
12111
1005
10810
12690
7753
10873
6035
3485
1221
15527
8092
4055
3764
1429
5041
4777
6913
13480
8205
13766
7
11040
6481
2060
9892
14766
5454
9121
5994
10210
11326
8217
16239
3110
7595
2773
11188
11601
11855
15369
5291
10463
5652
15335
1057
1240
5079
5571
15937
7074
4879
5888
13415
2379
13409
5458
15968
4966
3609
2039
1883
8542
4050
10917
14502
8012
3863
8849
13787
8695
2652
10272
7934
15299
7091
7942
3103
4199
824
10248
2414
8581
16085
1733
1514
15414
10136
15325
13066
14225
5045
5134
8164
7171
13915
10836
10400
894
13043
12413
6218
5674
2250
10645
9766
8741
13392
15838
3171
13572
1343
15543
6510
1192
6752
10703
3009
15159
5024
8138
8647
8169
13108
1049
10329
925
1125
6886
8213
15721
6341
6983
6991
10946
13401
15201
2997
8188
9275
949
14416
4163
13313
9624
7653
7933
10720
3710
11026
15253
5522
8194
12636
7049
15297
14811
8532
7749
3436
2408
2442
8955
12500
5946
148
16200
4905
15638
14422
15709
15393
10391
13625
11865
10215
4573
10077
5165
4584
15990
12237
12041
6240
503
7507
4960
13969
10954
15985
16047
3201
12537
10424
7681
15435
11043
15516
13065
7207
8731
16276
13272
11369
16275
4162
1745
13439
11317
297
11965
10386
2439
10013
6941
4392
4963
15112
12440
12003
947
188
1644
12107
10749
13211
8133
15181
5629
5848
1498
9147
11145
5480
13173
16354
10244
10736
15006
7385
2714
5486
360
259
6431
8470
10163
2603
14252
9995
908
8034
13317
319
11390
8497
15193
12923
2645
8527
1964
13586
14586
1717
11161
1193
1300
10770
15387
15165
1572
1881
14603
7458
6915
805
4362
8347
13618
10148
5170
12288
5792
74
12374
8936
6656
12449
1378
14181
4697
5549
8039
1816
16150
2877
3406
5133
8869
10115
3534
1273
6929
6853
6491
15310
4675
9839
15433
10414
12205
12381
11325
2021
12312
412
8156
15146
14929
9425
2044
7490
13163
12133
3167
5438
7845
13495
14458
15158
1424
5081
8908
12037
1809
12589
7971
769
5135
301
8370
2091
9972
10924
6269
2343
334
3873
14222
7055
5685
11347
10179
866
9570
1822
13752
14695
8134
5869
7784
10967
12871
5333
9281
4376
14908
14765
14902
9148
7464
14073
15362
4641
7783
3654
8709
14341
2160
9962
4545
15246
5011
5693
8808
13284
1235
13692
8464
2518
2657
6138
2505
2831
14327
1335
12051
8258
14489
3054
10190
2162
1878
15230
14857
8152
13922
716
1885
13553
6309
10303
11251
14165
12181
9891
3847
12997
14995
15522
13160
2812
3543
7486
14480
9086
14048
950
15161
1807
8269
3464
12831
5092
5907
11623
3814
6540
9928
13245
11431
4535
2398
5190
1127
13353
6891
2977
10117
7484
12005
11079
1165
4140
6769
4896
1830
4979
6566
7248
14515
868
10221
13051
9961
8352
8020
7480
11205
6795
1345
7907
5103
8511
15834
14345
890
13475
3057
5710
12743
10788
14176
11703
5565
11360
1812
3841
9678
5143
9756
15917
5728
16325
13748
7004
1200
3354
4524
4525
7807
15329
4999
1729
14421
755
11955
12383
14171
3308
7498
8848
15200
1905
328
1198
2756
1973
6708
7348
5568
3923
3502
12902
2871
4901
6115
10331
2593
6974
8419
7293
4885
2482
10022
4890
10209
2985
13672
2405
9445
4250
1217
6509
11289
8895
13554
7314
14391
2116
3262
12805
2299
13622
3060
7496
7601
10592
9136
13352
10419
15222
7216
10831
1777
13792
13476
14716
7344
9688
15959
11807
6560
9705
2476
7476
5657
3630
3702
7029
6594
8751
6184
6248
10078
85
2479
11381
6443
5510
11093
8371
5136
11091
986
9020
12547
15047
6496
9912
14784
11828
8669
5035
4425
7186
11642
9842
1089
13513
16124
3207
11285
3031
12221
7658
6878
10656
6783
6429
11444
4324
7849
6643
10995
2487
12021
4469
4775
13242
8537
3245
11879
7311
12165
1888
7263
15073
13325
16254
1786
7938
124
9245
5640
7108
12126
1657
9602
4042
1899
2677
1575
12332
6403
4271
4051
4479
6461
4021
6425
24
9011
16249
2403
15905
1798
3246
15303
11622
2247
13904
2763
7679
12560
2894
10276
13020
1952
6495
9376
15067
5760
5482
3249
2478
1586
4057
10684
2514
14751
4391
15392
1288
2557
8941
209
4022
1061
1250
14853
754
10970
5811
2575
14595
12627
371
3680
10404
991
4329
14776
2553
3891
11226
4612
9767
6515
8702
9600
12953
6066
11890
15494
12667
14254
14145
2668
8165
3889
10682
16017
13300
15455
15992
11871
224
13372
9637
8729
1190
15976
2614
3798
2998
4942
15643
11073
10711
1718
7005
9504
1892
8906
8306
3082
1072
2113
1589
3017
1944
5514
11332
12624
11256
14714
10153
490
10792
4027
10425
7956
14488
3384
14114
8920
2949
14129
10640
729
6619
4651
12443
4095
9927
830
14789
271
4222
8410
9682
5301
8304
9799
13986
14851
6954
8576
10409
3809
4661
1226
936
3750
11344
4736
12571
15608
13178
8569
6007
12335
8857
6738
16345
6106
2053
15633
5206
7922
7466
11777
5645
12434
15850
2184
15555
1352
2048
12108
9361
12521
11453
324
12113
16122
8298
858
15590
9001
1836
12662
9473
3217
1144
6557
6688
7946
4748
4907
12942
9741
8226
5195
873
11219
10959
893
12334
2394
13799
15029
16016
6232
7202
2967
12642
12328
8954
7372
5330
12688
5412
16289
6950
11628
5426
16288
14641
3323
15100
9360
1084
2981
5789
7708
11112
12009
12262
8781
7383
13060
1650
14774
15585
7478
3004
6677
16197
4540
11677
6031
281
2042
6390
3834
14583
14566
7365
13870
13944
14060
13909
13774
3794
6315
1875
4796
11242
153
15619
9395
8614
7932
3435
2477
13278
5698
15685
12742
6100
10201
14309
5363
3524
4138
13966
15198
126
8670
3918
6084
9981
6277
2463
12358
7310
7662
1109
11189
13739
3578
14383
14193
384
12235
9436
15936
14608
6800
6487
14630
12918
4396
7762
13508
1660
3190
16312
14067
4594
9191
7929
11881
5975
15085
12331
5309
7738
12250
2637
11795
7325
10140
11788
3150
11589
14118
3846
15147
3991
5642
2022
8926
5088
4066
15372
15885
11709
15043
4920
1133
3124
4085
15081
12967
9081
3301
511
15291
14702
15891
14895
4794
8185
5662
8279
12109
12886
12563
2206
9286
5490
14915
6562
16178
8803
15116
13636
11876
2767
6925
2850
14993
1648
16137
16126
5752
4954
870
9368
12956
15031
15036
4126
7574
15820
6438
10338
11528
2619
13170
4694
8934
2407
2540
3718
12215
7996
1242
3315
5769
2202
10125
2084
2822
4150
15969
11892
6159
8303
4894
12750
6423
12056
9254
14760
3477
4847
9117
3178
8635
13521
6572
8815
13593
14564
4192
9649
8556
12158
5401
16119
14071
16080
8043
1189
6923
2857
10914
12632
1445
1721
4554
9561
2307
1043
9795
10349
12763
15874
3368
6724
6395
5303
6002
12495
5541
8339
2052
1357
7529
12065
11900
10732
2837
6563
10123
974
2891
3779
11739
13789
2920
5427
10561
12388
4413
9903
8365
10507
12022
3251
14962
3030
7492
12482
9104
14933
12837
5738
8834
14820
7027
9282
16222
6193
9464
7822
5006
7702
7297
6714
3498
5988
12477
8466
11697
7754
5616
10352
6154
6036
6416
15943
9820
3359
12226
8986
8826
3115
13783
14722
11988
12739
1450
6858
3974
6662
1464
822
15977
2876
6446
12986
7758
2503
13719
8580
13708
14229
6917
5892
2661
1708
3187
13035
5002
7664
12218
8623
12797
9733
6737
1026
3988
6834
7251
7011
14974
3664
8976
12016
6014
5678
2991
13668
398
479
10313
7420
16170
2339
8679
7284
1408
840
16082
2059
9437
15474
1262
14800
16253
8860
7687
7913
15579
5443
5578
12615
2573
5202
6579
10049
13612
13834
6710
6561
3496
11300
3491
10743
11720
13954
3563
5115
4768
11196
6779
14113
6876
7198
4038
15046
2231
6483
3274
10103
15895
10611
10261
15929
15296
13517
8842
444
5635
14049
12663
7236
11003
15141
8678
5150
14752
12843
13659
12604
1503
5408
10847
6842
388
16217
4436
10155
12549
10745
11057
4309
2063
10540
11803
11801
5559
7582
4531
12941
15842
9107
4287
12606
11759
12570
16306
15207
16317
13995
12530
4026
14567
14524
14025
8314
15563
5089
8397
10952
2941
4191
16252
1781
9836
11307
984
4144
10857
1797
16359
6297
14946
15794
994
13275
7886
692
8159
3455
36
13981
6719
14723
1928
3235
65
7165
1410
11566
14152
8870
13845
6349
8498
11611
11626
9658
16088
6266
10897
11280
16167
15175
7772
5601
4247
12437
10374
9450
15807
1842
3313
4555
2587
3545
11087
12077
13437
1997
11184
5774
4500
4589
8249
3264
8983
15603
2445
9518
7534
8937
4201
1743
2041
9496
7608
12043
12026
5595
5594
5670
1658
1629
4758
3546
5909
12089
8447
9519
10653
16194
16196
13244
2282
3605
4845
11281
11761
4958
4494
14307
9639
11856
3732
15565
4404
9289
6001
8356
6009
12341
7378
11738
14462
512
11152
269
8367
10445
5147
15123
5758
14454
10985
13511
15925
15019
9694
3659
12263
2287
6869
11557
5378
4019
8528
5475
26
8687
10738
14180
14153
13933
10729
14034
9929
6271
3888
14972
9652
2158
6144
14545
7294
9558
3417
10175
7093
3418
10617
14803
12036
2351
4615
2164
6884
7338
14247
9546
13736
9689
3553
12169
1062
13796
748
9057
14517
7488
12602
4561
53
7053
12689
5008
12112
10510
10751
5360
2758
9394
1154
11864
10867
4127
15632
14313
8319
6982
10648
7259
1021
9566
13219
2033
13467
9547
12922
7358
11449
8999
8110
7599
8672
10296
7868
9846
13055
5511
7342
10195
7959
7104
8889
6187
56
9604
10925
11114
8135
9378
4509
8938
4864
4862
8075
15984
14226
5699
15308
506
2651
7094
4813
14151
8270
5824
1923
9320
10976
7371
857
15902
4578
8871
4859
4423
5660
2107
5826
4303
465
7585
611
8183
8209
11315
3472
6059
3444
9283
192
6597
14914
6301
16221
10012
13217
4729
2502
6653
2909
661
6201
15546
1159
4727
11301
6955
11058
6350
