14035
15357
15365
13399
9171
6536
733
3709
11878
4914
3082
3429
11938
7493
6609
7147
5582
8622
9474
16117
3879
13840
3423
8491
12246
5037
3523
10277
3685
7230
2266
9510
14014
3924
252
7062
15434
1341
12727
207
13047
2443
6821
10599
15330
9274
6079
12093
15445
11823
16075
10554
8340
10119
205
6264
1934
8169
12268
2220
13232
11513
629
1518
3126
8175
5077
7621
14594
15496
15650
3867
4107
11579
189
13610
2430
5733
1711
3397
5171
13037
10717
15997
3676
6413
2880
13094
4240
11367
12874
8130
769
12298
3197
6306
14193
10435
14365
9687
15908
1848
14995
5761
7446
74
14036
9237
10933
12396
2234
4535
5700
6209
2302
12597
4183
7373
11037
1057
4771
3359
10670
12548
15707
16176
12406
9533
11915
3748
8477
4979
11668
13161
7512
15281
5385
6020
4496
13528
6412
4389
10382
9569
6021
10886
2626
11053
11236
4791
10425
2253
10436
14913
12423
1275
11607
15043
14967
15396
12038
7288
6315
685
891
10244
15855
14494
10082
3645
15107
12920
9410
14941
10569
6738
13237
5198
10582
6285
11829
12264
1574
13760
2964
7904
8879
10785
8162
13034
1430
7405
2577
14588
15493
5146
211
12343
13649
12797
14279
1439
11022
8812
5888
12456
2892
10404
771
3542
12944
4836
3663
15800
12555
12074
1091
5074
10897
12164
10019
11609
11863
14886
2699
6001
13377
1694
2140
3515
3235
14665
5931
14358
796
6831
9546
4492
12748
12495
2097
1546
2848
12566
14492
15609
9566
1935
2179
253
15610
13956
6198
727
57
14740
9319
15268
6516
3733
2270
13594
9512
8733
2874
15980
11038
959
5231
2439
7946
14440
13365
9506
5313
5669
10004
10460
6303
12840
1080
3056
9190
895
16276
9547
2209
13838
13117
2409
128
15327
11233
1730
2557
2227
2488
8029
15502
16291
12041
8196
12462
1936
4277
7734
595
1473
7620
12659
14192
7642
9044
14084
6004
913
15405
5610
13496
11333
5819
14416
5663
7071
15729
2659
4882
15853
9987
5115
9377
13966
13971
8675
2045
15473
15647
12713
5277
2318
16247
3349
4602
636
11310
3170
13410
285
10581
11745
1910
3471
5397
4858
3827
7440
2866
16138
10330
10797
4573
12232
2666
11469
3825
9244
9254
5105
12661
14024
13817
11593
15478
5798
2775
5378
11530
11261
6580
9980
15480
9771
15003
12334
1907
12018
12419
15041
9902
7608
1485
15147
13898
12878
7442
9362
11212
2325
12582
12170
1421
3335
15386
1563
7872
11043
15388
12708
8736
10863
12119
11013
8257
1991
1874
9774
5176
8043
10561
13748
10472
1858
8798
6684
7267
7691
11826
13762
155
8062
11321
6194
12858
15637
6562
11692
12679
13198
14004
11097
14678
4035
4517
8564
10159
3493
15181
1056
11768
246
1456
3636
1379
3364
1337
4762
15421
2176
13430
9765
402
8996
1890
1476
2052
6287
15123
10038
6648
6510
14260
5710
3271
3571
9592
10565
11179
10972
8759
10975
9930
11392
4186
13121
5654
2143
6324
543
10052
13378
10201
8371
13524
707
6951
3675
6941
15397
3265
10272
449
12628
10139
11999
8357
5283
15236
11273
401
14157
12271
7824
8224
14128
4003
3194
15074
6170
7415
11939
16164
7554
11417
14510
10751
13471
3511
14924
15337
6060
7964
3661
9206
8030
4931
11919
12590
2200
2072
14496
5668
10729
8838
965
8814
3189
14160
15306
14794
12276
4983
430
5988
4115
8453
1938
6463
1038
2663
5211
7731
15818
10616
2706
3016
8786
9328
4990
10310
4888
6102
10491
2898
4405
11278
1031
10070
1879
15317
12782
10161
14822
8515
14058
13257
7945
15277
10891
1737
12547
15942
10767
13982
14984
5834
11577
14377
13855
13908
12484
5949
10198
1390
4900
4603
13368
1495
12872
12716
7806
3786
8901
774
4307
15736
6292
15880
5692
7019
7127
3575
12481
10685
5236
7537
15338
15708
8058
8687
4248
6554
14557
2312
5376
6906
14421
15740
2032
6878
2767
3855
11608
9839
15190
11535
10980
6683
6112
168
8600
12474
9500
14485
7302
981
8643
10825
12413
13393
16379
7068
2629
10252
13754
13830
9488
9157
1915
3684
12497
9043
8794
5345
16322
1393
4841
8760
5435
3065
3743
4142
6256
14948
13985
1291
10775
9124
14619
4519
13932
11400
4749
8134
3944
11483
11734
9673
14745
3907
1801
2058
808
3478
16362
1568
12094
9200
16178
2022
8875
11032
14845
12146
5561
11240
1235
6815
9690
9408
3049
9393
15972
31
9325
9788
14311
8079
11049
6853
6046
5850
814
3599
8187
12024
2328
12801
6377
15832
7711
15963
8031
10165
10676
2748
8718
1117
14542
12412
4600
8056
6226
717
13602
5903
13946
3211
7220
11149
9667
9710
2763
9878
597
8240
10227
4943
6570
5428
5937
9423
3129
15149
12220
9470
13284
5361
297
13584
13578
8124
3690
7196
15851
4246
2305
14139
9181
10061
5228
13530
12466
810
1582
14497
4798
14032
11369
10163
3181
3400
9106
13656
794
2092
12652
5612
1942
11002
7840
4255
6714
4446
4128
13646
16104
13688
14214
2261
8144
16105
8254
14640
5873
11115
14320
10574
3560
6451
354
13861
4076
5750
16112
5527
7587
13156
2934
14988
6214
14963
3519
16012
14068
9439
2667
12448
13750
7689
14513
13752
4972
4064
2410
7565
14096
7073
2061
16077
10121
362
552
13356
2727
15311
14689
1359
13420
3950
5992
10026
5078
1373
554
7783
8994
11774
5499
6595
8865
13944
10918
5771
121
9210
11644
5424
538
13364
5974
10894
3577
4309
10624
8045
16215
1674
6942
1632
13913
4482
6891
8228
16085
7034
508
3497
14175
1882
10211
6957
486
1389
10529
4559
9167
13210
6063
4515
6297
9014
8442
4511
6996
1160
2789
12498
15249
16301
1115
5140
12844
930
12009
3302
2688
1474
10141
16032
2010
323
5303
6710
8554
6434
2936
1530
1060
7403
6657
4193
5188
8046
8227
15704
6323
10995
15289
11467
6578
13243
16209
995
15941
7397
5470
10571
9357
13413
8984
12235
1000
3846
3422
11096
9306
11885
1588
7793
12393
12829
512
15040
5807
1656
6075
1643
10473
13221
6706
4784
9761
1671
12777
4776
187
1813
2487
11706
11778
7459
4474
16023
13180
13678
13590
2695
4051
3253
3417
4623
3407
14381
6940
10326
541
11276
4203
13788
11672
413
4822
8782
3304
12936
9501
14141
14368
9024
7817
12408
6012
13381
1884
14352
6782
4509
13145
13783
1135
10471
9356
14150
7867
11435
9759
7228
13992
7114
9578
15671
11523
3268
15008
7496
9567
5076
2504
5987
15686
15027
5398
5183
7951
11702
3982
11197
11057
8436
16061
10943
7237
1549
12601
7125
12889
6348
495
2875
11042
1005
3962
6128
1869
5982
15761
8883
4634
15994
6955
530
13437
13776
8284
2551
14373
11688
4448
6911
9799
12646
15933
7778
13987
9293
8524
9909
14950
3788
191
9313
4854
16083
902
2967
15955
2334
7234
12656
334
13834
2339
13794
13782
3710
6236
5363
16109
11686
8292
8863
9944
10505
14759
10133
16258
6950
763
3711
6687
11910
10934
9151
8033
5887
15229
10388
275
6723
9768
190
2516
4096
10692
10432
6052
2960
2762
12367
2605
1481
5208
1779
13312
6124
2437
15745
15316
6973
8951
12754
2623
16378
4811
10334
11843
11215
13883
14641
13165
9637
15991
12558
14799
1003
6698
5575
5734
8197
2292
12531
4317
513
3807
6611
14253
1297
15670
12946
16028
4470
9256
764
12062
14765
14558
15319
6447
1048
14974
15393
2273
5309
13251
11200
1951
10059
8769
3572
9955
9951
2063
6307
14933
10754
753
8424
8081
2275
12425
9800
10555
10630
16106
2602
1929
5475
13848
11819
3449
14293
2527
5954
10044
15476
1365
16001
13569
14711
8609
1461
5235
2730
14997
2642
8543
5916
14091
256
3915
13902
12247
9976
3351
7638
15970
7452
7922
529
11618
3854
3330
4818
4658
579
5320
3822
15793
8503
14074
15219
11762
12019
10111
10928
4629
2210
6814
140
8545
9647
7066
14145
13666
3939
13205
594
1679
1945
2301
290
9170
10002
146
15089
1744
4765
8055
6094
6459
15935
3749
13707
10387
5484
14728
1233
7984
11459
10157
6992
14788
4336
1676
15452
16192
9173
6653
10097
8818
3292
12097
2183
9811
6773
4721
7486
4764
4684
15929
222
13020
7085
14020
800
11220
9939
10433
15015
11896
12501
14985
6781
16091
11872
14189
1377
6320
4989
6985
12319
2836
9537
5940
13291
3459
2648
4956
10008
15470
5010
14616
16319
14918
15676
12655
10461
3184
15033
5419
16363
748
11570
2390
9280
12366
4597
3370
766
12296
3536
11512
6349
2977
4151
5066
14241
9068
7406
9913
7693
7744
8997
2617
15413
15846
15721
16283
8411
4310
13380
3171
12017
13682
16146
11156
5369
9622
1173
12622
15429
8181
696
2610
12189
13767
6304
1399
9049
284
12980
2598
1685
7304
2850
9023
9438
10408
6415
13008
4705
7949
8384
1176
6672
5943
9220
13484
5400
12145
14122
456
1508
8602
2587
9366
4772
15938
13045
2479
3213
5563
14810
3357
13589
4939
8523
14763
8572
16260
8423
8370
14050
6475
9593
10256
7971
11912
8547
10171
12292
12763
4144
15284
11751
8980
11294
14951
10222
9937
11981
15554
6399
10260
1470
99
13115
15815
8334
15438
13010
14093
13081
860
11604
16280
5027
678
11106
1829
12702
10701
6317
10167
700
1036
8899
14527
9415
8670
8243
12749
15112
9490
4369
13024
13327
475
4232
12105
6353
9440
3765
6802
655
6466
14739
12086
15535
3671
4919
2047
15226
1980
679
1352
126
8082
13213
14627
10448
10781
7042
12067
13605
13230
7268
1241
2174
1144
102
6376
8620
5590
4397
4695
3498
6918
3890
4441
13680
5440
7144
214
3387
2417
1015
9209
15523
12609
15531
3877
4848
4410
15575
2447
14348
4510
15605
15218
10898
3533
7911
11327
7955
10060
7669
1329
15018
2380
6573
17
11649
8991
12488
8791
6351
15679
10073
4491
2731
2901
446
1963
3476
5968
8482
8136
10910
5298
8219
12690
181
8468
1026
2078
335
7083
8771
4678
2438
11822
9107
14088
3963
6585
16148
1042
11009
11119
12624
1258
1641
15066
6742
2162
13494
14668
9
10800
6471
14743
1696
9224
536
5184
9484
4604
5138
11572
13324
3365
8419
6482
12963
11087
9156
424
238
1331
12780
9858
7215
6575
7936
1958
310
9804
14125
14428
15128
15952
9367
13455
13910
306
4676
9856
7845
11451
3582
9871
6512
7695
3274
11391
4145
9943
9749
13150
3078
6688
7661
12420
10919
1046
12779
11995
3062
12102
7788
4946
8447
6926
10546
209
7159
13013
5172
12101
15372
2509
2188
722
367
12108
2293
5062
14340
13726
1770
8871
1113
15836
12318
4866
7815
11066
5395
6526
8112
4436
9708
9629
8489
11543
16267
87
6089
11849
721
11855
6705
5714
6100
1704
11620
15025
8435
3107
9056
1994
14798
9807
9480
9905
11754
13585
14628
8629
710
8253
6646
15030
4325
4555
7770
12793
3446
13546
6375
1244
581
12315
7265
5644
2166
13339
3029
4066
7878
14372
12172
10911
3163
8013
12969
8437
8145
9669
2217
12314
6876
11091
14828
3619
11035
2484
3037
12912
6068
11370
1136
15940
5764
9511
10575
15376
3318
6761
8173
1018
2704
16076
349
5343
7399
8366
14617
645
1815
5040
345
839
16037
4534
14181
14406
10303
14224
2248
3156
2773
5865
5633
1637
757
3354
2817
14199
5059
13332
15682
5951
14734
16238
7991
3889
10954
2211
5215
3976
11129
16306
7856
4093
5681
9316
1725
14982
2682
12035
16354
12860
8968
5347
15735
60
9631
8922
9630
11573
10815
6177
8809
1370
2618
622
14010
1752
15863
7163
8463
1550
5324
13023
6400
3606
8473
12781
11766
12981
10215
2496
5583
13638
7074
10494
12052
9614
13599
3284
165
14661
244
8276
15173
7060
3069
3892
11339
4445
12221
5179
10860
13743
9888
15843
2588
11099
10846
10880
11549
14499
13591
6539
5331
780
10997
12948
14634
7738
8761
5389
4220
6617
5529
4781
9522
15416
1312
4778
782
3694
6168
1246
2353
450
13522
10206
825
4865
847
5594
4532
3105
3557
9910
15427
2521
13634
410
4467
2173
15108
5050
9252
7361
979
9935
8307
9968
4024
14073
7078
9922
14446
12005
9628
2548
521
6077
14288
4533
13505
2144
4098
10992
10704
4342
13036
13555
13087
7705
1594
5502
7698
1423
4545
8301
1252
6750
4363
5973
9812
9365
2019
5478
2021
93
10031
13299
8375
11121
592
15563
844
9504
2413
1285
5014
13001
6235
3317
10837
13791
5550
9161
12304
14489
12354
247
6372
2632
13879
4174
9966
2883
13033
10749
755
11242
9402
7838
8669
14935
2085
9803
1655
5028
1946
5607
8819
2126
9823
6221
695
16284
11254
9273
571
10114
1948
6502
4632
3740
11034
11787
15529
15837
4915
7623
6584
9381
4429
651
13271
9137
12138
6182
2919
8816
4801
9216
6817
2122
15517
3402
14469
8642
8166
6452
10978
4433
9090
12684
13302
6041
10350
13543
15137
4536
14382
4978
13308
1916
4360
13799
15796
6472
7995
14612
11056
3233
6104
12730
4688
1237
11014
7212
8490
8565
13613
11773
1239
13027
9492
11531
9154
11230
13138
8289
6035
3954
3612
9372
15300
1843
7821
4381
7877
3623
6665
3881
7717
12135
64
272
243
14104
8891
12437
9406
404
13960
8801
15717
16038
5337
12199
1554
8815
12331
13497
13015
7461
15714
10947
1037
8607
5778
5828
1011
9742
531
4058
3215
12822
7500
11246
16235
14829
9329
15362
1919
546
14065
8114
11241
10771
7319
2560
8913
9624
1085
14464
9182
7650
12345
7207
10578
2474
11942
5869
11656
5264
7886
2294
10470
4198
6397
7646
8229
14430
2609
10503
8279
6101
6228
2724
8138
3616
463
15031
11060
8404
327
738
15698
15900
7722
13764
6490
1732
3077
12205
15992
1515
10205
13338
2
3629
10287
14855
4813
13943
8977
2250
10610
4893
15724
2939
7680
712
11738
2902
5833
279
12475
10266
15124
2163
14550
9109
2465
3161
13137
11975
13687
9679
10315
13974
6345
2974
912
11189
659
11903
14609
14082
5356
2916
9577
12252
393
12861
6709
12633
11611
5806
11359
2132
4147
15926
2994
5739
3299
7216
12303
5295
3819
9866
11284
15057
15253
8061
7107
15844
7414
12403
479
8218
7179
3507
3790
7555
16252
11906
4779
9253
12949
8406
4479
4681
6518
724
14400
154
5883
2709
14231
859
5265
3099
15029
5173
1347
3501
12377
12576
6860
2358
3392
14290
10360
4299
1672
2801
1559
9885
8125
14107
7276
5789
1143
8346
2754
5392
4631
7354
13929
11416
9829
14949
6800
15857
15189
8540
2287
1447
5713
10275
11373
9864
12391
112
1104
15293
8850
7198
9979
14435
13352
3224
2243
10289
10742
11854
180
10753
6178
3593
1240
40
13774
9680
829
13132
11264
6492
14466
15951
3346
7750
12519
10311
13429
3699
10697
1441
5238
5718
14795
10890
13289
4729
3678
9893
1335
14865
4539
9047
11901
1412
7051
13270
1592
2510
1257
7012
9983
4435
4419
10626
8513
11571
6785
12632
1075
6056
11488
3838
14374
363
12927
15163
10381
15457
11411
8024
8525
8583
4636
15161
3965
4928
147
5532
13436
563
4121
13659
905
3114
10467
15198
12919
9903
4108
977
15179
15114
7241
7356
318
9927
11452
3964
11894
444
6633
13177
3757
3526
5175
16226
6679
1330
12750
3080
13453
4843
3688
12180
5620
15439
6161
12265
3241
6968
13538
14250
3500
12819
12258
15754
14482
5730
9433
13739
1264
6438
13695
12520
11059
7369
14955
6299
9713
6563
14397
10939
4856
2972
12207
5826
8956
13032
3222
6944
15092
3648
14480
10835
12070
11700
2615
1001
10284
6808
2274
1906
5534
1483
5224
897
9299
2550
5301
5581
16381
3562
883
2942
4311
737
15623
12358
1527
2649
9993
4527
11288
16015
14121
7368
11645
7829
12150
9649
8571
12476
16320
644
1224
7943
15394
14333
11323
14613
12181
9579
1459
7944
11101
6286
6835
2863
4283
5290
1408
7307
6708
8383
11816
4790
4278
6869
2737
10971
11204
7203
13122
5626
12890
16058
7502
3389
3121
14576
1260
5839
10623
1217
12281
4521
13796
9555
2076
5872
14401
5485
637
15755
13820
144
13890
8747
13248
3342
8244
6677
4083
15506
13504
11203
10497
14304
11670
7320
4718
6185
7154
4420
1157
11832
5779
3060
9675
13275
4427
15346
2676
6864
2095
5147
4001
15982
14803
10187
15059
14419
8678
4833
2881
2036
1727
8586
7466
14983
8943
11250
7726
5562
6276
4834
10280
10374
9917
7634
10413
1961
7572
14914
1147
8686
3174
11771
4320
13344
9728
10817
12525
7052
7597
13876
12338
14447
4402
16017
12194
4516
8713
13203
10739
2169
8841
6822
3432
14335
11368
1969
6342
2286
7513
11344
2139
12637
11084
10937
10834
5064
1067
3863
5967
2728
2152
12505
2299
16245
643
5024
14893
10653
6274
12770
1686
8537
12634
6524
634
13712
15305
13029
13823
11581
15503
3916
12293
14525
3987
1178
16376
6142
4067
2700
11792
11024
10046
15285
14599
16268
10528
7965
3366
12669
5667
6675
4751
6507
3300
16177
10878
2388
4589
14852
11177
13229
3089
12723
13206
5229
4789
4961
12010
7897
9745
12337
6148
5399
5849
11506
6080
11324
14171
1385
10098
9641
3832
3850
7998
885
1043
5063
6210
10080
15802
7305
10180
16168
4319
2538
13403
9399
8704
321
11279
4117
13412
1340
11028
11664
3614
7156
15998
2849
15264
4812
15204
11340
11382
8845
3780
14268
14011
7411
6388
2198
1369
1774
3046
1231
12568
7850
4260
9085
10476
12263
1683
6883
6587
15891
15789
9849
4331
4731
12843
9830
2186
7924
8821
3559
9443
7175
2124
2776
15515
1342
6265
7016
8864
11575
1646
11675
6746
4995
9552
8835
9053
8796
6757
14221
2492
3033
15601
958
15221
3296
3332
13501
2739
14947
14890
10395
14101
7017
11334
13077
7957
12626
9297
12738
4845
11341
11484
10903
136
12792
10137
2971
2837
10712
8216
2896
864
15494
10968
13468
7328
15182
4594
14354
14747
15692
5706
71
9350
15348
4113
12365
3799
8434
6467
7251
7960
16045
4595
10654
11601
2515
14753
6222
11301
6367
6498
2127
2987
6231
9588
13408
8478
7009
9692
13017
2342
8501
4607
3913
11353
6070
5617
1636
4804
4398
4973
15463
13523
6190
15709
15379
16093
4182
9445
966
7021
7920
13635
2107
9942
11763
1223
9304
881
10527
1512
6956
9087
10637
12705
664
385
8186
1909
13809
11196
44
13382
2920
10778
11529
10649
11224
13877
13222
5621
11125
16273
4476
10603
1811
485
14046
8309
11440
4758
692
14556
9729
6110
6187
16259
6599
16334
7069
13261
8182
13668
14775
12935
5495
8403
7640
3439
15632
932
6586
2779
10974
11565
15188
15210
1124
9198
4295
8303
6694
11821
11144
3334
2895
1865
11788
10532
15969
7799
4552
3415
676
1148
15215
2820
2108
10899
10283
16357
10865
15716
3305
4610
1591
14345
7749
14067
13347
6917
13192
13499
15461
3384
15408
10449
6106
2425
14002
15934
11366
8321
3051
11308
14978
10333
11857
6443
15747
9015
8379
7741
7454
2064
9193
731
8102
5349
1544
12961
10274
1271
4211
8762
5797
10015
3409
15444
8140
1880
4386
8817
8164
10809
2633
16239
1367
8795
5704
8904
14825
8646
14517
6602
1896
13262
7852
11859
2316
8377
5044
3543
1629
7629
15185
11330
11811
15370
9517
10412
12644
13130
330
14663
11848
9828
8551
14240
2386
1428
1982
9305
15255
11574
3252
6568
9401
3736
4933
5289
4334
8189
13212
9183
1114
6326
6217
15062
4596
4544
15877
10766
7260
10483
4926
2011
14467
4176
55
6934
5029
1785
5837
8866
5114
4197
16004
9982
1269
15414
428
15702
15648
14380
2508
9055
9840
8335
9882
13012
7523
10513
8955
4091
9886
3347
9186
7273
5788
15849
9094
14286
10818
15136
12620
10468
13267
12586
718
10535
10711
13016
1802
7253
4060
10286
3603
5200
813
4452
2450
590
6529
13428
8386
262
16180
16296
3142
4723
1303
7357
14579
14498
13272
3925
14539
14797
4126
3010
4977
15475
3421
287
4349
8876
8365
10730
6253
11124
1401
7352
15014
14042
6960
12685
14931
3394
11455
10533
6963
9360
1519
8108
6166
6976
13485
3622
1094
743
12549
667
12862
13465
9001
11217
14418
5880
1185
2434
8310
16165
4925
11600
9676
14973
1701
3133
1619
1092
6078
11252
3457
1256
11103
2368
13676
400
11569
7065
16074
5471
4438
11415
13406
5202
358
4701
9052
14396
12046
4372
1349
3416
953
5274
10511
12460
12335
7781
6073
8840
15943
5221
2923
13716
10352
9786
1746
11977
3624
12416
4599
15035
7987
6993
11874
9973
12073
7930
8591
5768
11551
3933
7408
6771
2911
5585
8054
3717
5420
2300
11893
13143
14360
9881
14265
1464
3604
6812
8063
8986
13601
7808
12486
5877
15660
6184
15049
135
1161
16346
3751
7559
6601
7671
1116
12240
13644
6159
4399
7892
8369
10648
13690
5219
4737
12907
10232
16367
14923
364
6871
12968
3113
9854
11067
7974
14648
1831
2255
9375
1597
6379
1635
8440
10254
11931
11814
12535
8358
12694
15587
15234
10281
7994
6620
9133
7849
11685
13159
13957
5217
11485
15308
882
1766
2565
2192
5731
14911
1197
9842
6900
2555
9594
9767
8115
15454
12400
6886
4031
15555
1073
1375
690
1050
4773
3492
15296
8757
14413
7453
5556
2844
11651
5736
13664
8519
7142
5342
5030
1277
11594
11642
10869
540
7730
1930
7385
13824
834
12724
10153
7487
4739
12174
9931
2698
88
3888
6824
15595
16046
3487
14070
4382
6181
3147
7110
7111
7120
10269
12085
11631
6967
2912
15750
14586
16098
7422
2525
3696
7182
7885
1051
4889
3674
15121
4037
3203
5282
2888
4786
10801
5840
215
7005
9598
10142
16142
548
12804
13724
5695
4551
10589
3898
3760
12703
3697
8539
10669
7456
7118
5280
6143
14124
7079
494
7863
3372
235
12524
13481
6312
6477
6494
1754
893
816
462
14479
14061
15278
10202
11364
15482
746
16366
14402
10481
10802
12717
12196
10516
15231
2541
16059
663
3053
3596
1541
1556
11546
15520
7315
12677
5137
307
11869
9136
13872
14685
4090
12350
6203
16008
7854
13533
8918
5536
2068
15340
6474
3691
13128
8448
1920
4333
9032
9121
1845
16217
1921
10683
10680
342
8807
3094
8852
14960
9575
8405
15830
8758
5893
12509
15931
4123
10789
2330
8234
7952
5272
12330
11695
2608
8557
5506
6980
4265
11183
10356
5580
15631
8653
7043
2106
6122
14937
11730
8057
4514
1065
10932
1211
8215
12758
4734
3388
8659
11707
3824
6991
10855
3628
10583
16184
12483
443
10861
13886
2412
3030
4308
4728
3336
9081
6719
1413
8293
2016
16242
15459
11621
13549
13363
735
13511
7145
14898
13434
8690
16250
8319
1922
14045
5941
9760
11877
15562
75
9712
824
10521
3210
12746
7053
16131
3285
15245
6827
6811
7901
11358
3385
1358
9776
15984
13123
660
1581
8348
7254
1199
6873
15436
12124
15553
9147
4161
14847
7306
2890
661
1442
6174
8220
1569
4352
15909
1350
9243
14398
8568
1345
4835
12845
9248
6932
3764
15471
4531
10402
6205
6556
2128
8749
9548
14857
9303
1538
10666
9003
5959
11152
827
9126
10318
1634
12607
2788
10445
3144
5051
3287
10601
14632
7008
5250
3835
6305
15795
6294
2564
6780
2710
454
12113
15159
2099
8548
1374
6576
2915
14319
16360
13460
12156
8392
822
9738
13842
3455
8570
805
5406
10151
9233
9508
607
2113
14390
2279
9010
15322
9540
12333
2528
3840
13126
1245
212
188
4800
14819
5377
16383
9427
3975
5505
12284
9949
14942
5006
657
7330
8916
1034
10228
9545
8180
11624
11148
11304
15469
7786
13502
3229
16000
4643
7025
9353
5252
9916
9581
6819
4868
11421
1539
13510
8201
12236
8654
2856
4618
9848
4523
12065
3980
217
6469
1987
10490
3232
8656
1063
15619
15541
6823
8469
15886
111
12394
6495
5914
5104
3109
465
15725
12061
11526
10940
13740
5035
14718
16374
12575
12473
9731
767
1851
8025
16115
7214
16219
5365
14330
10990
15699
466
13864
7598
10944
7480
12602
3730
8184
9995
7266
1403
312
7063
10170
2204
7610
6313
84
15919
15133
14246
975
12521
2793
1797
6151
9174
992
4755
1699
6369
9908
5362
1571
441
6249
10450
4500
6606
13918
3440
2721
5824
5842
2828
5008
2081
6371
11206
194
11495
8122
11760
6262
4157
6051
14575
7420
15921
16065
6752
8444
8159
16024
3686
12025
13102
7064
736
12440
8247
13793
3436
14054
3995
5825
15120
3390
1722
6947
5614
8211
2137
13247
4563
15100
10399
9611
2917
2996
5689
12570
10084
7862
14565
10595
13141
2656
15228
10351
15856
2346
647
11812
4284
14706
9756
12029
7853
5782
9809
5809
13405
13157
4082
11430
7633
8097
5606
1516
14839
3048
15678
5118
5255
7160
6641
10373
11614
9429
4714
15085
3418
14826
9285
6006
7686
4085
6456
2237
5817
8362
11597
9563
8402
6722
1238
7221
6047
9613
9417
311
8445
620
10510
15222
1792
4407
9242
10245
2668
11681
10273
7222
15126
8091
10765
16169
4981
10682
10924
12302
1871
2332
11782
5177
15659
11414
12112
11640
14789
12502
8628
123
11801
2654
15291
2070
901
3900
2057
14687
6825
10868
7463
2321
6473
11918
9779
7263
7729
6135
10241
245
1078
6794
5660
1525
208
11055
1663
12718
4335
9755
9459
10375
3804
12745
14528
15232
6403
7026
1867
6566
11065
14662
4992
11100
1068
58
1753
4168
14168
15485
865
5665
8090
7816
14075
6240
14173
4080
15426
6921
5984
9499
14025
13263
13938
7605
7432
11437
12551
4030
15737
13325
1590
12768
8003
6497
10058
3146
8183
9743
13191
4774
16285
553
14530
12457
3929
5496
10465
15629
4497
14362
9655
6717
10358
1491
1897
1914
2375
16039
2027
16193
2023
6689
4768
11078
4075
6571
14475
16317
13129
12068
7178
9572
183
2449
2112
8706
6904
1970
1186
15314
5321
9514
683
11867
15406
6330
12132
2505
15174
7195
682
14266
8277
16139
20
9308
13110
16181
4927
13570
10782
9711
10515
10552
7903
5127
14871
5871
9529
452
4354
6016
10896
14005
6749
9130
1764
14611
2206
6175
3414
16244
13246
5186
13836
13779
703
11563
4614
11961
1190
11182
3792
11956
10024
5117
5007
556
15657
1242
5094
14257
10719
15872
5393
9623
6179
10076
11460
15105
14357
16341
8846
1719
8676
568
11928
5286
5425
9412
13011
10723
2100
9405
13513
2370
4417
10292
11216
5892
9940
16054
10106
2223
15052
14336
8202
9257
4554
12504
5401
13951
3117
16263
13563
12458
14874
14243
10548
16099
11839
5646
3756
16182
5326
15479
15021
9019
13054
5687
6745
1110
2707
10586
2401
14782
13657
6424
15524
1010
8420
3047
11424
16282
7882
6216
1489
10720
9898
8290
6476
12200
4130
15398
15077
6259
11509
9177
8315
1728
10371
6548
789
13857
1170
10840
15889
3227
15768
6076
12405
14802
14153
7798
1198
2872
997
7983
11401
3803
14326
15223
9073
11532
12431
7076
15382
12096
5261
8147
3151
13147
12305
12186
6446
5131
11454
8853
1479
11680
9972
11671
8504
16186
12786
11559
7857
13367
347
3643
12492
3015
83
1363
7318
6701
4392
5380
5615
8065
85
3283
7643
3091
14563
15989
4230
8016
15705
12673
11158
9962
13445
13950
7140
10718
8753
5618
5818
2799
15195
7779
13295
6432
16295
11824
1567
15065
1454
9061
10566
12445
10189
6766
5864
2578
5928
2441
2071
5737
15685
1069
16204
2857
7299
79
2053
10469
9703
1819
13862
5405
15246
26
13357
9883
9095
12079
12956
941
14343
3607
14238
5891
4921
1611
242
4693
13551
5609
9091
6180
1140
8558
4508
10193
5801
5999
13464
5592
7832
9346
2567
12893
713
14403
15497
1678
3075
11605
14213
5690
1225
3443
11965
9523
14437
13160
11736
7392
2580
2493
11929
6033
5528
2298
286
4415
3766
493
7546
14597
11957
9531
2966
8645
4102
6866
11865
7082
14590
10979
3297
15848
3588
9189
7089
12241
12482
1959
2830
11723
1166
6727
12121
4247
15144
15600
3966
14048
612
2803
15257
3882
12953
12642
5271
14584
3949
15882
9246
12346
6343
15511
7925
8231
633
5354
13975
9958
15829
2463
4347
1468
6783
6382
6458
15950
8784
7764
6250
511
10746
7438
15216
9286
12854
3974
2320
11880
15550
3758
12034
14569
8789
14209
16050
2476
8451
12960
3279
12921
11050
11123
3667
1189
14915
7710
7600
11831
6639
1250
2150
7835
1584
2813
82
524
9450
5033
15385
5015
12805
6385
12630
16129
13611
15577
14554
5915
10306
15958
11732
14123
3535
2337
15448
15588
14220
709
3783
13773
13521
8262
744
5285
395
14654
10613
14394
5266
8050
7031
8288
1955
12376
12245
868
1691
13725
10558
14571
13297
8242
10976
1709
7041
10001
588
12255
10803
9441
2091
13738
1490
728
4199
9590
589
9063
1453
8858
5414
10130
9358
720
559
5372
12774
16281
2373
6753
3059
15860
11769
11163
12118
4541
1575
13813
5748
7839
8511
13479
6501
11524
2462
15481
14037
11528
13811
3269
13559
13789
8376
16210
4234
14704
8897
4165
13714
4662
7391
14259
5421
2289
13851
2570
2606
174
15954
8923
1505
4252
9116
11555
10005
6697
3726
5860
3811
5945
4947
5382
15101
14235
2722
9122
12533
1219
4079
9798
12
11725
3656
12707
6119
1729
13583
8160
8439
5599
13065
5889
7395
4923
726
7323
5278
4177
14975
14966
15175
9672
3531
15612
16053
6392
8278
13765
9373
5578
7737
15910
10917
2130
12719
1814
4881
14027
5491
14463
6614
9310
7457
15579
16152
7040
14521
2259
1159
14407
11905
3103
10262
6140
7087
5493
1404
7504
4353
2424
7177
11743
14444
10349
4458
6252
14905
14764
8460
12270
8314
5649
13171
14302
10423
1613
6613
7460
16041
12385
1842
9458
8034
3362
7959
10014
10804
15361
1304
12231
14602
7718
498
1134
4861
3134
13508
5605
14791
13182
12824
1681
967
14720
14888
3886
6387
2442
11647
14500
7761
11102
9071
11728
14256
14146
16316
4887
2096
1911
6340
13608
11145
4826
10793
16339
14353
11142
7180
1267
13240
3381
10688
8828
2640
6277
8177
11422
3486
6962
11325
15738
12516
14329
13553
10100
3720
10164
9012
202
9781
13843
11576
7029
3590
2228
6839
14555
7573
11661
10839
11712
10914
14276
16279
3774
12477
12739
344
12312
2006
5677
11356
3820
12244
14509
7413
14756
6390
2597
15332
6360
1362
1287
9079
11157
4188
11017
14840
15272
2432
3958
3312
969
4208
12803
5684
9732
6273
2141
9868
10401
8023
15565
11389
12916
14524
12198
3150
8044
7447
9617
8198
12596
5254
3322
12384
3538
8270
10348
3001
14282
15004
4869
13906
10956
7677
2543
6072
12696
7223
11187
7347
11464
12134
5123
12027
4994
14808
3746
5049
10135
15712
2088
1366
12301
8431
697
14225
6258
11244
7900
15007
11731
1561
12090
8272
14790
10668
12849
14903
3264
11667
15674
9185
11461
3368
4029
11271
2396
3550
13372
4975
9076
12373
13747
1805
2886
515
7989
10999
8199
15135
934
1262
567
11377
1321
337
2975
14887
1784
10482
15201
7239
2037
14814
7865
7112
572
7937
9261
1773
4207
13962
3301
14691
4850
8585
9747
10750
8632
15207
15265
14601
978
7441
9144
5019
423
2181
417
4504
6523
5672
14577
1659
7172
15411
8131
10383
3796
6384
9162
11398
3249
15773
16055
4518
2218
3768
2690
1125
12773
2672
14698
6897
5368
5530
12361
10365
4396
1054
11320
11943
13072
12877
14472
11917
6809
5901
10343
5631
15690
2842
8756
2514
46
3435
14166
3874
5341
12047
16243
14351
4345
8470
295
16261
1440
15070
14066
14131
8387
4378
8811
7980
11861
3659
9196
15638
8869
1755
3724
120
1346
1962
2832
10882
11153
14952
14878
13022
7334
10328
5897
6272
5895
3839
12614
13795
13390
14078
2480
6756
13066
9343
632
11412
2160
10011
1768
6656
9946
12390
11697
7300
6508
10479
4898
2824
3275
11335
10428
15209
13512
14932
4707
1426
8206
16020
4355
1167
12288
3837
9269
12847
16073
9413
9461
1480
7374
4092
14672
10915
10290
12166
9795
5083
6362
11192
5328
14178
10977
1137
5749
6607
12485
4503
15446
3872
12532
2703
11717
7494
5383
11293
3856
15498
7589
9078
16173
11767
10037
14737
4907
2055
14532
4513
640
4660
6558
15962
12697
2008
7115
12213
2976
787
8400
3495
11744
9150
11987
16353
13658
9369
12875
3902
4528
11277
15604
14249
116
4054
9754
6511
2713
4484
13071
770
2317
4261
10346
7295
14387
533
11346
7890
6204
1888
13923
3983
4639
3
6541
7812
7603
2267
13454
8128
11689
4414
15420
13804
9498
10438
7477
8413
10195
4940
1039
10787
13647
14516
14017
1626
7827
5776
3620
9912
5262
11201
9600
11556
8208
1150
2669
3583
5732
12623
13131
11362
4383
7784
849
11140
14056
5293
10598
4875
3591
4876
8990
9191
7428
9764
9057
3341
13839
1083
3373
5573
13568
14183
971
12279
13035
14998
5449
1165
781
8494
11881
14927
12355
5409
11395
11134
8804
15945
9975
6649
3350
1756
10806
1402
1129
77
10055
12954
11342
968
11438
12471
5685
14614
4196
6627
1995
12842
14859
16269
5724
6525
11338
11584
15626
9740
497
1006
2154
15918
5445
70
15894
13091
7183
14832
14762
11922
8042
11813
91
12825
7473
1282
184
3095
225
15893
1847
3020
16044
10020
11274
12286
8170
10502
7993
12184
3424
4661
8711
16110
12811
10214
2393
7483
10819
5379
1712
12356
2540
7412
10363
10268
1014
2683
2798
2251
81
2819
11008
16213
9491
8778
15777
701
5273
5511
11315
10699
10889
9502
5794
1715
13007
12216
1195
1595
1436
12828
2110
12958
7931
1156
948
12762
9663
7675
6692
1391
3355
10392
4880
892
6158
13472
14132
3917
14710
7540
7748
9521
4016
7715
15304
9481
13255
4449
9985
11687
15206
3522
7699
7578
1776
11434
7932
8754
2024
5896
8385
9801
7557
4305
12080
8987
9954
15507
4582
15864
15841
7847
4670
10353
2961
365
14666
6623
6120
2119
10862
394
1726
9810
11592
10185
4524
11908
453
1207
16202
14624
8428
3371
6655
5178
8870
2419
7898
562
11606
6816
14338
6031
2519
13709
6428
13310
6762
14149
11120
3923
1836
15011
9999
14188
9201
9643
3247
14202
5441
1682
12326
2114
7205
4343
6036
9166
1276
2738
13954
8925
9714
14415
1371
9560
5100
8306
5410
6731
3200
7186
11533
14460
15533
9270
10341
15545
12036
14844
12534
12037
490
8779
12161
6311
10618
4158
8221
4133
11790
13053
15665
1720
11245
5391
129
281
10689
7077
7191
13060
125
8688
232
9338
9861
7923
12487
8677
467
3927
9994
544
315
16230
6064
7820
9952
6559
12115
14216
14195
6651
15447
15516
13516
7916
2178
7558
1624
3516
6149
9723
10145
15366
13741
1706
1087
11632
7810
5799
14264
12228
10223
5460
16130
1587
3261
11658
7126
3935
4744
3985
10638
10025
6716
1278
11025
4958
5002
5193
4556
5340
14615
13831
5373
138
596
1889
14478
11493
3130
7837
9860
3584
12513
6162
935
5093
646
4192
7340
3052
5543
5132
12433
5095
157
1356
6165
1121
6765
15381
8715
12765
9734
14768
6848
4365
3554
94
7530
9132
8305
15335
2533
16359
15158
6040
7092
9104
7919
7293
10930
16370
4241
13926
11508
12383
4036
7469
1079
1058
3585
1448
2185
2354
13948
11715
10203
14606
2949
5963
2652
13686
11775
12823
6027
12933
13963
2634
9432
8862
7210
4268
8010
15885
4229
9720
9465
6425
1041
3079
5468
12344
15925
5638
14906
11890
6435
12733
2247
14242
9349
9060
13092
12013
1380
11514
2020
3871
10593
12641
11160
7858
11992
2736
15779
6354
13916
9836
3884
8775
11497
5542
1778
9721
680
3280
4118
13661
8194
15756
11225
5921
14873
5970
11496
15371
14529
10735
5781
7656
1030
5642
15592
8037
6007
12136
14219
14099
2184
9354
3763
4469
8038
4205
12806
9658
7860
5294
5907
9212
8988
7580
15407
9260
10633
4471
6134
4362
15061
2048
4736
5473
16329
15653
4149
3919
3201
14730
5835
12922
1759
14167
2046
9407
12941
16274
12808
10705
14270
6219
15862
8560
6589
13729
12324
14076
9992
16022
7970
3286
6778
9956
785
7767
13616
13452
7609
13701
2647
9559
13321
13867
14596
7188
871
13787
7388
14981
9901
8233
2420
11297
2759
12592
9072
8723
6328
5836
10810
12864
6136
12604
7047
11930
7086
9111
10194
12441
12988
11170
5026
13814
9030
4891
4967
14281
156
2887
9295
12965
398
14190
12767
13991
13815
3617
16172
3798
8617
9485
13892
10822
8089
4286
14069
5645
2592
12209
5648
6547
6300
12217
11902
15706
3653
2677
2467
7574
8799
8651
1424
10681
15351
5517
9926
13560
11699
8457
10700
13319
1047
12033
13911
927
373
7055
1268
12567
5792
12044
11904
2295
2620
8080
11247
7909
13265
8854
6838
8212
2477
16094
3036
10764
8007
8942
9778
13080
12317
7169
791
15578
5554
3552
8661
5579
4872
8880
7961
15568
13301
14012
3116
5510
2777
11690
3529
8200
7549
5629
6037
9250
34
7703
638
2735
8618
14395
6707
10474
9651
5080
13096
13753
2190
7556
12580
12869
15838
15495
10010
5031
4741
5287
9471
10224
6055
3064
1821
10420
4725
5670
8972
14996
8129
5985
4312
2781
14904
15672
3741
5220
1849
12409
4221
5870
998
9397
8985
11542
12518
2833
12530
9486
8210
11151
9789
5129
9008
11268
4685
13518
2288
13101
109
3549
13158
5995
14725
1220
15896
37
32
10636
11191
6220
15546
14671
6908
13276
1804
2284
7794
7591
14801
16337
5199
11588
3104
5311
9382
13133
1986
3937
13414
7274
7545
867
7926
12720
11996
16010
1153
16071
15586
12930
7155
496
6686
14520
3254
1834
13373
1988
1975
14750
8472
5593
13162
3853
5841
9327
5866
15321
5180
5292
5659
7249
11110
13756
8237
4224
14969
6153
11596
11684
6109
5845
4912
7376
1417
6238
15058
2363
6207
14608
4388
15656
4633
12282
4842
8598
3598
5492
5239
906
11238
15282
14749
13856
760
11578
2941
96
11946
13780
13419
7522
15168
9605
6931
14657
3650
1745
12125
6907
13633
11081
13331
10994
10152
1035
2988
7250
4576
1620
6888
5559
1182
7491
10003
8639
10393
4005
8873
3326
15037
9538
1494
10105
6130
8019
6699
113
14688
8701
5727
8285
2457
10884
2995
5448
2239
12290
4483
12242
9554
6157
8241
8763
2093
9272
7301
11453
4072
7100
13039
7956
5881
2125
9928
3873
15342
12528
14514
16194
15280
1298
9825
973
9717
10796
11834
4262
7275
3308
10366
836
5961
1765
5370
3454
14945
4560
6797
8603
9534
4796
5240
3795
10063
3630
6884
5565
7200
6522
4222
10077
9050
11487
6899
13909
10695
7497
14633
5457
1670
4918
6013
4999
16287
16096
8493
12743
1263
6008
15214
1723
2958
15217
8226
6844
10112
9535
1477
14318
9172
1071
5453
2940
3019
714
7732
10828
11735
1583
6531
15143
4727
2935
6081
1795
12698
2661
5464
13303
7341
361
8521
2702
14138
159
127
1513
5124
4273
9204
9322
5481
1666
14367
257
9827
4572
5630
8780
9396
7721
6938
1322
4272
14777
14196
9855
15924
1012
10679
12880
8499
15667
4802
9025
12421
4663
4155
7992
5323
2576
15974
15203
3611
283
5504
320
5046
15022
10101
3996
2094
1019
10242
2582
6464
7003
12117
15
1998
16114
5417
1045
16079
13103
4647
7889
8666
2265
438
2692
11154
11806
6882
9249
15460
12004
8380
13503
7181
4465
10409
2165
1855
11376
6628
2242
12197
6396
3953
15593
2929
10021
1151
11130
15606
7143
8041
937
5429
618
12587
3216
16029
13710
4195
10833
16208
4170
13350
1908
16246
13154
5248
24
12248
15911
3360
12253
2811
4140
4434
14972
8393
925
14013
80
8647
8391
13828
11155
9762
4201
4097
11399
9824
3537
9152
13236
10495
3353
5081
14328
13311
10018
11784
10234
2384
3463
13189
10319
15868
12262
4746
309
12799
11190
8207
12434
9597
12536
7462
13409
8921
14408
416
16290
942
10512
12011
5956
98
7790
16288
10032
6961
9681
16007
7678
388
3565
4464
15816
7325
11010
10492
11844
1493
2405
14331
10691
13947
12091
6160
2646
1106
14252
9117
4905
1415
8410
3826
1772
12015
1918
6141
9677
4339
8155
3742
114
831
2187
11602
15923
2454
119
11188
1895
9374
8566
11219
12778
15961
3651
12667
7533
14908
1680
15131
8692
8299
201
4775
13342
14164
12048
11679
3555
13881
7394
14456
6678
16144
16014
4204
13127
14420
13816
9215
314
12871
2197
2427
7046
3177
9467
12608
2171
15132
15355
4088
13961
9229
12083
7700
6430
4418
14134
14507
3999
7664
12183
9380
12543
9307
1976
6457
1652
7313
4944
7635
2734
12243
1228
4505
13402
13807
12008
8561
13389
550
2685
9018
1027
2697
14309
15557
1204
15055
666
5717
503
7755
1179
4443
13981
14383
4862
13168
15937
14723
3441
8860
10146
8095
2627
1824
15808
4364
14443
2572
13204
8716
7825
8000
15573
2356
11371
11837
7365
12541
1183
3576
11229
67
3179
8544
2800
6517
6946
2101
6528
15947
63
7353
12401
16183
11314
2343
4797
14701
2423
6247
14230
13025
9657
11089
11285
1325
13832
9644
11518
3054
9925
13733
12478
13336
10149
2059
5469
14909
3111
10434
11380
2658
11226
1615
13846
5906
13986
14378
13134
8965
13105
6271
7185
5225
14670
2696
11626
12809
4257
11979
4279
10568
5411
12917
10317
2742
16149
11439
7602
4233
6729
12947
13109
5858
15194
4763
14179
2906
10342
7259
653
3152
4357
14481
9113
1604
2831
2429
8832
12321
15812
11994
5936
15513
13798
13587
12734
7449
12149
15474
13952
5983
7517
14800
15384
11107
14077
2131
8492
11840
3408
11803
1236
15440
2177
353
13609
4447
9709
12407
14824
2719
2283
8884
13266
1702
15068
3391
3395
5332
14244
13335
5404
4617
15155
12526
15662
10458
3778
131
11131
11852
15765
11871
3993
13279
9371
10192
5291
7402
4052
14152
10946
11701
15981
10117
13534
555
10893
15006
884
15466
6346
8161
5738
11161
858
9633
15598
12422
12249
8693
12905
16256
7899
1230
9843
15742
8630
12021
2805
2062
9259
3325
3922
5910
14676
16175
12195
8263
13396
10694
10795
481
12631
12353
11630
2404
277
10645
1913
9766
10246
16128
2769
4769
10488
13195
7509
9446
8792
1422
2535
12468
5795
13624
9503
2221
777
3830
4038
3066
9447
3185
9659
12584
8311
807
10196
10335
3905
2208
13217
5306
6431
198
1163
3067
13228
11599
3716
9331
14921
2532
9686
2333
7346
14700
11113
832
13874
6133
1127
8894
3013
4486
10446
4860
16272
10182
6437
12976
12943
3488
2931
16304
12066
4104
14621
16097
1132
6444
14994
9610
2468
14185
14693
12043
9564
4166
5823
173
3306
4184
9086
12736
15180
11173
10099
11500
5069
15276
6059
10056
14239
12540
9948
5443
8389
6419
2415
11982
2421
13757
10329
8553
4039
14269
9784
5909
4538
5975
8500
7763
7190
9386
7902
4341
429
9857
4135
5023
6981
3320
16019
5676
6767
10728
13964
221
8783
13166
6038
1255
263
341
5602
3876
130
10091
145
9184
2241
7657
9020
14968
12522
8924
3991
5815
1171
4412
2453
3587
15324
12308
7641
3288
6269
7706
12557
15681
870
12278
7707
11302
13424
15625
7106
3567
6712
5139
1608
7187
3448
9880
4677
6700
6329
1168
9519
14169
3125
7168
12489
6058
15582
10249
14314
9867
8035
15723
13833
3660
12371
8627
4929
3911
5142
3178
14135
10331
14410
5747
12950
8787
3692
13652
3683
5863
7766
12260
14593
14816
3108
391
1319
7958
12168
15152
14892
3217
13969
5553
9046
5574
11447
9520
9247
9815
7171
11071
10989
10166
7906
1407
59
12442
10557
2764
11758
3466
4542
3281
14783
9361
12928
14999
9074
4226
15239
10559
516
14993
10663
12169
13277
13044
4507
8919
14142
10178
3509
11716
3256
1196
3928
15760
879
139
7880
13936
507
2771
16063
8580
11800
9873
6600
12362
10501
9037
7375
14990
2918
10370
5571
14722
15270
15614
2079
2612
15959
11270
3157
163
10498
4951
9704
5257
1598
12983
1465
6933
14961
9532
12059
8452
15262
15695
11361
9806
13870
403
4570
8339
2326
10355
14821
11786
7548
14769
2529
8767
8069
10707
92
7713
4628
3702
3906
7888
4740
15364
461
13181
6234
6321
9203
1978
6966
5587
10916
9022
3234
6337
9691
2624
5355
9505
11898
15651
11322
10864
15556
1861
264
10302
15045
13064
11845
1122
13075
3870
3706
16170
828
650
7648
10745
14589
4404
7131
1315
13490
9783
7891
10255
4969
12219
10570
15504
13197
10235
14622
642
15196
5802
4254
13250
11463
12671
5130
7874
15303
6849
14339
7338
10900
5203
14899
4546
7873
1229
12593
5447
6770
15145
11041
10017
889
4423
12563
11949
10813
13698
702
11847
13172
5165
5856
11223
8730
13866
3573
5242
8011
2004
5102
409
15641
7612
7861
9932
4478
4557
6336
900
16197
2001
14151
5302
8476
13458
6237
5087
14361
13673
9852
10184
1088
9872
762
13176
12229
8498
15566
5899
8104
2395
6776
4408
1599
14102
9539
6442
13002
9062
259
850
7337
7072
9696
9892
16328
8888
4562
8859
8120
13771
10605
8528
4687
1181
13394
3042
3468
14649
7294
16122
10475
4101
14081
14792
15597
15462
830
3903
12148
7317
11520
6616
16002
7364
12676
6625
16185
333
1739
6642
1317
9251
8313
3225
6909
6894
7800
12049
8345
12605
12617
10154
6193
8352
987
8895
5976
8851
9716
2859
9205
379
7637
10443
15139
10845
4883
2790
15244
4259
15957
13792
10264
6594
5745
8578
3988
7336
6309
7981
13425
4825
10271
14618
2959
12812
6875
2938
12507
11770
1209
611
15643
14522
6969
11318
3303
158
15360
12681
14940
7581
641
14277
15465
994
5161
1933
3834
6798
8295
11307
15534
8983
1355
14897
15509
9108
8300
15109
6131
3912
4844
9584
5932
7322
11476
9891
7950
5438
11694
16266
13621
9875
9469
4890
376
10640
12480
2846
9221
14545
11582
9489
1654
7130
4611
12651
14639
6754
4966
10049
7380
792
16026
9131
13293
10115
15192
3781
9258
5190
14043
1741
11186
4280
6429
15142
11336
72
12349
11263
13819
5241
13959
10053
10160
9004
12688
4403
7136
15769
1780
2416
14853
4219
1174
7390
3857
8742
492
5993
11086
7470
7098
1175
12898
14946
14630
12606
3563
2069
8071
12155
7789
9067
15094
9456
926
8741
5234
14929
7362
1999
9077
3568
7257
15400
8959
4720
793
9084
15847
13258
16158
15572
8139
2526
12636
7564
9625
14140
7918
1084
14943
4162
7551
12742
4950
2376
5098
6680
5978
15256
3293
4808
3861
9654
7819
7622
4495
11648
3918
5805
6608
14113
227
12789
15596
15990
5314
1425
14375
5611
5699
10606
13019
7696
8461
390
14636
4071
1024
15700
11752
14934
3673
8868
15086
4654
4136
13482
12463
4455
7913
5344
1769
15307
7870
6460
6484
15125
7526
43
11231
8150
12756
13632
8426
9281
5673
15986
10066
10798
3625
1534
16222
13223
16156
9179
8930
8222
1630
3223
12313
5136
11926
13148
10237
3647
12291
12299
9770
15402
11093
7389
14156
6829
9701
7822
7676
5150
23
4190
15302
1944
11748
576
3800
11653
8546
2182
305
15787
2674
3375
1825
14334
4920
665
6301
4699
16200
12640
9453
4879
10643
8330
8325
6117
11202
13169
3122
1750
698
3828
12826
11527
16315
6002
133
42
12989
8999
9507
3672
6786
914
5450
3862
14342
6009
10103
10357
5143
14742
12251
14399
8192
13567
12106
4094
6086
9959
2657
3989
4095
1854
3307
12722
1844
4025
518
8261
13449
16350
8105
11298
292
14158
5330
7934
14731
11326
7292
10299
9398
3097
13073
14531
1044
11249
14506
5785
9487
12104
9267
9582
1830
8086
3489
14683
6730
2215
2680
598
16195
5990
14080
14638
2153
12925
2352
2246
5305
4942
4998
7164
5513
3556
5388
15341
1616
5885
14433
2399
1872
8507
7604
6491
274
15634
9544
6995
7331
1300
16302
2344
1537
6856
15250
271
16332
13542
8324
14026
9288
4490
7444
15140
5048
1368
15178
5712
13292
2486
11222
5715
3240
10466
15176
3713
16382
14312
12712
12900
5348
14283
14674
7345
4164
10542
13919
8721
12741
3908
9963
5770
9370
13304
4212
9621
15732
12116
12152
11136
1154
4896
2723
12550
1660
1783
13031
14031
6227
8671
15869
11516
2327
10877
510
16127
5793
12577
6244
9466
2795
15433
11104
10500
15751
4982
5753
2348
11436
1771
1578
10309
1326
7674
15746
7225
5707
3188
8344
6664
15118
11971
11862
11589
2681
12810
10204
13422
5800
6229
15792
3852
14234
12479
2365
11705
15644
11
13935
4803
11817
4154
8275
3267
10094
13618
7231
2711
8948
7553
445
1658
11063
5551
8395
982
16299
11969
2168
11674
4431
9660
11958
4987
1925
5726
13104
7088
4228
5920
13803
14776
10247
12126
13562
6743
2347
8722
16102
11258
2894
4152
14237
6898
13979
5946
7002
656
11633
11165
8480
6389
13702
15363
4276
7601
8020
3276
6828
5288
14184
2494
8412
10892
3205
732
3022
2821
9075
993
3887
6022
13021
11193
8636
11243
5751
3474
11764
15358
1344
3520
14307
7030
12368
10040
3864
1912
3270
2913
5509
5022
10650
5735
4606
1552
8680
4400
6350
16228
4809
3058
3654
5613
11683
8316
13241
7701
6381
15718
2586
15410
13772
2338
13885
7101
6682
964
3662
13052
228
7935
432
9139
2066
5366
10453
2307
14003
13487
16123
5253
10027
9877
4329
11870
2313
1112
5192
10177
4605
9335
11286
15850
14716
15879
11536
5846
9483
6764
161
3406
16066
4073
4964
10050
396
11054
15988
11365
13515
15451
14848
6638
7384
8682
14707
13928
13421
6295
3860
10988
12559
15458
11199
9719
13626
14647
7242
14928
1642
352
15326
13837
13059
4996
1507
8577
346
7282
13407
2655
5001
11094
15898
15050
16289
16270
14016
4218
9070
13411
3621
2087
8291
2080
9683
8329
10522
10459
7244
8047
3901
2138
4682
15576
1414
8610
13662
14620
15016
2922
10871
9705
11858
1794
9773
15353
2786
8154
6332
10544
5688
9497
15122
6107
1852
13845
9202
6540
5185
8390
5251
13385
6845
15611
2914
10047
1120
9218
10403
14009
11109
9787
12450
16150
11561
5245
13500
8927
2534
14503
13028
2746
12895
8121
5541
8517
381
16163
14064
3875
9551
10752
9832
10584
4223
1289
10608
12737
5519
4590
12515
7690
12352
6118
9424
9021
1462
4766
10296
6720
7915
15193
11884
10462
11883
4442
14305
10057
5222
3797
15134
4065
575
1486
3762
3579
10560
9239
13675
1332
8381
13051
1074
7157
8111
1028
3865
10594
13116
10147
8399
8766
15817
11519
6537
2794
8004
4282
6062
4337
5767
1523
819
6293
11248
3608
9725
7255
7149
14907
12123
4960
8889
1487
14422
9187
11879
6422
14512
10486
5384
16174
11450
12223
8495
1633
14198
160
1002
8251
5436
13654
3239
2506
13912
6383
14030
14284
8107
14162
4991
10625
8110
13547
12537
15501
7349
8328
6363
15564
10693
8372
10587
12932
14292
3039
10951
12839
9813
15301
3635
8857
10733
1989
9688
10301
1387
11114
5655
9969
1731
343
11122
8926
10627
3458
11835
14970
11838
13674
11585
11850
15492
12538
9444
11830
8615
14979
9352
13063
11005
5079
6779
837
2905
4780
5540
9165
6316
6982
11418
6553
8085
6116
9005
12453
4271
13488
6527
1522
1932
8417
11842
12942
6331
10095
5709
8912
6461
11772
4668
840
15417
12654
747
10996
2017
5307
15071
7733
12838
2628
12031
2379
1438
13178
10441
602
13728
3545
3230
10922
8
7855
13684
10523
1826
4680
14926
10959
5674
4936
9146
16335
9509
12959
1614
300
8320
1149
14350
12680
3894
11282
6662
15212
6832
11662
3012
14504
5875
3896
7999
10808
7344
12387
9576
7240
801
16
4011
4653
12552
1868
10872
10398
2291
4627
36
1866
15138
11808
10963
2867
15241
10842
6005
7146
1265
12629
11432
13461
7113
176
13362
3158
15890
5878
13519
2285
11068
7807
14285
11211
1793
2955
12275
4008
13098
12910
4666
10585
8486
15442
1214
12351
9967
12647
13537
6189
12375
10948
15999
1892
12945
13026
1596
15785
5160
13685
10327
13705
12997
12380
12970
1194
15115
3437
13669
3695
369
9051
7679
6567
3260
169
614
6039
13786
4529
4300
14112
15512
4243
10927
13113
7939
13557
2562
2782
387
10986
15098
2956
10982
2766
12082
14732
8168
5214
11761
11550
6818
12710
13397
4034
16311
9914
11051
316
12099
9636
1747
5876
16190
14811
5572
13639
14841
108
6787
962
7256
2082
10792
15455
8813
4105
1721
11292
13887
14895
13593
1
4440
6922
13038
13387
10684
8744
4049
12256
12683
10579
8260
10257
9158
1799
11873
9482
628
16135
946
16338
5038
6949
293
9602
15162
6801
6543
7525
8151
15801
5980
12603
9007
6230
2452
3513
6439
5746
13256
6065
3670
4251
3658
7227
1102
3363
5319
14573
332
12785
4143
8774
11410
6085
5637
12162
8267
6000
13227
9114
9665
9034
25
4200
7097
15953
13155
842
9036
9391
1798
11534
8998
15129
13847
4454
5325
14773
9689
1025
14278
13273
5181
6096
12926
869
9240
3266
4832
2060
1191
6139
8256
6923
7541
2818
12192
14767
10607
5564
13896
7023
13068
185
303
7667
16307
15166
7570
13233
9348
1378
9874
12850
5054
909
2814
3207
1072
15020
39
13400
8555
6201
9896
8748
14534
16251
11185
15799
2018
15292
1810
1227
1981
6147
4584
15904
821
4313
7484
1284
1823
7670
15778
4696
14262
10240
13004
2382
13942
1555
4715
2937
7685
4537
11941
13493
12233
1950
14818
1837
12173
10030
9850
5790
13631
13426
16035
2653
12816
14079
13595
13317
14547
5694
10921
6224
11390
13812
14715
3168
13755
3018
12974
6087
7359
4667
9336
9496
15171
15932
15733
10417
11287
4116
16262
7224
10531
11636
10216
11080
177
12259
9608
3992
3553
4767
5
600
5381
6645
4955
15367
9847
12865
14098
3527
5487
14603
3725
10340
16067
1695
7868
7094
12110
12131
11221
10665
1021
8874
12306
14313
7243
2594
16101
6097
8856
10454
13014
7314
15111
1708
14090
6703
15064
5169
12830
5586
11603
2385
8353
9384
10964
3524
4917
15964
12571
10644
13477
8171
11628
12506
15056
13285
6493
1215
436
9601
14656
5135
5357
5693
9214
4742
15082
6506
2871
13744
16241
8928
14549
558
848
6325
7616
7
7864
3137
1673
7842
15613
11494
4689
7296
7474
5827
11126
886
7914
1096
2199
3601
11841
1409
3309
615
1420
1887
8755
103
14523
12238
11954
14780
13717
6416
14023
8223
13853
10493
13737
5741
10661
9863
6093
2693
12709
11449
1545
776
16221
5133
9277
2571
8185
10761
10179
3708
14696
15823
517
14882
6260
522
5651
14317
11426
5454
15776
378
3339
9615
15905
1902
2809
14057
9772
2402
10525
2202
2170
12885
14870
1361
15441
14049
15649
3431
11916
12650
9735
1266
8582
4028
15589
2498
8126
15540
15827
14299
6744
152
11777
4697
9323
10087
13732
715
16062
7757
6067
14001
2268
6751
14823
3951
5725
16355
5991
15694
1856
15960
14289
12906
9033
12234
3745
14540
4612
15822
4575
11381
7588
12573
7532
10233
4390
231
12218
8667
7287
336
12564
14052
15213
10123
374
10041
3315
12883
784
5075
3419
5312
3344
10731
1526
974
15766
14877
14191
5168
5616
12045
13135
13770
2622
2159
2145
933
10396
10036
8878
8663
15560
11289
6972
14631
4712
6581
12092
5110
12328
6851
3530
3600
9138
16326
15927
11384
4711
9513
11355
9228
3735
11720
7724
1327
7910
5773
15805
8338
7184
1791
5884
10779
8960
1714
10291
11360
16107
4864
16090
8117
9263
15532
5490
14989
3009
7059
7103
2195
10908
3444
2191
12612
13526
7826
13401
6983
7802
2630
11309
5116
11128
9616
8575
2862
11490
1455
7618
725
13340
4274
16368
8962
2932
313
1397
15081
6914
5844
9706
10126
1232
15854
1307
4543
7776
11015
12193
4289
6496
4324
779
16189
11349
4281
13785
11897
6635
15914
14015
8017
2991
11522
14477
5263
3331
10913
12178
351
11448
15063
5567
8877
15227
5304
7467
6644
8317
1610
15032
8698
3112
3124
14717
504
7684
3727
9418
5671
8508
2075
11521
16060
5000
8487
13235
7311
2568
12664
14813
2240
8409
7582
12163
14425
13708
12508
15798
1603
6927
2843
11267
797
7599
3074
3712
10337
4823
14063
6048
630
5584
3214
10158
11446
11669
11796
15571
13328
3123
9232
45
9120
4285
12759
15046
14786
8388
8920
1451
5696
3956
8644
12127
8979
13933
7264
15464
9301
610
8294
12360
3469
7728
6959
2590
16203
10072
2086
7135
9351
11923
6480
13084
2329
2752
4619
9422
14341
2411
7139
15423
14604
12410
6861
11503
3693
11031
10093
9797
9155
9333
13953
255
13067
7312
15867
4820
10278
10949
3541
4878
7232
4237
11428
6693
2921
16072
10703
9639
8012
9309
6569
12775
2164
4703
10732
9364
14298
2357
2406
15967
4480
5174
13566
10416
7226
3456
406
6893
2389
12188
12449
3494
3680
2277
14526
15200
569
951
911
11568
7631
3026
16375
14884
7116
10713
10987
4672
13042
11069
16153
10524
14695
16352
3801
15835
9876
15975
4548
15804
4949
1100
1077
10107
9495
11079
3940
2440
3382
4853
372
16027
12042
13
10197
16043
15184
9662
14432
3909
8631
5857
8458
6622
53
6427
11210
5555
3731
2065
1498
9175
956
8172
670
5148
4413
3076
2757
11580
3141
15390
11986
12753
705
13606
14508
6410
1502
6053
7881
16271
2691
15157
8101
1627
1870
419
2774
12137
4945
10540
8788
7645
8936
13900
8396
7032
9906
6061
6837
14176
15334
7014
5352
5155
8040
9698
11403
13849
7739
11486
13149
1806
6066
16078
15375
14055
10085
8156
13920
2426
8098
9088
15453
8668
15450
7876
2679
6356
4217
8833
527
4138
5549
9142
2133
7830
6591
11709
5784
11354
4489
7595
3139
3257
9996
7033
6098
10763
15424
1086
3427
1098
10709
13055
5134
422
6521
2982
5433
9526
13184
13541
2458
841
9123
15834
2758
11251
13088
11290
2841
8236
5516
3277
6334
12714
4167
11085
1138
13734
4745
10250
491
10847
13359
4716
11721
10830
11184
586
15005
15153
3772
12076
4886
12012
6597
7762
16188
4566
13808
9105
6561
50
6920
7084
11891
13456
11510
10838
12402
6855
12426
1119
9845
11492
418
1081
972
16214
4498
251
14623
11256
13355
13440
4522
4477
16081
9180
4437
11343
3088
13151
6936
10282
5367
1177
12662
7208
7727
5016
15199
14347
6302
4493
13078
13323
13392
8018
10850
873
7697
4613
5300
4371
14719
3136
6057
1993
15389
11920
13294
4125
13048
10867
1560
6833
15530
437
6974
2478
3034
4938
3195
2109
11998
7714
9656
11062
11269
6915
4760
15403
2785
1478
11810
10873
8148
675
13463
7167
3938
1338
1665
4574
1405
12500
13404
8633
1877
7795
5650
3175
8593
3921
11795
4838
10621
14637
13306
14815
3841
12397
4954
2359
11646
4624
16365
9900
459
1979
4150
3618
4941
8947
16162
1524
220
5167
12496
7173
4475
12952
2104
826
1396
12143
13930
12978
6129
4810
14854
11955
9388
6505
3031
5521
12757
1123
16120
12443
2296
3998
15078
13921
95
2512
10048
7489
8051
13922
16151
8549
14595
16231
585
8727
10714
7796
11405
10368
8318
12120
11921
13597
15169
6191
10313
9715
11976
4373
7378
11481
11746
9134
9342
15715
7694
6164
9818
12001
2511
9118
13614
9814
1617
7658
8964
15703
7093
2151
7407
9195
13761
3646
14
4674
13554
13144
2829
3167
7035
14127
10790
16171
4761
5743
15336
4012
1052
3677
5680
15038
5042
4463
9695
10604
7896
15261
6668
2026
4565
14682
11174
12977
10773
2009
11983
2745
14962
6364
2962
12016
1504
14635
2670
8248
11413
6721
3613
711
5701
1577
14108
9986
14412
8092
6017
4852
1992
12618
545
11378
16167
8432
289
11117
9100
2473
7279
5535
7615
2340
7258
9897
2616
7644
12924
1749
7290
10938
4256
7831
12892
7519
5971
10909
8805
6557
14144
13309
12417
862
11491
14562
10006
16034
14629
13395
1669
560
11972
6834
4361
13958
5591
12512
14391
989
9923
2475
12735
7765
54
9638
234
6885
6615
3809
13391
12731
2315
6929
2501
4086
1717
415
7606
14182
2074
9838
15329
7148
13108
9527
9894
7508
15097
9699
3199
8401
8707
2341
5237
12627
8810
5249
3313
10708
9029
4374
13651
14644
6417
7515
9404
11650
14379
7624
1688
8078
15347
654
6243
8341
9194
4649
6737
14427
2102
8777
6896
12994
66
15977
6971
7206
9425
14459
5934
14462
14187
1206
4910
2084
6760
4830
10088
7942
12159
3050
15762
11090
2466
16342
6023
10936
11595
14021
894
9736
3098
4724
7235
1444
5923
10760
13565
2950
13095
11610
9298
13278
2111
1840
756
11753
13439
14729
1180
195
15323
649
6632
16223
13283
14812
11237
6407
1469
10092
1881
3263
1076
3703
1290
15753
15167
3118
230
2903
13663
10799
15770
1968
11619
16159
4160
4068
15976
13582
368
171
14837
6318
2083
14658
13467
15620
12859
10336
8433
6552
11875
3704
2029
10687
7928
8952
14746
15875
3851
7024
5947
16088
11911
2556
11441
3343
16254
833
2331
7625
1529
7579
4782
14850
6758
7485
7174
12307
6453
12002
5902
11004
5894
5204
14502
2834
6588
14900
13142
10390
12266
4640
6290
4235
16132
14544
6280
2575
11208
6784
14431
6373
671
10520
9718
945
6479
1816
5415
4242
1172
9884
7524
2644
10051
5121
12689
13507
4932
15866
14869
7247
11560
1273
6619
11175
10045
14426
7401
4021
2908
15544
11900
11757
14018
11388
6513
13999
12176
11139
5394
8005
5084
8441
12130
9595
15449
13300
15009
5085
11554
3068
14954
1600
5698
6836
13871
2547
9127
11259
7655
14194
12972
9542
14324
69
14779
5122
11820
4847
1306
947
5061
3070
6509
1612
11740
1593
5091
11150
7429
923
9960
15807
6696
14136
6123
1061
15069
14659
6887
8820
6532
2216
11566
10259
5483
16145
7672
8479
3338
10536
3084
219
7568
4871
9296
12226
9334
2619
8660
15551
15401
11039
4340
14371
12938
206
8765
11317
15412
12514
9000
9974
13967
10885
9222
5625
5838
1547
7004
5720
15048
12856
1789
3244
10484
8612
15528
866
3843
10538
1621
11547
1558
5463
12040
3551
1796
1640
12820
6713
7193
9599
8430
1364
10162
15197
6171
3946
15688
4179
9707
1927
1707
10777
11116
11026
9403
2311
10452
3728
6279
6335
6658
5926
15876
4642
9219
14321
11029
1503
9635
14559
11517
12764
3943
1202
13800
2893
12316
1956
2196
5522
2030
10332
6671
1200
8892
4659
13679
2387
6759
14034
14760
4032
8563
13322
14675
4903
15378
11462
4583
13318
10338
846
15404
15819
13370
192
1354
8510
14233
6115
1835
9006
5512
14129
988
6339
7963
12901
4819
100
10083
8323
14891
14567
4930
11643
15130
13939
716
12855
5423
730
12404
1977
2503
11138
10549
6715
7953
16011
204
8533
6408
8848
9899
2965
11964
11262
10116
13603
12185
3897
9568
10022
6144
1533
6903
12357
12454
687
6183
1657
4970
3483
10774
10148
12973
68
4173
5742
2851
11860
7752
8167
12167
13005
936
5964
14642
13586
6592
15794
9230
15852
13450
6487
15527
4459
10852
6943
9434
4686
16136
267
1687
7879
1762
8652
5092
11407
10690
15591
13358
3196
12841
1381
8336
16278
9650
2120
7742
7507
7740
1017
10312
1735
3403
11663
11798
7844
2604
5334
13535
326
1748
14787
574
8945
2725
3517
1142
7020
2823
15343
5004
4461
3135
19
9609
4322
2542
3426
15664
749
12704
5011
4416
8075
13431
2561
8271
4062
4487
13188
3679
8522
6889
1013
11953
11312
10545
15477
9390
11305
2664
1020
15377
4540
3218
12153
132
11505
8822
5758
10879
6603
12560
7095
5327
12821
12639
11482
9494
961
15369
10212
3377
6604
9793
5407
13383
15119
7165
8949
3844
164
12939
6213
3192
8608
12886
2222
10314
1234
1716
2167
11159
14583
7938
10537
3569
13268
12287
14461
13417
4585
14912
5711
10042
15726
13994
14229
13333
15968
11030
3955
1971
16224
8969
1675
7324
5154
2481
1251
8326
1218
269
3055
14858
4997
15075
10071
14126
6546
1261
11296
13432
13175
8906
12675
1288
15677
1967
12653
5196
7529
13579
1384
4698
2464
12545
10406
9135
6842
9666
7592
13218
8039
15734
3777
10078
1901
8408
13802
9664
4006
16218
10905
910
15683
3096
6874
5145
8584
4501
8153
15749
8333
6288
799
14965
10541
15488
10414
12157
1860
9462
2103
13655
13722
4213
990
11266
5462
11989
758
1697
3413
9069
14505
15039
7298
7495
11613
236
7465
14094
13625
13758
16154
6863
15790
11678
15205
11515
14944
9141
3952
7427
11724
16312
8596
14210
1787
9981
2194
1767
3442
4506
13050
9103
13636
996
4026
6169
10230
8611
11394
4376
10456
1899
3687
13252
5112
14673
10590
8803
11235
4153
16198
270
6173
13983
15187
8542
8123
7940
11166
6449
6994
7985
7189
10962
8418
1786
2309
11260
16201
2015
5740
564
9924
193
6378
11374
6478
8481
10706
3967
15054
11299
2431
2861
12870
15331
14938
14543
6355
6361
3259
7929
1351
8245
12529
3262
7010
14163
10794
11909
9421
8953
13850
5210
4911
7552
14650
15580
5128
10191
823
16009
7057
13875
13242
15242
1903
11105
1334
10622
5913
3289
5774
14161
2231
11950
2559
15654
12272
2290
8785
14883
7450
11805
13905
4953
14097
14735
2613
11036
12363
4290
12657
322
10155
10238
12077
10673
15842
12211
5467
3393
9027
10389
1724
13640
5861
7986
13937
4581
7192
12827
6071
8594
3528
9017
7423
13152
1531
8174
5652
2517
13904
10651
734
10339
7577
340
76
13112
3665
11703
10883
3425
14804
11470
2951
13575
3932
14147
7518
6788
2741
12388
8589
14118
1311
9915
5430
6790
8238
2522
7297
8066
5072
8027
11385
13730
7801
11833
7070
5111
11021
9143
11348
4110
5763
15220
10407
4839
4089
10849
6726
14114
15012
11783
4615
2230
16005
1007
12888
4048
10556
3714
3689
809
904
13949
6344
3934
12794
674
9451
1446
7893
8455
5052
11465
5656
12141
12648
6401
6420
10143
9934
7036
15170
9991
11638
1990
1692
273
1949
14267
11655
4815
7013
10065
2214
5547
4302
3961
8421
14793
4892
8450
223
13818
12069
5479
6582
4009
1499
11431
2264
4651
12517
11357
12151
10747
5675
7090
1873
10961
14476
8006
11791
11789
4671
7194
12179
153
13174
2469
9702
3920
12579
3246
5113
2161
4730
940
9525
10744
13486
1099
13612
9684
14667
2839
1822
11612
790
13003
12071
10762
14296
1818
2400
1433
11313
4655
5375
14992
288
8359
8734
1501
4777
16126
15254
6314
5387
14039
258
13899
15646
9268
16331
3813
608
302
2418
10926
12389
8673
5351
9290
4112
10263
4626
5256
15260
16166
9178
3434
688
2796
7632
56
5791
12511
15344
3638
6881
13361
1743
7280
1323
10702
3045
4683
9990
11935
11141
7851
14366
10543
6826
10577
15821
7018
11283
10629
14585
16030
13346
7007
12340
12007
3668
1833
8963
9101
7039
5930
7719
5752
13715
1521
11634
4817
8204
4525
986
4288
8861
5569
12987
7451
4460
15640
13074
14834
8556
11924
4733
12800
9400
2051
6977
3957
2643
15352
2077
10519
12598
15616
4840
6789
12594
5201
15514
626
11825
4370
12372
15627
3997
16323
3633
12834
8781
7478
3008
752
14359
9363
2536
13924
7884
11511
13806
12374
3011
12342
10442
3581
8855
9169
856
6455
3482
13164
1247
6945
627
12796
12465
12057
7997
5657
12095
12154
5153
11176
282
8190
811
985
4043
10755
1817
4512
278
5548
11944
4968
8415
815
15873
802
4963
4019
14287
7150
8619
6310
13124
2650
1878
15771
7424
4591
5267
4569
3721
15543
14451
10870
5598
16160
15028
8739
5315
13225
11167
1651
14000
8910
7773
6034
4426
9557
3041
6483
15271
857
8731
1259
9011
13282
2414
7841
11474
4450
11807
7653
11545
51
10727
1131
10567
5197
3369
2705
8165
2954
11948
16321
2377
10576
11962
9945
12971
15247
6082
5020
13694
11291
2193
4462
2269
10421
878
14866
6074
15859
9283
12798
8957
9750
7966
3971
3810
3883
8349
12039
3481
2129
9265
11498
2530
1301
15615
487
1758
3465
15603
2335
1302
11997
3386
5097
1973
11048
13630
370
6535
16345
7652
10843
7520
1419
4391
9324
668
2876
9792
2822
13326
2815
2207
11567
4015
3700
12691
16377
5281
10743
12929
15720
3831
2118
5803
10821
5966
10039
1705
6154
5518
4055
3866
15810
2002
13386
15486
3941
745
12399
14519
9741
3159
3014
9211
3333
8738
4502
14059
12985
14957
14987
4993
3479
14986
12615
9472
12053
10295
14805
8142
1904
3540
16064
11146
1411
3787
3164
5166
15017
3782
16248
7383
6365
10464
14227
12672
13689
14807
12084
9275
8214
12032
9321
817
3639
13260
7370
1885
3092
8146
13574
12020
8844
15865
11213
5247
14346
7245
11168
325
6660
8407
13207
3652
12510
15156
13329
440
4131
7410
8297
8347
1514
6069
14486
4579
12129
5018
5938
10950
854
9911
11033
12311
13086
3004
3586
15279
15839
1308
8084
2031
319
3508
3707
14560
3061
8934
6718
13489
2205
4377
7511
13451
7666
14154
8932
13564
14310
13637
7417
8635
15286
8842
3979
4129
12964
86
3833
7575
4022
13146
13700
5432
142
2014
10324
12023
6733
15483
8907
11387
851
14473
15489
7668
10437
9473
9632
2980
11044
199
11622
6043
9907
12884
939
2304
8103
10991
110
10534
10183
14919
12931
1649
9612
11295
13444
9746
9549
3849
10671
15422
652
7488
2233
15814
5683
5101
13573
13238
9300
5043
15697
7109
8802
9455
9668
11502
143
4061
3602
11864
6044
2500
9041
1296
14570
8514
14910
3669
11868
10642
6263
3396
15559
5787
10321
355
12294
15073
3412
8483
1484
14484
8714
8976
2252
6261
224
15949
12599
623
12055
795
7569
3904
12692
1324
150
12574
9197
4171
8342
14796
2033
4172
11329
8829
9452
5955
14551
12613
9225
13313
2907
7096
8106
13826
8096
2056
1853
9119
8217
4401
9312
16300
4679
14686
14901
8939
7104
3291
14089
13548
12427
11691
8793
7121
5769
15309
8773
3504
7355
2235
13314
7585
806
14849
8569
13984
14436
3430
8427
6791
9938
14273
6793
9064
328
499
6246
15639
1126
2825
6598
7702
6796
16305
12381
11978
4904
14702
15892
166
13623
14040
1066
10207
5661
10279
3131
929
73
7834
1128
15658
13973
248
9292
2701
13183
7662
14092
11232
11076
7688
6542
5777
10150
2260
7310
13118
14511
14215
1850
14006
907
12280
6549
8971
7982
11319
8684
13153
9794
421
13993
6669
6368
1475
11985
14724
9822
5310
3723
8397
12999
10261
16143
699
3558
1941
15345
5900
9661
13366
13897
380
2845
3722
8699
15160
9904
10848
952
4747
3071
7367
8917
8178
7562
2797
2579
11714
15757
6352
5786
7309
10369
506
4216
10985
10221
15395
2349
8119
11733
9426
11586
13498
15922
11933
5810
4713
843
10635
476
408
12937
448
693
9682
13447
9919
2879
11475
8531
8269
876
1667
2751
10451
9819
9125
1382
9831
2870
15258
15887
15151
11194
10619
11641
12289
14708
134
6799
2012
15663
6319
13000
4297
14116
6850
6083
11537
7434
11132
12430
3640
3311
7134
10028
5279
7197
2968
10190
14143
4344
5925
5622
5472
14083
11625
10507
804
13990
12144
14875
13878
14248
9835
4657
9460
107
11195
148
1532
14690
1846
8717
299
10736
2574
15387
6913
15537
7628
6612
2989
7973
13821
4877
15259
12755
13784
13873
10514
15539
855
4700
5226
14133
6954
11118
10647
896
14332
4935
6045
4814
2213
8808
6673
8143
15739
10748
9234
3128
15594
2226
15813
3910
917
10614
9016
5021
10923
1703
12464
2573
16286
16155
11347
10851
3411
11046
7927
12089
5989
12934
15675
7153
14441
7128
9515
1733
2459
14100
1859
7272
13704
12133
7875
2826
3327
203
5514
13398
3845
8944
3044
1243
672
1318
5403
5944
15117
2712
13288
9618
8576
12836
5297
10208
10124
7321
241
2308
9026
7218
3226
3358
8367
179
16049
10186
8516
7708
11541
15274
4694
16348
13418
1777
458
2554
8462
514
14120
8527
7954
11379
15711
15642
16119
523
561
6854
13997
4250
8363
1294
8903
8332
8696
389
7054
14548
2323
928
3580
7499
4526
13571
5108
6359
8616
14429
3087
8022
197
13681
8664
9317
8837
10786
3814
4885
3028
12081
9565
10758
13692
3248
3250
8909
9648
1832
7396
6879
2944
4473
1781
6255
7099
8281
1429
13532
7818
14669
2364
12732
1111
8239
606
12904
7639
14409
13869
13889
14208
5284
10993
2436
2531
2970
7978
3433
4550
8360
14370
15831
845
10364
3969
10955
13070
4748
2135
11934
4652
10966
5207
8946
5635
14453
1662
7081
7211
5458
9082
5851
1997
15840
6202
2708
7281
14295
7619
329
10805
6485
1022
5653
9347
8163
12461
104
8605
7996
2398
4485
2673
10377
16313
488
3032
11729
11075
6661
13980
8467
22
2520
3290
6018
12212
10772
13978
8702
15019
5374
4359
15288
7381
11960
11851
2041
3836
16233
9626
6520
8109
2490
2926
2780
2600
13545
7430
4227
11458
9110
1095
11710
14454
16372
9889
4122
8708
11350
5723
13914
5796
15383
7682
11457
182
14386
7538
2507
761
5233
3666
8474
6347
425
14301
16118
1320
13492
7358
1653
4328
14721
10506
1187
14106
15906
13274
14442
10429
10734
11007
5766
2256
6176
4974
12835
2089
4753
1162
5952
11425
11747
5191
13079
12392
14490
15148
10023
8331
2858
13925
14552
11077
1090
4270
2678
7284
10285
9449
2537
7129
13671
5308
9744
4567
13163
14827
9479
12986
3942
4650
14831
9217
4971
5477
2671
11756
5088
375
526
3149
4472
7475
7238
2147
1070
8567
14254
916
6251
5627
13219
1210
9748
1966
12729
13561
6197
10400
5981
8312
6402
5206
6820
14863
8623
4846
6026
11275
4719
11300
2747
9344
12984
2714
1775
13627
4264
4210
5455
922
1343
3186
4056
7665
15339
4249
9318
470
4
7527
13298
261
2804
2518
13509
4520
3869
15354
10270
3153
2589
2717
6772
11228
15966
6795
14568
13841
13703
10265
15828
9035
6734
14468
2891
14232
15538
6341
11937
12261
8966
8118
5402
5058
3718
9733
4395
3021
2583
12539
2175
13245
4750
16343
5488
5812
2753
11970
12327
5997
9164
2422
11023
2446
3793
5859
6426
3464
16051
7768
4646
773
8193
5486
938
13598
677
16364
14303
10530
6391
12595
3220
1292
14645
8302
4456
10827
6807
11749
14424
2689
10628
2156
15946
89
10499
2621
14470
15024
14060
5918
5596
4821
9478
15230
4053
2351
1272
13604
5557
820
2889
2595
15164
4315
2146
9145
2433
9454
13735
8259
172
7905
3626
6029
14404
6901
681
14770
3314
8726
6283
888
13539
15437
2000
13466
551
7270
6948
15744
2136
14364
8705
16124
5927
250
15774
8992
10129
9634
2121
15561
8094
5194
13170
5729
2904
4909
13281
4057
1947
14071
2502
1339
11660
6481
8599
11478
8710
15784
3947
2755
5679
13459
12006
10952
10504
768
14896
4553
3634
3401
9918
16086
9409
2408
2733
603
2229
5466
12370
14200
14592
537
15826
10276
9028
13234
4648
13462
8674
6747
3802
8790
6105
1760
15001
10784
3003
6572
2684
5119
14218
15687
5163
1146
15552
3106
4119
7209
15764
4266
5244
5025
754
10716
619
1093
10998
1974
15741
8703
2599
13093
3173
1543
3597
7753
2992
4586
405
4387
2212
11445
7387
8896
6741
5216
9769
14438
15508
16275
899
12625
4867
2445
7492
8573
838
11178
7472
15996
2455
15310
10397
8032
4180
420
8933
5232
106
13253
6199
8087
8689
9332
8958
4327
12542
5346
13968
12175
12899
11718
4215
6725
955
15002
5558
6654
4916
9276
13691
7056
14748
8535
6590
3981
16157
167
12254
15186
6806
1564
15510
1395
15845
2549
11198
6902
8464
4577
5814
6514
16325
38
7329
11590
9468
10508
6113
399
11082
4578
3272
1212
11074
12674
8484
7809
4488
7775
12204
3209
3006
12182
915
6138
9093
4899
13988
7908
6406
2637
2236
12546
12787
11947
4263
2631
1152
1580
14445
13822
2483
12418
2545
15917
10229
15668
2990
12658
3183
7445
3610
908
6560
11420
3561
8872
4451
8887
991
12896
11876
9236
14713
3729
1059
9953
1357
12726
13280
11257
14936
12439
10168
5227
14991
9326
13620
6711
7166
8982
12918
14316
5243
412
11040
13415
7716
6291
2957
12111
13057
18
3110
7481
5531
10526
3404
2448
15267
11328
10657
11427
6445
5096
14646
7647
10756
1803
7117
8203
483
9796
10054
5640
200
11011
5935
16308
3848
2812
9724
15599
2444
14679
12975
124
4708
3615
7683
10439
16212
9411
1782
14703
5666
3719
13043
5259
3025
2593
15263
1107
14228
5879
3295
8475
7455
11404
411
2553
12269
12957
9570
6111
2472
10788
549
7787
1418
14414
8940
12088
10386
14751
6735
1740
12643
6544
6499
3138
13882
742
9947
16207
2460
2945
4046
15380
13120
7045
7439
8015
10012
16125
9009
2638
4306
427
9279
11064
2049
500
3821
6404
15425
407
2225
4356
10007
12382
14600
12589
2042
509
10431
10667
12583
11019
8350
7725
6958
5972
8074
7027
7124
8351
13642
11172
7416
5482
1496
11423
15979
8135
5170
14086
7371
8886
15525
4906
12695
2303
9700
16141
7339
6952
11345
11265
8834
11882
2039
4645
447
11776
10144
8195
7544
12050
9591
11473
15781
7123
7833
15809
6500
13041
12378
13713
2732
2665
14976
12215
9066
13742
13259
6998
15399
6298
7948
708
9302
15902
1295
8258
13069
14610
10780
3340
8378
5329
2451
6121
10769
7921
12171
6813
12833
15418
3829
7869
7941
6289
13244
2403
3893
2360
5187
10887
3367
14754
11209
5212
2435
1360
7607
5055
1553
14159
9971
1738
11765
469
5159
3127
384
12341
4069
8429
4609
2383
2044
12832
13369
3859
9752
15091
4985
12028
11303
7547
4962
8867
426
3808
13576
14591
14856
6155
7138
11945
4127
12395
9115
13672
149
9550
8954
6640
15574
11866
1628
9238
13891
12051
8800
9160
1299
5662
943
3926
3878
6215
14916
4430
4428
3002
7028
7436
1033
10738
13056
2314
3166
12000
13082
12747
8512
6137
2636
2366
2864
3682
4870
10698
6550
8343
7393
6206
4805
8648
13934
11637
691
3323
8694
6804
3345
11739
3812
10188
239
4937
11020
11815
12678
382
6978
5223
1644
16199
9671
15456
9670
14488
9640
8989
10612
12339
1336
5459
1208
12700
9457
1009
14677
1305
4366
2407
8072
15888
13731
13718
963
4957
14582
122
14207
7061
48
12966
14920
14758
15797
11443
5962
4851
7593
10496
12222
11027
9933
5353
8053
4111
10866
15780
4132
2591
10447
3398
14411
8509
7723
4641
16358
6208
8658
13894
15858
4959
798
3502
12139
16310
3847
8296
9562
10411
11779
3734
1400
1828
15752
3445
14201
14806
16340
3120
10841
16082
5604
1055
14902
11635
7543
9870
12087
2007
16349
15505
6868
8488
15079
5089
5862
13777
6440
1392
13629
10308
14836
6405
10102
10811
6212
9571
8683
14785
1406
12887
5422
4608
13670
14980
15824
4494
8729
15871
6912
11895
11098
7596
8073
14664
16347
2948
8626
13379
1130
8885
11583
13660
8127
6997
14692
14363
3294
7201
15548
14355
14155
1923
1506
3512
8752
772
1812
14894
2523
12879
11846
635
1029
11759
15468
8158
27
7823
15652
5957
5830
3182
3506
9235
6398
15903
9596
3453
5158
13341
1964
10632
7080
15333
3747
4754
12740
11466
3959
12201
15636
5503
861
2581
15583
8021
1742
8188
1668
8597
1064
1954
15490
11727
8911
11409
1353
8679
13645
13940
5600
11272
15325
3352
4411
9311
5412
3948
9188
7291
10297
3761
10741
9753
12140
11708
6769
6858
15521
3310
14465
7283
10173
13706
3732
14300
7780
9561
1040
1622
11809
10906
13480
268
6186
10320
2297
4588
6338
13581
12995
14772
14323
5461
812
151
8601
4902
1492
7468
4394
528
3467
7673
13030
371
12329
4099
2497
2924
8209
3472
8009
8745
8970
4139
12295
14851
14212
3664
8149
5854
2639
15026
3769
8655
1698
12846
14226
2254
8595
4710
2993
3715
4895
5520
6245
8588
7947
7382
12817
2391
4706
13648
12815
3154
11616
6503
7261
919
723
12348
14170
1443
4692
15266
14007
7751
542
5765
3148
8624
4267
1562
6916
4691
12455
7404
3701
5808
12257
4013
9227
11973
10816
5317
12056
11255
5296
13307
6691
7988
4759
2258
14041
759
6019
13231
12998
9097
8967
13264
11797
3994
13348
14337
16100
1457
15047
12711
8133
14964
13907
1472
4794
8176
6092
1348
12060
9431
10970
11598
480
13476
2456
6538
7791
451
9153
5056
7011
3231
7977
15419
7122
10876
13995
9038
1876
14165
13114
704
13527
13721
12451
6919
13927
15928
12022
331
472
11393
8825
1328
15430
8059
1736
3376
4444
13106
6605
4849
12237
3169
14712
15036
301
2660
16227
2324
15240
12411
16344
16255
8995
13860
4824
8518
162
4571
1155
8914
6928
2981
137
13915
12776
8685
7769
14087
