13436
13487
9732
9779
5691
5123
8560
16151
2028
8298
12147
2619
6854
12794
11086
3764
12012
16258
5159
15068
208
8636
8351
6892
9651
3191
15978
14861
7849
2381
1625
13112
15640
4370
14184
1837
3007
7636
8728
5144
11415
6515
5277
10633
5325
4231
4504
15685
8270
1337
4767
267
16023
3271
15128
9005
13332
7227
5752
16069
6949
12553
14147
7627
6294
10313
4515
3214
5197
14892
11040
6451
7496
310
435
6748
5519
16002
10941
11463
11912
5849
3205
7126
8833
421
14520
4594
12979
9077
1320
15550
14939
14846
6526
3513
8795
766
9354
9590
12719
15919
14808
7323
6687
8671
11657
16259
9650
9255
11227
3198
8422
13149
13849
3181
11392
3603
1870
13507
778
2406
13100
13004
14241
1470
16163
12214
15315
16024
6908
148
11411
2603
15968
11610
12340
400
11249
10337
6704
11459
2224
15057
13033
1855
5371
972
13288
6631
11818
6235
8360
3966
13373
928
11684
5006
12237
6216
6976
4655
1701
12345
11824
4808
16202
9158
15417
5958
5765
6582
11672
15414
6094
9530
8853
7432
6555
1089
16367
5430
8569
15694
8405
14920
4307
13510
2552
15275
6531
2447
15868
7824
11701
452
12734
7100
113
15575
8988
1212
2775
5087
14344
8522
12486
14971
8169
5074
12442
8733
1632
7151
13381
14761
15695
10228
15828
11444
9281
15597
79
138
14974
3456
12003
12318
490
14770
2570
15888
15648
14057
880
2806
14866
6564
3847
13919
16129
8824
14132
1240
7926
13030
14981
15429
460
15529
4071
5436
3751
4901
5128
10183
3711
14121
16005
13425
8701
12165
11940
3800
5510
10992
5306
8269
1929
11738
588
10352
9200
227
11714
532
11789
3329
14539
16137
5226
6885
7649
9533
5202
1086
9157
6799
9498
5047
2855
14078
10229
4182
14937
6952
1047
7658
8472
13328
13049
5425
9428
1799
12555
14034
16310
15734
12888
8326
8073
6407
2024
7290
1651
9248
6782
4532
15028
13922
2189
5792
8406
4728
9224
6880
1391
10263
15636
7943
11726
11454
9016
10968
229
9660
7046
11353
11811
13815
8028
5620
9766
9070
10437
9417
12277
14699
15216
15643
11554
7367
2094
3898
5058
9086
2598
5562
16352
9444
11240
2763
11805
3477
3269
3204
8139
3680
1423
9711
10619
7524
4914
5711
12084
5567
6932
752
11051
2612
12026
9728
13229
1984
14085
15422
13951
3838
1330
1381
15087
10082
13708
13769
11189
11736
1627
15077
15051
7907
8698
8345
15253
4332
4443
3846
9185
7685
9347
7491
14467
5993
16144
1316
1233
4637
15709
3151
10023
11421
1369
13673
15903
8987
14545
6159
16066
2668
1774
15946
9213
9626
9180
9279
4724
16220
6127
8652
14532
4939
13568
5550
12988
3034
12320
11211
16223
12246
10472
5119
2979
7019
5344
6040
13677
15600
15887
530
5636
13603
12427
5608
12820
10489
16363
5651
13374
8769
6184
12326
12760
5935
14956
6062
2173
10291
9270
1013
10374
13804
4426
9545
1629
8792
2053
5174
9344
611
8256
7643
10065
2998
8718
10315
11246
7240
9615
13653
14865
2461
8221
5657
1683
11864
10341
14180
9782
13538
14638
10614
12041
605
13453
10093
12588
10309
15729
1342
6879
14991
3368
4449
14790
11130
8685
9128
1148
4645
10376
7602
3347
437
8761
417
7839
14199
12666
9455
9319
750
12419
2034
3109
7060
4435
5080
4208
2831
15786
6573
16178
3698
14581
3473
1951
12830
2944
9876
4347
13172
16251
11804
15681
16362
3890
15142
6538
14875
10553
10191
4031
15665
2126
7883
468
10085
10836
6844
8143
14418
3104
16328
3192
10676
15459
16097
12854
3145
16096
194
2010
5218
2655
15397
12654
5487
15003
1820
7960
7935
9596
10090
4374
9280
5767
14901
12275
8740
1853
126
3040
4245
918
10725
9908
7190
10019
3490
195
2541
13818
9818
2909
13452
7061
15489
7566
13216
8079
7738
8835
10771
1962
6793
4227
6721
791
3508
9441
11797
13099
10318
11417
3699
12849
2590
6743
2529
12735
4063
8817
2714
4776
5050
15849
13764
5810
10682
1452
6493
10451
13263
1779
6811
2241
6812
5599
7494
6599
1981
10664
4673
13243
1392
7829
2671
9313
8011
3173
5400
13054
13358
1976
10409
11345
8736
9668
12562
8174
7894
1926
12805
7642
9589
5762
5773
2225
12576
2945
13581
10701
7337
14135
6372
8343
1965
12729
5320
14058
6149
3396
5274
3132
10680
7879
6742
3696
10782
391
11117
11723
13222
13690
4937
6135
7957
5139
8275
14964
8306
12064
11719
3216
11045
12548
3602
729
12860
3172
7470
1390
3750
8432
13729
14578
6730
2251
828
3352
9126
2113
14876
14236
9080
15804
1794
12431
7304
969
7156
1415
2452
6322
745
6618
7251
3409
6457
15421
11749
6113
7793
2689
4432
10885
1382
10407
6300
525
12777
3907
8664
6214
6575
10807
12432
9130
9802
8047
9705
3956
5230
12354
13775
11385
16095
13060
14401
6827
3248
5357
1677
16173
10219
11501
13303
10779
7909
1489
183
10730
361
3949
170
15835
14717
14694
10405
14794
16269
6405
9105
3211
4233
15124
13542
2872
5465
16042
3414
14782
4812
7107
14624
4117
10537
6141
9880
8482
68
12131
11491
10267
6442
4696
14483
1448
11381
812
7938
4143
6207
770
3404
453
15558
15436
2293
8572
7140
10577
2313
5746
5769
8609
14427
15460
4387
3779
13014
16294
11845
8374
6330
4987
10746
16278
4498
9476
11403
14554
1787
11155
902
4049
8391
15504
13972
11673
5472
15487
8607
16357
2754
896
13362
12918
6224
7253
9446
13576
2894
13001
10402
4924
12046
37
6851
10578
6534
15565
10412
339
7904
7937
7422
15386
1686
11093
9348
11149
9975
12778
15240
3660
16011
2060
15675
10344
6168
13143
11517
6448
13614
3492
13438
5103
10157
4514
2544
10188
524
6309
6311
3501
271
9960
3595
10523
847
13803
1394
14055
7266
11823
4711
7971
11288
8386
8898
7059
3081
15355
6829
13211
11165
5063
15966
1271
11028
15750
8547
1660
7509
8623
13547
1167
4891
3788
14915
15822
8205
5869
14289
4411
9631
14823
4080
8722
1568
913
4336
7558
3420
8553
11131
8359
8229
4129
13502
10027
3278
12671
7202
7576
5002
13473
13182
10797
6336
10996
13330
10521
9490
12033
283
12809
9970
345
8566
7125
3063
13609
12313
12978
848
13414
9368
7629
3273
7924
6673
575
2851
5415
14162
2966
11707
14705
11888
6895
6890
264
10724
10793
727
2705
2823
2868
4765
3669
9893
10212
13468
3566
3030
14348
5389
8481
14011
761
13230
5750
38
13267
2337
5350
10753
6707
6544
5095
4010
13500
9075
4602
13565
5770
8749
12294
12973
7557
12317
13165
953
3543
1283
6506
2741
5075
14020
12426
9081
10289
2920
15963
10403
5014
7400
9690
9622
10816
6574
7475
11175
9667
9947
1277
161
10215
11473
7900
9084
4749
10214
10662
14472
12603
10844
6278
10192
5477
1483
9387
12678
12906
9583
3946
1562
4375
8390
15649
9871
4137
2764
16380
14173
2476
8451
10507
10226
15279
10678
9979
13153
4078
11364
5105
13364
8333
7469
2450
11257
4181
16344
11422
11795
14489
11468
9911
3241
8003
16250
14046
1807
7551
6917
1261
11731
2190
11830
7104
6914
5488
7902
13534
8193
16324
9415
15178
15190
6945
4801
15566
13028
7645
2138
12669
4642
11143
8592
7115
8775
13776
14940
7990
12646
8153
3656
2770
6245
4570
6778
10981
3340
12447
13297
15577
2079
15859
5707
4420
1516
14598
1259
2320
8281
923
12923
3080
13293
10002
4410
3977
12172
549
12649
9676
15981
9379
4526
14290
502
14112
15560
11612
16189
4623
296
10465
5986
14475
12128
10804
3768
13949
13093
10543
9285
8177
7600
12017
15605
3322
9558
962
3791
8115
1913
16145
10213
14201
10128
15719
9691
9425
8834
10389
6958
12481
9366
14492
12034
2269
499
1811
5627
5340
11899
2314
8742
12274
9023
3197
12171
11091
3730
4105
8347
8250
11470
6553
14947
3545
8271
11532
11782
3305
314
13646
2237
2515
9531
11915
12361
1528
1304
6987
12387
9644
12460
7320
7069
8423
16123
12661
3071
15842
6856
8196
15214
10948
16229
13689
5055
13451
15914
1467
5261
10371
7256
13031
8323
10706
7351
2013
894
5566
1616
9791
6939
242
9373
13504
8799
10955
6929
3756
5661
128
12510
1484
1299
7207
8462
6494
5824
1399
12754
3737
5474
143
5072
2928
10805
2088
12183
11065
14517
2798
14978
587
4293
9564
1975
12480
2739
1151
9191
10586
14090
1563
3209
8755
7195
4401
2863
3930
11341
3264
12127
9381
11687
4721
3336
16075
5786
11936
14966
14537
11328
15912
4989
10694
11016
14843
12718
2420
3899
10603
5185
13448
1564
7889
9137
6417
14482
2683
8554
8038
455
701
2814
6090
9763
735
10891
6905
15385
4558
15127
141
785
33
13530
7607
14377
12133
1728
7988
11755
5309
10510
11927
15078
3254
14913
12353
11677
11070
13265
15509
11299
8826
7659
10958
11587
13106
63
13484
15818
8377
8934
1419
8427
7170
12434
13983
9154
4800
13181
14719
14403
9666
13589
6455
3313
9090
6249
13107
12914
8637
11003
14742
6353
15412
11632
8715
13223
5158
10641
16275
863
15420
9628
13179
1466
8322
9743
15672
8694
11835
8794
7421
8822
12897
4625
3093
6243
14540
5462
1748
10848
13610
9866
13711
11167
9701
1643
903
11539
11250
5710
12006
5887
13075
15117
3476
3667
11544
576
10361
2696
8055
10340
5684
7513
13966
6789
15743
9836
10137
14641
14443
19
13164
9201
7008
12478
10912
5815
8424
3542
5679
4561
2181
10334
9351
14295
2825
6024
5943
462
1353
10760
1075
4170
9484
6004
13692
14633
12210
4956
9338
6998
3608
7433
7625
4992
16195
2033
16152
15633
5757
7455
16355
3374
1963
4708
12331
7651
10636
10457
2953
5843
9424
15189
12111
8238
10445
563
406
11954
13052
7096
9402
5245
8619
11059
1797
4481
10604
9252
2007
10837
14459
15788
10652
9508
5212
8489
6636
7324
2446
16019
1930
6637
986
2929
11963
1303
8122
824
15712
7012
2325
14500
13846
8839
8767
4751
2240
12723
978
10888
12492
12662
4056
7339
5587
11322
6625
3097
15745
13073
9581
4544
7797
13969
9593
5915
10675
12071
11108
4389
1990
3332
15857
14243
11910
15960
7230
375
14972
14781
10372
3379
6956
8950
973
10532
2479
6246
12871
6016
3445
8776
10156
3119
12221
1050
7159
6109
10714
12488
10768
515
15608
7138
11498
565
11029
151
11069
5916
10051
5507
84
5996
3047
12245
1798
2915
13939
9008
12526
15461
1537
5637
3013
12424
15002
1243
866
11837
15766
11286
7903
13218
1289
8593
11537
4267
5394
7725
6287
7388
9274
13719
5702
10196
8246
13744
4294
14949
14740
2959
7167
15244
11745
12815
211
5850
14596
10749
13361
14042
8341
6775
11419
8034
970
3955
3968
6623
8030
12036
10585
8385
16176
6160
14174
13709
10690
1737
12600
4918
6291
9040
10710
12558
15961
4553
6543
5838
9440
8054
15793
16314
15423
12456
2264
1131
7765
15258
11198
5367
14061
4604
4343
8943
7799
175
10704
16051
4081
2472
2501
2745
7035
5163
11076
15728
14033
5468
387
8371
3755
163
8938
12714
1126
3432
6105
4001
10802
12514
8612
5997
10171
2050
8791
12816
16116
14988
15909
1986
9544
3959
13331
7832
1534
4499
214
8859
4414
15456
15462
6132
8190
2290
15088
7953
4928
10877
6095
308
681
15870
1327
15969
11295
9288
5817
13688
5858
10966
5891
13835
16046
8092
11145
3686
9842
4722
14271
288
12327
9559
4900
9750
8487
11112
13207
2973
14951
4563
7280
5759
13398
7691
9761
9740
12044
2996
3815
14792
6345
11547
5408
3366
12969
15132
8621
8265
5486
3292
313
5867
6355
11049
1263
10480
14251
9045
2115
8027
7186
12240
11668
16248
8191
5501
11514
11812
4296
14617
11248
8573
7394
4965
10067
15225
2226
4620
11156
13335
8460
2597
16083
12402
12453
3524
11528
12732
10718
2099
8896
12295
16335
3659
11298
6298
1375
124
1720
12883
1940
255
15073
3215
7609
2361
8695
6546
15627
12068
11475
11564
13897
2523
5877
7891
1371
14293
4845
6081
16307
11746
11478
14025
5029
2794
7870
2453
2921
8032
8240
12378
11575
10205
11142
5118
9850
15336
2926
12292
14118
9470
4261
7808
1950
7724
9063
12701
9912
15154
7873
6074
14107
3911
4732
6153
13021
3824
2416
6320
3411
2830
10660
2448
1527
14721
14589
10767
13163
9237
4405
5431
7574
13043
4036
6394
11490
924
9526
16165
1607
4353
14172
10103
13866
8237
7939
5763
7880
15210
11268
7652
2760
2108
14240
5995
12365
3125
5200
3672
3786
428
10612
2923
10308
14198
1503
14879
9392
2656
15792
2641
3747
10983
11846
11533
12924
10216
724
9337
13257
5453
383
13193
5963
8253
11683
179
4581
4477
7424
15454
5377
16284
5532
10444
12959
7052
732
8635
7027
11407
12310
15277
2553
15095
10717
8474
15979
9301
14139
10373
12350
13543
15571
497
7776
8678
8855
6974
10464
353
12266
11680
7701
12383
16211
10880
13754
16305
8874
5822
7117
6275
11898
14100
1208
11618
14486
2499
13854
78
3392
7248
16031
4994
3487
2647
15203
11658
1286
870
14887
11865
15167
5771
9300
2282
272
15779
3999
11359
8280
7369
4662
14239
7268
4325
13262
6763
1828
3045
7292
8012
1892
12911
8917
4679
14616
11116
10815
783
9943
13406
839
13360
5522
5574
6133
3917
9504
6545
6333
2964
11621
9516
3444
2102
4692
7090
9102
5826
6933
15404
1872
12913
10426
89
14919
67
8932
784
1218
14114
16065
2901
4330
3095
10223
10834
11863
636
3223
9021
7204
2021
14751
531
12818
3468
15644
13408
13877
2144
1900
8504
6
1971
14365
9619
820
6188
11505
1856
3677
2281
12949
15252
558
697
9303
4183
6254
1356
7732
15976
12393
13552
134
5625
90
1585
8710
3283
10683
11692
7666
5663
47
5085
4889
15677
10628
15833
8008
3663
12641
4441
5973
14214
9284
14101
6672
15623
2285
14219
8646
740
2873
8216
8852
10644
9682
11084
13151
9010
14626
1983
15871
1654
16139
1325
7807
7081
6814
4917
6857
2375
14116
9110
8889
3879
12630
4064
7861
8994
14200
12790
6609
8674
3743
2268
11583
6307
1881
9777
14895
7403
133
15815
8991
1822
7282
2744
5936
15439
13641
11778
1620
12054
3000
13923
13956
792
9123
9192
8072
12944
5851
7537
1711
1111
8203
9116
11134
3687
1949
14595
15311
6850
11234
7416
11046
13548
15959
10975
13490
7925
14519
3675
8538
409
363
8543
2708
1560
10552
12767
4813
10257
7447
7915
5856
7759
5965
6874
4128
11573
3134
7031
7168
13096
13584
6654
8486
2827
4252
442
15918
940
6510
11398
246
7767
4145
15104
7734
117
3026
874
4887
11377
11036
4008
6783
10453
10570
12947
12691
2352
2386
840
5012
6647
8680
72
16319
7655
9121
13309
4678
12868
5483
15334
8614
14842
15008
8497
13820
6486
1207
2877
13061
1144
5224
702
8726
11316
1372
2623
459
8719
16072
9721
3676
15164
5650
6384
6057
633
16317
11634
41
16108
12284
3885
9329
14664
6130
8439
379
7737
2950
13531
621
3931
1706
10868
12430
62
11913
14125
4958
12753
11617
3401
13316
5721
16149
11991
12381
15451
3539
10217
3808
13333
13707
4506
15034
14050
16231
8035
13282
15188
3059
13516
8441
2707
9819
14438
11007
13460
13794
2038
9076
11340
1861
6497
5529
3497
16059
6834
9899
241
14718
5362
7781
14816
3261
14079
15213
1715
3807
11297
6554
13604
16090
15787
12895
9902
6117
1288
16322
13636
2927
15176
10712
503
15218
9793
3661
4920
8084
2274
13564
16308
11319
9427
13554
4482
2841
11570
9965
7180
6240
14031
2397
15621
3997
8018
6668
6478
9159
8542
14757
7236
9986
14297
6603
14316
10247
3918
12756
1113
14750
2586
4429
2040
2596
2509
469
6172
5569
9230
13965
6042
11452
486
3086
8019
4650
3624
15934
14394
12358
5644
14850
10377
9382
1104
12394
786
12349
9502
4684
8912
4879
1727
14334
3387
3238
13798
5694
5941
12169
3818
10227
5601
8408
11
9738
11380
2163
6901
2191
15944
5272
10159
15108
4781
14049
1873
1310
8395
2203
526
3881
13228
118
12216
7791
8702
7774
8110
11591
7973
4285
3614
7029
9043
4755
6709
6703
1200
16022
5018
1376
7723
12967
8104
14398
8679
4770
13239
15915
7271
7585
4736
16306
335
370
10001
16052
12407
14386
4538
7697
15197
4399
1542
3720
8230
14946
10133
9363
11281
15922
4853
2051
5390
14124
11641
601
2983
2613
5603
6447
11467
12912
9633
8160
11218
6258
15769
5968
14893
5811
14681
5091
10529
1517
9848
2680
16198
10345
8565
9748
15208
776
14206
6386
4428
2664
4397
2272
9227
13872
4476
15707
6875
11484
12206
6997
6587
1515
8516
7742
13556
891
7820
6644
7306
10347
5335
13247
11012
12566
16159
9961
4193
16273
14855
12960
5401
15199
10395
2312
15111
12401
6896
14911
2340
908
13489
4319
6658
6566
5782
8367
4424
2187
6268
1436
10497
2185
14604
8247
96
8042
10591
10502
12451
4658
12459
15274
862
11368
12032
2569
13735
13188
3297
6179
4741
15371
3978
15483
3057
9474
1100
14668
15081
7414
10932
12595
6464
11085
5004
1441
13148
8552
2136
10278
2854
15926
2004
2345
11104
4054
11105
13191
3588
15413
1309
12692
9295
2478
13041
11124
12611
4616
13959
6751
5956
10202
15814
6194
5969
7878
12989
13991
13840
2054
11670
2910
11480
11022
8709
13639
15552
7946
3415
15710
7674
8511
2818
10301
10576
4969
13175
2304
7370
2026
7899
8396
4093
1222
13867
15384
9209
3820
16370
5629
888
6903
11776
7286
7794
3866
4236
892
10568
7640
4263
14310
9685
1698
10696
15209
13050
9186
4331
15724
7134
4835
12092
15479
263
14724
3963
2893
12272
3149
7119
6832
9549
2471
12152
6352
487
8978
11014
10665
5740
472
2336
15484
8093
11704
3451
13133
15478
5799
5744
100
11118
667
15518
12743
3212
3357
12304
11843
4876
6312
910
14709
14466
14675
15607
5617
13612
2213
6848
14017
14338
1942
13442
12118
10936
2425
15567
15937
13938
11308
12094
9458
8512
2161
12836
3092
3183
2720
13318
15161
6325
10099
9739
8535
9234
6606
13863
13411
14529
11391
8751
937
2537
7848
4438
11693
3194
508
14896
12667
14959
13059
256
7663
630
13626
11152
6122
6065
12886
27
14044
5284
12529
5704
10147
7226
10615
5953
3683
8608
12122
16279
14282
13727
7015
7191
2309
13511
1178
16
5584
15806
13224
15794
13178
6806
5262
9317
3632
15426
14992
14649
7525
1978
9742
3606
14186
8514
11373
3028
10306
1889
1142
6139
9149
10201
12441
8861
7779
2377
15162
15799
4345
2609
5900
9542
15587
15230
5816
13083
15494
1266
2125
797
3308
8304
12926
9454
177
1780
5621
12103
14682
6670
8149
9980
5481
7942
10411
864
8056
3769
14512
5572
13573
13761
837
8665
6175
13108
14960
10140
13714
11502
14149
1511
6643
12549
15340
5855
7778
10253
13046
10211
3552
15473
6656
2662
4825
15553
7519
5461
6567
6633
12056
12571
14930
2019
15323
6379
5933
4769
15273
3402
12374
4195
11302
11946
7249
3078
14231
1449
14413
8155
13618
11839
7088
5267
3083
11147
2799
3494
585
6761
11204
12145
13851
95
13790
13608
13829
4610
15272
6228
2247
12737
921
5179
6716
10867
4729
7632
14059
14758
16274
8634
4605
743
5048
5480
13407
10481
16087
1922
1778
4373
3234
11369
3888
8197
6569
9271
7488
15227
1548
1556
8464
4952
3355
5534
9888
6233
2323
8176
1287
6777
13976
15663
9903
10017
12632
4308
13559
1014
11294
12565
11188
11998
243
1165
16332
8691
15531
8401
6548
4910
5595
15138
4967
1893
2874
7760
14387
9085
670
13830
4390
8412
12684
12850
4834
6253
3341
4074
14268
14254
1001
13932
11967
13035
15042
2697
5952
757
10145
12047
14774
886
4298
12198
5473
1866
15669
15313
9731
12499
8348
13130
4981
7788
5839
11838
14605
15065
1813
12834
9400
7291
14627
982
14187
16160
518
5692
3892
2857
6166
9658
8493
15285
4735
4125
1034
12547
522
15713
4725
319
16240
15271
15344
2364
12716
12771
14255
6826
13726
5008
1311
3596
14737
7706
9675
3221
2965
2396
9219
6490
261
10791
10252
9261
3162
8224
12721
12222
11534
4228
12952
4069
9069
15666
16232
4666
11425
3298
2488
15692
16368
9639
10819
1122
3041
14553
7344
15458
2035
6373
4919
4695
11820
4104
3516
6426
10037
16318
4768
15326
8049
9067
5683
8606
15005
10875
9079
1305
6296
6579
315
3523
10945
16345
9486
5972
6181
7484
10549
7743
919
13441
12021
12874
12179
6445
523
9240
12651
9378
11024
2808
9371
5902
11826
12726
1291
3136
4065
11243
12616
6142
14274
4123
16113
8043
1763
11907
3079
293
4291
13287
8809
11404
13978
167
14129
4795
7192
2589
10925
7933
11968
2434
6041
6380
11870
935
10563
16201
12343
160
471
14702
3008
14372
10434
2200
14871
15513
15133
3941
2985
3376
4076
15304
9964
9981
8327
13192
14772
12560
4306
10195
9393
684
6955
13255
3806
10952
6378
5705
12994
9656
13027
10353
484
3759
2992
5779
4635
9758
9535
13009
2449
10474
11229
2389
13638
5234
6525
7637
1437
979
2259
10000
13103
7535
15232
14024
9024
15867
14726
2003
9823
6460
1458
5232
2604
10640
4723
2279
14097
6281
11711
5088
12300
5716
396
14215
14265
7771
3488
13078
2747
13605
4072
10659
12309
11041
15869
5554
4079
2524
10079
15906
12479
13138
10721
1565
9898
131
977
10063
14298
9050
2803
8262
5888
3362
260
6429
11224
7000
7121
11275
10105
13238
11453
13891
11460
933
1312
9099
9652
8531
3996
13157
14233
8236
4130
6964
7617
15680
13045
14448
7154
14404
2850
8588
3203
5638
16374
2300
4720
12315
12782
7377
14722
6766
14207
1336
3425
10917
12633
8882
14037
6530
13940
11332
14066
10295
11856
8164
9566
591
7
384
9640
9806
6390
12351
2250
12938
4948
5836
5236
14986
15519
6921
6837
13495
5160
9623
3951
5437
9649
5446
10583
12359
4886
7561
12879
15339
15905
5009
3
10148
13396
2833
4740
14218
2858
10385
11127
8688
14749
10172
13119
1039
13687
4266
8558
3926
2816
4289
12987
13387
15738
10858
9452
5418
3785
14825
11800
14692
11008
7871
2421
14765
14603
14771
13427
9664
14266
5500
180
11075
10339
3480
3522
3804
5798
3459
11266
4368
7495
3961
11025
8653
16222
4864
11210
15145
10672
71
8810
2532
10803
8528
9468
13144
10100
3702
4836
10752
659
5046
14371
12569
3364
2886
11241
15803
2845
16329
11485
11486
14776
13909
12758
9765
6746
15878
3070
8037
12100
7901
16225
10663
4586
6187
3969
1507
12329
8628
12781
7977
12380
6863
7442
6025
13541
8428
6459
13757
5808
13598
3356
15965
10047
139
11960
15536
1000
15183
8919
1898
10999
16292
5384
4140
15936
8335
9212
13270
13428
4138
12181
9882
9202
2912
14082
4926
8731
12298
12322
11949
4159
1501
5013
2498
5806
6045
11939
2419
5508
5419
14945
15873
2970
5640
1294
8083
4665
6106
15245
1456
39
2881
7220
10285
2261
5588
3084
13132
11935
4107
11569
14803
13187
4659
14534
5470
900
3560
2864
4780
7094
15071
592
3085
11733
1751
7729
15309
5929
1691
9411
1170
16349
7919
6023
11285
2862
934
5416
2408
8785
3131
2123
8392
1451
9926
4783
9698
14713
14615
14179
31
4492
1306
2565
3792
7343
4517
2563
9013
10897
3053
4442
10656
9557
7221
15468
2780
3144
7319
7034
3299
4223
12504
7144
10686
97
10700
9608
7913
5157
14476
5396
2878
15595
4974
5403
322
14043
251
9258
3463
16086
9951
21
4564
4554
5832
10566
14599
14872
9799
1945
7444
258
10310
4120
13819
7362
2292
6744
13319
8469
10720
5086
13439
11596
3741
13558
13082
5054
11239
8063
15879
8689
2046
10117
10020
3461
9919
8563
9469
12591
2201
2257
7744
4516
14430
8188
4797
1432
8233
5893
11643
8124
13161
13705
5780
15970
8212
12073
171
10822
13915
14646
6076
12575
7009
1752
14284
13771
7978
11436
13217
5315
2330
13359
14809
14628
9359
3164
10596
11096
11908
16209
9031
10398
3470
3752
14900
11563
4310
4714
16106
10241
10841
7816
4931
14060
1966
10380
4680
8179
3174
5540
10820
4018
4848
893
4850
8639
2295
4577
9907
10935
15752
10331
6420
12177
4386
13159
12540
4945
1173
1919
1713
11695
14223
9119
904
3314
10379
3575
12953
2444
5713
3200
3038
9976
12120
11747
12016
11434
12077
14962
6785
15735
12851
11034
6256
14623
4461
13916
4500
15131
11592
14557
12791
13242
2091
5774
11768
457
9395
15942
2130
12617
754
6682
13889
3436
5141
16244
3289
11993
939
285
11226
3682
15021
3836
14779
7402
5828
9215
9915
318
15233
9386
4883
10414
9555
12610
5531
13525
13678
1667
12471
3653
3944
6632
9206
15236
2738
4669
15020
15115
4313
4073
14228
11790
8414
11148
3384
7241
7805
7053
8863
8375
12352
3417
371
7257
2327
4648
3814
5188
4034
9205
1996
11769
8937
8206
11107
2174
2836
7307
10623
13799
6840
7644
1934
8461
15301
10286
15290
176
5109
2052
7631
112
7520
4094
9078
3121
3912
10324
5772
5178
3060
6360
1442
4522
3317
12109
11918
10362
9089
14213
5847
4777
5495
6678
807
655
12604
9727
15539
10483
16243
8913
4667
802
5899
16236
381
10558
7128
7770
3954
6740
13693
10667
9587
6822
1080
16103
11989
4205
15440
6532
8095
12773
2545
8202
16057
9304
4915
5221
2440
6398
2273
16272
5275
2366
9167
10153
6060
14420
4844
13371
14131
7441
11043
16135
14993
257
1766
458
9434
3515
11263
9220
12397
9006
7303
10421
3236
7147
13506
2955
14632
5685
5726
443
926
1445
944
2786
6577
8971
11171
6791
15025
1461
980
498
202
4412
10716
8763
15001
5564
11638
11764
13847
6001
235
6033
4816
15448
9071
14739
13583
29
14910
5167
11909
6263
6959
2960
1224
10233
15764
1460
3218
1924
14056
9260
365
11244
14510
11132
7366
16287
8947
7041
14216
4281
5976
13746
7439
15590
1301
488
15563
10961
2492
13058
13343
6524
13697
4015
10859
3805
2223
2904
9881
5905
8813
5951
4501
7840
14487
7893
10110
1081
2804
4097
14064
1974
8129
9720
6370
11873
5577
15152
14600
15144
4846
9573
12081
15165
1832
13258
15246
8167
6351
4980
2196
1194
11481
5247
4486
15221
10455
12435
16126
120
9022
5229
5530
7182
7548
4209
2039
8509
10799
14997
2718
602
278
5591
13341
13326
6741
1455
9100
3185
4028
2593
3529
16112
3472
2197
12039
1645
3048
5126
3623
11822
10973
3284
9037
419
8505
14416
13298
11892
14513
15146
5698
5688
7298
6600
1162
3334
10544
14312
46
13823
10939
4651
6689
13497
5700
2071
8135
13996
2648
7410
8862
6114
3474
7721
13154
12261
635
9073
12635
13574
10450
10175
11394
12282
552
12581
11983
1158
6877
14320
2308
16286
6562
10083
1229
13982
16117
1656
5570
4694
8537
15813
14331
16323
7506
3327
6485
9745
4459
9600
8058
12220
11965
614
5988
8649
11600
5565
13810
6780
1613
15834
5671
14045
3074
5059
14339
6898
13748
9647
303
9286
13285
14768
15119
4693
4136
8651
16085
7171
6437
11552
8519
12536
1097
10427
6923
12371
4447
9172
15270
13134
5052
4507
12373
8921
4254
15726
7051
7087
5708
8712
6847
13807
6404
6035
15698
14281
2399
10621
5114
10388
8127
5375
1657
15269
1791
9978
10292
6377
4172
9817
12619
6359
2746
11284
6015
516
12473
10430
10679
225
13955
1726
14886
2286
9787
1659
5628
12694
8601
9352
16101
7727
3601
11017
8088
1781
9193
10234
723
1276
7945
5818
8031
2172
14222
7940
5365
12079
14998
13808
10590
11676
9175
13894
287
5121
13622
9771
12337
2158
8362
14970
10413
13015
3011
8328
1738
1561
6734
4366
6339
147
13586
16131
6916
742
15490
12501
5057
13168
6889
13875
14432
13391
4855
13271
2968
5960
1
13128
3369
11922
10184
846
1833
9688
2326
8071
2338
15732
2779
3855
14453
7133
13813
13756
2913
15881
9729
9643
7275
10989
10511
6967
13532
4039
10097
12366
10126
1210
10290
16265
3724
9897
7336
1935
7608
5282
6408
7682
13663
16082
1121
465
3798
4970
10127
6560
15457
2214
10008
14018
15952
8521
12995
4033
12086
674
4565
14015
1998
2218
1026
5992
15503
6950
550
12711
15657
8631
6308
3187
10787
7772
9194
5204
7289
13908
11581
6292
7036
2771
8589
3170
13560
2335
10176
5336
1021
544
4545
14525
6996
1992
12176
7213
5819
9450
8743
15495
6565
6169
16068
15635
10265
13304
1849
9346
11785
14202
10593
8276
10794
495
10360
15747
8972
13097
5714
14559
4702
9503
2974
2528
9499
5097
10668
3182
613
5420
15116
4759
359
12683
6271
15059
14841
15900
15984
12656
2506
12049
14164
4652
7342
15927
1077
13630
993
1765
12573
7124
9094
1071
316
4114
4203
1019
6881
16125
14706
15182
15846
7420
8545
8707
7796
4551
4959
4483
5802
14317
3722
5001
13571
578
12876
10980
12927
5291
10765
10132
15940
4906
6918
8109
554
11847
1354
11793
6713
8138
9198
411
4664
6232
14182
11114
4764
15591
8884
1739
15046
2346
15327
3072
14894
14656
5785
13797
11636
1614
3506
10950
3102
7262
10138
12717
9235
14291
9138
2514
4057
14535
6225
4671
15634
5653
9877
10613
12511
13816
10131
1128
11842
10333
10592
6818
12422
14272
4276
2756
11213
8118
7757
15631
11756
3568
1319
1183
6843
2801
9778
6819
14440
6313
8851
13037
5932
8029
4110
4496
7783
11924
15516
3757
12776
14936
9183
1262
5370
8141
11342
1539
15551
1298
3303
1863
9410
13722
11161
9974
875
14601
11887
4698
5662
15029
7532
8931
2812
14662
2510
1973
3645
14119
7639
6010
6759
15106
11399
7075
14526
15153
9218
6598
7419
230
11977
1462
8272
9331
14142
10687
12225
16105
12342
6675
16027
3943
6820
3087
12943
16169
8977
6051
12731
11652
4590
15579
9238
9896
14360
26
5823
4021
11718
1119
10869
12650
479
7250
15180
10851
11893
7264
4572
5734
14375
6762
5196
15972
11074
14311
10697
7209
6697
6529
4168
11164
11489
14183
6897
6613
14259
12664
6482
8295
12311
9757
748
85
14639
852
877
5135
2534
808
11504
10358
3618
15113
3310
4201
10015
5424
8594
14054
10921
1314
12104
5079
5499
8786
7982
6091
15588
2023
1476
16372
2774
4017
10431
6385
12503
5391
14953
15220
3073
11858
2674
10433
8901
6616
5423
573
12910
2414
3426
7476
5689
7528
14021
2638
10739
8645
16055
8903
7300
12928
6371
1916
11296
7681
8941
14249
13458
6354
5675
8600
6229
733
13758
4352
12238
11538
10866
14736
12093
9984
5228
1274
347
8074
14462
2445
9811
11696
3342
1239
13259
4301
11442
14659
9953
14257
5560
2981
3520
6638
15324
10852
13260
5069
3690
5034
10143
9443
4098
11151
5701
8624
16130
13933
11195
5414
829
14571
11765
13011
873
7215
48
5789
481
15064
6285
9336
15369
11383
2753
7656
2635
12465
4131
9145
14780
4742
16216
10750
1788
14210
12283
13898
8344
15317
377
3442
8517
3304
16191
959
7980
9714
366
6500
3880
10608
12775
9674
1605
15682
650
3406
14644
8700
7440
276
414
12615
7944
5737
2202
13906
2395
9772
12840
9214
12189
3988
6252
8263
3178
7261
5440
2467
13836
8877
7011
8349
1186
10236
8747
280
7158
5525
7911
15992
1003
15466
15619
16221
7985
13661
984
2249
15603
11039
3872
6121
7451
13970
9645
10742
9815
2311
5578
11445
2614
15652
13475
2276
7407
1783
13514
5594
15202
15351
8016
4295
14460
4284
3541
9713
6653
16054
15043
9686
6540
9189
14918
9497
12141
8182
2727
7780
3219
5137
3829
7102
7511
14273
13272
9323
6264
1857
7818
13226
6589
5145
12842
906
2111
9135
8194
474
5527
14541
10639
5496
2579
9704
11925
10030
6981
11753
3268
2231
4194
4416
14908
10631
13283
7917
15383
10899
2169
8725
15739
9528
1022
15574
15390
12835
7466
11331
14744
7354
8746
12066
5778
3464
9141
15262
2805
2503
7710
12014
430
6690
4758
6907
13384
13944
2402
12132
3065
4686
11416
1403
4534
12696
10370
15379
2194
13241
5035
2353
1205
13249
2356
8052
2564
10856
3098
2660
10648
9210
1777
9648
9827
11055
15736
9988
1588
275
15380
6367
14048
7573
7086
4831
4814
16180
304
357
4020
16142
9680
9229
3168
13632
13432
15129
374
12915
2427
14766
1648
12680
4547
7815
15018
4874
4376
13791
1290
8023
8656
2
15825
10833
5045
14464
105
8142
2793
5546
11644
14292
15268
1685
14504
4023
1125
11708
14700
14883
1236
2236
14845
8533
15349
6946
12922
13378
14502
2521
9864
14396
5981
4784
9072
13671
12792
4469
9479
5220
9715
9826
10486
13202
9459
12807
1538
16373
8503
3574
11721
11642
3766
3533
5954
4552
7258
6853
6869
10982
7501
8499
8963
14321
8887
11098
328
12624
5206
14711
3657
12880
10893
1995
6265
11527
8006
2880
8004
7810
11891
12324
2762
13266
815
11182
7122
3293
12613
2002
3025
746
1475
6990
8168
5504
3536
13546
1531
4430
6032
11290
2832
2938
9211
9462
2195
9760
3822
142
49
5381
7467
9414
1065
8964
10911
1955
8234
10282
801
7746
11495
2797
1145
248
3620
13838
10154
11129
6399
5170
11395
1157
9356
11550
10863
4627
3388
830
11191
15016
3579
80
1257
9859
13656
10187
6402
7066
145
2080
9165
12205
10174
13070
13399
15947
5216
13509
5190
15805
14932
16214
10254
11236
11245
11900
3226
9492
10610
12957
9196
5870
14470
2956
14745
4421
6362
6237
13739
3851
6861
14029
15996
4014
14651
12080
5885
9696
14113
5907
1361
6495
15396
5451
4790
103
12676
1555
13291
12279
5195
7021
5739
7197
15650
2600
3567
10477
15614
1329
5397
1546
2978
13658
12089
10762
2119
16371
4734
2776
12984
15228
15948
14120
4116
9292
10582
8684
16067
2410
9707
16175
12853
2047
10795
8648
8113
11645
2599
11219
759
8361
2063
8329
11713
12332
13893
3794
12546
12517
2008
7500
7434
1221
10135
5680
3739
10735
9612
3527
15683
3051
9019
12929
8720
5833
1465
178
7335
5665
1409
12936
8476
6063
15010
9860
2143
2546
1604
3502
12333
12998
8825
7755
2162
5814
3458
4
9722
9335
5666
12764
14868
13464
6725
3333
2001
8397
3208
11562
961
2646
12356
534
14051
12828
6552
11206
3649
3156
15314
8557
12991
8924
3003
13307
13410
14818
15434
7002
520
5191
10781
15756
3953
14673
15337
2291
5760
15305
13825
7347
1846
3281
4682
2914
1252
7862
9164
5276
12881
13713
9671
559
8098
16167
10119
15335
14315
12877
4600
6802
382
6048
11233
12123
2935
4542
1032
8576
8210
9442
11876
1383
2924
221
15120
1278
13315
5402
10378
12974
5761
10035
10972
1395
14836
2547
553
2994
14683
9109
7272
11523
967
1425
8473
11827
7976
8828
9767
2333
10878
6157
6125
9394
5241
4629
8738
11361
8318
8927
2730
9114
9505
14839
7758
14926
5448
14634
4873
10382
6368
11982
13415
2360
3122
6295
9147
8860
3288
8338
6519
8483
4096
7610
1418
2870
7397
1606
5670
15993
13240
4618
1566
7080
9571
13109
2370
8811
8255
7043
13759
14831
10677
3534
11372
5032
2000
7024
14126
14800
6711
3546
3232
10458
13623
11158
2891
11548
12904
10237
7747
8478
14110
14528
5549
11050
7599
4175
6664
9156
6381
2341
3748
943
16301
6315
4700
11945
10666
6272
4894
8232
12070
2154
2217
9764
3784
8080
1192
4484
12363
4854
4525
15688
1953
1744
1215
8108
8515
6975
4803
12391
3339
4753
12445
14221
14357
13380
818
3424
10843
9118
10606
13706
10915
7553
7964
3479
10881
15192
3578
765
9061
15123
12870
4756
9521
8661
433
620
11077
119
1714
5286
12107
1440
12192
13557
13403
12213
1676
7208
16376
12921
6261
14941
15781
11758
11126
11048
9445
6072
14426
694
13420
13463
14067
706
4274
16026
10732
561
2077
539
6951
5543
1318
4535
2490
16212
12709
7205
12153
10397
12150
5380
3272
3275
203
1061
13871
10516
15060
15686
2296
15482
14897
5222
392
13786
8410
10177
2302
6586
638
10995
1070
4789
2958
7076
109
7030
7137
14277
14714
14968
12235
6077
7530
6805
8128
5982
2481
14359
14586
13555
9632
10602
11509
10064
9298
8488
4026
3088
2128
92
15222
7752
10408
15237
13013
9992
2133
11289
9900
955
1661
1575
210
8603
13834
6100
7274
867
3882
7152
1225
244
3831
87
11408
3077
15089
4111
10530
9477
82
11689
5989
1972
6331
8690
3280
1506
6143
11447
14263
11293
14521
12406
16121
10416
10726
4333
6517
16021
2357
12690
6030
16061
12379
6020
2777
4132
14008
12940
3050
14081
4911
1611
11631
9249
594
3655
7534
10905
11593
976
1219
15502
9372
5318
5775
5217
15310
9296
14276
1637
14546
5345
7736
6769
3042
510
7687
3762
15215
8508
15832
14104
12597
4053
9058
11901
11511
15646
14318
3740
8976
6450
7785
6067
2056
9681
6669
9510
1185
1732
13551
12285
9890
14890
3947
3267
7700
3350
8677
6078
6286
5728
14193
598
1831
15498
15654
7722
1522
15103
14151
13118
13662
15999
7762
2620
13526
15063
3713
13679
9661
15251
13597
1678
13198
9755
8983
10824
13276
2149
12112
6180
13684
14696
7612
135
13146
2558
5319
14568
7565
9106
5409
14943
401
16099
15032
10487
12048
11874
13987
8192
15964
11318
13246
10013
15259
13904
6319
9221
2317
737
7728
10655
1825
10957
1921
3718
4638
5873
5459
10538
12078
8357
5999
9816
10764
8507
6884
4888
7212
14178
4743
7346
15357
12704
7583
6708
13535
7618
9312
2809
240
12971
425
1716
1636
10375
2246
6470
15716
7669
4099
11896
8111
6305
15054
14678
9872
11449
11144
14579
10947
7597
9171
12698
9879
4458
6306
8207
15338
136
2908
14952
9754
15090
889
16333
12942
12194
1695
11691
11323
2049
8948
4196
5194
16297
16104
3694
13519
13599
10831
8753
12338
7603
15281
10364
5330
11787
9749
9641
3886
12227
8714
15403
3809
14465
10232
15760
705
15956
16048
3039
15250
2695
7830
6535
964
6324
7244
11499
6615
3902
4124
8089
5238
12082
4092
11035
10561
10898
9968
5545
11535
14666
13212
15367
11520
1187
8770
4184
13537
15437
7436
14558
3825
10519
10751
10238
12175
1009
1405
12184
8442
9430
13081
4802
9377
10743
11852
10647
9515
4705
224
12925
9813
5648
1941
6396
13704
4255
10203
15789
1124
8097
12443
2889
595
172
9683
3559
9524
9487
2175
7884
5130
3326
12582
10190
7533
14150
8666
1600
11921
3589
15053
6594
4626
6722
15773
11861
13948
9928
16107
8580
7951
12199
10359
8417
1385
641
5641
1552
6075
10846
7389
1396
4436
125
11203
3385
13281
6334
3802
15737
11199
13310
3324
15671
4147
2228
3485
5025
6479
5783
2117
12590
12134
11664
9439
4277
2184
13995
3431
3873
6361
13740
7863
5373
5209
1446
6754
11492
9925
14979
11608
1789
6559
9855
6931
7650
14648
4630
5351
8437
11026
16146
8979
5491
13125
10557
7141
13730
7269
2677
5432
5268
4524
15474
1280
6626
219
12498
3787
7242
5971
13977
10584
5950
13079
5781
14143
4303
13968
16303
3587
1970
2057
5790
13895
407
12268
4860
15249
11883
7802
9794
11649
5845
7876
2198
696
12977
6888
15027
14190
1567
13376
9307
3830
11462
6634
15674
6659
4427
7865
9638
16242
9932
6784
7912
11526
252
7974
2464
9232
4971
11068
15156
9098
5321
10152
2027
15168
5872
6086
14753
6878
9478
1662
3195
3796
10745
11886
10155
13104
1750
1824
10354
6927
3625
6185
15438
14211
15622
6995
11078
14106
5471
9383
6161
2577
6770
10305
8231
8632
9832
2512
8033
2527
13839
3307
1281
12900
2215
9563
11662
12993
15796
4321
4592
7634
13201
704
16215
11557
4704
1293
10892
3114
11019
10048
794
15453
5447
5712
13354
5076
6648
2578
13126
13674
6764
593
8916
15865
15328
4857
5023
12436
1821
7216
3704
5413
1464
12164
15902
10276
3871
6868
8723
9603
3910
5883
16122
2624
11875
14410
5369
2150
1082
1044
9068
6186
8696
5111
5395
6509
14262
2205
13765
13462
3827
1206
11786
8449
9250
4681
14402
2896
14261
1809
13317
7647
2168
6808
12229
15147
8180
9678
4760
185
16013
3858
1067
16025
3454
5099
5454
9993
12418
13088
10821
529
5864
11559
10886
1749
5871
12368
12524
3287
7001
432
8575
12655
14515
2424
393
11603
9844
5213
3353
6456
10990
6714
14446
3605
3922
4198
10163
14322
13424
10066
14367
10092
6781
14614
13700
2266
3817
2422
213
1078
16077
6115
3823
1664
130
5991
9496
12677
4222
1843
3577
5668
4656
14746
7983
2767
13945
1734
12538
13784
11262
7560
13536
12142
5730
4269
3651
11916
14325
5977
2417
2551
7155
11660
15411
13572
11217
16315
6496
15000
14181
15212
12243
4452
3570
8875
11867
11058
6736
11307
10475
10826
1692
2749
1117
4217
6723
7593
1745
6049
9341
15899
11878
157
8814
1925
14379
716
5606
9409
3938
14405
5205
11221
15278
7854
1544
2209
8039
6174
4672
5082
1410
7711
4950
15809
10442
12007
13160
12648
13686
8429
15061
15350
10924
7998
8297
6982
4257
6696
2234
11140
12948
3004
826
8131
5776
3018
6056
12167
8774
9287
1136
12260
10928
1035
13404
12027
6991
15777
8384
4892
3430
13237
617
15407
14917
8285
2626
4786
5561
14324
14224
14824
6772
15819
5301
162
9003
2208
790
3005
14478
6346
11215
3423
8997
14511
5026
6487
11879
2505
14580
10055
15040
209
11310
16158
16261
774
10539
5244
5331
2632
13670
15576
3972
7302
12438
4995
14547
3349
8622
698
8173
1808
9579
4237
14188
8923
3068
8692
4058
12095
13299
16290
1216
2633
254
1859
6985
15381
5162
7688
4993
15264
3099
7858
2807
15704
5639
987
7165
1235
8185
13685
2688
14146
7756
10198
11432
2557
12336
3816
8909
9663
13513
10883
7181
9800
12323
9267
385
13055
13640
4699
995
15569
11959
8969
1827
10525
3549
56
14391
1245
13767
1554
5980
13720
13781
3701
12761
7131
9125
3478
7281
4571
2239
4186
3328
7135
7161
2975
12896
3723
7730
13120
9178
12891
10230
15322
9999
14563
2112
1161
6119
4731
15889
11386
6260
10087
11706
4951
1073
2456
5038
2930
12708
6773
14658
4787
16206
14999
11072
8105
5342
12898
1500
11730
12085
14454
14313
9594
16120
16136
7735
4133
7559
2105
631
8380
10026
6612
15086
7918
12500
13426
3948
2847
2769
12024
2728
3017
9610
11802
13596
16092
858
7941
14672
6199
476
15056
12505
13273
11609
16071
4118
15744
13591
7498
1404
6348
12916
14469
14477
11894
4197
14380
16128
9520
12485
14752
9376
11522
2018
16179
14205
83
2743
11033
15945
15514
1201
4379
8081
3913
6238
5881
9935
5655
8494
15557
10415
8013
12423
9776
9770
7083
4338
819
2516
11120
6028
7233
13768
672
2493
2636
7277
7418
10873
8993
6796
16064
10522
16346
9828
7979
2390
4154
8961
15091
2418
10942
3767
12264
11186
5120
13606
4106
13320
5297
10180
5987
13911
5812
10713
4957
350
10269
16093
8339
16381
325
9562
14035
2306
1389
8524
4304
9625
10338
12730
1652
8630
16133
14572
14725
9320
4518
14434
6439
2275
9769
5240
6503
687
1023
8669
13749
13498
12219
4898
11665
12186
15013
6162
6830
15860
9983
6646
15070
14414
8975
2907
11223
6196
14436
7910
61
8014
494
4606
509
3055
1646
15200
7835
7777
14444
2988
16193
3498
5541
12113
364
4670
10076
7322
13527
15256
3629
7384
3674
16276
12390
4126
9451
6079
4598
4151
11761
15582
6590
12599
14878
7293
851
789
12382
15006
9569
8829
9447
796
9878
11325
4983
5755
2900
9421
4805
11653
14791
5136
4060
7986
5442
10581
8556
12491
4998
6126
11087
3344
12306
14093
4408
14814
16208
13026
5347
11929
6012
6006
2403
12232
1041
15239
9556
6957
6069
1066
6314
12190
1373
14874
16153
9790
15353
4953
15757
7245
11426
5457
8456
1869
8989
11352
12163
3733
356
7299
10635
2859
12945
12470
5738
13888
10723
7325
1530
6037
6118
10204
10368
3489
7278
13286
9997
2339
12647
7462
7032
13485
11806
9262
4788
11265
6374
6061
1886
2132
2566
7624
9916
2405
10078
3874
16143
10786
1018
12412
6014
4249
11115
11258
1058
2844
485
10770
14352
6082
1549
6925
1540
1757
13533
5131
6123
8436
3958
11174
2940
936
1693
13352
3427
6129
2068
6864
14989
15568
5793
7662
14270
10979
15234
3835
2299
7007
3869
3193
4318
11358
7803
9340
15751
8070
15851
14115
1982
922
5207
775
2574
2331
865
14873
2533
11270
1177
9553
9805
13032
14507
7055
13071
14748
957
15343
413
9251
12098
13337
9654
1514
6205
8418
6970
14028
6038
13521
15231
42
12867
15705
10976
12956
3443
7929
4636
7297
7477
2070
10355
8820
13811
1424
12020
5535
13280
3133
3175
10772
14484
1343
15506
8288
3979
4462
9845
5924
11487
2147
11841
8868
2114
10617
5533
7108
1719
1083
15441
173
8370
2384
10086
4191
6059
2581
14544
16289
11273
6499
16356
1848
2518
8264
15084
9131
7954
4160
946
16246
7435
14169
10164
10962
685
226
5937
4868
15177
13127
8471
16266
12143
12489
15660
14247
1668
5444
341
1196
3753
16185
6000
15496
2156
15938
3154
1295
12197
2582
10657
2121
8501
15821
14622
12321
5235
4902
6191
3975
5239
11202
11905
10895
1172
6029
8146
856
3143
15755
6052
11261
10167
1323
10142
4674
6749
14935
8682
6327
4040
11350
8077
7085
9311
11313
1398
9355
10651
4032
11193
12174
8703
3837
4351
253
2367
15742
1166
8068
9709
10423
9614
8158
15015
9166
12270
7013
11937
6085
4024
8704
9922
5475
16351
16012
16210
14342
6290
5323
5324
6688
1137
3337
14680
11902
22
12620
13057
2731
4541
882
11623
5156
14195
3244
6303
2890
12644
8320
6972
13864
9795
1292
11378
10780
7153
4280
15184
5820
1308
11920
10916
12208
9565
6018
14481
844
2146
604
8905
6937
3378
16359
13171
14170
3744
1624
10919
9173
15549
5186
1223
14328
15080
2879
15295
4000
15470
15306
14906
11702
6835
12023
5405
10106
16190
11456
16006
10044
6301
14516
10505
451
268
6008
10240
7748
5090
15173
13324
11184
4089
6318
10280
12257
13405
5304
12463
2678
1005
12495
12770
6111
16285
11666
1704
5455
1536
1884
2207
8936
10302
2204
6899
10446
13833
4988
1633
16377
948
3544
2585
9345
13478
10490
2706
2735
4647
9231
4640
8663
7751
4490
13861
14508
12515
9226
16127
626
13250
9184
7065
1756
12688
9914
3189
2400
6219
8500
14165
10774
3697
5042
15973
963
7092
4246
3716
14569
8741
6521
10468
3405
14826
5559
14141
1577
8549
397
13180
3377
3986
13401
12768
1999
7813
762
15690
6731
10894
7148
5383
13809
3338
6570
12878
15288
11172
15573
8729
11679
11775
14674
6912
14075
294
13540
12234
8657
6677
12375
12557
11362
10485
6070
11828
9136
7923
678
3642
8906
11663
16155
5548
8200
10890
14392
3772
6299
333
9438
8595
12146
10638
9277
5356
13779
14655
907
13491
7231
2986
2006
14326
7589
7040
1359
14308
15296
5152
9456
7965
15645
8292
1146
8872
6197
13413
7408
2171
5690
7823
13076
9190
13018
5203
11212
14302
8267
5517
153
14389
11439
4726
11503
4066
3646
8946
2984
16366
4748
11305
7719
676
4793
11150
817
7890
6462
3010
15235
2887
14447
15994
876
9060
12639
15294
50
4791
15223
898
10698
15049
14084
5322
10050
6813
15036
14494
5766
6962
11232
3695
5589
8899
10573
16219
2650
3111
10235
2329
13580
2726
9038
3636
15444
9289
9046
7804
7222
10249
6930
6433
13645
2415
994
9117
2576
6213
1006
2116
4344
13481
7676
3639
9176
12574
3201
10567
9606
11986
11094
12935
5081
16164
9113
4158
3974
3094
13066
739
9605
13672
8579
11849
12606
3509
637
3227
3159
10953
10386
5681
15776
2151
15991
16038
10095
2815
11803
5056
15836
6683
836
7552
1835
3418
8036
4371
6418
4164
14731
13795
15659
5189
7179
8274
5794
9093
11336
12281
7507
11759
11857
1753
10394
11230
16379
11160
2058
58
2897
6862
14710
2017
5910
6329
5575
5359
3027
12968
15395
3210
10123
5745
5615
12626
12060
9049
2643
833
14335
11771
8383
11614
11766
5215
16342
10691
16166
9689
7062
10275
7166
6446
9870
8766
15449
10350
9570
11321
7620
10419
8475
8249
2701
13213
608
2435
12319
5041
12846
8581
2838
4961
2254
16041
4042
13010
4512
14226
9719
3367
14642
1202
1012
8411
1422
8492
6753
10077
5946
10243
6195
5398
2170
11540
4396
7572
2368
14518
2441
3066
45
1027
12706
297
12250
14523
7417
307
9247
8831
1255
4431
12223
8848
4326
13472
9567
1108
1708
5358
658
14550
1156
9585
13236
11948
14258
9797
12462
14995
12833
5848
262
10270
504
1068
9239
12258
12228
13150
5860
6511
6304
9684
15958
14950
15711
3438
7881
3538
8568
15007
15753
3309
6236
15352
15580
1641
3023
5523
11773
7334
6058
7112
8713
10974
3860
4878
15827
140
9851
12045
8355
4955
11418
9873
12075
5616
13859
3120
9407
3564
6771
11990
5219
12252
475
3840
6150
14594
1635
10054
8364
12932
14827
879
917
11001
7958
8156
7997
3518
13185
15330
7172
7591
1674
13814
9829
8454
3861
108
24
1755
10287
4083
12037
618
7821
14237
6767
13611
7745
4929
3165
6735
3188
13873
13294
1599
11969
11009
6389
3126
1350
362
12385
10482
5908
13162
3037
5768
6679
13492
664
14001
14158
9399
15581
1758
8990
2180
3372
14171
3569
14591
14220
15401
11335
14944
13227
3668
13760
2098
14463
10933
3935
15670
10513
15676
222
15917
12520
6887
5479
11582
10681
4703
9429
838
13186
11435
12090
12138
10864
15520
3761
12395
3812
446
990
5278
1878
15193
2942
7437
6507
1784
10169
8302
5039
4634
10224
4047
9047
3381
15687
2104
13000
15292
9670
2131
14
5180
5113
4016
9403
8457
577
6807
2834
7228
5223
12200
13522
11168
13115
1705
3876
12725
312
7704
7834
11044
7543
10259
11997
11953
1592
5758
6752
15300
7044
6817
2469
16111
1493
16063
3844
8780
2260
8379
8574
4841
2602
10068
5804
14912
1587
9969
2043
5835
809
13879
15897
7660
580
14619
13845
13051
15062
9659
5878
13627
12681
11576
5073
9453
988
373
2278
291
15837
12316
13850
15921
13523
16341
11543
15359
673
1020
11829
10134
9163
6681
15303
5834
9904
1785
12568
12301
11067
8245
10256
14358
13278
13056
4055
13660
5659
5250
1203
1143
7503
4272
6578
10032
11205
6910
5093
5736
11579
8228
16365
945
15387
10535
10829
14870
8879
10634
9385
11494
2012
1231
15452
4335
11154
2520
3919
4555
7232
4530
4559
12785
2404
14884
6066
3247
4139
14157
13817
12592
9018
5443
10569
2932
6273
13322
13681
15101
1673
10072
3382
1847
16017
15092
346
3229
10709
1876
11103
3985
5378
12784
14319
2840
1211
7456
12908
13567
3598
5922
1977
5198
11732
3504
10460
8308
6099
5469
14881
14657
15586
823
663
9862
741
3306
11832
10293
8467
12069
6729
2951
8316
4916
9725
9161
8586
3052
13136
12999
9708
394
1854
5310
9762
9773
11066
7984
5064
916
13587
2684
8186
2074
11620
11291
5339
11389
76
15775
10756
1326
13575
6640
234
91
2319
8050
13365
6226
11616
5610
3457
15419
52
3321
7379
11031
7072
660
323
6533
1084
8103
16094
6218
15678
12088
832
9886
2710
12608
2022
11551
15928
10531
5592
15562
5184
3637
16280
281
3123
14830
13342
3358
560
7677
6148
9027
9002
6128
5124
12866
14256
10960
6223
958
15723
14684
13123
8957
9334
3335
14019
10244
12564
3495
10390
5865
158
5017
7058
3843
5492
332
5010
12166
1612
1433
5619
5747
11329
1724
9326
15122
378
12852
9703
5868
496
3868
589
15083
6804
780
4377
1249
13616
13098
14450
9127
9512
2351
810
8673
2455
15373
5558
4653
711
8823
9910
7831
11301
12159
5171
11247
4903
6710
15265
1694
1839
11831
9629
3243
10994
15544
36
2902
4259
6266
6706
15332
11338
10114
14607
14052
13465
14815
7712
15149
6825
1230
13647
16150
2297
4649
14797
8491
11791
15624
9536
9669
367
7696
7311
11471
12909
1679
12344
2556
14573
14111
9419
13927
9160
2842
7103
14590
8604
9891
4087
3031
5630
14645
13561
1904
3896
10436
4407
12004
8827
4856
3725
15949
9309
25
15394
16020
4757
12410
8330
7017
2933
14822
10387
9233
6800
11179
16364
5874
11688
5542
3500
16009
14038
4356
5524
3640
3263
6700
16010
1747
5942
12000
5435
11349
3561
1101
10949
998
10889
12707
6146
7239
14899
6145
70
13412
13084
12062
10796
9020
2663
3482
8064
14863
4393
5294
13743
13935
1069
12519
11064
500
14676
8119
8065
8830
11438
7499
9297
14397
6468
9955
4940
15442
7453
5917
3865
3320
15500
14620
233
11788
6695
5791
5177
11760
7371
7812
60
12699
8015
13113
9132
13284
1237
1626
4171
3265
10934
4851
2426
13174
9538
1634
8069
3803
9370
2905
57
6999
1164
6537
15345
5210
13356
3550
5605
10509
8616
14406
14898
9901
3900
12035
4340
3914
1899
8967
422
4242
15446
13751
9360
13225
14806
2036
15467
11625
11006
5602
10071
5512
5020
10346
2344
10178
9712
10498
2061
5741
14373
6177
14083
10010
9977
1630
10506
6244
1505
2755
14027
13388
13231
9736
13821
5293
12839
11890
16028
4773
14002
15543
10923
14161
15293
5098
5147
4977
3312
983
13642
5460
2608
682
16298
12308
164
11446
3429
445
10965
1269
15038
4657
15817
9672
2937
3419
10653
8506
9302
9574
15877
13156
514
16174
77
9009
680
12931
14834
5719
9958
11627
14715
6816
9051
712
10967
5352
10630
9299
2539
3067
11926
11931
9315
14250
6601
6973
274
15898
12303
12551
1275
15656
4896
8781
10597
7716
18
9108
15195
2480
15150
1793
8562
3775
15826
8793
657
6561
9457
805
14177
1103
12161
13323
10504
6403
9436
9519
7837
6068
13763
4617
14370
6596
512
3525
13990
4444
2176
10094
11013
1344
2961
5725
6454
5944
7718
8252
4497
14948
3400
9917
11303
1471
4907
6693
4472
590
10273
15030
15943
12384
15748
4455
6421
9500
11346
11474
1412
10471
9543
5372
12697
10993
15790
12446
15886
15647
6994
6977
215
10913
13742
14606
1138
6821
11159
6053
2438
16162
7547
2504
8865
14191
7680
13724
1171
10622
14902
6116
6512
9236
12525
2407
1338
12411
9096
10056
15892
9518
14720
1621
2199
6649
4880
12857
15920
1609
10673
2571
2258
1877
10778
12195
7838
2531
423
2507
2732
566
2742
2497
3932
9991
10865
11228
9939
6551
7694
7025
16000
4155
13544
12099
13443
5667
66
5576
5857
3033
11712
4161
10052
1586
9517
8951
11699
9501
7120
15211
8644
6089
3291
3253
12838
3391
12448
3613
13447
9034
10342
5658
11100
3532
16330
7039
11635
5693
14663
5071
14905
4314
7693
12130
9177
11166
10545
4675
5153
13508
5596
9273
6872
4102
10940
4719
7037
3161
3626
9322
8116
13736
1063
5110
6588
13883
2947
14022
11122
884
17
2822
1011
15238
11942
542
144
5146
16234
14073
15174
9693
8999
10542
11089
11955
3721
2835
3139
7218
9488
7143
3758
16045
13308
2672
4922
249
10871
15797
483
5673
13466
7595
2376
10809
4935
13837
11647
1480
3325
2903
1914
3790
12841
2673
107
10986
1838
1102
5161
5825
8381
8413
11020
16168
1004
4533
13166
8087
9244
12040
1525
3856
11816
12970
9
10391
13423
1703
905
8484
44
3710
9967
14703
4589
15362
5021
5797
1116
5193
2922
4148
10842
3765
14152
11516
15722
13135
9029
5231
4239
632
16014
11595
12826
850
2316
15891
2946
8869
64
2517
7305
12803
269
3361
4591
12019
15893
10601
710
13887
10744
5290
1579
14679
9982
12653
15939
1559
10443
12902
8085
4142
8675
7114
8638
15110
9942
13505
3652
16339
5094
11866
7406
6234
1439
5634
1988
12844
1844
15754
13750
3921
7345
15785
7930
5107
2062
2089
14442
10637
1366
9618
13848
989
5388
3301
9560
6165
8162
13417
3043
1095
13210
1358
3249
10300
2957
14288
11568
14234
43
11817
329
7265
2980
2734
2354
725
7950
3745
13072
14185
1340
13503
10926
14976
14245
9601
4537
6096
8873
13203
5434
14984
5343
8440
4689
12845
16091
2075
8134
12207
8541
13140
12224
6650
5582
4654
13741
11943
768
13733
15406
1499
7542
9083
7340
968
15763
16040
13650
1321
259
8911
9883
9867
7210
9228
5317
11728
5743
6046
3250
1282
738
4779
4745
12703
12468
15989
10882
11648
8613
7199
950
5846
9053
4527
14763
7784
15114
13957
15530
4826
5302
8510
1370
9275
7054
4568
12865
16109
3734
5497
1036
7586
1052
1355
7259
9246
11366
6938
5918
13449
8172
8201
8061
12972
11518
2428
3251
9316
7331
15517
4220
11493
9990
3061
8354
15521
15578
992
6513
191
7174
408
14449
6621
2991
11567
3666
6557
13788
7482
12623
3062
4771
3971
7887
10425
4166
669
1671
15691
11476
15207
13828
9364
11330
5353
603
7518
3833
4508
8309
11729
12110
2692
9741
9784
14196
4402
798
8465
5260
5417
714
13195
8798
12008
3150
348
1597
232
15224
12474
11947
4588
12201
13445
1961
1268
7665
5037
14613
9074
11375
2666
13942
13069
13063
13196
9547
1481
6467
12360
51
12966
15998
1535
2535
5528
1110
2846
5104
15409
13390
11933
11457
3781
6147
661
9471
9092
10914
16325
11781
11626
13732
6401
15137
1284
3012
6039
6208
3106
7091
1805
5452
12905
7922
3993
7350
4556
10627
15593
5502
1943
2693
1687
1198
12755
545
12847
6428
3535
15545
1931
8319
8717
3148
9388
14004
4895
11347
13253
11222
12513
11580
10075
11628
10424
1313
5983
1743
14429
5187
6924
11292
10284
5089
11464
115
4288
10435
5990
2423
10365
4112
7068
15364
416
3370
1684
1741
665
12892
6262
13493
2393
5573
8100
16177
3483
2248
7187
12963
734
4549
5067
14929
6034
1279
12640
3916
920
10587
3493
14388
14457
11423
3466
15389
5154
6473
1064
13992
3987
8797
10741
12859
15476
5360
12001
16004
2500
3105
2611
726
14798
16253
12715
10283
1379
6628
12421
782
1435
11606
13853
9921
6217
10722
8970
6419
13251
10136
1051
2573
14098
7471
7875
12812
8857
7622
4815
14967
10956
9408
14468
3610
15175
10220
1543
439
15169
13772
7461
6876
1179
15528
14390
8022
12689
6849
12124
15602
5355
16194
8284
6410
5796
11274
1482
13321
12218
9423
2014
14990
14954
799
1238
6630
3118
10469
3510
16336
13169
3810
6828
1795
16282
10907
4960
8258
16172
3421
3237
13184
12242
3994
10642
12797
4978
10838
8915
11010
10812
16338
2617
16249
6021
14689
12108
5138
15280
925
12477
15410
16161
8765
15583
12376
16327
12469
4474
11855
3450
2487
12658
16015
3345
7707
4250
4457
14916
719
2561
9353
6255
14755
8962
4615
8466
7184
10441
11057
12587
533
5374
4576
10473
3171
14491
5852
15141
3331
8945
15118
10689
11801
11555
10343
12415
7619
10410
13901
2952
3399
12786
16277
15864
4628
15
9042
954
13190
6084
4676
11654
8551
9039
10964
16237
11465
3617
13382
6192
16036
9875
12405
13826
6357
16281
7601
11482
3153
12157
354
7635
12829
7413
436
11889
12247
2679
10381
10104
7473
12239
14671
7365
11716
6415
14723
5727
4523
14267
13402
7194
7604
5003
9349
5709
16074
16148
8226
8878
1365
3915
15856
8204
14773
7596
1803
14853
10959
7615
4305
14235
15415
12856
2866
3373
10740
7459
2120
2658
2178
10616
2511
12259
10792
340
4200
7063
2667
9796
14609
13065
616
13344
6347
2391
1402
2347
11914
811
12747
7352
12241
11371
9433
6841
15501
4445
14269
8933
14230
12502
6593
15601
3714
4339
8615
14747
5214
12139
1190
8585
3351
13029
6823
6310
186
14433
10514
13801
8051
15318
2443
1088
538
6788
3279
11558
15360
13562
12011
5635
4824
6288
8096
10978
10692
5975
12512
14704
88
5642
3054
8815
3416
15428
11390
885
4847
10016
1204
4403
4382
7246
3006
12774
1434
10903
3681
12467
10279
7773
13651
5007
5288
2784
8312
1393
8485
9780
13433
9146
3889
4560
15816
15758
4258
2757
10560
6476
13121
14422
13783
2303
8
3819
10929
11225
10526
3090
15523
13248
3597
773
12652
11792
10091
13524
1590
15361
4084
781
11479
6321
11237
10438
1030
9737
6212
9291
14381
1180
2016
4761
14669
4174
9971
9420
3452
11944
16293
1426
14400
2029
10884
12278
10728
5556
2559
9814
16260
13981
12058
519
2474
15894
1731
5717
1888
4169
11320
15584
2522
7571
11429
9064
899
1134
14635
15074
4394
647
152
4367
13680
13375
5552
284
184
15845
7775
6274
12156
10747
4519
12855
13843
7358
4244
8130
11488
2141
7431
2698
16348
1347
15802
1730
11367
7196
3945
1184
1141
15050
11553
13934
8745
470
4035
2087
10684
1105
3222
912
15491
2724
12636
12168
4513
13595
8389
14204
6388
6591
1072
12824
14340
7178
7074
2437
7539
14566
8735
14089
16311
6733
6009
14074
7349
8331
11577
1479
11819
2243
6622
8752
4867
5748
6702
3537
3594
4990
10245
11279
11572
12686
12409
931
1761
12533
9940
1209
12437
11853
7492
12823
13926
14691
4520
692
7536
16350
9809
10494
10404
1570
10084
13205
3857
10018
9412
12400
7146
220
3706
3375
13444
2759
4661
10906
8009
1602
9710
12307
12254
2856
7947
12554
6436
8658
12659
14585
15229
14848
9103
16039
3481
16033
6276
5609
8590
2307
16369
5172
2843
2482
6627
13235
897
10927
6047
16118
4599
13501
15546
7578
4173
12577
15895
7480
2791
8867
6989
6204
12578
9972
9952
7109
7671
5364
506
5520
9752
2287
9735
6662
4933
15679
16157
5722
11304
9217
1589
9365
2525
9808
7129
634
15497
16254
9775
2100
13016
10274
13621
10297
9717
3894
7162
10003
1823
3245
1826
7189
14754
4221
14094
7318
11314
15548
11092
8727
15534
14333
7914
8890
4320
5083
11794
13664
8705
5586
15913
11850
11280
12043
369
2103
11752
8059
10209
8404
12074
11123
5134
5945
2592
13450
13512
16247
7203
5406
4011
6642
15653
1623
14461
14727
6928
13244
14424
11354
5329
10022
9550
2584
8939
3782
7987
5065
8973
12494
12919
2315
11529
11779
1628
11173
6760
13289
11032
166
1887
7962
4833
11508
15248
8914
13313
10288
8819
8421
15791
3799
6387
11720
4109
11351
11343
11919
9931
6489
13474
30
15405
13805
8564
11860
11754
302
11047
3586
4804
14415
11278
2096
7105
9254
10401
3705
1801
12334
8495
7382
14934
3014
358
3619
9380
2439
8000
1814
9266
11080
8498
12601
11859
1558
9507
5265
11655
1594
8365
8567
3555
14631
4312
15255
2875
8419
2458
1127
5580
7969
8864
13899
9054
11038
11798
9938
7582
4528
10459
4433
5248
11703
15997
1735
2145
14854
11197
15784
929
6705
8856
4830
1315
11466
5253
2948
9726
7851
9124
14452
15298
8544
8818
449
11709
9014
7360
13117
14928
3845
10383
13302
2676
7515
5169
2350
12534
14209
8891
15749
13170
2800
14608
8992
6248
3439
3252
2270
8536
15039
480
6528
8596
5303
1016
11742
6108
4327
2230
12255
14769
11881
15880
6944
14144
14366
2245
6469
7176
3621
15179
11276
1454
3129
6332
7826
3995
1933
7113
4859
13710
10031
12173
5148
4536
13961
11513
1234
7882
10059
10599
4456
14108
5040
5955
13967
1533
1918
15911
13369
717
11507
1710
13204
11157
15838
12357
4985
14741
8120
10707
16203
6942
10399
1960
6101
5115
10649
15372
4134
1818
5801
6971
16262
2454
13256
198
205
3496
1879
1917
2321
6363
4493
4733
7860
10311
14036
4090
15538
13471
9857
4286
2997
7898
3797
8468
13279
7529
14103
2675
942
4176
2359
7448
5399
6088
15130
12302
662
10708
8266
2543
1256
6277
14597
7648
7273
12882
6926
1845
12955
6209
5354
197
1601
6382
15443
10264
15626
5445
386
10547
872
3435
10101
5841
2560
6267
15929
12493
7223
15463
718
5919
11136
13347
12160
13351
2182
12170
9495
2691
116
10854
8045
9948
15615
10719
5116
5626
4475
10304
13921
788
8885
6289
10261
11430
15082
34
7920
8744
9082
12454
13048
13973
14973
16267
7426
8041
10199
10910
9035
13563
2694
14300
827
9339
6792
3859
11763
13005
7321
12215
6536
12372
9746
4262
14729
8513
11515
2610
16257
9825
7526
8317
9994
14354
10111
7705
6549
649
1038
15971
2460
5706
2374
14914
6176
10727
2037
9208
2430
9580
5439
15904
81
15721
15774
15241
5703
9048
2861
11348
11135
5614
8587
8286
9846
883
5255
3692
5914
4113
2772
9435
2398
6839
7201
6539
648
14977
1054
1010
10977
7301
13268
13918
7698
15783
6344
10392
3901
11251
12843
643
9637
16291
12335
2494
14473
1348
8577
9834
13624
5314
11138
16081
11216
13731
14795
15570
6891
15492
1098
15365
405
2188
3519
13582
3715
7391
5233
9874
2540
10439
14156
1682
6383
12917
1153
8215
11868
2322
1096
15226
11437
9807
7130
7720
14533
722
2702
12727
2457
9343
9985
8463
3693
7646
8532
3976
11741
1653
12563
12643
6190
15923
8876
10783
13214
6475
9657
6922
11722
10776
492
10124
12811
15321
402
5498
1526
6624
14356
4747
16334
15388
4562
15853
15950
2465
15069
9673
10963
12482
14903
6947
15852
2606
11153
5112
6684
13114
5551
10757
12091
1816
10151
12490
14355
16331
1109
4583
8159
6514
4465
9944
2719
9357
8490
10271
14329
12584
14738
15820
5101
15658
10572
11220
16283
9561
5298
12330
12475
7692
9959
12800
8450
13778
4311
6293
981
5458
6873
7479
7999
16197
7294
12293
574
1580
3491
247
11311
8582
5379
7690
7381
305
8140
10440
5928
15331
3239
4574
7260
3732
5173
8407
14159
7661
6614
11588
13389
4713
2954
14303
15839
6665
14409
1428
5208
3295
11079
4619
7368
1638
12763
10
15872
2271
14296
5449
1804
424
5122
10575
9572
16030
12693
1024
7067
843
8163
5844
5175
1387
15772
14248
5677
14437
2918
9432
7859
13780
9087
2630
1469
431
679
1967
11441
4710
14133
15987
10312
9333
7972
1883
4897
14227
9461
15257
13694
1267
4216
12429
7073
1573
15316
6584
7505
3511
8372
10766
15159
9885
2048
5731
2318
9751
4715
14105
12687
5271
14612
13327
236
15612
6221
4827
11821
3257
10349
10321
4448
2495
13385
16358
10356
1740
6138
3141
5537
11326
13064
5513
3503
15661
12660
7825
11201
14278
4392
1107
3408
14788
11650
10107
8584
3770
5536
342
610
2768
8189
10731
8667
6107
2629
8561
5753
3878
2233
482
9889
8399
12559
10818
12087
5456
4819
11646
909
5957
1665
10006
11602
646
5078
9015
3465
13090
9483
12182
8836
2401
13329
12226
7010
13988
15885
7590
12668
10144
12740
4949
13566
2385
11355
6655
8618
13437
3142
13348
14621
15198
9361
2700
11740
7641
6044
8871
279
388
7386
16245
6466
11686
6572
3839
7026
11209
6242
1841
10367
9831
12280
2644
15308
4234
2148
12
5664
4890
3169
14844
14670
1595
15319
2999
7005
7284
15348
8602
13305
4510
13865
8225
14652
6906
12072
15158
6968
10248
7966
1197
1666
2601
10605
11519
4905
2362
5258
10806
15505
1297
102
123
8808
8137
10550
16383
6156
7373
671
9466
12893
7855
4238
12457
13395
4746
12537
12629
15555
8352
11384
11844
1959
11496
4624
6651
14368
15925
7611
4963
12793
7110
9966
15204
8273
3260
14570
699
1114
3507
4968
14852
16264
12312
14869
5842
599
15515
2067
9245
7457
1979
7022
8681
644
5043
8998
5669
816
787
6282
5813
3380
13008
11376
16140
546
2934
3562
3064
15533
10400
1532
4464
8789
9595
6231
5555
15044
814
6409
4199
15171
4122
12440
5568
4487
1174
7235
985
3117
13346
11737
12531
9927
12642
1037
13858
13499
12362
11958
11139
5368
4178
6449
9858
4346
3934
10624
8806
14660
9956
3572
7173
4009
12472
2328
11400
4485
13785
6055
13998
9937
6423
8107
4794
32
557
1150
4283
14238
8005
10012
2642
15714
7517
8812
13657
9634
14123
4991
12583
6463
2284
10703
2669
4413
5788
4088
16226
822
2616
12396
9702
2431
13629
15561
10162
11996
8526
15201
10112
5005
11698
11412
13421
3262
7450
4750
3551
336
75
3643
6102
13338
2332
10303
16204
15718
5909
10501
9541
13637
15284
2969
4730
10479
4025
6279
13601
1364
2810
8662
14006
10194
13980
13702
1057
12637
11393
13220
15041
1241
4796
8099
5312
11980
13025
1663
1062
10115
10828
1776
15778
13301
8672
324
8144
9913
15954
777
6739
6801
7341
9475
15286
10299
3989
10461
3970
15393
7376
511
9066
14888
9934
16181
9170
7932
8787
6241
5809
12425
7315
15047
4384
410
13902
5361
5699
570
16256
6765
1547
12180
10141
1772
1947
2637
15186
5656
8883
14361
489
16309
8078
73
5327
1133
15377
5027
9242
1733
720
15554
6852
5392
149
7842
14909
6453
4643
4495
1875
10046
13290
15808
15609
5715
4177
13435
12541
3101
4718
6795
4688
1908
8611
4962
8102
4772
7136
7670
13142
855
9523
11734
14086
12675
9129
6434
5853
8315
1307
16321
507
8929
4041
5243
15932
10317
3609
9243
4964
12567
2639
9588
12117
2649
3076
8986
239
14014
15616
8101
10454
13703
14880
11181
10670
14527
4608
15143
15798
9025
3673
10554
932
16270
15740
13892
15341
12370
299
15858
1618
12135
7372
14485
14923
2097
12209
2468
8650
11678
12290
5036
5316
9835
2355
8470
3689
6430
9924
13652
16326
6768
4782
15955
15708
415
2177
6720
12810
14584
59
7163
11324
14730
10239
418
1946
65
14363
8277
11190
6144
15151
13855
6943
12759
15094
8659
1880
6375
7895
5363
9241
9662
11525
12884
13831
7927
10571
7555
9422
13430
8209
14309
15693
13269
8881
4059
8518
286
5563
1360
7404
1722
10564
1912
10840
4260
1939
9416
2640
693
6110
420
10688
4030
14127
7905
4633
12937
4180
9256
15191
5199
15160
14007
2665
5830
5821
7628
5923
14026
751
3565
7841
10814
5961
5411
5890
5482
1615
2436
6556
13197
8420
5292
14927
4152
16034
11062
13350
5557
2628
7856
7020
5827
3897
11992
543
2817
2432
10070
4762
11214
9756
10705
8540
2721
10496
395
9325
1411
1702
952
5623
3160
9609
6098
8434
10210
5000
3615
454
10113
10629
447
9933
15217
1427
13261
8350
1571
311
14931
3021
8730
3688
10904
14786
7993
11930
1771
7238
14314
5257
3678
9017
14439
10729
9949
3842
2723
7355
15673
12392
5904
10937
456
13177
12253
9602
7850
9044
8629
1812
5618
2095
3202
15840
6727
4596
3933
1717
12605
6745
3821
12976
12762
14005
564
4869
9216
8734
834
13092
12398
15850
2549
7866
10808
13467
597
2059
10096
74
2030
8981
3112
14857
212
3512
11054
3526
3196
12015
14695
4048
13874
3046
8094
841
5633
4932
8353
13392
11938
13579
15706
13367
104
11409
8382
2657
14536
6660
2466
10715
1214
7967
2238
14665
4229
13994
623
11783
13091
7326
12618
15093
8445
13419
4418
7164
14350
8114
10221
11807
6471
7267
5092
569
5337
10060
15297
193
8548
16268
14192
7229
2783
6026
7150
3658
6302
6393
1351
13625
6576
9613
528
1829
14163
10493
12745
5875
14431
11743
9397
10478
14582
572
11207
868
10277
13569
10266
4942
2020
3258
10448
12746
6980
2342
15433
14625
8213
372
695
15977
7023
2595
343
9624
15967
3130
5720
12695
5150
11675
16183
7852
12297
8641
2682
6803
9306
8838
6474
3903
12416
3167
4763
7885
12887
10406
6422
2101
4979
13145
14858
5764
6920
9011
6140
1176
5646
3728
10108
6498
10122
6712
10998
2484
13044
15765
12417
309
831
4029
4997
3719
8643
9945
10920
12439
1746
3884
2110
8181
13528
14961
5181
767
11917
146
7018
15464
10320
11970
15896
3166
13844
4580
9694
13553
7193
14305
11659
4966
7375
13515
5225
13787
1551
5307
1168
11238
10028
11750
1401
11162
2899
5024
8287
5604
5100
6155
14864
8845
5607
6458
13654
12408
4315
9324
206
7581
6619
11978
14775
6904
3428
4149
13841
9264
8758
4849
12476
4422
13577
4273
8620
8369
4569
10773
4268
3255
7844
12939
10025
13022
3475
7545
15058
12875
3634
1895
12614
6691
7427
1473
14306
9426
16171
12105
10225
168
12869
9636
4810
2967
69
3390
15701
974
6297
16196
4632
4832
9627
13208
4226
12612
5553
4121
10789
2372
1002
8706
2137
14783
7478
5876
12450
10165
12263
8591
11984
1296
4727
14497
2554
11777
6516
5404
9554
12155
4241
7975
5273
16354
1270
7522
4369
13194
1909
7806
1596
1495
2009
668
15537
4852
6316
7390
8757
11784
12992
653
3155
15346
10069
6641
12741
8907
8771
4297
7493
7313
2288
16132
15312
12864
13111
15995
2380
10384
15455
3580
555
1901
5612
12535
1545
3727
4884
4349
4453
5237
4639
6718
10695
14549
16238
15761
7217
1994
3484
6520
3016
12710
7070
13766
3447
15594
8026
7713
7769
6364
1927
16227
2045
1718
3735
3186
11979
3557
13455
14802
14707
10206
1509
8438
8223
8199
13747
8452
8849
1680
11611
10366
3633
1952
4004
11023
1079
4398
4690
265
3749
15810
6979
1331
6027
11413
8154
13034
2280
11521
3585
3983
1242
8150
806
4792
13753
9646
4230
2976
15829
7098
5296
6461
997
9153
4256
4893
7481
9616
1894
4248
10987
14480
14417
10057
5429
8768
5511
8358
9460
5947
192
10788
5742
7673
5326
12053
6211
7317
6491
700
1302
3611
13383
10125
15391
2785
399
7486
12010
6178
6505
5422
6323
10755
760
9062
6774
7877
10524
8373
7111
7237
13868
14851
7633
1997
4135
11397
3184
15126
6441
11082
3058
2413
1199
8425
1519
5598
10121
13600
12262
13974
12096
13699
2519
11431
9112
960
3813
8908
10109
4877
10073
1936
10466
7853
4439
11566
6961
10533
14576
7989
11121
4503
9822
887
9026
6776
8325
1025
2140
8949
10508
13141
12527
3709
2066
8954
14938
6358
7327
8756
14023
8133
12050
14010
7206
1796
8894
1217
13394
600
8278
5478
14498
6170
6397
16062
11932
3793
14153
8402
8850
1352
4904
3395
6715
5349
9929
10839
13173
12787
1486
1510
13221
15585
3582
1593
2989
11483
4488
1040
9122
3875
7084
15883
8721
11461
15392
1518
1840
13676
8248
4494
4279
6343
15447
8940
6833
10763
15004
13264
11192
9852
10862
10492
2971
4328
1028
5978
3967
8117
1498
15493
7361
2594
10307
5687
1932
813
8668
5450
11255
13999
181
15398
11180
12827
14070
3763
10598
99
289
1891
5464
8846
2305
8171
9909
4954
1836
4037
14000
9863
11178
10053
6173
15559
6836
4282
3841
12997
5751
3940
3100
9996
8289
7003
1220
1642
11450
16115
4434
14555
9396
7768
5015
7952
8415
949
3553
14877
8342
7028
13102
5892
16088
1521
7445
5386
10323
1721
5678
5921
3069
14687
301
8175
1163
5998
1882
10600
12341
15717
15941
15910
10632
11561
5647
3277
9552
9620
10702
14053
13002
13300
14013
14077
14382
3665
13446
3282
15697
4881
15930
5518
12193
2751
15556
6935
390
5926
4022
1191
14733
16029
2653
4823
1736
4278
9607
13488
4644
13019
9525
12076
5044
14653
2164
2392
14384
14804
2473
13952
3849
6960
13314
13907
2898
2371
93
12795
2943
9998
1864
15472
1792
14640
12420
4842
2358
10823
5676
5590
1991
8782
15564
2387
6915
14039
3554
9052
6215
5489
1655
8431
6440
12202
15072
8777
11814
1417
10777
12813
13900
6779
2876
3671
15844
156
1339
1576
12196
3103
8724
9892
927
5011
1768
15109
2703
5959
15205
106
5643
5544
703
1132
6097
3359
8066
15901
3929
8053
13006
11125
2363
11497
10734
5805
14859
1154
111
15931
7454
11871
15702
12744
971
6206
10611
7630
6757
1502
8534
5964
129
10166
15140
5903
13486
4202
4614
6338
14279
13728
8968
10887
8217
8840
2892
13862
2848
3354
10758
3019
1690
7490
9204
708
2085
8966
13691
7621
6798
14109
10272
4613
5192
182
7288
3096
9203
3848
12217
7049
11810
4012
5632
3124
7817
11356
2567
5593
1182
6845
4179
10418
5133
2153
13189
3531
14072
5880
8539
6645
1644
4557
13842
13068
10699
13644
13122
8025
11272
8435
11370
2699
3446
9491
14787
4611
3828
5733
11451
1681
11259
1670
8301
3256
13254
14341
8184
11834
86
9418
11597
10011
15031
10185
683
7684
9576
9032
4189
4253
1688
14832
3448
13806
9350
10161
7959
2343
337
707
14732
4818
7949
1112
9144
15435
15700
4912
9362
3242
7689
5385
11751
9941
8388
4185
4365
1890
12996
6790
1045
2634
4299
7438
15611
16170
2496
3108
13550
10255
15617
16353
14799
7485
3939
10801
16375
15727
2265
3760
2044
14160
10988
13695
5889
16032
12586
7822
13252
5283
9282
14975
3789
13755
5906
15535
1954
10246
9142
6581
568
16079
747
2127
10120
3177
535
9187
14071
8145
4300
15664
53
4866
14347
795
4575
1985
3348
9181
4909
7766
11097
5106
915
4820
2865
12136
1937
461
8060
10327
4738
1742
7411
625
15746
16378
9293
6317
1920
12594
5674
7077
4540
9918
7330
10322
13233
13131
1860
16073
7169
4584
3116
14821
13675
16239
11903
6137
1786
1553
4364
7733
11906
3285
1406
8448
13613
4322
5433
9513
150
5
14777
13080
15121
4822
521
3754
7316
8801
7714
1169
5287
2709
6563
2782
9222
9332
7931
5649
14175
4329
8126
9207
9630
642
11972
3220
11549
7568
3925
7359
6134
10033
9097
12005
7157
15526
8010
10693
13459
5962
14012
2725
9798
7510
2491
5506
901
6940
14924
9000
7255
7715
13094
13434
12832
7616
8183
13827
14562
12521
13353
2729
12030
4578
8984
4380
11862
9253
8816
14574
412
5155
9522
14346
11772
3410
8283
6786
13716
9463
15196
23
10748
10038
9868
12802
12249
10170
5672
15370
1675
4491
14351
10484
12404
13649
16080
12556
6674
8147
7994
3834
8040
7570
159
2766
13110
6986
1317
13483
8847
2795
4210
1017
11780
14095
749
16316
5803
5270
3563
9465
4821
2888
15136
2283
6392
6411
9033
8455
13920
7095
2659
15291
772
4706
3460
16035
715
12063
12628
101
4206
1696
10738
4875
13476
7079
501
11599
4999
441
6948
2736
3584
2916
5795
14593
3157
11119
11615
9936
11667
3365
8082
13954
8235
3654
7845
12580
2826
4489
9551
15625
7175
11269
3363
10798
2463
5280
8496
2733
13975
11848
6167
9007
8294
11339
5279
1272
1447
11196
15831
15185
12808
6007
9920
9272
11170
15408
7787
5521
2031
9700
8244
1709
13941
14767
9582
8926
9788
11000
5246
9906
8759
3923
11546
13925
8279
606
12657
8750
10876
4573
13718
4807
10674
13890
14488
13588
3795
6842
15606
9480
1232
1247
3471
9534
16003
3437
9057
15884
7263
640
4975
16235
11388
12369
8447
13593
16076
6629
10467
8996
15642
5252
15637
7846
12665
1639
10024
7425
7033
4446
556
2853
5940
16340
15843
4406
14522
1969
4612
1862
4362
2263
13723
11524
793
764
2277
7078
10835
6198
14047
7708
12031
8892
1362
3469
13860
4062
9269
2737
677
7801
7452
4153
3022
7353
4372
12663
9783
2470
11254
10452
3600
4162
11448
13345
3315
15801
10870
15014
1349
7811
3158
4355
11799
8788
14567
6064
5149
9591
4811
10551
3593
16114
2542
6112
9894
13852
4707
13929
8805
1413
2788
4243
11242
7726
4302
15425
16018
13712
4531
3091
2092
15848
6747
11110
12920
1120
8303
13985
1346
12508
12464
1598
13047
6022
7664
2654
771
16217
10231
8995
94
8378
15105
2011
4473
4391
11002
16119
16205
2041
13340
6595
13422
1810
11317
13659
6794
4270
11060
13984
13578
582
12496
13372
2167
12796
956
16300
11146
8387
2082
1139
12542
9887
10098
7247
2232
10954
7613
14955
15975
2084
15347
1487
10661
11455
8655
3231
2824
5697
14040
6966
132
3163
8925
4579
8479
9786
9162
7897
14307
9308
4865
6369
13209
804
1640
6728
6680
10931
14499
2562
13869
15610
12055
8807
5777
9294
7795
3517
12986
8803
11724
14618
13461
6395
12933
14840
12954
10860
3009
5571
8837
4085
1049
7936
7709
2255
1591
1468
8044
7118
427
15824
6737
5583
3290
7594
8904
2758
13903
8398
10847
13215
11005
4354
2849
2977
4454
755
7928
4005
2761
5151
6335
5807
4603
2572
12783
8953
7460
4941
6610
9257
15527
3259
13774
2787
6726
9843
8844
12018
14889
13086
991
2995
14376
5516
12185
1905
1760
1529
7786
2645
6002
6611
11964
1699
8920
4631
6858
9168
6953
15247
2135
6412
3235
5854
3982
10049
5490
6093
8982
14137
16138
204
11961
1478
16296
8046
8259
12645
12958
12414
11256
14560
1420
12873
154
15481
7056
1490
1094
12982
3937
6541
8394
9431
5421
5631
7886
16110
8332
7819
966
3311
4863
6050
2722
5934
4437
429
2622
4334
11472
2778
7287
11571
16213
1802
16047
1770
12178
5970
7782
5985
1513
12114
6787
13717
13802
15022
1357
8952
15599
13905
8627
1029
5735
12042
1958
8683
12749
13275
11183
14062
7569
13878
187
12801
9716
3887
8699
6284
13792
1053
4609
4505
2106
14734
2152
6413
2212
12516
2244
8597
14969
15830
12083
14837
15052
13370
15974
14592
7132
13665
9464
13812
12825
11796
11895
2796
3403
14041
7405
10810
8550
11004
10609
7702
8870
7554
12403
8296
6230
7429
12144
12621
238
14301
5132
12544
15148
3905
13296
9792
860
11928
7474
5308
12347
9801
1819
10074
4543
5070
11605
4127
7703
10555
14374
12757
800
5784
6250
15699
9665
3434
15629
7809
330
7338
8918
9369
14479
13631
2485
3001
9188
13669
1834
15542
14327
16008
3604
11744
11586
368
15866
951
2394
10251
4737
527
14337
6483
11975
6438
7198
12930
3547
14408
10250
8268
16361
4766
2253
5645
14985
10200
1754
466
10850
869
4597
14286
4165
583
8660
3020
13480
12038
14524
8625
5334
426
2883
8017
2310
16252
9679
15376
8760
2789
12672
2773
12724
1363
6671
11099
4744
12638
14425
7006
14860
5723
13628
9182
15378
11260
14493
11981
15908
6071
5949
13234
728
14756
8910
4936
7523
321
8453
8123
8416
2005
11443
10855
4451
1285
14275
12022
1906
8900
2712
3049
15916
7200
9358
12158
3176
9091
12766
10116
5168
11727
4899
4585
13962
3980
11884
2042
15630
3638
4467
6171
861
12140
10669
8257
15012
6183
40
7004
13592
7398
14983
7142
10045
11095
7363
5266
12231
9987
11656
11282
9856
1610
7483
7606
1149
11169
5696
13880
10671
5019
3981
10845
14208
3036
16037
11402
859
6701
2605
11565
4829
5974
6239
10182
10654
6365
12314
1989
8157
13124
12248
6269
380
15368
15024
14980
1042
11271
10761
8477
8527
4007
4839
5840
3147
3486
4218
8980
2884
9597
5269
3346
11111
12700
12788
9568
9833
11344
4003
6017
11406
10332
15982
15399
9197
9321
11770
10040
5927
5466
8960
9621
1581
12244
8711
1658
5526
6954
8502
0
13454
13518
13993
13857
13549
11030
7465
16188
8290
15469
12115
4045
2429
579
3731
11101
7514
4215
8583
9527
15986
6824
3286
2379
4192
7544
12339
7908
2118
10186
11674
10179
10168
4038
14982
438
9318
8930
10160
12002
2538
493
5652
2220
3467
12188
12151
6886
3628
3641
12449
2925
10197
1800
10081
11128
13277
5143
1438
4067
3199
8324
14225
11500
13158
9655
1251
10173
3942
7308
14154
14128
1647
13199
15951
7409
6870
15276
11950
14548
1852
5912
15488
2139
5387
4240
10447
3044
11015
3413
4913
7623
13232
16078
2867
5831
6341
15823
15532
2451
15771
730
14506
7679
2631
8086
6120
14343
5966
15450
10971
1334
1993
10625
5164
6871
9532
11283
15628
6158
11613
6270
4946
2486
351
15861
13379
7754
12466
4646
14697
1504
7874
3746
7502
7348
12101
7064
8136
8075
11264
9537
1697
1477
5263
3908
6855
941
11253
14925
5884
6477
7516
12121
2690
7906
4691
14811
13958
12975
1421
4163
55
5299
16255
7740
15342
12965
12399
10089
12484
15055
2242
4838
612
15985
9375
9485
1769
7038
2748
6366
12848
12325
12286
3217
9195
11106
7657
7577
1228
15854
13930
13386
1368
270
9481
4383
14087
1056
15508
7364
4622
2365
6083
15604
8790
4232
10769
2963
10298
10146
15957
5211
15962
13469
14063
11639
6527
6867
13870
10908
5328
3246
4317
4660
3957
12230
2852
10428
2409
14471
10488
14509
3627
4337
8195
1512
1226
7992
1523
2227
3152
4290
12769
10827
13617
5142
12305
6425
15811
11200
3736
8779
4927
5376
5338
13089
6663
5410
7653
4550
1160
13274
9824
13024
5140
15187
8570
14148
3115
1725
6481
4214
624
6797
6698
7093
8334
5348
7531
12348
12872
13856
6993
5911
1300
11757
2939
12289
14828
7045
3622
11836
1885
11374
2157
6031
16192
14667
779
8446
3316
12702
7934
14323
16001
11601
14735
7563
12539
15795
16337
1099
13666
12148
10500
15522
6504
6163
13039
6523
12236
16044
15166
5682
9390
11705
15085
14435
8001
3863
11941
1429
2086
7995
3891
15486
15026
7508
15219
8842
473
12981
1524
11061
8530
3729
2716
8647
3140
14611
14785
10645
2919
6865
5984
5505
11177
7549
5166
14176
14451
14385
2055
11715
3360
2378
1189
14246
10997
3300
14629
3631
11560
12126
5895
7892
13007
6666
10733
3573
10189
4463
9088
12720
14030
9699
16288
12530
2433
15641
12722
1723
9849
5894
13997
12461
12607
12364
6542
14602
7185
4739
13738
12346
15416
3685
4697
7392
10130
11063
12052
821
9840
10754
10242
13393
7567
2502
11109
6902
3928
2076
1213
10449
9155
14252
7963
4188
14933
14789
9781
12625
10158
6934
2717
10626
12631
4529
11357
8804
10969
8002
4146
2216
12433
11306
4219
4566
12570
1541
3717
5800
12962
9586
14957
9865
14407
14378
14987
6443
9328
5695
769
11815
15363
9310
16154
14232
15431
15325
5509
15307
12634
4052
3296
448
10118
10985
14708
6480
15375
4862
2661
4212
9539
12162
6152
12528
12204
15079
13479
8902
1188
2383
10580
11433
8260
12901
8430
334
842
9768
14807
6080
13910
9642
3591
5289
10946
9718
8773
6809
709
6043
7446
3135
3893
7243
189
1087
13683
6550
12102
3274
3909
4275
7556
5600
6597
15759
3895
16207
16050
10595
4683
3924
13036
13053
15100
4593
6501
9290
3776
12789
6686
14760
14907
8282
6484
6452
654
8686
2686
2740
3691
16199
14345
1817
6568
5515
2462
1254
5117
4996
10432
2591
1273
4086
4359
10902
7428
1341
7764
4046
7415
9473
7399
15471
15668
7753
5837
11396
9723
6104
11427
7614
9367
