1121
2625
5026
16337
12292
13865
4056
3867
10961
8977
1873
8615
3186
9233
12155
3264
7612
7546
9319
13492
6637
10953
15848
5118
4312
15070
1689
10334
5704
6496
6139
12363
13830
16072
14887
5016
5473
5965
850
15130
14944
5805
16102
5643
8429
13934
7528
1102
7139
15443
6359
5490
8189
7635
10117
4519
9021
2184
6520
7898
1136
15560
6613
2782
5717
9939
10729
1419
14636
7518
6438
886
4880
8925
8867
197
5015
1738
13568
5702
4969
7543
15483
11810
2775
12067
3520
15664
3869
6286
2016
1057
16216
6964
10975
6777
15007
10087
3681
11164
12286
7214
13129
784
11189
16168
16045
5668
3982
10592
4846
4804
612
7200
14331
4753
256
3089
12457
10982
2474
8824
523
11064
14983
446
40
10879
7967
8514
13524
13091
8989
3125
9836
8417
11360
14501
15313
2665
9629
4395
8745
13998
1577
1027
10046
13771
3479
9004
13277
4385
12969
15164
8968
6471
13032
14326
15077
8314
5882
2699
3754
8237
11931
14950
10632
2136
4961
6690
1858
4286
5067
11763
8024
3421
16020
10518
4348
14640
10921
12955
4428
6132
2316
6917
6107
14962
3948
1455
9520
12091
778
15020
14046
9379
14979
6831
4346
2834
2359
11180
7069
13556
5314
2893
1298
11970
4105
5993
13342
11032
14479
16293
10387
6133
4179
9684
13964
3885
11980
1215
4279
4805
10777
932
10478
13468
6998
6897
7613
10429
2354
5348
13895
4465
3301
7179
15048
7969
10359
15540
15302
6082
13965
6424
5091
4726
13950
7330
8807
5393
7212
15895
14094
14449
12577
12477
2873
13518
12392
15329
12975
8781
7555
6518
1783
14162
12914
8742
16245
8097
8455
9345
5108
8250
10693
10839
11786
5345
635
5262
6850
14450
8839
5072
6888
6976
978
9150
15730
8460
1521
13867
13597
7689
6457
12396
10834
6914
10056
2608
6396
5101
13511
12107
14197
4511
5280
2284
412
9789
8659
1357
114
3413
16160
7332
1535
272
3166
13936
3469
12301
13199
4636
12765
9567
7389
9674
4626
12421
9099
2141
6365
5769
2533
2045
4582
7881
13321
15098
16134
14890
12386
5720
14662
1
10906
15096
14208
13832
14044
15432
3168
3390
10901
15524
3378
1851
13806
5572
14670
13195
15975
15459
789
12180
750
3087
15188
2187
2271
11541
1481
450
363
14792
1174
9202
13107
12972
1935
3964
5614
7593
321
5179
11137
15596
5513
3004
11515
4029
15108
6086
11878
2416
302
4698
15076
15947
8209
6291
275
3011
8600
16019
6992
3687
6006
55
15810
470
827
10976
12790
236
2163
2999
7351
171
11974
11115
11682
6188
3404
15025
16243
15387
11195
1832
3305
6944
1180
6507
13410
7786
10417
315
3250
8369
15082
11401
1296
9316
9749
13226
2674
10878
3645
9577
11464
7446
9793
12442
1517
6514
15729
112
8778
7830
1506
8848
6258
3975
9513
5195
14320
14575
10904
16330
6579
8028
6464
7992
1251
11607
13846
10980
11226
13807
14581
14408
7188
7458
9920
2662
8162
538
11555
413
4635
6984
3836
7417
853
11962
1085
12218
4928
11455
11391
2021
15023
12696
5453
3113
6387
3703
15809
14287
14853
11355
1151
12015
9191
16203
14124
14053
8747
8091
5883
9300
12129
11893
15988
13509
11971
11909
16131
7948
590
4222
8065
12483
6682
11628
15590
14461
15608
14978
3165
4599
417
6112
15545
4421
15272
6090
15663
282
2729
5096
14895
231
6952
15206
15707
5421
9088
15684
12161
1018
12761
17
16382
2333
11795
6109
9327
7047
15792
15808
532
14172
11968
16274
7867
5598
5222
10986
8682
1178
12684
11760
2047
7283
13516
5869
212
14433
2636
13528
12850
14868
12410
381
16298
9161
6706
4049
14750
7275
2856
4271
7034
14395
5162
11775
6527
8376
1293
13213
15140
13250
11073
8207
7419
1672
13696
295
12227
13106
8245
614
11197
10657
13743
13851
12370
1742
13346
3006
13356
11205
12066
4952
2205
9227
13505
16163
885
10275
12085
14170
9711
10995
9044
2713
11457
4542
692
4429
8990
9229
8462
11972
1116
6923
14712
10291
10979
14598
13281
9184
14426
6994
16108
10773
11151
2602
1423
13477
1786
7591
3937
3995
565
8099
1990
16266
8651
1299
6027
4755
15836
5904
13527
4531
5194
865
1097
9045
15665
9478
2438
13143
1849
15838
9196
9830
14673
2779
11102
2257
11431
10718
9258
5730
14886
366
5398
3973
14120
12807
1159
15211
15932
5055
2351
2678
14196
8772
13355
13023
5287
3560
4256
8170
15380
3265
5685
3634
4062
8406
9358
2004
2091
9506
9754
15478
13843
13093
562
11718
10386
16097
15692
6986
6896
5647
12387
9681
5918
14972
1283
1821
14619
6891
14215
7087
13248
10651
11166
5113
10802
8439
16331
6426
4345
993
9679
1332
7187
12726
8934
14663
14064
674
7184
902
16015
11012
7795
15269
10389
15974
3324
14199
1887
2479
2559
610
15949
495
146
11960
13676
15714
5156
11915
9532
1554
12297
7325
189
1794
3959
16082
16032
5595
6844
9025
8067
4835
3107
14686
3890
5939
5619
3314
11703
4410
1409
8843
14523
7262
7807
2799
14800
2121
9017
815
2238
387
1910
13361
10849
704
11861
8672
16368
1659
8818
15119
10903
5693
10395
2581
12478
349
7133
7017
526
471
12588
11459
5477
15536
12563
2707
7510
9810
11768
9535
10144
5374
7117
14834
3179
2761
2494
2739
3120
5455
9480
3409
2345
219
2846
77
5629
1294
2287
6370
3731
10378
7778
12658
11474
9538
15569
950
10875
10320
8744
12638
3331
1315
13889
14809
15645
4832
13029
15233
637
2979
11147
11885
16046
12575
15623
3552
9010
233
8513
12198
6174
1864
1892
14489
456
16236
10405
8787
10845
1877
6862
13766
11731
2025
15819
2957
5029
6977
5124
13578
2029
15490
14672
1921
13778
13073
3661
2432
2949
10558
6629
9662
9714
11496
4347
7935
7842
3377
9073
1514
7026
1047
7199
945
9286
8353
10415
9318
12941
1013
5516
4872
12487
1644
5136
1313
16322
849
8084
5239
4475
10427
13109
10467
6094
11615
1735
15574
5628
4113
16062
12063
9605
5358
10317
4798
5563
1859
13798
934
9759
14468
5040
3741
15008
3838
12555
3581
12065
6318
5933
4263
10099
11283
10724
5429
15016
1030
10988
10730
6737
1936
10769
12566
216
15685
9325
11069
16192
3068
14195
9174
10462
6641
13406
15568
16335
14340
12391
6865
15485
12284
1830
15914
8643
14854
5793
15670
3433
13620
10057
11965
8782
8103
6735
1375
8886
6207
13789
6935
6334
10902
15527
13692
4905
14981
10658
3298
6713
7788
10260
14894
1848
1503
10225
16340
5289
13907
15090
15796
7025
6061
7380
16125
15791
14744
9907
3012
11783
2278
6173
12137
14317
1938
12236
1702
1229
606
286
12381
15571
10265
13856
11307
8430
943
9435
12615
10137
10966
15939
7401
3819
13470
7313
16355
14828
12917
13104
95
14204
8383
1034
6489
13020
4023
1727
6657
15030
8790
1270
686
12226
10776
979
7356
3425
11379
7147
9236
5409
3788
11697
8697
9657
5246
6242
1982
13569
11542
241
255
15225
1373
1189
12502
5696
396
4157
6856
5186
11677
2024
10536
16272
15176
1494
7428
15301
7203
8420
8095
5596
12290
359
10911
5842
3505
9164
12205
16349
12513
11817
4324
2301
2113
3849
12501
10812
7627
597
12199
3187
3889
4137
6267
1762
5183
1665
391
16193
12302
13140
15915
7049
16059
10513
1082
4990
10129
15071
10041
9659
1723
10847
15972
6910
15121
11046
2643
7869
14764
5349
4786
13769
5709
2429
7413
4397
4083
11687
5819
9486
747
4068
2043
6607
3160
5361
5723
4916
11354
276
14034
12552
9403
10126
8492
13555
15044
2731
11362
15361
10939
13935
7919
9868
3893
8027
9542
9750
7853
9079
16226
4406
5157
5201
16050
16161
13110
11497
12777
7208
12694
15055
11613
9673
8048
11308
1221
10140
6691
2765
912
6226
14994
15587
822
419
11082
5257
4377
4754
3782
2394
2071
15849
15721
7848
16204
155
7820
11886
1370
4354
3438
14990
14161
1141
13535
1271
15283
4996
15556
8959
9860
3102
11721
13502
4833
8689
6759
12027
3458
7707
4592
8248
6145
11330
15447
2993
10162
2390
6580
2756
1992
2814
8052
7606
13910
14112
1501
717
1714
4536
12743
15797
10746
14294
13721
13639
757
9013
170
7586
12766
9751
12245
11601
962
4500
3574
11312
9118
11740
7741
13322
12002
20
4907
8924
16111
16024
11233
7756
7324
12857
9729
8190
1549
12860
13647
5797
12594
15186
11711
5116
8563
5699
14240
6693
3432
9835
4218
5417
3684
10
2549
15521
15345
6348
3633
2522
4514
829
6264
14974
5131
7962
1691
12974
9841
1622
628
9649
8557
890
9707
14592
8595
16093
12896
12228
8178
10842
6768
174
14544
13339
11207
867
2582
15554
10804
3825
10946
13681
4727
12
10329
529
8797
10754
3914
13933
7574
13805
8593
8068
4927
6233
6676
6505
5616
13649
8639
2757
12034
11826
9771
15393
15175
2798
3410
1736
13314
9797
13905
8188
11123
13607
7920
9571
12980
14694
762
10841
3712
2828
11272
12943
4879
10025
2249
3037
6685
3779
2190
4759
6678
11253
15116
11341
5441
13096
11114
877
553
14569
615
2567
13520
11995
13083
473
5969
9957
15880
14605
14676
12043
10324
12528
11140
7582
7134
10187
14419
2084
9466
1197
9558
12958
3677
8614
14842
3268
4298
8688
5972
895
5744
12888
3161
13425
3898
8917
2028
1588
16167
5458
1620
10365
4897
5272
1729
13601
15242
11676
10252
10760
13149
11494
3388
10753
11651
3785
16040
15156
15472
14202
7789
12971
1532
14159
15542
1993
8448
1837
12676
15774
3343
14743
8219
9460
5711
2744
8006
5679
15700
3783
910
4006
251
5877
4658
3816
15676
10603
6716
16180
6349
1515
2267
8834
8646
13678
11078
5999
5141
10326
5281
175
8372
1733
2254
7347
7168
6036
7005
12355
6936
5320
7854
14823
6218
1468
7404
1442
1254
13038
5215
1456
14047
3950
5255
664
10555
4441
11058
3953
4774
8156
12083
14275
10468
2033
3472
11558
6357
14350
12597
2742
1140
15458
5967
16007
14425
8018
2876
6752
392
15841
551
10890
7018
6519
5436
4895
10579
15127
6535
1959
6389
11743
9981
15581
8362
7434
4333
9288
6276
13693
4808
987
14012
12661
6190
3205
15271
4601
1868
10958
8019
13349
4623
6843
10420
8280
9966
11118
4573
12542
9937
954
9491
2929
5278
2785
5775
5404
15180
14342
15875
907
15903
6352
1768
5439
12051
12744
6883
2355
2971
8146
14491
12989
15084
2943
9685
11148
2338
15605
15399
15041
7583
4743
16294
15440
7322
6144
6354
6159
9918
13630
6522
10864
2925
10348
7846
2562
3954
9840
6285
11516
7772
8859
925
14582
15131
709
8888
6826
12763
5923
6084
9261
7456
8729
3922
5928
939
15965
8302
8180
7406
4482
13019
3913
10065
5185
2882
6757
12627
2382
10394
1002
13727
8534
15320
2745
15528
2962
1657
3933
141
1511
15031
12204
14193
14536
11144
7248
2944
6827
14376
12660
6616
14330
5396
7542
4745
10810
14720
11290
3976
15870
16246
7910
13076
10007
14443
13296
8589
7755
9230
5799
9979
10377
265
490
9259
8620
429
2340
6147
15968
14093
2277
2022
10382
1486
11156
11917
4983
6973
1662
184
4080
14192
4842
8282
15015
11940
13048
1964
7270
497
11208
7609
7098
8110
3098
9485
2734
4776
10984
15152
8044
8141
15452
8758
3308
6824
15900
15390
5460
5644
3481
4667
4865
7355
3221
7661
624
7656
14593
13710
5033
13258
9492
4709
4208
5949
6523
11503
6057
11787
2996
12154
8286
8836
13254
8461
15375
8340
2987
2896
2689
5175
6100
13951
2668
1800
7597
5591
14540
277
8754
6502
16114
1263
1656
12718
3048
3553
15846
527
15425
1469
4403
418
2552
15205
1707
11595
13269
3771
5848
10573
3844
3359
407
6378
5084
2719
9271
12806
1143
406
5694
11224
11345
12162
8334
842
2928
11110
8060
15978
1406
10436
7466
1376
11095
8214
7879
10214
1093
2085
2940
836
7508
369
1905
7498
1822
15019
12116
11976
605
7132
7427
7236
13508
9587
12868
5047
11700
4074
12668
10862
14102
8650
8163
6624
3993
11204
12795
5524
916
15335
13790
14280
10017
2197
4401
2168
7584
7998
2245
4708
12675
8665
1029
11524
1658
3658
8016
14315
2212
9818
7290
2507
8324
9879
15853
5897
8877
9388
15747
14414
8325
12032
5682
11567
10228
14258
8860
8858
1416
11705
5274
11344
11552
13718
12217
13919
14440
10340
2817
12753
13187
12022
580
9448
6605
6783
12101
2937
2130
8679
5488
1852
6804
9663
14243
6565
14731
8898
9811
4597
518
15728
12052
9699
6007
6830
3971
3868
11771
4363
15513
4171
11989
9586
15032
10176
1060
10974
1847
1470
3270
1247
8604
1895
10195
4191
9054
5259
1065
4909
13394
601
504
4578
11625
10738
11237
248
6501
12838
10419
14278
13611
11422
1051
12967
2318
8338
2545
16188
5093
2083
9923
13557
2263
8861
10607
6048
9517
7595
7022
8443
1996
14446
7294
13388
4331
9956
10322
10816
7031
15585
13251
12133
14713
613
11469
9462
14965
5104
12523
4563
1933
10178
550
9514
3420
6259
7445
13598
2000
3994
15091
9110
11521
12861
9637
8671
653
12233
7537
4099
7435
13092
10990
10800
14206
12470
8670
7083
1003
8265
9978
16018
3346
595
9687
13297
15304
12732
11037
8098
9626
1589
10554
6694
1569
6666
12380
6740
13397
414
2540
9234
12122
11739
9317
15046
6725
13689
13192
4130
11343
13881
5755
5180
9572
6009
14424
9395
13445
7489
16056
8567
3800
12257
1550
15717
113
10000
5912
3775
8537
3460
4930
3826
14216
3219
968
5148
2611
2360
6200
14532
9007
11564
3279
6222
15732
2797
11256
11270
8641
11371
8360
12816
4350
3335
6223
12580
10049
7028
15639
10342
12352
10503
13061
6582
8266
1878
15309
5833
11579
12340
13640
4443
1695
7450
12344
7683
14283
5626
3180
11522
232
2186
8346
15069
10641
5875
15989
4164
2174
11452
10637
6162
10229
9801
9602
8938
984
8731
10998
10155
9232
15759
633
16140
12867
5153
4889
8117
8242
701
6555
9548
12894
6845
9752
4993
11373
7804
10459
9998
2042
4069
12254
1495
2960
12131
6526
3593
15813
8587
1975
6661
3710
5639
12195
7721
12840
5158
6756
3663
5593
15711
12703
117
3880
4882
5000
1824
4878
10197
3313
13530
11044
6593
4904
4614
5727
9321
11751
1019
16034
10045
11994
3318
7970
3124
336
472
5531
12779
2969
10853
4276
4495
8243
9251
2970
7372
4295
10238
5820
16269
9531
1731
11647
7050
4064
2648
4672
14548
14
9742
11347
11389
12336
14475
6214
1374
10424
3892
10350
4438
14651
11119
176
13239
15449
964
9095
15352
9320
2425
12127
2887
639
10835
8115
2994
1594
15715
3036
5568
7448
10719
15799
14412
4664
6269
4095
12519
9621
9989
14036
1757
2188
2222
14727
5423
10508
11210
4702
501
7078
12533
12010
13990
9145
11997
2894
4408
11913
2503
5995
14517
11620
3140
1954
11533
7223
1963
2339
14659
11671
7694
9980
5872
4931
9429
1764
11313
7501
13866
1108
15159
227
118
14961
14596
15381
5250
7675
15758
8220
1258
7577
14644
9995
7742
16133
12295
12108
8872
16116
7390
6651
1880
120
4334
5675
5410
14039
13837
2327
13148
9911
1925
12570
1875
10407
14435
1369
15202
4336
13077
694
9787
9252
14786
5048
5483
2595
7002
1308
14520
7335
16364
14767
6692
5816
11990
12208
410
8543
5742
11249
4964
11934
10944
2620
5792
9239
12870
8940
14736
14366
6983
6734
15672
13235
9121
10704
14769
6760
11984
8478
4007
7729
3606
15143
4787
818
3726
874
8262
11722
16194
11152
5083
10485
11170
4637
9065
2802
6149
3445
2830
11294
6016
7926
8001
10170
3021
8887
2319
11602
5275
5887
6010
9431
2159
2844
7732
12924
6329
6680
374
12543
14254
3380
16189
12884
3917
16378
1349
10369
3365
13523
12092
2977
8668
14878
3657
5815
10071
2948
7605
13709
693
12933
7985
6564
10880
1302
10258
16268
13469
11749
2827
2177
12931
13494
6542
12294
9181
6799
10047
14380
6832
4576
5001
2065
10149
3019
11659
11690
2389
10360
5036
15107
1461
1960
5235
9652
14455
607
8612
11798
14522
15877
7730
5485
6165
8935
12939
10987
14589
3387
10363
6194
13701
8574
4357
15139
668
1560
14058
12075
5663
6106
15336
4515
13996
3277
15092
14692
2150
3013
8654
14343
2147
15785
7483
2690
3417
13738
12596
10443
863
3487
13489
9357
15821
15860
11437
5665
15622
2809
6569
1329
5236
9597
967
2379
11470
5671
6836
12046
12045
14917
4292
4551
10528
367
14968
3813
9078
5343
2368
9620
8151
6142
451
4175
3599
6966
7725
14661
13165
12510
8480
6515
8277
15658
1609
10036
12778
14546
3864
4982
12666
2449
11531
338
9407
2954
7570
4193
8206
7590
12559
1439
15471
4242
8750
8425
9994
10755
9993
1048
428
187
8748
14105
7711
2626
15259
9936
9697
3524
12506
13928
10501
6182
11430
2666
3920
5527
5385
14580
3142
12448
3532
5254
4071
12882
10867
16279
13164
13533
11780
6290
11412
2788
15379
10891
6609
10606
2054
4227
11570
16305
1737
7882
13955
3464
3281
2683
4604
415
10542
11805
9027
8628
9193
4819
4087
11277
4984
4414
13915
3115
5946
3863
4325
782
11792
4306
8473
14184
603
7654
5061
6347
11275
4235
13891
7472
10111
6750
9124
1033
15957
5844
16064
7904
12622
13144
2946
8904
2217
15348
5448
7257
832
9575
14797
9408
6749
6549
14400
6030
4361
2132
7831
2833
11445
16220
9133
3719
14257
3772
7977
16376
7167
13452
5865
14689
11506
10235
2880
10566
2185
9266
5446
11824
13594
9421
1872
2651
4703
7690
6306
13658
15294
13847
6724
15723
5863
6568
14268
14351
10114
14641
1404
3827
5642
15482
1327
1064
4310
7604
861
13424
10130
1815
1401
12585
8193
10352
15412
7987
8767
10152
11955
623
5168
6164
15103
1466
7680
10233
2336
2528
2747
13069
12041
15144
9463
2684
13373
2237
2826
9743
4244
9987
6787
8327
15976
8814
8288
15502
11796
13044
6640
5802
441
14772
16048
7060
7211
7425
8047
13257
8851
10783
8159
15227
1001
8837
12612
14054
4896
12642
9090
12539
8449
4399
3855
5849
2724
6224
12159
997
8871
8389
1570
10315
1941
795
15866
13458
524
8088
13848
6172
8946
2092
5990
15929
14421
4526
8432
1101
10830
11581
5494
10264
6033
7246
13558
13364
8195
16373
14496
687
4647
9046
12791
9494
11378
15654
15955
1354
332
4207
3803
14628
9654
7080
10309
8693
6606
10321
12054
1220
5120
15752
16208
3295
6153
16036
4149
6979
15033
6659
11698
7443
6650
5208
13947
16282
9169
9938
8094
11834
14477
15508
733
2566
12216
5857
4926
10677
3075
2863
14072
15163
6884
14642
16278
10001
4641
5444
2170
14480
14344
9023
7995
10059
9518
3214
3347
7263
4683
14618
7321
2218
7090
1114
5402
4086
4546
13005
1467
6707
5297
12308
4070
15666
5767
11546
4962
4789
2250
13638
8414
11483
10838
4544
10353
5740
7667
2964
10752
9536
5338
8124
10809
8335
13457
10482
11765
274
16383
12279
12089
11411
684
8020
7148
8929
4033
11485
10026
9692
3799
9055
13330
14545
357
16360
21
6822
9423
953
12762
3688
7320
10621
9504
7794
15535
2111
15401
11499
14814
11081
1885
4936
4814
13202
2975
11011
15668
11419
14141
9927
9008
2879
5551
1626
10916
8988
12576
1536
2858
4258
3828
15951
838
696
16328
8035
6559
16052
10797
15219
16089
1359
3865
644
2810
13960
16006
1062
2586
1045
14770
14918
1450
6114
7230
5139
11814
11998
16301
6059
4700
960
7899
15187
14782
4516
140
5394
10457
12610
11067
498
600
5081
3789
14806
7626
8040
14804
10808
6809
15430
15910
11754
1834
7305
1638
12326
462
4994
8611
2985
4000
1881
10638
2094
8311
6619
4322
8293
15371
5661
8718
13606
11593
14403
9568
14587
16186
618
13135
15370
8963
7327
12653
13631
5346
7731
9452
3721
4975
9499
9905
1336
7698
7455
10550
6492
9283
1458
3273
13539
166
11198
3067
10726
10955
14632
3609
6918
4991
13026
14494
2508
8069
14106
3548
3498
9376
14130
11482
12628
11021
3062
1099
7484
10759
2727
3449
440
12070
7514
6410
13828
2259
6695
6623
12831
1463
5076
5650
12479
6926
12877
6235
7812
4442
1257
3940
2639
93
13049
7364
12493
14976
4487
6748
16053
11820
1350
13610
6533
15829
9857
12605
14984
13540
16200
956
3480
13792
234
4503
10105
10978
5659
13794
1431
6769
3936
10167
6962
12901
15563
7874
12517
4163
15544
13674
12724
7522
8623
16155
14617
12649
12175
8489
15434
16270
9756
14273
10248
4267
12165
6244
3601
12341
1606
5813
11641
2275
6225
3542
1720
11819
6314
6302
9691
2435
4622
3025
12544
281
13105
9247
8154
8784
10305
1812
14940
5618
5997
11061
16292
16087
14441
7684
9814
15598
12144
12673
3537
16113
16174
9642
12094
4268
15888
2344
3596
5900
15749
12851
8261
12207
11735
15349
168
8471
7747
4843
13220
5418
9739
10917
493
11645
6238
1840
15284
11461
13797
9218
7245
2790
16221
14250
1272
5561
156
3005
9295
12148
6447
207
16354
14133
9166
5774
4264
12883
14957
15274
6351
10627
7091
4558
12651
96
5434
4565
5886
8410
4060
6328
371
269
3728
1297
15530
14567
2980
6283
13726
2411
2649
12558
11901
7451
7676
1664
7886
11231
1863
6161
14363
13697
5987
1120
2840
9616
11024
13160
1781
9732
517
4155
9000
7438
4458
11074
12934
4851
8299
3462
11952
7568
10209
5080
83
3394
2215
5510
7072
870
6127
10900
13888
14032
2955
3562
2052
10438
352
12072
9505
10191
7124
13863
15346
7828
7170
10100
12994
11480
9968
16012
8920
15902
2659
884
4462
15541
5012
13953
4701
11266
15604
10813
8852
3385
3753
1179
11217
1623
13037
14779
225
240
1234
2082
4225
2652
14742
12731
4532
736
12748
752
3229
6599
5360
7289
6736
2081
2687
5501
2591
12530
5238
14349
10924
6018
3509
5881
6615
5958
9207
587
3226
6445
9838
13347
15884
773
8398
2048
13728
10413
15674
2901
15896
353
11591
12373
13304
10805
3484
1919
2938
5018
14226
6474
12738
2229
8996
85
3291
7781
13180
4451
14359
11538
7548
4152
15793
6480
2642
14763
16170
3239
2599
15028
16277
5305
5267
666
1160
10568
12820
10246
4009
9192
10722
1219
14361
329
5178
3615
458
13146
10881
15532
10249
5646
11477
1240
13067
15795
3564
5199
13592
8070
4369
4030
15135
6703
5248
9848
3079
10511
5526
15110
9179
13050
5814
16303
4025
1725
2157
11947
5759
12823
13027
1241
14535
12996
7385
13584
12581
11240
434
12289
15226
12582
4274
7615
2911
5908
3111
15376
23
15109
2403
4912
5352
8144
14308
16348
12616
9566
958
15647
6487
1976
2499
10211
7743
3407
1705
9509
9887
14332
5317
14333
12184
947
8456
13635
7758
8384
11987
6121
16228
5672
1667
7671
6245
310
1361
15306
10372
3194
12981
7775
1171
2361
15843
5853
2206
12492
11714
11324
12822
14244
7964
7222
2681
9665
8743
6301
11167
2445
15769
177
1262
210
16308
10622
10635
6714
6934
15991
11894
9163
10533
8961
10086
11150
1785
4648
4705
7665
8669
3942
2898
10454
2131
11966
9885
4569
5541
6913
8446
11736
5187
266
13768
10680
14322
620
5252
10487
4801
4629
4796
3483
8510
7269
6889
7511
4589
6377
12691
4902
4405
16295
4446
5840
3576
8598
4038
3261
6047
4783
5575
13162
5604
1408
11433
15270
13171
8081
8126
12983
13409
3072
7130
7540
9672
1454
1028
13295
6675
14471
10406
16285
12246
15887
4433
11889
13305
1614
7767
5
891
14992
6815
7488
9585
1328
4922
13816
5310
6882
3274
9246
5905
14668
7668
13035
2358
12399
7383
16229
6811
7908
11854
4412
12331
6064
14411
11309
14470
1054
9482
15456
7623
12170
749
7588
5296
2112
88
13966
10282
9228
817
2078
8512
4852
6025
12003
13777
13329
3238
9368
7337
4329
15704
1448
4148
10865
7057
5599
8204
13765
416
6561
3739
9436
3584
13372
12201
1827
9914
11404
12280
6091
2404
12670
1142
8732
16058
5143
8541
8142
4831
7610
3369
10262
15161
9103
1862
293
1072
14896
1150
1351
14297
15878
5533
115
8465
16304
13942
9556
247
1210
5925
2945
8684
97
4180
6999
15189
13724
14552
12403
10493
4554
15179
9688
11922
15501
8901
12520
14909
9495
11527
2650
3147
6157
9875
7832
11301
5471
10094
5315
14221
1795
11603
5277
11892
16356
13237
1437
12553
11664
6217
7614
12813
6895
4552
14563
13338
4228
13979
3341
5359
8316
8247
4634
10701
4051
11575
3841
3241
15706
9135
3032
2286
9094
10133
15489
2917
6363
5782
5386
13496
3195
9607
11916
1264
14373
8578
7950
8317
1165
12890
14866
3029
3023
10490
3806
13214
11623
11174
15660
9634
11268
10097
4004
13714
1513
10397
15610
8438
9650
15709
9725
2972
734
3708
5442
10375
7695
15448
3344
6313
9883
10120
4965
13636
14922
15945
5024
7521
2701
2741
12723
5859
10668
15154
8322
7161
1789
2488
11829
846
4335
1708
2733
15959
11523
9438
7382
13581
4097
6077
6571
9396
409
541
5843
2675
924
13954
12194
8231
859
7942
13513
2031
9710
2265
7516
11946
12775
10475
3323
5979
7504
6893
15230
6119
15451
10836
13748
13242
3016
10882
6775
7536
9449
253
14182
12525
13153
4353
13350
14423
15075
14604
15435
9215
2059
12812
14207
3832
10626
6152
9560
12281
5286
8014
7559
3224
2080
296
11446
9105
5251
5411
9186
3339
15316
12579
9381
11365
12429
11627
7308
1443
800
14858
3431
2241
7375
2556
1071
14078
9072
14905
2183
10502
11054
13550
3777
7387
3218
12844
2623
1765
15586
8708
4547
7183
1145
7774
12285
3894
5309
14003
15937
461
4430
6626
6341
15776
3571
9529
16280
12009
9469
5154
7357
9963
13921
4590
6584
10383
6110
14761
2003
1021
9703
8597
1435
11761
13986
9413
13233
15003
1267
8660
15246
4200
3097
11808
12526
2657
6060
3680
4117
8997
14698
2334
1063
10241
16098
2219
5152
7093
855
13767
1383
6418
11578
15040
6230
728
10605
4120
13903
4484
16317
5164
7056
9022
15460
4681
121
14847
11462
6617
5544
3801
1087
12899
14464
11310
13485
7507
2367
9867
1417
10822
13179
3539
4118
4572
15337
12044
14975
4221
2122
12751
5573
2243
11291
14076
10926
3136
4528
7524
1616
7669
11724
12110
522
15433
8391
7861
1425
8205
10843
16195
51
792
3659
9034
1598
7829
4757
15011
15930
8701
15867
12276
10203
6987
16287
9289
1011
6120
245
10778
14877
7402
5825
44
7424
14463
13587
1967
16107
10571
4101
3443
9454
5478
3740
8036
3133
7974
2408
6476
4186
1516
12071
9373
5174
5324
39
194
10856
7877
814
697
5968
8366
484
4415
13060
2178
292
7268
11512
11583
3127
11872
12256
2407
7957
12106
14613
313
3315
7177
5099
10814
3055
16343
15653
15252
7872
13455
10937
11049
10589
7001
7966
8213
2749
1155
1957
6278
7255
15480
1884
4313
543
10336
13475
1414
12087
774
12475
9590
5586
12911
423
3199
676
3656
3447
16068
13826
13403
12149
8413
9747
12602
1498
6908
13782
7596
3554
12197
8549
4970
16338
14116
14928
11186
259
9784
14153
13058
8397
13961
13054
4375
8493
8125
13641
453
2413
7659
9020
2106
12874
10044
13648
9213
2145
9372
11092
6019
12702
15519
1161
1741
14398
8054
9901
459
2803
8912
5389
14150
1584
327
10524
5708
10122
12298
15742
9138
4402
13963
12521
10034
6035
11825
6823
11608
513
880
15636
10019
640
1828
2463
5100
7787
8007
10234
13369
2018
10455
2978
2525
11535
5223
14586
2855
15422
13004
1774
10935
15473
5722
5745
299
12124
2557
4417
13982
14608
8536
15794
3116
8090
10409
2808
12220
1465
14889
2088
3870
575
10770
3568
3457
10030
11492
4131
15196
8583
7202
13855
8404
13757
4229
5375
13699
6604
2806
11439
10148
14154
11683
4549
6135
5686
1284
7194
13626
6774
9829
2450
10957
5233
5218
4956
15726
5921
5850
13366
683
2228
290
13064
12103
6338
16141
9997
15757
4566
13272
9156
5105
15397
974
2864
11090
2443
16031
11742
12784
4733
1580
8971
5295
2127
12584
3923
8809
1312
2519
5985
11921
9766
9992
2717
4773
2146
3356
9089
1453
5377
5265
1857
894
7107
3896
11468
9770
6105
13917
13081
753
8812
7827
3319
8165
4471
5035
8608
8864
3240
11702
13301
7482
1415
8521
11109
9820
5798
14696
397
3847
8297
16037
8450
3559
5390
2934
5914
7839
6042
11999
3873
6841
11571
1199
13515
4098
13507
2415
14137
14688
2020
10450
3137
4337
13545
12291
4072
13208
7945
15552
7186
7724
3185
900
3510
519
1282
13732
11407
7691
13313
14074
1163
8819
15281
15765
1109
16078
13839
11871
10402
8339
15931
7563
16224
1295
9545
4125
8548
7162
10548
442
4044
10673
6049
5532
746
5204
11131
13605
2849
2315
8167
9083
8995
12171
5366
5624
4829
12952
3978
8569
15873
9465
563
1608
598
14777
13398
14502
15864
1381
10734
5574
15197
1784
14681
15409
4103
881
12768
10552
8229
13276
14217
454
4168
12316
443
15021
8453
7971
12677
11794
8792
6732
5165
6654
15857
15100
2037
14483
7282
5773
5719
2405
325
12567
3698
9101
8301
1874
856
14499
6028
557
9244
11159
1205
15984
15461
13343
12376
2881
9767
12998
161
10727
6871
5903
1135
851
15649
2329
15839
6796
12935
12489
4575
14953
9615
12432
2346
15479
7415
16253
16225
10068
13396
12937
10631
4522
5263
10009
15424
12880
12982
3526
12203
2982
4823
1853
675
15372
3177
6575
8751
3092
12729
14733
1894
7849
3143
5205
11332
12420
6189
7633
11209
12656
13758
10636
14070
2688
250
8488
1333
7345
13211
1542
12873
10803
12181
3693
11649
5911
91
3871
5182
12060
3192
11467
8483
1585
3768
13434
10192
5486
10521
596
5313
10617
3774
12225
439
1523
14245
14300
15561
11681
393
714
14867
1096
12006
751
4389
7457
8138
12439
1911
2835
14083
15778
12745
8728
985
10492
3371
10509
5529
15132
15830
2794
7468
5362
5260
12223
4998
12337
4398
552
15264
12237
4452
11551
15909
7634
14090
6721
9706
7541
2502
11221
15953
632
4115
12595
10539
1916
7819
3636
9067
278
2448
4230
8552
10479
13451
7744
15814
9906
8169
7917
15049
1563
5184
7746
9397
9201
14882
13212
6995
9730
6087
8902
11085
14987
2313
13390
15904
2752
3857
11903
15620
15488
14579
10012
1095
5662
10161
9352
4122
10897
6765
6684
7071
4254
13486
2461
4358
7141
10593
1995
760
5951
7715
15924
8788
1928
7362
8505
5922
7027
1844
11666
8666
677
9262
11665
10190
8388
15547
2116
12328
3928
9409
9222
11465
15640
5821
4012
13084
3737
6510
16347
11194
13831
2597
11177
767
12482
15218
10799
15254
888
2878
15566
9794
16121
7503
13246
15182
6054
15632
5427
5269
8930
12212
7361
10198
7811
15493
2195
9059
5770
47
1805
8467
7277
5002
13332
12321
13957
3237
10780
15724
9292
6241
4603
185
9310
6885
3430
13253
4677
13818
11153
4719
6978
5335
7938
10154
3912
7126
10494
10580
6280
13591
11720
9660
638
13012
4447
13924
10874
8100
14089
10251
9349
10422
12496
12644
5112
7374
5085
12856
9516
13736
7348
3227
16171
12825
8594
1564
10578
173
15962
16263
10486
10276
13284
3620
5056
4850
14529
9112
13221
2235
2813
16149
9865
7220
4123
5555
13673
6901
4740
1621
811
15812
10445
7513
1039
15238
2614
7803
2903
2686
5560
9351
10870
13080
11939
12800
12476
11642
15760
1446
3104
7265
15357
1324
6330
10884
7896
6627
1412
648
101
3674
905
12325
5756
10330
5817
10319
4296
10288
13609
15905
12435
3518
989
3534
13022
3805
7249
1325
2853
11033
11898
9503
12031
16166
1898
12455
1739
6720
6837
8073
9709
6197
1300
5621
6069
8722
1816
7112
7902
13618
3653
9855
87
15487
6931
16361
9043
10616
15060
10471
12625
9526
15727
15720
4550
14018
12412
4540
12451
11395
6614
10104
6899
4800
10134
12249
7231
9473
5344
12200
9949
2372
12436
724
9999
8592
16144
3764
2670
9622
11802
4736
16230
4234
5509
11511
2981
1492
8494
90
5548
12780
1259
10215
15659
3972
5188
3765
9009
11413
1630
15652
5956
4217
14043
14209
7041
2680
13660
4016
1548
13286
9925
2736
3334
13252
3694
9763
14714
6364
11185
14160
16005
2202
16344
8582
5838
12196
8783
14255
765
3
6950
711
981
7845
10825
12360
9603
14158
8419
6409
496
13672
8053
10158
7216
13812
8975
9066
5729
9718
1214
63
1157
6644
15454
7023
6708
14165
12318
15601
7251
928
13549
1615
8980
9484
3941
13803
11426
6475
14906
4686
10484
9899
11016
2386
3823
602
6221
7965
12082
8884
4425
3044
3706
999
14758
13068
6183
11339
2800
14194
10743
11458
2143
14910
12379
13161
9594
12657
9003
2279
6902
10774
12413
12136
15094
14639
10279
14912
6927
8922
4862
6315
14079
4102
12351
3763
13065
6592
13218
6271
8350
15825
2956
13531
10950
3399
16276
5221
6719
464
1825
5428
9861
1869
10313
5839
12652
13651
4855
8618
7479
8077
878
14989
7254
12984
13408
13170
13490
5150
1590
10725
10172
7273
323
1939
1362
13167
5538
5534
9683
9612
6810
2698
2294
4116
8256
487
16115
13098
3423
11685
10080
914
8987
8434
14135
1715
6201
12897
512
10221
11162
2148
8490
10684
5884
3644
12028
14328
13259
10709
5955
3228
2181
16190
6462
7315
9828
10236
14370
14103
3506
8331
11286
621
220
1280
1436
7109
15967
6123
3999
16017
15624
9141
16336
11377
887
10523
8029
6325
14316
195
3925
7065
2546
340
3682
10630
6051
8030
9882
944
8850
13664
8539
13120
11027
3148
5703
9694
9786
289
12273
6493
3292
2628
13435
7166
14374
7431
6130
6032
6293
4332
1688
12418
12892
12324
13575
11076
13918
14960
7727
11481
11498
373
10670
6137
8328
246
660
6335
12468
7933
15001
11868
5094
11888
6122
8519
5408
3405
12079
13746
13055
12852
6990
5017
7560
9702
6128
3376
12554
224
12446
2280
8424
2913
13155
14180
6206
7019
5776
6563
6907
4692
10887
12415
7912
16325
5225
9428
13
10782
11598
11748
6423
8540
9658
198
5051
6534
14142
12017
13713
16198
9305
13632
3918
11584
5306
6906
1390
13481
6268
8727
6265
3366
1265
8210
14645
4538
9511
11949
11471
9282
3043
14832
12038
740
15203
10823
12925
1031
2075
14329
14893
5376
9872
4318
3024
7426
9640
931
13100
700
7884
15035
6361
3496
9061
10355
13914
13273
7843
14091
11220
10894
142
14385
15149
8656
7349
6332
4315
8348
8308
6890
5231
13808
3424
14539
7209
15948
6554
9919
11696
14927
4730
737
389
6784
11657
3450
6738
5716
4257
1452
2139
2889
16069
3502
11932
10848
5039
5748
9277
7486
12915
11079
8678
8187
1388
13988
13015
3026
6022
9333
271
12458
868
14114
15147
3477
3395
3141
6730
15927
7999
154
4715
6000
7953
807
5021
7709
13243
16054
14098
2365
721
3723
7759
13334
9250
4232
13115
10594
1952
4507
8267
4386
15543
8529
4316
8238
15798
8033
6345
6761
13625
7444
7032
16248
324
4688
12648
10591
13821
3742
5151
10708
5851
6618
12235
467
13583
12447
3583
4893
4247
14902
8564
239
12846
13565
7833
14303
3073
8645
759
13883
7004
2255
7311
2480
12985
10599
15885
5785
15667
9721
5497
10245
61
9512
1823
13599
3017
1634
11919
6879
1778
273
4894
1124
9459
2988
6916
5212
10193
2554
14253
15734
8086
7229
13008
7207
14766
13904
12598
7011
5071
11797
252
16010
3451
8315
744
9446
4384
1709
12701
3463
14210
11883
14335
9467
3129
5142
9389
11744
15579
5961
7936
643
14658
4370
13378
1518
18
11202
16117
11041
14490
11442
7299
1586
284
13142
10602
15047
8305
15977
16169
6553
4934
11410
14248
8893
3440
14392
4314
12708
4020
14682
8012
9502
7089
6864
9060
12084
5710
5879
13665
2569
8627
5264
13973
2317
731
34
4327
1289
7300
4524
10240
12802
6741
2553
14929
1188
14903
13586
3452
15295
9812
6495
10933
14422
14734
3643
4766
7644
2166
4950
2992
405
15262
5728
16090
14558
7063
10892
1538
10011
3881
2990
5146
5405
3052
7624
9068
808
1510
9565
13975
2350
7539
14559
11855
6001
6440
10136
4666
1305
10702
16106
13102
7480
14973
13357
14710
1183
3455
5462
435
6466
2009
16264
7391
1962
7059
14045
11612
2261
13147
8423
1474
16307
3986
4058
13265
13238
10465
73
986
5588
12368
288
9242
13622
710
13287
10614
2769
14942
8135
7410
8481
963
6789
337
12976
15506
8714
6282
7491
13823
10732
15630
9809
1572
8108
2914
5978
2682
10654
5447
7838
6711
4493
1355
13548
6289
5935
10643
12130
2735
15373
15429
8058
16047
3406
11223
7500
6040
7006
10506
669
4434
3939
2839
14695
8857
4706
11449
11117
75
1133
11785
10931
15010
2442
528
5060
5868
6287
15954
3232
809
5678
14851
3714
2784
7412
7099
8966
4437
217
16366
3699
9050
16008
7895
15303
2158
4321
15687
2732
3679
1112
5876
11367
3059
13362
11026
3899
12438
5333
1252
10433
12253
1831
4764
9727
11161
12839
3702
15253
873
8303
11839
14879
10942
5909
3815
1237
6874
14481
12499
14068
8780
11182
3145
2526
14630
14708
10832
12710
3781
380
12126
10694
10999
12096
1260
12383
9390
1449
9198
12759
5109
9955
7108
13849
16313
6050
9493
3231
11434
9275
2865
14576
8883
4795
12697
12832
13552
729
5160
663
3935
8363
3230
15761
1266
16172
5025
5736
12077
14611
823
6411
9332
13687
16073
1629
7467
10143
8575
11725
11774
9796
4067
9075
9256
5625
5133
10473
11846
11013
4815
12572
5243
13137
5114
9427
9057
826
9434
341
10685
7822
9631
5829
6634
9293
10767
16028
4772
15286
10991
12261
2439
8239
10168
14288
14211
10135
1930
4810
10793
982
3878
13132
7562
1074
5331
1008
1006
9152
11038
14703
14436
14427
12440
6529
1988
15235
14683
15129
5597
287
10223
15690
6801
1490
7414
9764
5202
9190
5242
12272
10604
8041
15879
12240
6717
8405
1818
5098
11514
4269
12978
6812
106
12923
14298
12262
76
11113
13487
10909
6517
10529
6198
1652
4272
1770
5689
15101
9708
14755
6175
3329
11425
1317
10659
13785
2560
15928
4517
14505
2104
2010
12671
9521
15935
14833
4112
7763
4871
12704
2780
969
12757
13066
4541
10821
13000
11930
6669
1685
9821
13156
10003
15958
12452
13200
15578
13980
14930
3112
558
1156
8080
12139
15688
9800
9058
4308
9109
6456
26
2801
12503
15856
1526
13869
1946
6263
10042
364
1017
2006
15318
10371
12117
1983
6766
12803
11134
732
249
11385
13263
14753
1917
4372
14729
4837
14008
12647
10160
5924
92
7224
14252
12583
11556
237
2781
5565
6297
15260
9151
794
3932
6482
6376
11263
13683
11239
9430
2239
7359
7077
9856
2532
8176
445
1743
199
5589
10292
5640
9561
16275
13671
3103
10698
743
12431
4246
12835
5768
3967
2326
14360
14510
7408
2531
577
6428
2883
2922
11850
12462
13473
14817
10954
11476
11007
4632
10376
13414
10811
16091
2624
2660
10061
2593
12238
4494
6116
9322
6903
15287
11273
6379
15661
11254
10877
3326
2939
8225
5276
12334
2108
12536
8855
16314
11288
4830
9737
14693
9159
12057
12267
12746
9864
4899
13740
12466
16025
2224
4869
6324
4806
4026
8318
5751
11863
7381
3541
3695
7737
8825
1395
15171
4427
16202
2137
4760
16096
10243
3144
12938
2616
2823
15013
14139
9550
13838
6322
14151
7310
5057
9323
3767
1507
593
12333
14573
4883
6092
3589
6747
11865
1555
10956
4659
14451
15835
9077
2311
5365
10423
3766
6196
5603
2300
4003
6011
4729
10022
1384
7657
5930
8201
5391
13913
3159
1679
1883
10779
4685
3499
4881
1203
3370
9051
13190
7013
13854
4505
3989
13184
8223
12275
169
12788
3392
6876
16095
16162
7416
6949
15768
10035
15938
10085
9391
12550
15310
6323
1912
14936
9398
11436
5177
4108
5367
6875
8132
12639
444
15128
13809
8000
8794
12265
6556
3585
14354
2815
4134
15651
9909
1886
10678
2196
12516
15775
11692
521
13215
8270
11023
12390
7941
15292
7174
7700
11260
13613
6386
16119
7991
11475
13943
2555
15124
7204
1534
12145
16013
14995
10522
10169
15883
1360
2836
1981
5607
12345
3743
1653
12283
3307
14266
15854
2592
572
5950
5371
12828
9583
5700
4001
11757
2119
15285
2067
481
4057
7851
14401
1759
3028
10213
5611
6939
6646
420
1182
4771
8736
7515
6867
6608
12176
78
14181
12271
14222
15431
12309
10474
11187
7499
4834
9507
1605
7007
8746
16042
9953
2454
973
1342
3829
10231
13384
3396
14428
10663
9954
2467
549
3861
15027
13657
14176
6076
8472
7365
9393
7688
7716
10717
1345
3790
4
8224
483
8
12905
7813
6545
2193
16233
3545
10366
13900
5986
2816
9324
7739
8702
2838
15595
843
13036
254
7573
5023
16370
959
12056
10029
9670
6577
3734
14462
14513
1829
12241
5760
2984
4220
4419
10273
3470
15012
15325
13474
16001
3357
7687
1040
9447
10354
3254
12142
15818
12395
361
8768
2481
6937
8916
4243
3876
9183
4762
15178
6805
8903
9254
10930
9960
16323
8390
13590
7646
5128
6800
12879
1098
14387
15327
10613
6540
12025
1544
4942
10628
14819
15383
11767
10994
6443
942
15470
13315
8021
11271
3454
9588
14751
8264
5413
6398
15366
1009
15290
14040
3955
4654
8508
16223
2041
10396
8673
4288
7710
46
10015
8913
3850
14516
9524
7782
2451
4078
10323
9941
14718
11447
1540
2548
690
14067
1559
11099
10928
4299
8943
10733
1227
3208
1208
1485
10304
13003
3306
11801
7704
6689
1479
10768
16035
11280
7975
8642
11456
2709
913
6940
6840
8695
4527
7835
2381
4631
6687
13776
2573
11944
1772
7278
10795
10620
16362
8730
2303
10948
9970
3845
12029
3446
339
16235
5454
13016
6892
306
10090
8373
12467
9874
10470
2328
15603
12728
15642
10431
5577
16286
2772
1671
13423
10563
10084
5077
7076
579
4580
8343
9348
12206
10572
2417
11874
5237
6776
13133
10642
10347
1728
3749
12250
12537
8906
1909
474
10775
7114
5620
13503
3151
9557
10204
4379
1803
7620
9170
2369
11106
3217
3310
9264
11112
9243
13056
16152
5050
11635
8527
8905
927
5459
15111
3780
12315
9540
9380
11716
1740
11063
5102
1527
15450
15256
2049
5927
6537
13645
9630
3949
4649
10640
15881
15679
3588
10189
9287
9712
3493
8897
7592
15517
6846
8806
9846
7952
661
6251
11342
6252
15392
7169
6924
9522
5326
11428
12505
1948
13906
8955
1046
12988
202
10151
15555
1819
14396
9928
14970
3034
899
4784
1386
2026
7128
9780
15990
2910
12699
6859
6538
1084
12557
5043
6
4240
5983
10466
4238
15746
2692
14358
10674
301
6192
6484
2691
6272
4584
11320
9854
3557
4560
7053
9048
14798
2357
1153
5437
1509
9341
2612
12609
4418
14020
7143
11284
15332
14739
13814
13680
8120
15267
5130
3358
4577
2283
14813
16029
8882
7870
7961
15722
15655
4948
4995
2124
7397
10391
16165
8032
3968
9768
12734
107
218
14164
14101
13922
12705
3897
12601
15081
5754
13801
8309
12834
11877
4778
8817
3866
8381
9945
6099
1177
425
7297
2884
2920
14991
8442
5567
3747
1766
4682
16077
13621
3436
8572
507
5963
4201
9030
3069
1979
12186
12113
5122
14379
4853
7298
14013
200
9693
4453
9028
7392
10560
1483
3758
4042
1235
1311
10472
4205
783
15897
6601
9064
10899
15317
15522
11025
9515
8285
13039
14760
7983
16291
7316
15708
2087
8403
14898
4236
13937
9581
5558
2465
9432
11755
6686
14390
11359
12663
1645
5831
5578
2175
3471
9120
14600
9146
13894
11010
7477
11304
5566
4684
5690
6101
13519
12858
4751
7180
4104
3109
2310
10686
11173
11003
10421
5765
7990
8696
3414
2695
8862
3428
204
952
13536
15859
1024
2077
12662
15058
6803
1279
6063
3503
5789
14963
9917
2061
12411
16297
2431
3167
7042
15803
13500
1346
6700
4248
2617
5334
7897
9592
4620
2696
3095
15185
14015
2227
13819
11218
13902
4338
4376
447
12069
14996
53
12687
15946
6645
13119
4933
11860
1380
8585
1660
7465
8561
7558
6073
11573
2535
4888
8109
11493
12339
10095
7764
2776
8675
3083
10256
1364
13702
14528
1314
13695
15771
8276
13194
3057
13079
11827
8994
15834
6193
16318
11726
4937
2743
4971
2995
3276
9947
6067
15960
5457
14312
15891
641
2460
9641
6239
858
15982
11243
10601
5583
14616
4024
3817
12405
13734
1204
1169
739
3859
12987
11684
14156
4090
15199
13931
2763
6781
3220
7893
2737
14086
5627
13868
9313
2959
4809
3054
1888
12689
15469
6160
2589
9815
14117
10106
11460
7752
5491
11862
14080
14219
5450
14762
3215
4979
14203
11738
16110
3667
4668
13465
5752
8337
10765
7287
10815
4340
7384
8829
12278
5192
14543
15584
16365
1050
12143
831
2203
7529
11196
6236
1192
7288
8140
5982
14179
9497
10014
6154
9877
12172
14852
4293
8865
13009
11216
10910
4270
6562
6655
5989
14533
4651
616
311
14671
6343
9618
15265
1129
4768
13967
9338
1382
4812
3078
13929
4213
13270
11466
11910
12645
11019
1753
13835
7622
1224
1924
9071
7075
2258
8952
5791
11087
178
9825
8222
1502
14299
4818
2842
11992
1268
12599
10075
14149
14037
1631
5796
15986
11562
9900
3598
8568
494
6337
15916
2812
2664
10370
6336
3282
3587
16086
6671
14647
4215
7291
10833
1347
1134
2640
3022
2854
10461
8454
1632
13793
8844
14899
3900
10004
10449
3617
14259
5406
13456
12104
5506
7793
8215
3040
1699
16237
12507
14302
15511
10064
7411
8236
1410
16156
9551
4724
7285
6358
7706
8973
9777
9384
5634
5766
15420
10585
10764
14118
6167
941
5590
9614
7120
5584
9553
12587
14381
8700
5856
11594
8306
14497
576
2576
5895
15160
10338
15858
1010
14438
6102
8345
4656
9671
4196
4189
12720
2923
1758
15593
8087
11902
11851
11950
2412
13444
7084
14595
9632
8616
7986
2967
6292
556
14749
3251
15355
4144
13230
8123
5553
10200
13890
9648
7783
6647
4723
11039
2288
3527
8105
13375
10109
10898
2374
15606
10623
14365
7250
2568
4216
13857
15339
5948
1760
2720
11213
11778
14745
3521
6653
5733
4655
7463
1654
10067
6473
516
6929
801
656
13169
11392
15343
11101
5149
7799
13871
13725
7922
2852
12313
15992
11686
8633
6658
8184
2160
7682
7972
3784
1290
14626
7956
11529
16296
7785
5605
1451
11895
13157
8506
13116
14111
12453
8577
1331
15562
385
8936
8570
14119
4063
4822
9604
15994
5279
15786
13745
8749
10951
5960
1683
12565
3045
12551
6262
5772
787
8677
8279
14954
6528
6095
11214
1005
13882
1341
10597
1694
1769
10373
4571
4633
11656
11215
6231
3473
8371
15210
13722
14069
12102
2377
5330
11257
7890
7052
15220
10006
6078
6969
1537
11325
8034
3951
5054
14444
2486
10253
11942
15018
12332
297
2252
3531
12659
9217
5505
1836
8550
9158
8013
6758
1649
5507
6185
15637
6003
16075
9655
3840
1117
4128
5617
8046
566
13383
14382
11181
11154
7035
9
6771
4612
8734
5994
4803
2057
6220
10093
8760
13103
13628
4510
14233
9599
11923
15966
13247
12497
14943
6739
11544
9500
3253
148
5718
13101
10290
3340
4953
4985
2466
16267
13834
15497
13136
10219
492
15408
11717
6261
8914
4435
2644
10139
1675
1531
9728
3626
436
3434
6407
11080
748
9896
8502
11022
14399
8981
1811
5384
5426
10731
8042
72
6898
646
6178
7155
11640
14988
13999
2961
16122
14174
15367
15780
14738
3628
12242
3038
14048
1323
4041
10118
12875
13178
3338
715
15136
4781
6070
8709
12359
8487
1137
4265
1801
502
961
5144
8648
12202
9114
1274
5858
15713
14808
3153
7127
4849
1583
9982
6439
5657
9366
1595
9510
9753
9876
12210
15614
13303
4167
10983
15261
1148
4143
1212
11727
4210
5938
330
4456
7088
10328
10142
911
8991
12300
8106
14482
5871
3363
9559
12634
2470
16217
5256
15029
12829
15922
15403
8395
7064
15342
11818
66
8003
10756
6632
9041
13266
1698
13562
2900
5953
1528
14873
16249
10463
11020
1394
11083
62
4593
3757
7554
2044
16353
10339
15827
9596
4642
476
9470
12881
7618
15114
11103
9664
4028
10844
3818
8476
13858
1067
4092
5811
15324
11566
14432
10785
10526
9416
11646
13993
16158
13450
5230
5397
3349
6959
4585
11297
335
4557
15656
8260
13191
8630
2583
10517
15089
9209
15097
15475
9720
8426
1447
604
10570
15153
11561
16101
9212
4761
12174
1441
11945
1953
8394
7844
13566
12669
4260
8294
11821
4034
1246
3802
7233
7395
10299
5823
10512
10925
12847
1780
9153
16319
1105
5571
132
11638
2064
14566
3258
9863
1213
319
5189
785
2618
16123
7720
12305
4344
12833
12115
11352
14525
14246
8479
1751
15495
1628
8182
13493
4132
4411
15805
7866
13428
879
15882
2491
2908
3762
5329
8869
8377
5465
5241
11199
7749
15583
5932
7697
8737
6860
3665
8275
13608
926
1245
1088
11236
11964
13353
2655
2233
14474
6503
6209
5824
12866
11630
4378
8096
9690
589
2198
9265
1568
2905
756
1747
11807
14818
10915
1980
11351
12682
9716
7470
7293
479
4717
5680
3701
4574
5981
9086
15515
2050
8122
9208
10801
8796
38
16157
8638
14478
9813
9765
1457
1319
5449
10922
15787
15079
9598
6257
7976
238
7286
8621
14277
7000
10127
5290
4278
9267
3287
15404
691
12036
1854
11513
5543
10374
4472
13588
13480
3513
5764
509
5539
3934
9016
2151
6589
15773
14310
6199
10414
14675
1396
4997
1879
15981
15600
12059
4467
7779
14664
13113
16023
1343
12977
2505
4691
9776
13163
6728
3555
8741
2805
14001
11030
243
14597
11356
12509
14230
12683
4844
12088
15026
4380
15354
7373
14542
6472
6232
7163
11606
10451
10923
7856
5357
11756
2587
13014
6017
8375
16299
4695
9006
5974
10634
8634
15980
15671
16027
5779
14947
9701
12350
3351
8908
6912
14453
9678
15918
9487
9677
1489
561
9074
14213
13075
9734
54
11203
13327
7241
10789
14006
1943
3379
4747
4738
7306
8051
1334
983
10141
4699
1950
4866
7798
10217
9364
10941
1070
10418
4393
9132
6953
15699
5608
8957
14492
10796
7378
16191
9609
14820
14146
11098
4066
12312
16302
7527
3804
2293
11287
9584
11530
9537
14850
10101
6039
14071
7979
3362
2527
11394
6557
7520
1420
14289
14168
16146
3641
13197
2167
9297
4838
6284
159
11376
12698
12409
8725
14706
13730
3183
14775
11279
12361
5763
3619
6551
5196
6298
13719
4910
11680
8128
8707
8273
9160
5169
14577
11750
5746
1619
3245
8002
6712
7153
8769
6229
15616
10038
1079
7915
1393
1676
5121
10608
15330
10224
11336
16380
13462
14023
13176
12640
1139
1190
10261
5984
3188
2
1421
3082
13099
3697
7015
3093
13612
1476
9675
16369
10688
4600
3123
5934
16351
2395
7578
11051
8706
14336
16130
9498
13755
181
16071
2912
13559
11230
6900
7565
8524
3673
2489
379
7678
12086
11779
14719
6674
11830
7871
4859
15212
7377
355
862
5011
1519
14290
2424
929
15257
11129
2825
7376
2027
13461
9705
12469
2055
9608
13546
4674
2398
1876
1717
12614
10032
7363
14826
3184
1754
5835
15072
14765
11072
13360
3064
6056
3842
11691
3486
8830
5066
2534
4628
7705
16367
6368
11935
708
9878
11537
14807
3018
2512
12214
11282
5316
6567
16211
14341
4371
6541
5407
12733
15086
8686
10345
991
7036
8386
10787
12426
14653
2298
12859
13941
15126
15300
8271
6104
6446
8174
15890
5996
8518
9668
5363
7399
6380
5907
908
2811
14073
9049
2921
5520
463
12549
7857
16311
2135
13862
4209
626
2578
6212
10549
7198
2260
10611
14378
86
8071
7545
7852
7954
5041
12727
1678
11869
9157
3538
14838
13471
10381
9528
15617
11734
15105
12433
13572
14321
15869
12187
16055
9015
5219
11979
6374
13571
9326
15507
6547
10356
15725
5673
13969
15736
3171
15635
8254
9363
5119
9115
5706
13860
15643
6498
2619
594
8186
1231
8523
4657
12865
9205
13981
2096
15217
7195
3178
4721
14752
11040
9274
10277
2164
2308
2423
7735
8692
9990
1041
3586
13923
6709
7171
10145
3884
12940
2098
1162
16315
11234
2437
8121
1581
13204
2126
9534
8949
4860
8873
12878
13217
1690
9819
4785
11417
10306
8203
6131
6968
16112
14456
883
1891
4159
8161
4464
9280
2596
5474
1646
4356
4972
16080
6008
13300
1233
6638
4111
547
11773
8663
5059
12664
9661
9959
706
14623
2268
7429
2759
13264
3320
12401
1814
5725
5713
6422
2475
7272
13271
6821
510
5549
8823
15239
15733
13028
8978
1363
6833
6681
3312
2646
12949
14224
10618
13577
14010
11707
5209
10615
11857
2590
11361
3981
14805
16060
15872
491
13236
8967
5322
11776
3546
3046
8177
5784
27
4297
13436
2793
4287
1052
5545
6449
8427
9248
3567
13694
3108
2282
7717
12928
4949
10222
546
9769
2343
12407
14377
6786
13813
12182
15000
15045
14314
16241
2189
14955
9334
6576
3839
3132
7939
2100
11399
3846
2240
15629
7264
4955
10699
10073
1986
145
147
19
8874
9795
16002
7526
3322
14799
11014
6415
568
12012
2419
15151
1666
4183
1276
10010
14602
2414
9291
536
3713
103
5537
8566
4126
4588
10477
6430
15824
4129
13811
2034
16138
3891
4974
3915
14722
10194
4426
7048
2342
5521
3393
5916
9842
12185
1722
5873
13756
10876
9932
6362
6215
2804
12329
14509
10388
7234
15307
8085
2604
8892
15036
3911
8854
15899
13174
7757
5106
1000
1533
6038
1966
2601
13629
1904
13525
1464
4746
14512
11936
1036
2321
2524
5082
3736
8298
15344
6873
699
13417
14304
7020
4190
15009
13331
8717
9563
9210
13088
10857
1529
10058
6002
10255
12547
8374
6552
2269
8907
348
14285
11488
11803
4138
13439
15133
2420
11251
8196
9362
6195
15865
8773
14110
9195
16309
7267
403
16184
14732
13836
7437
13448
12011
7261
4161
14495
354
9422
2974
13082
3690
7422
906
2635
2847
10416
8150
12068
9260
11741
2115
8813
8546
8840
8885
6425
7579
14201
10177
11634
11393
16247
12571
2453
9562
15573
9950
4284
13278
14185
11838
11525
3289
1508
15546
6524
13682
951
9278
13421
5009
10970
6649
5735
1377
15438
365
131
4697
8579
11424
11317
111
9458
13723
11242
4342
10311
1491
11637
12739
3930
10918
7734
14721
10675
13876
583
6486
5889
5898
1385
5356
2105
1843
11520
13824
15236
7043
6432
15095
3090
5005
13595
3990
11353
10716
9235
9221
5198
7439
7894
1522
13260
5855
670
5227
7172
7940
3837
2902
16281
7702
13916
7888
13870
5468
15993
13241
4765
7860
14389
14829
1090
10612
4081
14345
2710
7809
12080
13316
11867
10692
4908
13962
1763
8379
16239
14052
712
10840
11549
5443
5181
14007
10713
9039
12730
13498
7323
7662
1890
11093
4529
1398
12926
5037
4133
11130
1808
802
16074
15172
10577
7878
8588
8626
1471
12258
8244
5952
7525
6915
12709
11848
6355
13619
4147
4114
2796
12441
7237
3931
6219
8785
457
14311
15850
3907
15956
5496
2753
2493
14352
6419
15855
10079
14837
12135
6536
11259
2406
2584
11616
2194
11071
15852
15861
5337
11191
2700
16109
52
825
205
15291
1651
10218
6305
15064
3354
3418
10289
3398
12534
14503
4791
15222
720
10721
11100
9140
11963
16182
9329
5810
16300
6504
6497
9785
10270
12358
14096
7693
875
10121
9969
8629
4165
4047
9636
6701
15067
5753
1610
12189
11487
10491
2708
3389
8056
4548
7931
6704
11653
13139
4439
5519
9827
11975
7685
2941
9724
15138
6081
9639
4233
15767
13085
3342
13433
71
6311
4848
8875
4731
2886
3960
7149
5052
10103
8535
2998
705
383
12222
15892
9635
9881
9951
9200
14791
9807
15467
15979
15037
12871
1339
8610
6488
5388
13341
13822
11125
4040
11619
9580
8171
1504
7714
2208
11293
13654
6946
9628
12811
2375
9335
15923
7145
8400
10358
8538
7142
5401
5044
8444
3776
8101
16252
9555
6722
6933
3042
6046
1368
6204
2904
8690
7769
4556
9005
8147
6342
15702
16206
179
9975
8208
9309
138
5867
4176
15258
15625
8911
14238
10932
460
13040
5461
14237
10091
2457
9032
15038
10051
12611
15781
15388
8644
6405
12736
14884
7152
7925
14493
1989
667
6020
6098
2848
4874
11245
5804
4027
469
12700
5380
8347
8703
14883
10499
3651
14082
3002
2930
11006
9613
5261
11925
16326
10303
15627
2056
16196
2820
5217
14716
1118
6991
625
6673
4474
8832
4499
9578
14793
3010
10826
9203
8710
1647
882
13893
15748
8300
15999
2103
3020
4127
7836
14811
4621
6490
14163
56
16105
6857
11554
5481
13804
13479
5062
15002
2332
8716
11790
5902
15232
7421
16039
10669
9965
382
15801
7
15326
16210
283
10293
3886
16222
5569
9869
9400
8516
8004
14178
2918
7773
1641
12366
9940
12362
14687
11973
3860
15971
3980
16088
4328
5285
10588
581
5910
15065
13368
10827
14939
837
7008
15362
876
10610
11141
1787
12913
15074
12922
3600
12548
1793
735
3670
6754
14305
16316
12752
2446
5266
14784
7409
15391
11171
15457
636
5464
13715
347
3444
5743
12912
5004
5585
14405
13280
3427
13977
9646
2102
14565
6798
15421
13875
5936
2989
15516
11348
9038
3963
9986
4901
16139
12490
4567
12556
2074
2715
2740
7403
7949
1086
14284
11675
4226
8691
9360
2926
9539
14265
312
16219
4725
1429
2095
3008
3278
5135
8890
9804
4587
15673
9127
15241
13422
8200
3453
10188
13684
13365
5258
2264
630
8927
3146
13244
11276
2570
7792
11812
345
9802
665
3590
7553
12600
4968
2378
11206
2927
13878
94
5687
3685
11688
5525
6485
13392
8313
1716
13152
3814
10060
13150
12414
5771
2204
13956
11610
3328
2397
11655
4989
7119
1574
7360
10108
7825
13534
10551
1335
14634
3202
10028
3744
14296
3031
1798
8827
2030
1445
1806
12146
13391
9931
13209
7928
14100
318
16014
9667
8941
4383
1348
506
9102
5006
8130
10110
2001
11822
9823
11823
3269
8712
10772
8653
896
10489
6248
7865
10981
3397
6170
14033
3724
2521
10201
41
559
7913
10052
13633
2513
5284
1405
6853
4035
7607
6834
9544
14835
9377
215
13320
9298
333
3260
4564
10751
9741
8681
8622
9024
2679
10327
394
5894
4920
5498
12311
2459
5801
6696
9284
990
5299
3888
11382
14261
7021
9851
12456
805
16321
10707
12445
16151
3646
9891
8896
7328
13779
12494
6071
4807
11479
1194
3632
3297
4650
8713
7094
3030
3402
2101
1418
2266
13033
7557
3106
3630
104
11235
1945
15083
11001
13706
798
16127
8958
14189
16124
4802
4690
5582
3851
6583
10072
3573
10425
14271
5552
1340
634
12209
11250
9311
5852
5013
1371
14420
6878
3808
12100
13850
10936
15113
11135
1838
5176
8667
11996
3683
2523
9367
5536
8624
16234
7103
1216
7123
5087
14205
11844
10996
9666
12713
11212
1635
2324
14728
14933
12898
5971
14262
12619
9405
12229
1366
9915
11985
5547
10761
9418
4947
2758
6922
8763
13299
2289
13312
10325
70
8972
6566
13062
15750
3060
16214
742
1719
7754
12191
5103
12706
7551
15920
13927
12378
7024
6938
15744
6611
10039
11560
7535
9401
12402
7651
11000
6664
12895
4817
8484
13970
1712
3916
4978
6166
9406
11491
1058
3286
1724
4048
11958
13207
8899
475
6205
8999
13370
11988
11169
2352
14637
16199
11840
14484
13560
8072
8281
4779
6967
13574
11967
10583
6113
12268
14469
4775
5271
2304
5200
11836
2770
5480
11323
8477
4857
8458
4616
16135
2070
7506
12848
6184
2230
938
4827
6603
4951
11856
4094
5042
10749
10379
6881
9070
12623
8127
14386
9137
6494
9285
7929
5487
4073
12821
11155
15251
2002
388
8118
1907
12814
1940
570
15634
2909
13010
12076
5383
6053
11605
16273
15800
4943
3716
8863
10404
4360
12173
16289
11875
11504
13825
10664
7115
948
15822
6346
1301
3350
9113
3070
9272
10885
585
5834
2603
12960
7733
3512
6590
8501
10736
3248
6469
9240
8631
7726
4181
3958
14537
7125
3543
2851
235
4468
4710
15050
4605
3196
13920
10846
14346
4231
1488
12742
1242
1973
1985
14236
5332
15384
6068
15315
7943
10854
7652
13359
8251
16065
14977
15062
11075
1275
9723
4645
5645
7333
10083
13145
9130
11094
6790
6595
4999
3515
6260
15481
9301
9852
14860
3257
1636
12885
13285
7495
7284
14756
1472
2138
3807
5651
13402
16212
6420
14840
268
6794
8816
14171
8332
2822
14169
16092
2795
10048
12111
4644
8392
13438
42
13006
9822
3373
7981
12569
7994
15356
2819
7274
6402
6168
16070
2544
2574
8329
10540
9479
15068
4349
7196
2537
12078
13704
7544
13669
3732
6662
8526
14863
9464
15911
9386
10666
16341
6600
9069
4366
7366
9096
14021
6705
14232
6141
1684
5392
13245
270
5667
2436
16094
14375
5602
9343
10792
12437
3947
12842
12754
10020
2349
4197
14787
2485
15784
8777
15576
3200
7934
2156
305
12356
15063
13504
1650
9185
7407
16150
14487
15275
588
11708
8881
1094
12397
10967
11303
16061
408
1612
11626
9268
5298
10959
9270
3176
13395
14027
6436
8310
13887
1146
8723
14875
7951
8757
4841
7096
13564
8910
15183
7699
6919
5830
14841
9738
59
7136
9489
4400
6177
8452
6452
10173
12299
8469
15764
15737
11295
966
2072
14121
14560
9471
12158
10728
2234
8580
11381
2171
11453
13090
4011
1473
11881
7602
16262
4602
4382
2179
14466
2320
7947
15807
15842
15115
10912
11
2093
384
12755
7206
15662
124
5832
11478
4613
6372
8082
6963
14175
2290
14900
13717
8841
9346
1893
6465
4660
8951
6416
1755
14323
9176
2274
9178
12688
14625
14603
10196
4010
11517
4868
4124
7534
11663
10274
10180
786
7061
9385
9424
14704
12927
12715
15741
11070
5808
13430
5581
11244
2270
10831
11636
7864
9315
11473
229
799
4491
4794
8026
6470
9961
14035
3874
7358
6779
6570
15162
11879
10790
11402
5283
8066
5291
12515
1426
11782
10341
5705
8312
4923
8356
4873
7122
8720
8037
5117
12514
555
13799
8954
37
6055
5467
482
12789
4925
8212
15428
14679
2869
10128
12282
13845
11617
5691
14923
12965
3135
1944
1809
6176
6253
940
4151
5511
5170
8828
4611
16
12805
12500
5944
702
9490
14231
1244
10786
13691
6129
533
9294
16213
3523
8932
4992
8801
4079
13460
9546
3283
3494
2149
7784
2356
11028
14125
13912
8838
2627
13478
1655
400
5592
15340
14218
5812
12886
9439
5240
9223
14024
11662
9476
5587
15686
3945
12845
11009
761
2924
11440
12685
7079
5111
8640
7062
4390
11508
8274
1068
8291
10183
11509
13864
12690
9488
7712
4177
4203
917
946
0
9617
3099
12169
1015
13166
13255
11505
11866
1596
11540
1926
12153
9122
6828
9472
2645
10723
10544
5032
14065
6429
7178
1144
7909
465
9047
10837
8057
11713
1820
1119
7718
8349
13820
1934
15577
7430
12826
15698
4388
1130
8485
10519
10364
12303
12472
13420
390
11769
362
9680
1750
14430
13624
149
16038
680
2870
8361
11563
8031
74
1158
9834
6477
2401
14063
3795
6455
3272
5089
13223
5670
5249
9816
12782
12193
13348
6930
2391
12887
769
9107
13787
2919
5438
828
15908
1850
4741
8230
5919
6572
8983
15169
698
6971
7344
6216
3247
8008
8511
7009
7753
673
4891
1571
11111
970
12522
2180
14526
8649
14447
992
6097
864
4266
3465
9606
13842
15250
2363
4339
2862
16372
12504
14467
11548
4142
7868
1061
779
8761
11828
15505
8721
15925
13262
2515
5976
13205
16021
3594
5576
6975
10285
6920
8385
7823
1022
15648
8762
3285
13185
15868
15142
15695
203
10259
11706
3750
5445
10869
14132
5635
13827
9843
9139
7118
14843
5382
10940
15411
2053
230
12512
11035
5554
2895
4195
15214
8522
9962
10646
1661
9303
12471
542
16057
14056
14916
12024
12674
15646
6512
5167
12389
12119
15558
2396
15833
679
3053
841
11340
12188
11582
2152
15806
9944
655
9761
9220
2845
8255
7490
8937
15612
1882
11158
7666
6295
11168
6764
13666
15755
7538
14691
14612
7165
11501
7955
16379
8735
14138
10062
14848
8393
12073
6246
13983
12541
15017
4055
4944
13405
14725
8919
1505
11232
1310
11165
14674
7307
8202
1196
3514
6381
15591
12123
16079
12725
15170
2444
8064
7834
3691
8498
2906
7393
2383
10556
10997
2754
10018
12183
5074
11414
15987
12121
14937
8415
10661
12128
6996
3368
13522
128
534
8509
4630
5795
13367
12781
13097
4469
4694
15874
539
3415
12964
14144
11633
7303
11933
3797
2330
8063
15173
9543
160
2755
2831
6442
4008
4553
6273
7770
1016
8216
7379
3591
15997
10300
2200
5127
5738
3400
15657
14633
6909
3549
15831
14627
2476
3998
4323
678
9595
15912
10390
11490
13517
5888
6208
6793
11405
9552
9394
8321
11914
9238
6148
11547
2704
6151
7905
8272
8756
6074
5484
4352
4911
10762
14075
11959
3047
2594
11723
9355
9929
2011
15594
10703
11679
8515
14711
13896
3910
2888
12774
10181
5931
11781
2242
8520
13446
16085
116
6326
7440
4639
16142
8986
9942
7085
2393
4555
5860
2140
11429
7010
10993
14439
6421
13995
13141
4607
4374
3280
13853
1403
12760
14881
11876
4289
11261
14107
6045
1493
264
15122
9897
9922
12168
14872
7137
647
12150
316
11408
1149
3381
15117
15006
9361
343
15514
4906
854
13675
16227
650
5351
5339
3811
13529
4712
15677
8104
860
14017
1012
11311
139
1804
10002
11228
14993
5957
2875
4476
13538
7815
2768
13482
13043
15174
6089
5132
14778
11211
7394
13735
9168
10645
13700
11622
7266
9745
8528
9199
6483
16251
15056
9806
3039
12125
13703
8993
11406
2299
7647
14445
6250
2422
4212
10644
7855
12160
6642
8227
1984
11811
4530
9859
2226
3529
9117
5954
15237
10448
2931
9411
3637
14948
191
4608
3437
5327
14228
14594
1044
15263
13328
12293
11729
12231
9374
4821
9904
15766
15816
1600
5508
11831
1642
6393
3158
6234
12219
12786
9204
2117
4581
14393
10819
258
5378
14002
2216
8112
183
5837
1525
11219
13972
3610
3372
5068
3707
10318
3704
1075
13945
9733
1055
15689
13124
8530
5318
1602
16329
15389
6321
544
7493
1434
8344
5045
5364
16067
1238
10226
5749
12423
9019
8365
6500
3236
5395
5880
11938
15531
14095
14410
3303
6573
7104
5489
4005
1337
5319
15296
10412
12141
15847
4043
14019
14699
5003
9053
9383
13909
1092
3252
2005
12817
12221
14029
7531
3256
16312
3211
3582
8157
1389
10053
1206
12722
3727
11815
4610
15427
6163
2622
771
15933
6539
3015
6763
6299
3243
13499
13437
14969
7102
7146
6985
2767
5090
13399
9792
14367
4187
3689
6858
3134
2399
6150
1428
2458
11858
6134
4976
12545
6762
15602
14524
7556
1128
5803
14844
2500
13193
13800
5783
4780
1592
12801
4466
6075
8307
7423
3625
13177
4241
11592
5253
7016
9142
5323
6277
7599
889
727
4646
13948
13309
2199
6509
2891
12740
6304
14260
5110
7039
2859
13668
2213
10166
10434
16154
11764
11274
7279
10520
12498
8333
7405
5292
13466
11062
13426
3058
8496
14055
2296
3495
3952
16345
12048
7343
5962
4824
16120
7598
122
11953
574
11900
6458
6066
2933
9353
6729
9148
726
7239
1089
12112
15611
4206
682
1164
6546
9098
14553
4488
4663
9197
7631
2950
11576
12234
9108
10023
6467
7960
1977
12620
1187
919
15735
15104
9417
8351
537
13416
14938
3533
10066
3733
308
15851
12348
6958
8107
2325
8635
13175
2712
12843
1897
10302
14123
11650
9853
4416
16288
13585
8822
10206
8198
9695
13833
16242
7140
1138
15476
14781
2786
11507
6672
14402
7713
15557
6842
3317
777
15311
4106
110
6652
12274
3991
13483
10346
16259
3809
8412
1228
6339
15308
12354
3624
12747
5370
15970
13013
6270
16375
8698
4141
1792
3648
11227
12081
5684
5854
15419
11252
12524
15820
8320
6887
10679
4065
11002
7889
8804
6240
9924
11104
4077
7086
8811
1175
2477
10681
15168
9172
13488
5550
13897
4303
14364
3206
1236
5341
2426
11670
6340
6597
9625
3204
3063
15790
1111
11733
13617
13311
1937
6630
6633
599
2090
3977
4870
6727
2201
6308
9898
8354
14790
11160
11806
12422
2192
9419
14307
6062
223
15871
12428
10481
8341
5268
8422
1318
6124
10647
15683
10914
6660
12008
7810
12406
9549
3578
4813
11193
11380
13543
4261
3883
3000
12156
15510
3848
3660
15441
15477
11884
14227
5757
3987
11142
45
13772
5145
10965
2176
2773
13240
15901
13216
5806
3822
8945
89
13172
6312
1407
6461
10896
10938
11484
3360
2161
16254
8676
8544
2099
6866
3386
377
1870
8933
14578
8571
15815
7476
6004
9808
13898
12916
2728
8466
2464
10945
14115
11068
123
4790
11957
3157
3504
3579
15445
12480
144
7988
4054
13952
16381
2073
2504
6677
10858
10791
4921
7643
12591
5818
4661
2991
9136
1181
13582
15844
2221
3511
3834
125
10116
1942
8847
2069
10401
1256
1856
3156
6093
13770
9611
13880
4184
2565
1700
48
15466
9758
11105
4913
8038
6024
10442
12948
9194
6513
12118
5594
5034
4967
5940
7625
745
10962
1599
9844
15941
9676
6942
5523
4440
9001
7982
10469
10920
15468
12770
3773
13387
7621
2516
2791
6628
8421
645
10507
9619
11832
1352
13796
1438
3516
9177
12461
14925
11306
2663
15779
11149
13358
9623
438
14173
7081
7696
11031
7232
16083
1303
505
1020
11258
12417
12090
3162
2656
8173
7946
4330
1617
3091
12990
13754
12013
15484
3094
11005
2588
15691
11121
8352
11299
7768
845
13401
11728
13841
10619
3974
11534
10182
4364
4486
12454
14701
9839
2128
1931
7258
3508
6813
15964
631
4259
10005
12908
13930
1604
8263
4368
15628
14825
12968
6521
15696
9249
6228
2155
548
2760
12053
3114
7814
11532
14747
1185
8542
11882
1273
5451
14442
8687
703
11747
15102
7276
9644
8655
15712
6388
11122
1076
15837
3919
14871
909
3302
14279
2297
11225
9441
7750
9788
14327
671
7736
2182
685
12573
12604
8894
1103
9894
1927
1776
10968
8740
12862
7549
5270
3466
322
12741
6156
16153
15266
7876
8136
11403
1106
16159
7616
15564
11710
1248
14780
9187
1745
6300
1195
7189
4670
7818
5778
3193
12918
7342
9328
7469
7519
10757
3970
11042
398
3525
4718
2385
7235
5762
15533
4890
9477
8532
10207
79
13224
12560
15245
7533
6753
13275
12211
2726
16030
988
1207
8705
12808
15279
11837
9890
8463
8232
9530
5739
2631
5414
5712
5172
8683
4170
13544
15353
1230
9783
1122
4924
7826
9011
12910
15405
8093
13623
763
12586
9519
4662
2861
10655
4483
11314
10314
15150
8407
2843
4304
11928
10696
9850
8342
4046
10581
8786
7462
10735
10021
719
13182
13042
1286
16175
1541
6989
7326
15936
13476
5088
4640
10281
1640
13561
9359
3235
6852
3761
15942
13400
15626
9775
9093
15280
14126
12064
14924
11296
4722
1914
8253
7227
10185
4387
6869
11799
11585
11609
9387
11614
9378
8133
9731
5556
7973
13644
6406
7494
3489
2792
9736
16003
4523
14334
8547
7074
5503
8045
10432
10385
4539
11852
4568
5612
7176
14404
9971
4490
13600
13992
4609
4485
8326
9076
5273
12636
6125
14140
1239
5698
9091
10712
14155
12408
4940
4343
15693
1791
1994
7771
14555
560
13753
8982
14796
6880
12772
10697
11908
10907
830
1322
10157
9392
9573
3076
5892
14735
3189
8856
15492
1444
14946
5282
4277
1797
4734
5714
1773
10464
1692
8197
5741
4932
14251
15998
11559
2353
2501
10458
4019
2387
2133
2051
6146
6792
2676
7135
730
6444
15504
12921
3422
5542
1460
8900
12956
11574
1186
13189
11448
10408
12793
7617
4792
3085
14488
7645
852
13267
4204
13188
10284
15961
15190
10392
12945
8795
12809
14741
3786
3603
8148
5998
12039
15845
14654
6839
1512
9347
15158
11489
8241
540
9845
4793
6742
582
9162
15644
10295
14084
1222
3210
7070
1697
7914
15669
15582
16043
3711
226
8470
13731
4981
9643
16257
9399
10119
8155
7719
4958
10788
8235
3946
12323
13554
64
10567
13222
15341
12767
14801
11222
5827
3255
3820
12712
3088
13655
4509
3738
6052
13780
7497
11553
13733
3715
15385
15716
3100
3497
9155
12906
10263
4477
10908
7641
4013
7748
7496
14776
5758
14506
10297
14557
7388
857
13007
4543
14891
2547
4687
4748
8637
13112
6468
7247
14318
4959
13976
2076
5562
14785
4454
5975
15464
3203
659
9253
12020
10949
4351
16320
923
2892
2223
2251
3126
12464
8166
5737
12672
14459
6947
1391
11088
14590
7271
16004
10132
15572
13873
12450
6643
8525
3655
15247
15512
14504
5623
13041
14985
11927
9312
8089
16265
14407
14060
16026
7745
11896
11746
12535
14966
3602
13232
11991
4545
6013
2447
10530
10543
3983
4253
15249
4797
654
7883
12654
12382
2506
3293
3616
7398
11518
9224
14368
12167
11983
918
9412
13944
15826
2262
13074
6186
14926
10629
2312
14183
2677
5069
35
13795
8116
11873
14845
1955
15288
3909
3296
629
13086
15398
9100
7658
9873
7487
9579
8820
9717
13447
5649
15093
6697
13131
13453
11077
10553
2236
7762
13317
13279
1929
10453
1545
10077
6665
11519
11047
3519
13201
9040
9601
13128
3879
11661
3852
11390
12815
9704
15453
7033
12750
5206
10089
2509
209
5412
2409
10123
14269
11298
2110
8821
14865
5822
2455
12035
3798
11737
7841
2231
11752
14263
11060
15969
4470
4309
7603
10333
14319
15240
11624
5476
5226
5636
15534
13219
1014
3592
7418
839
1991
11699
6746
7217
3792
13547
12679
6797
5440
13908
8240
11418
2725
5826
13925
5129
7677
11890
10866
8234
11432
8766
2829
3164
1080
1567
3249
5732
9554
162
10307
933
8495
7776
14081
6108
949
5435
13158
2307
14097
3966
5896
1367
12375
10283
4178
14615
11281
9147
5522
15615
8175
12037
8290
6688
7679
1710
2821
5463
6397
9483
622
15823
2129
7192
7314
1480
12049
12632
14610
7523
7341
12721
10266
1321
8269
1949
14606
7569
10159
1365
1037
7433
12269
13885
14292
13021
3244
242
1752
1971
13521
12416
12936
4158
13579
5123
13940
7875
303
738
13659
14049
3668
13440
68
5353
1042
530
13716
15550
16327
5613
13663
10852
7441
14949
6622
13337
15952
1081
1866
5336
13288
6247
3361
4172
11586
14066
14200
10287
3858
9600
14754
10237
5654
8062
3961
8984
13512
5368
2605
3647
4598
8559
3367
5354
7352
15523
5656
8504
10367
13045
105
13293
9119
11982
344
15193
9420
1744
6829
9018
4100
15277
10745
12224
2510
755
12909
14518
151
12574
16132
12518
2721
9097
4918
12655
11400
9475
11386
15940
977
10186
7138
7932
11190
9116
12631
2907
9344
1835
1255
4450
3575
10393
15436
4898
15347
10476
263
15319
13324
511
15155
3041
14030
3904
15273
3246
2621
5937
8715
15919
11907
10969
3197
8970
12667
12021
12338
2305
5761
3198
12735
3408
6598
10883
9669
16118
14998
3760
9964
12120
10257
8323
4436
14726
8799
6849
3223
13815
2632
2214
9410
214
404
7092
6956
13501
1633
10747
13788
11631
13773
1499
14282
11526
9281
5788
716
12255
3267
2144
14454
10232
14087
12364
15080
5381
10516
8139
8909
11937
7354
13764
6620
14353
15633
9772
2058
14562
15223
14849
3720
9306
13333
13427
8565
8533
5535
4473
5307
11897
2890
16081
4861
2046
16207
285
11133
10040
12047
5901
16051
3213
16099
9826
14861
14646
3311
10919
8956
2302
10771
12018
14967
15145
8617
12692
9682
5058
15559
10351
657
4407
6806
15268
13336
6745
2517
6375
14621
9651
14584
14295
9111
10362
424
294
2654
13495
4018
11316
3181
8876
1211
5492
4669
14301
8503
12849
8891
9415
4031
11262
8950
8870
535
9870
8179
12511
3426
13291
3700
10687
8791
32
2154
7030
9245
432
4280
6872
15374
584
15415
7181
2462
13514
3152
6854
10889
14915
100
7044
4424
10399
2575
695
3810
13949
4082
2633
6111
5220
15588
3572
4237
3824
8011
10504
7993
9880
10665
182
3119
3266
2634
11398
13737
1038
1597
6213
7113
10744
13985
3403
8931
1668
4744
6723
6744
10537
9774
9404
15369
11018
7796
9656
766
6385
4638
2430
8969
11265
6155
6817
7173
8793
10683
14062
12330
10043
10758
1681
6954
3607
15898
819
14088
12966
9948
6037
9541
5171
5540
11300
10977
8497
2669
15229
10440
3926
525
8596
10559
9455
9012
6997
14631
13604
11285
11887
6211
14388
8357
15123
13642
8226
7029
13413
824
13844
14291
7892
10824
937
10115
796
8964
2551
2610
14648
4960
3686
7474
1292
8724
14041
11472
15378
7331
9036
11648
10690
13690
9299
7728
725
16334
9735
1767
2598
3271
3618
11604
12538
12711
11329
11096
4845
14534
15338
15491
2778
9188
4166
2543
6427
4886
6621
12999
1999
5086
12095
14476
7012
6085
3050
1978
7790
7432
11911
2490
4679
1756
8158
13810
14025
12864
15396
13407
1059
7660
1007
14415
3718
4202
15641
488
14650
12335
3997
7619
9414
12310
12259
1965
16374
1200
11321
3130
14108
8228
14571
14500
11709
2014
1841
3035
3906
9996
9084
8944
16187
11847
8551
13196
14931
12827
13229
9356
15407
12374
13537
4139
3652
6639
4520
14220
10798
3812
6586
9610
8921
14515
12263
6080
4463
2750
8457
15753
6296
8268
7185
15694
12947
8664
3843
9633
358
14384
5945
13749
12394
13345
15496
15416
872
15442
1173
7368
803
4460
10016
8380
5097
9935
16283
6941
1110
13491
6506
10715
12854
12957
7106
5864
3352
1587
8584
4153
4711
4061
9296
12592
6316
15141
9755
4561
2841
2492
10063
14362
11668
10895
4162
2468
1579
3435
14856
1152
3979
11580
8674
5692
2702
9365
2380
6972
98
9451
4367
903
9026
7817
15386
2609
15762
2107
10033
16164
15125
14472
13784
16346
12463
658
2986
11912
4914
6390
14249
2857
4317
13775
14136
5780
8985
8172
10720
3216
9014
7859
6544
11569
5970
3639
12986
3391
13318
12152
4431
2885
9173
10868
9591
12055
6925
10806
4720
11292
5721
1968
8194
29
13087
11543
15166
2060
5031
7260
13971
317
466
2323
4294
9958
14214
12665
3957
6460
33
7512
4281
8960
10706
7611
10349
7131
1813
3086
2452
13377
8017
9645
6187
12353
12626
12266
14601
3105
15996
3558
996
12319
7295
4980
6612
320
7576
2774
15208
6870
1701
13151
12869
8554
515
10648
12953
2764
1730
1104
4728
15710
421
4876
10561
3791
8330
15213
49
6982
7850
15719
4900
3096
6249
12138
9653
5787
8211
3833
9128
13484
15763
14907
3304
6400
1078
6951
14982
10992
8586
3830
10310
14585
2498
7701
3128
3459
13872
7663
7340
12693
3856
10165
13637
422
3174
3066
6974
14508
3288
2063
2162
7571
1947
2441
14914
10500
14104
15618
1066
9052
4884
11057
8976
1344
14855
6532
4359
8474
11954
5800
2607
11667
11333
433
13747
15907
2818
1732
11179
14061
1440
4255
3729
9437
5669
8061
2837
14964
16284
2935
1243
4154
15619
7253
12540
16177
1958
10972
8576
6511
3877
834
9144
14418
2520
4782
9757
9866
9817
6602
10171
127
9893
13173
1032
3033
10335
7903
8059
14789
7301
8433
14547
14697
1611
2362
15539
8662
1551
8102
7386
9442
3566
13441
10008
13526
7921
13911
356
10584
15963
3122
12434
4963
16136
1663
14325
8440
11701
13541
14660
8257
8609
9501
11672
3748
12527
6668
6103
3374
13057
12635
10124
5622
5610
6788
10175
2478
12818
12707
3448
13958
5399
15184
2035
2973
649
4929
4088
6274
14005
3191
4619
4966
10750
6481
7978
6433
1578
7318
14247
11157
10505
1591
7632
334
957
9106
3131
15770
3597
4076
16261
6079
10740
10031
11278
3412
2008
372
11788
13261
13344
14839
3337
5701
6819
9984
5161
3182
12215
7051
7319
5288
1083
4977
13744
486
7097
4291
11969
15565
1035
13011
8602
14122
13791
8775
1839
8808
564
1669
5300
514
4251
6795
9214
9624
15195
16238
8726
4174
4750
1520
4275
4816
2118
30
279
2015
14759
9126
4941
4022
3071
15413
1998
12758
1026
1969
10784
6317
14935
12260
13901
6508
7968
955
5304
10239
8776
4480
5191
7517
2951
11108
1846
4606
7649
12637
4521
1378
6266
8774
5007
6279
10242
11029
84
2751
7156
6581
11383
360
1807
9773
206
10600
6136
12474
14531
8833
11322
16358
1625
6755
1043
7901
9444
9713
7996
2661
11835
6303
2630
16100
13932
14077
1810
7585
10964
15893
2456
1593
14186
4501
15106
7158
11097
10672
3263
15201
7532
8866
9474
2023
3635
1475
16084
12902
13181
6525
3787
437
9456
2658
12105
12837
6548
12564
14740
10150
11172
3299
2032
10074
8145
8500
7963
6965
14821
6656
11338
11421
15701
9134
8545
1356
5075
2966
1170
13656
11486
7703
14885
7475
11597
11658
12810
11833
901
3049
1132
13852
2244
3746
10872
4373
2629
13741
3853
13464
14715
11986
1399
11804
1484
8336
14293
10254
14527
4290
2932
5190
1582
6558
12230
13987
5027
3348
7708
5707
3500
108
5038
14652
10488
9574
14678
13070
11136
3793
4954
1320
12568
1855
3631
1201
15529
15597
9781
5472
2777
15004
10575
2968
15743
10527
7175
14212
804
15607
1627
426
14667
7906
15886
7454
6791
201
768
1865
8289
12650
810
11800
13282
5213
14824
378
4355
4392
14434
6578
9976
8079
1557
7370
2787
137
16126
5293
15525
8625
1539
11673
11845
16066
12485
4039
8181
1338
11349
11809
11127
14042
6491
2123
5224
14919
12443
8800
12796
10737
3580
15134
1326
12872
7927
3530
24
7502
10210
10098
7873
15204
13130
672
5403
3944
4413
1413
36
11444
7567
11183
15192
10861
8657
10653
134
1433
15224
5347
11732
10652
13429
7650
2529
15613
4091
1826
5688
4053
7256
7918
7761
10308
16310
9525
6333
7243
12134
5115
4579
13118
16145
15751
4119
4618
3903
8378
1908
2518
6012
6451
6955
11302
351
10452
6140
14705
4084
7461
11693
10439
10700
16306
7150
9798
2169
4562
2716
11905
1771
10905
11334
1956
8164
9888
6394
69
15181
15509
8464
2483
12903
13072
11715
4506
2541
776
15207
1721
1218
7672
11120
12889
8191
5379
2191
7580
13643
10860
1167
11678
14225
16205
15351
2685
6041
4518
15499
12819
14591
5959
11384
6356
12678
5559
7984
3550
14514
6980
14026
15804
9908
10574
6454
15498
1278
14911
8278
11248
13289
13411
1397
4169
1306
9433
10863
6943
4704
1053
370
15426
5747
7336
12593
1277
11318
2997
921
2714
4945
4050
10220
1901
15917
5431
13652
14570
15333
4036
1478
10332
1871
14666
16183
13290
15221
3796
448
13053
11943
3778
11331
1004
7400
4319
6635
10212
5750
3666
14507
11435
12686
6848
3009
7225
4535
11178
2012
7802
12304
14437
11143
12993
7160
10410
6710
300
11941
57
9307
12613
9638
8295
2292
7329
8435
892
1777
1677
8451
6588
2572
3345
5482
12005
2495
16148
14519
6928
9746
14690
3101
1673
14869
449
3988
2748
10096
12531
4479
14372
11712
11674
6403
15494
13154
7664
16218
3563
15777
15234
15697
5495
3621
5528
1546
1113
6373
12773
15548
4678
9719
3467
14148
6360
5369
4671
1558
14011
4716
14971
11328
3522
14904
781
14827
11420
9698
8185
6921
1670
14831
10557
12607
6785
3384
7505
12322
6320
13389
9276
13051
13463
14709
1682
15943
12719
1746
5475
12404
12589
5633
8134
13783
5557
16371
13472
10590
2953
11427
15439
10850
8284
14145
3207
10081
10531
8685
4150
9943
9216
12030
8868
15360
11387
8603
3556
10138
3678
1304
5433
10547
642
1718
13354
5214
1796
11015
7111
11368
2114
4676
10710
11891
5652
13335
5092
16377
8221
5846
3327
12001
9722
10174
586
10272
14746
3671
9302
5512
14859
6543
5422
6065
15334
9219
13786
9440
4957
15934
3485
11416
10859
1379
965
133
1618
6715
4093
15282
9779
3565
2410
4052
2322
13024
6143
13551
8319
11629
5777
5601
16185
1126
713
11369
6807
5841
15085
5579
6072
342
4481
2579
12855
7581
10562
1424
12033
1115
11124
9369
13326
12177
10179
1970
4877
9527
1191
14191
15983
14812
9778
15876
1817
14952
8475
13685
11842
10649
1543
14846
14286
9129
15926
2371
5159
11864
9082
1049
9782
4185
3461
7863
13183
14234
7636
11784
11247
11644
14864
6825
16342
9967
15054
4707
11588
9350
3654
1889
5807
5631
9973
9523
14541
402
7648
12491
11899
5885
7958
4365
2256
11978
8402
2536
15146
9686
1624
8755
10596
5303
12951
2281
11793
8411
10368
4326
2877
13829
6499
7740
12317
2550
8304
211
11056
8738
12270
4847
8111
16022
10156
2703
14059
8049
2472
897
869
11695
7980
840
2653
15745
11777
8428
13210
1775
13627
4594
8246
847
427
4769
1974
9211
3172
7226
12400
10871
12590
7900
14057
503
2514
11201
7452
8764
12307
16256
4828
10013
7673
10269
3065
13576
1562
3675
12798
11977
15889
11539
4732
4109
15148
3007
15414
8606
8499
13340
11758
11335
15985
15486
6417
5836
14862
2247
15549
3540
3544
5641
9354
4887
14913
8753
9450
2314
5210
14157
12179
1703
3439
9189
7038
652
12147
10078
7808
10873
11643
8842
5980
8292
3623
11557
15165
10113
2376
1497
8658
3752
6855
14190
14635
6478
6820
3080
2539
3895
15255
3482
15682
11370
3209
9858
3201
9231
3061
3709
4915
13596
6861
4749
9926
7201
11853
13670
5973
14649
13159
1462
3309
10107
4826
4693
7110
11188
13939
13198
8853
15120
12163
1997
5731
4188
13662
1202
221
2040
3831
2347
12785
12213
14959
13774
4301
6191
4839
2606
6392
6699
8437
13292
31
12578
13661
14723
6957
11375
3333
4160
14147
15474
376
1288
2248
9426
15592
16063
5683
8607
6778
5515
158
13046
1696
11654
4017
5715
12488
4652
6437
15731
15995
12114
8023
1291
15631
1482
7722
2963
11315
1833
10112
12058
2210
5600
2172
10426
3929
12629
7760
723
11550
3382
2832
7292
6210
12097
8258
150
11791
7552
741
5138
13762
2484
10343
13570
7296
6021
2066
14417
5125
8396
5500
7628
15575
3139
11053
11089
8704
5786
12349
9790
15024
14892
13532
13134
4596
8401
871
6961
12314
6838
12288
15005
1761
13459
12863
13298
1799
5355
14773
9496
9237
3154
13802
9934
14313
6877
11107
10441
11059
13739
4282
11043
2013
15567
4624
10163
11463
5415
12929
3027
14235
10586
10398
2613
7837
12944
3717
14656
11084
6023
13705
1422
12000
2577
9033
16255
4283
8849
9832
6731
5606
12484
8998
8431
1788
4285
9508
3692
12561
14810
1226
11337
5615
6202
10766
10569
12643
8632
10447
995
4396
12783
16143
15444
7037
797
3908
1613
2062
9647
5456
12920
5653
12799
13126
10587
331
8947
4696
15788
11993
4591
135
4409
15580
16147
8183
14109
14677
2850
7369
13602
15299
452
9570
6180
7459
15243
15289
9331
5140
5244
3074
1250
10855
6441
13978
6905
346
12004
893
922
11495
13874
4885
3622
8591
15802
15022
126
10742
4249
10092
13603
4758
12991
14223
8149
16076
15503
15359
8137
11689
11374
10088
14338
619
5943
13379
7066
5079
15059
7159
13751
12019
2232
3259
8441
4489
1400
7550
7464
10515
12132
478
7197
4037
8078
16290
4946
11066
3887
14795
10050
8459
11045
569
5342
6988
2418
7420
4713
1269
1411
3638
6327
904
1547
4492
7312
13553
9862
12248
8507
2766
13228
1779
2253
172
1566
5049
5064
2915
2694
6702
16197
8779
578
7259
9225
12320
15248
8879
10741
6450
6256
5134
10828
7492
6960
3751
2036
6591
3149
22
2706
2511
2373
3735
10312
7228
5499
2638
11366
12042
6401
9983
9035
4252
6344
10227
12963
9569
4570
11500
13047
15231
9337
7238
8846
8358
13959
8878
8889
9042
9241
11357
10598
8382
13234
14561
16178
2017
15209
15811
8699
14397
12343
8759
13125
8845
14242
7054
15772
12347
13034
14934
5166
10125
10705
5790
153
5991
9175
12797
8259
13653
143
14724
2209
12942
10076
8803
1987
9269
1686
15061
821
10818
10525
13122
6718
11565
4014
592
9143
930
14356
2738
13926
7530
15500
13698
5847
3501
4987
15589
8217
816
11319
15862
99
3547
10357
8517
972
545
8296
14941
4307
5648
6587
10480
1900
12296
11816
11034
7164
7629
7045
12606
4089
5420
3110
1487
15817
7215
2789
5302
4211
13319
11924
9803
14702
14498
8531
5301
4777
16350
9824
1748
8010
8939
9985
12192
2366
11255
7281
2039
480
3996
7937
2125
3190
14465
15014
12546
16011
611
3902
8364
8805
5014
10545
15406
5163
14880
12824
1704
11904
3875
10971
6367
9740
14429
6044
3927
15754
14267
6894
16339
12961
13614
7575
8199
1372
5173
2400
7473
6683
13542
13376
9912
9029
12907
6516
7481
8992
1530
12529
13114
3355
16176
5947
13877
5126
2337
222
14092
1790
1918
16049
3595
8979
15678
11759
4735
4224
15570
6138
2165
790
15446
7608
12771
2487
190
10541
10538
15043
