13865
13042
12286
15646
13503
809
9161
2372
13352
1733
4019
16332
3406
12272
1465
9912
16037
11455
14499
12393
7437
13691
2989
2475
15594
9171
13157
9217
6832
3563
15805
11458
5892
10879
4385
393
16044
16368
14971
10583
4201
7939
15592
11107
9243
3867
10951
15833
16074
9463
13920
4541
11100
13247
4786
5779
7881
15178
5928
10055
1144
10018
2436
14843
6028
9163
11321
6583
8493
15502
9395
10340
12203
10016
111
6876
12113
4507
5469
7769
7751
6521
13017
15013
13308
7096
273
5722
11017
12483
6051
7339
10296
15935
11102
2995
512
4120
9633
3294
11547
1036
11285
7246
11140
2693
6065
14155
8193
15695
5222
14458
4847
14485
9084
13132
11705
5563
13169
15136
9875
11637
11005
15541
11734
15524
9474
2394
6505
11266
12357
7213
13902
13075
10343
13162
2587
15840
6676
12704
8732
15076
234
14229
4092
10672
7026
2957
13506
1227
4593
10718
14445
14878
3606
2298
9637
13707
14130
8136
9710
7878
15718
5829
7897
11232
12373
12884
13450
12975
8423
233
1174
12558
12256
2181
750
3123
7843
13091
15958
9696
11089
9771
7272
1016
3463
4589
858
14064
6122
6311
7513
5987
11430
6196
10111
9054
13108
830
9215
15191
12044
16238
2364
13576
14936
15494
12376
2116
8489
1620
2097
5851
4605
4903
1216
11144
4901
4024
10249
13537
5293
2093
10132
7093
9196
4018
506
14020
3187
5509
9510
15184
12725
1757
2714
6516
7424
13475
3958
11820
4038
8016
3155
9420
2673
4788
225
15706
11707
4621
6037
13072
5742
10326
15781
15061
5812
7468
13134
7875
14868
8132
4837
6834
5308
5954
12236
12222
15714
4168
13399
5466
7885
6066
11146
7708
8755
13363
11882
15925
16284
10189
8246
8472
15974
6420
13217
6619
441
8570
14059
11016
9138
2144
9136
1146
439
8498
14893
7100
3070
10769
2133
708
8048
8126
13696
15882
6296
2465
8038
15675
15779
16136
9468
10048
3965
2818
16377
8911
7972
4863
6502
2153
4180
15627
13385
3140
3736
239
16184
6383
12816
2162
10164
4326
3244
9677
10984
15924
15318
7990
5224
8315
7251
4652
11223
3196
4090
6959
5366
12380
12034
12197
13198
5616
15000
12247
3921
13034
2004
15434
2294
8561
10501
3229
152
13182
1868
15655
10512
13386
9917
12915
15402
1623
6674
8210
4579
13243
168
14888
11171
4704
3102
10878
3317
15307
5612
8267
5256
14881
14004
451
2075
7619
14722
3263
15539
216
11591
13810
13263
14227
14112
5934
12042
10110
937
565
11771
5820
815
7618
7290
12026
9231
1516
16122
12771
11167
2127
15300
8329
3471
9482
8752
13196
7285
11277
6903
9845
3235
9269
7136
4761
14507
13033
3789
1161
10623
6824
538
15066
15671
440
13012
8840
3316
4245
1055
6994
6791
1127
6934
14450
5746
6204
13984
1010
13881
7457
11766
16188
3411
10327
16141
11030
15337
5700
8239
148
11870
4195
83
610
4937
8624
11459
2182
4231
10517
616
6594
12208
13900
5776
13315
8351
9551
11383
1303
13601
13170
7767
1039
14234
14926
7971
6076
10668
12847
13678
7911
9644
4969
12615
15742
5266
11690
384
4337
5172
8223
2976
9011
6067
13240
6669
3091
7976
14627
7381
1299
9440
6445
4742
7199
1915
1086
12778
5093
15352
426
3228
5203
5750
10146
7025
15011
11712
11249
11416
13318
1414
12994
2571
7635
6331
13946
14599
12891
8944
2813
12842
7717
12745
5080
12349
9899
15309
15719
7511
8916
8124
6292
8856
14379
4829
1689
2280
2762
14278
14263
157
14444
4789
7143
13447
11614
6134
8076
8666
11022
9487
5355
14716
4417
1239
10313
8237
8591
13850
14296
10968
11
10812
13874
14040
634
14286
2889
15257
9671
13324
3745
11381
12410
1787
15807
6378
13806
8279
4358
8307
2411
1822
149
3884
6157
13778
16198
1944
3125
9631
11275
1021
11593
13539
1784
1572
12008
3163
6562
7888
9367
13642
1473
2750
14618
3760
11564
11609
13969
13989
5688
11837
10172
3289
5718
6830
5878
115
3950
14330
15684
12864
10842
13164
11935
9224
9876
10003
3097
13445
4760
8129
14152
2826
2089
7116
10350
3038
13756
2487
1833
1524
1002
4429
363
14204
14188
6199
5991
11760
8081
6847
14206
9560
10849
16370
16137
3753
10542
4782
5258
335
6630
6365
9245
2629
6717
2584
3750
15720
555
2024
11681
12812
9100
13041
7750
4625
16286
2751
4519
13046
3443
12865
7953
8843
15954
5772
9218
3137
14317
1362
12403
1531
7840
14602
370
2257
15052
2007
8996
6764
15134
5398
7154
8514
7583
1896
14827
10791
8616
15405
2404
9945
2797
6235
7051
5971
450
16272
2125
7157
12231
698
7382
13530
8626
3730
15976
1300
8506
4291
13608
8104
13131
14153
3212
9692
2867
13285
12411
12220
13817
11531
13175
12466
11414
11203
15491
15264
6307
15102
7775
4976
413
4398
3530
2384
7159
9821
184
478
612
4475
6529
15002
14514
5792
5580
6628
11765
7715
5199
5822
4269
8283
11108
8190
9216
372
7847
14146
2983
6441
9208
15776
11663
16152
972
31
3776
10262
13522
10139
615
6744
13236
12433
15145
13663
8211
6565
10965
7703
11137
16234
11303
14475
5771
4372
9822
385
9276
10887
12561
11873
5976
7649
12347
14539
10242
9358
10695
7738
14462
5978
6570
7313
4421
4186
15272
5481
12641
13468
14255
8150
560
5803
9909
380
11106
7048
1704
8593
7428
70
11986
15466
1392
10011
13981
6050
8231
12861
9155
8860
14426
9205
1112
10861
6882
15637
6816
9415
377
5664
10022
2803
5495
10298
10481
5368
15905
15736
7556
818
15175
7912
13111
10971
12134
2054
12170
9413
8013
2416
13659
6280
3839
3105
14586
8375
9801
14945
13449
15766
4958
10687
1986
11012
4406
3684
15744
4277
3564
12966
11477
1502
3172
13745
14331
4577
4560
14352
15650
10625
4889
10696
15290
2903
42
2359
8837
4063
13067
13658
6895
14941
11816
3144
12690
4531
9119
4869
14543
10162
14572
4502
8897
4604
7343
14560
12743
9490
5196
8610
11960
7023
12060
2852
6567
3495
5963
13038
9251
4061
8629
564
8021
12621
5729
11290
8703
3165
3796
2592
604
11542
13118
14057
1037
2596
5697
5189
16186
2456
4097
669
420
9298
2063
9588
11750
5191
14394
7859
9913
12506
8547
7839
6308
127
9293
3338
11454
1651
8244
8548
16300
12464
15423
11156
6004
7444
1950
13023
7127
11974
3255
13717
8661
12824
14623
6534
14813
8077
10441
14841
6862
15532
11677
8670
15555
181
3621
1067
12643
14744
614
11634
1091
4542
2991
1491
5036
6860
11355
1541
8206
15464
1569
15988
8502
106
7210
12950
11924
10336
7040
15782
11067
1057
4963
15548
5046
3247
10072
11056
13396
14469
12317
15648
7800
11369
3536
4562
2699
11538
6471
10502
1652
2261
13300
5796
256
6249
13491
8901
3325
2514
4818
15169
4712
6867
5683
9337
15630
1268
8879
5704
10757
6032
13377
8434
4529
2173
762
486
9096
10411
10329
9856
3653
11841
1106
2687
2112
13961
3162
5924
2188
3189
12254
15131
14712
10926
10723
5781
3509
5278
12112
9409
7730
7368
12219
2539
7192
4059
11770
6022
7794
4332
8592
4295
3248
9765
122
7754
14815
412
11265
2819
9620
40
6177
10051
12451
4208
1264
16142
14738
7937
3074
11814
9795
14757
3395
3540
3640
10324
11045
15171
13757
5406
7590
9427
2769
7086
13340
9158
8370
12012
13507
2849
14049
8455
14209
5933
8886
9807
342
4684
8674
15265
13115
2814
8527
7987
1005
14294
1158
535
12043
6218
9348
12541
987
8009
15129
4275
6535
4466
6259
3878
14051
2464
12287
5267
6543
9108
9223
1390
8318
4656
1967
15773
15553
14292
13854
16293
3067
171
14082
884
10104
6079
9706
1312
7796
13667
2965
14797
3296
8316
9213
3002
819
10816
6992
16260
10272
9626
4719
5605
5285
14500
14799
3855
9007
13248
9674
13921
9634
16323
231
11602
10515
5125
9802
6346
2271
15051
8397
4619
7416
7677
15727
15062
12873
9017
12053
7571
925
11105
5952
8288
1730
6641
13136
9557
1081
6191
4465
516
14900
14026
7712
147
5635
9882
801
4832
13019
14274
16053
29
8571
4135
12635
9786
6710
4206
112
4815
15649
6719
2159
15387
11330
11329
14767
15995
7245
11874
9612
7392
1888
186
8730
520
1957
7737
15305
12173
3603
9405
13803
2201
10904
13289
5567
16231
11682
4791
14088
14192
3885
9040
12780
10958
6242
13206
12571
86
16255
6063
3537
5825
407
4936
7917
1952
12133
1351
14745
5025
5587
10279
2319
4933
15045
7539
10627
7662
1550
5528
303
14281
15600
10551
421
8407
15774
10221
15377
2488
9225
10543
9336
13154
9417
7908
5050
302
9009
3243
7954
1222
2031
10841
4
15815
14122
14660
6878
8865
7817
11834
13519
6056
13765
13261
14341
9379
14351
9843
10467
13343
12857
16310
14349
12188
14353
11733
15579
3881
12902
16147
6084
11493
4536
11592
7322
4017
7822
6148
1485
14723
3810
5424
14633
10144
15835
9793
3422
983
8647
14753
13413
11656
2255
192
4302
10813
12395
8197
1979
5946
14035
1565
2796
5689
9478
8151
661
12146
7520
9190
5707
11278
4154
7011
3008
5364
3446
13486
3824
5585
6850
14447
408
15291
16258
1119
80
12419
7821
15316
6364
13176
8025
1968
5377
9442
4247
99
1213
6685
7925
7373
10130
13277
2434
6950
8534
4967
14358
16086
4416
4085
7109
15203
7020
3722
12521
5346
1763
5935
8377
15699
6430
92
14776
9858
11782
7043
13589
10476
8507
653
7318
12196
4006
15934
6735
13922
11231
8814
7555
2804
4721
6989
10314
11648
7032
14875
15155
8874
2893
2982
15343
1276
16015
6894
482
1840
12151
10865
1579
982
13796
14242
11512
2650
11497
6602
5106
9542
9160
10748
3641
2421
6172
12662
14150
8864
15685
11353
4095
8430
2381
13716
12627
10294
5534
991
10900
13242
10677
879
12907
14620
10034
5205
11769
5130
6407
7510
11020
1194
6793
68
14657
9589
6343
13919
1367
13751
270
9639
7920
9237
10197
9279
10614
242
8872
8468
21
11193
8520
15287
15372
13839
16314
11778
16049
285
9356
11163
12985
9147
4161
785
8832
8039
5953
12926
13299
9846
6656
14207
8566
7779
15902
5485
8763
9586
12586
12195
8964
5352
1064
1320
7190
3046
341
9624
2206
7586
3568
13262
9848
1015
14249
7396
13836
1071
2469
6618
16290
2009
2006
11443
14431
15336
1542
12372
15953
3033
11342
293
7631
9220
16279
9745
8909
13160
8929
7907
7501
12049
1919
7065
276
3474
9102
5598
15088
3132
14157
9246
5760
6161
14559
8292
2051
3161
5681
6465
2251
11966
13991
10607
7965
8290
5754
3089
15060
12514
4352
2828
12416
9022
15041
2471
3516
17
5517
13986
4289
8705
13316
14822
2289
12719
3858
14068
11075
213
8112
12742
15888
5471
3334
9262
1755
13052
3139
6294
1470
13022
5798
15167
8581
16164
2555
10986
12986
14100
6187
2816
1548
7
15188
16002
12752
12952
15615
4056
12277
13079
9414
15576
9292
3931
14534
2244
10724
15964
4134
8219
9146
1785
14149
13460
13748
272
11601
16111
13043
1869
2864
12045
15425
13967
933
5072
1852
10736
8795
5232
581
13660
12391
7582
13344
3291
2328
15149
7943
11851
294
828
6523
6946
7336
11557
10650
7494
10394
9675
3311
4069
1843
9573
5465
2126
6688
4479
16000
13693
14775
1911
2100
7389
15486
344
4261
10413
927
1118
617
2312
14901
6406
15956
1646
15476
16104
14628
902
3099
9004
9434
2723
9854
14616
4412
7842
5748
14545
10318
16135
9365
4762
7985
9186
14221
13394
15269
7773
15289
15618
11529
7161
9618
5910
11910
10001
12261
14750
359
3054
10814
9767
13114
11465
12646
8424
5182
8575
3130
3992
4407
4612
3699
6879
8595
6160
13542
12477
9461
5431
3359
8604
8199
9744
6139
13674
10710
10311
7009
15996
7205
15687
10776
6418
15945
4009
4432
14400
4822
3870
8051
10921
10091
9911
4682
1918
15647
12765
8358
2311
12928
9832
7729
8086
2847
12378
8842
3899
2315
5672
8949
13940
12032
9
15738
10012
6279
14624
11501
7422
4259
12486
13643
14110
13121
6258
13735
1310
12033
6990
3355
8262
2217
13840
12389
3775
1982
10232
46
1617
15312
3138
357
12522
533
6070
13222
6369
15209
12243
2894
8226
7104
11839
10165
14116
11337
8769
3227
3361
7458
5494
7145
4624
7463
1346
15005
12481
9435
15848
11583
13323
4491
2012
15681
9483
14187
14203
10241
11672
9921
1654
4950
3914
8205
9063
16168
10726
11565
1017
8967
5174
14460
15115
5958
11214
1259
4886
3379
15704
14911
3863
2561
11678
11366
12263
8667
5451
2438
15001
543
15529
5374
11433
2078
10807
6303
8796
14056
5867
3378
13331
4881
5682
10264
7296
4896
7655
14749
3085
9817
14800
2718
9937
8482
10456
12312
167
2523
7825
13466
2020
7473
5190
5415
2325
15118
9952
4453
8084
7863
1831
2069
7052
746
10376
10766
4246
4457
10491
4949
2197
3156
10461
13313
5859
699
5568
8557
3594
14593
731
4266
13647
5677
4286
10342
9495
11179
8299
7544
14489
8941
11260
9250
6024
9372
15589
15071
15602
5220
11006
3112
8818
2923
1632
2669
15872
12093
595
7125
11339
3198
3757
14683
16376
3136
15686
9142
2155
8893
4023
3219
5828
5888
10116
5032
11187
13767
8306
1557
7997
9191
9833
14576
13215
1972
4871
12970
12018
16367
6868
1306
5821
13195
9076
8438
8779
7695
2948
16165
16196
1532
4163
8846
3779
5756
11052
876
10935
13372
6873
8939
14682
862
424
10923
3195
1180
3207
6564
14710
3544
12381
12594
1892
7274
8390
16172
1384
8811
4481
1141
5865
8969
4540
15556
7993
7429
4106
15641
7517
3910
7442
2611
10260
16185
13440
6854
8134
11405
7110
3554
5490
13688
6666
9869
1284
7134
10820
14829
12903
2367
7509
10643
16251
7812
2450
9605
10909
12467
6224
8247
16112
1380
8665
12945
8986
12520
13649
6457
6367
8521
7837
9651
4039
3439
14120
396
10942
10663
8083
11558
14053
12251
5126
2580
8794
9204
3971
11116
3413
837
15507
6097
13071
3654
3483
11948
224
5148
7568
4744
10213
16308
13515
14694
6841
11812
8235
2805
4653
16263
761
12683
1993
4561
8906
12757
16345
9291
16281
14210
6790
8433
7280
15870
13988
14283
9934
6796
15516
8344
8289
6704
8
14464
9861
11050
3945
6747
5475
6005
630
629
3457
12235
783
15285
4041
5758
1235
15261
5964
13404
10983
12938
1645
9448
9306
14214
11216
13947
11886
358
15381
15843
13209
1722
14670
8467
3202
7721
5549
10676
13089
15913
3297
13518
11378
9925
13668
10885
2151
13360
5591
14202
8119
1551
15482
15235
15403
1498
5806
9104
964
6554
5175
1338
13381
2297
12624
9369
4857
7792
8183
11818
4569
2784
12606
6359
13465
13604
15746
3420
6006
721
13827
16321
5449
1318
5069
4999
10999
594
1224
12181
7930
12629
7113
5152
16058
1834
8208
713
13180
872
11112
5926
9425
150
6479
13855
4043
6109
6693
3086
8683
8075
11554
8926
2835
13432
15581
4083
2440
10167
4513
8930
5610
1211
9343
11651
14482
3703
6115
8736
7286
13165
12424
10024
5736
8503
8217
4091
1694
14577
13607
7320
7072
6088
13709
12691
9036
2494
2119
4256
4053
5447
10911
9134
11177
8066
10276
5065
7499
4160
9910
1990
11984
1009
3919
9680
11040
11901
7266
1905
10345
3952
14747
14857
13760
16140
13728
2631
5221
14061
4581
8102
3275
11296
5578
10053
10195
16163
8993
3199
2453
16379
3718
9751
2509
3286
4257
11716
12449
8259
9617
5413
2729
7212
1881
8511
13585
5396
6316
7408
985
5709
7873
8745
7236
6146
10513
6572
10763
5079
838
2603
5039
8056
9027
6733
7412
428
14095
13497
4776
12216
5379
11610
12640
15753
3017
12753
2537
13620
3333
1525
12603
3453
12699
8139
11363
12669
7200
7622
9018
1601
14231
6810
10
13477
1612
792
354
896
308
3973
10826
4984
2565
12813
9521
1839
3735
13252
8305
3178
8709
11128
7543
9839
1769
14047
8251
9082
10107
12115
10495
5092
4004
13296
10404
15315
7813
7269
14598
8682
5830
6355
15220
15239
277
1138
1508
2856
12080
6845
8144
9737
7111
4470
5131
1024
15330
15186
7402
4356
14967
5566
13306
3872
8976
7397
11451
8117
13615
9451
7834
14635
8285
9920
10936
9467
10741
9847
12886
9023
507
140
6272
4731
6186
3938
4210
15251
13047
519
2970
4402
8272
4185
5840
7621
10478
7451
5402
14830
2072
1991
12004
2389
675
14171
2150
10834
4395
13932
7782
12537
5119
2200
8298
73
14763
11125
12785
7508
11123
10089
11570
3283
3210
10227
10521
9559
4686
992
10068
10440
12749
626
2800
1443
1438
6542
16043
12365
14181
9742
4128
4629
4587
10142
13320
8744
7357
4582
6558
8685
5478
12777
16199
4732
2962
10898
10179
10046
13781
11688
622
8834
820
8899
4630
5276
13453
10765
6678
6758
10379
7383
4821
651
5347
834
5500
5390
4328
8428
6003
2931
1931
5701
6301
2928
6998
4361
9606
4735
1163
2659
14872
2838
2168
6433
232
8858
11945
7377
13474
8367
4278
4146
3738
989
2820
3955
2739
12423
840
2274
9211
15093
10310
7138
16069
13698
6977
10912
8803
5042
15903
16102
8614
382
12600
7645
10238
13020
4891
4325
10200
9991
8248
1298
7420
2860
124
4570
16240
10353
13029
8168
7944
3672
7951
2930
11422
521
11671
12855
9099
9024
15124
5154
353
13001
13214
14060
15475
2798
1273
12027
9362
4131
4893
10659
12075
9777
3214
4647
16017
7892
13733
3710
6592
5780
12363
8169
11641
11340
9798
16
4299
3412
4883
3179
11518
14369
7146
13490
12698
2175
15126
11931
5090
2447
7261
7550
15495
8101
13586
4505
13378
24
3064
15493
7739
1653
8179
15520
11845
13254
16027
5938
15879
14772
1672
912
9513
10432
7036
15938
14923
4060
9035
5210
7955
8971
4084
14486
2822
4745
9545
6476
2403
663
9775
11384
15373
5395
12190
5686
2706
11188
5845
9883
11824
8346
13499
11936
3101
5661
14548
766
15733
2966
15026
16161
3625
3351
14420
7611
2791
1940
15585
3662
5533
4533
6919
6727
4173
10126
12015
7503
13764
12810
5487
8668
11749
8572
5665
9954
5577
12573
13864
8027
4158
7177
13525
13003
15346
8588
15713
3605
5325
2980
333
8330
10253
12036
15168
12213
2836
11345
12473
12442
9932
9112
5225
14415
5905
8912
847
13851
3808
5044
14606
6607
7487
11804
12981
6853
4879
11793
4418
14516
11170
11161
12324
1497
6907
15578
2660
10050
3011
473
14603
5860
10941
4229
9355
3292
10176
11777
5259
4072
4812
1745
9748
10128
12549
11536
11989
11145
4107
200
10498
8018
7870
10873
13906
9149
13565
2747
9013
9812
6060
8046
1022
11755
11461
8600
1168
7689
2704
2647
15965
10077
15034
7633
4377
15633
14905
10554
873
14887
7080
8426
2977
15424
9584
3976
12397
14367
4648
14142
683
13266
2378
5425
14817
10033
1336
10821
7710
5010
2779
7226
14044
12593
3182
11526
1790
10686
4214
4285
4427
1519
5961
1597
1636
8451
13389
5110
4380
3615
3960
13937
10443
8630
15430
133
16108
7305
7337
7469
14423
16127
7022
2626
886
2892
6426
10655
6222
6726
14538
4309
11314
15144
7291
8830
5877
15765
9309
1110
1724
599
4584
13037
5786
14518
4998
14380
15376
8947
212
831
48
12450
7253
12575
11237
3655
3236
3240
583
1889
5863
3723
5919
10101
15760
4841
1341
13776
2809
15496
4227
10508
12638
13411
5911
6595
5714
3604
5601
11408
2160
6692
5765
5329
345
14446
13058
4016
4258
7164
12293
16295
9888
9723
11585
12025
1410
1189
2253
10208
4793
8720
14636
12191
14728
4823
2546
15278
11698
7744
7856
14983
13260
15339
12248
2391
4464
11826
6574
10781
9106
960
15572
10937
812
13541
13451
2193
9728
13536
10333
5981
11543
6295
1688
5448
109
332
14409
13531
453
15415
10955
14289
452
10100
15857
14041
12019
5988
15992
6071
10817
14522
10778
652
7460
10578
5030
15267
13524
11406
10947
7989
4355
7189
10406
4808
12754
10665
8277
6632
3841
3961
15874
2550
10247
11467
5059
1697
12290
9312
2210
2346
16250
859
11424
11308
11180
10559
12989
434
11887
2661
8093
16361
3095
10303
9326
2107
1479
9762
14676
15593
13831
3350
12792
13405
6277
6634
6662
3451
1740
3551
1325
2467
4482
3488
14402
9086
6408
9716
6806
3034
2303
12328
712
8177
9150
846
9281
9657
6659
12241
8006
6438
8922
15358
6683
13153
7535
11209
12145
7849
7334
1571
6661
173
11469
7050
14268
11693
12267
3567
15842
7426
10058
4986
12694
11732
13873
8320
2622
10438
1453
7073
6262
12937
12958
12829
14133
1493
5335
15910
4795
14502
13807
15865
11764
11720
4044
3353
11660
6778
10690
2938
1256
7753
2842
7229
7076
13633
13860
14131
1353
12562
5245
1206
13652
13562
15551
906
3252
15111
12337
4996
11492
13365
7762
9893
7579
14828
10451
2207
6014
5454
5685
6386
6124
10998
15789
14089
14689
7595
2767
2478
6785
15639
10582
2214
1255
7627
15743
16309
4174
868
16297
12120
8847
8806
13192
9497
3096
10096
9608
15711
6681
5197
2663
3962
12342
2593
15587
15864
91
13834
12948
11375
14019
11273
7363
7275
8772
7574
6488
5769
3022
10352
3049
9528
14384
4764
6486
2651
9207
6068
10608
8229
4754
11421
1818
5813
2099
15007
7879
3390
3458
15584
16089
14194
8312
5112
4276
12496
5332
5028
16197
4874
13955
1958
379
9941
4615
15747
14257
14244
15557
1165
13054
15968
1596
14062
4595
15317
3250
3877
9034
15206
5268
2479
5656
5151
4552
12487
14760
1454
11957
4707
15745
9504
2895
8308
298
13996
13998
10042
8885
7698
16113
12095
10004
2959
9943
1349
600
10510
11579
16056
11825
14348
13926
1708
9151
4711
3040
2648
14215
10325
6264
7121
8170
534
6255
3341
5620
16298
16099
12107
6
15790
2431
16244
12588
8519
1074
990
15325
2756
3749
13548
8294
1309
14788
15023
500
2960
10364
12302
14009
14417
5035
9919
9424
13368
6083
9351
10109
2218
7733
3358
2023
11206
2692
10890
8627
8560
2554
10210
729
14315
12138
13141
10523
14890
12183
402
6763
15873
6008
2993
16009
1283
4267
13433
7600
8890
13754
13930
12940
12738
3478
15213
15388
1642
5275
6487
10170
11175
9012
300
334
288
11233
13099
5501
6546
12418
14340
15137
9416
12127
14969
11019
1917
1605
13895
14180
15569
10579
6370
1364
5392
5653
1877
126
2883
10901
459
2553
2850
7906
10302
8613
2636
13152
4384
14681
12030
3853
883
13122
2754
7351
12279
5607
11898
2964
547
2799
15349
4197
11270
1073
3968
10959
114
4449
52
888
12527
4898
6419
8249
10585
2519
2975
7598
11993
635
14651
13800
9980
13452
11968
14033
1683
1679
755
9948
13006
12356
14664
10867
4751
4003
9918
1296
7425
7886
1527
8072
14115
12548
2343
14344
5994
9763
7803
13909
16118
8612
2128
7682
5428
12359
8925
12631
11611
8749
13869
7877
1286
1322
4962
9423
4914
6537
1293
14526
2317
10173
810
5658
6528
5315
11313
2811
11919
5240
8540
16227
2215
2645
1702
12836
10057
6451
10685
7461
8891
14306
8825
9061
573
7891
2079
4709
7455
7140
11891
5579
7902
9642
3593
12499
13371
4824
6749
10344
11869
7302
13142
14721
3
16191
454
9567
5515
3310
1712
16005
11652
8173
0
1853
5456
3147
12443
6236
8096
14245
9653
774
2146
11785
5200
15717
2875
6151
2578
12089
10239
9947
7219
14497
7379
11222
4882
7309
14703
10263
72
11411
15519
9259
10546
1960
406
16288
9862
5211
11708
258
4586
16344
6720
4382
9284
8234
2390
16012
15258
4890
12106
10774
5555
7470
5483
12178
11546
2400
2987
6353
2721
9477
2375
8805
929
2599
5593
1941
10427
807
2230
13059
10785
12338
1093
5708
10370
4836
16128
5343
2118
13148
1995
11244
12160
7895
15891
1313
13896
6582
3438
13879
11803
12131
3892
1478
3928
12860
11662
5975
4928
11753
2573
8354
9610
15907
16287
16334
13845
3269
4725
4585
10681
4143
14170
8652
891
9236
10848
9761
7826
717
9210
11254
8676
5147
13420
8579
13018
2086
1630
3366
9873
13661
11636
14622
9328
6238
12974
5006
7155
6046
7481
550
14732
10183
1128
15192
16252
4639
15597
3173
2349
5410
2484
9648
13730
5118
3158
2239
13555
4318
6245
1574
504
11815
7005
6848
4787
1514
7988
444
1719
255
15769
2598
3152
3947
76
5731
12013
6652
12297
12878
5506
10587
3729
9602
5519
15245
1844
9766
4922
10985
557
10462
14251
2098
5270
7371
1319
1549
11699
10062
5430
4910
8643
12124
988
13749
2859
8920
13559
4439
11213
4386
6338
14690
6198
7833
2306
15037
15128
2047
12284
12009
3954
8603
3807
4147
6416
4674
5333
6932
3912
16028
12037
16372
5281
1399
962
1378
5292
5442
1578
12493
15201
9630
1339
7701
12157
6349
7012
15043
2040
2549
11157
3107
9853
12838
10534
11316
1886
6463
4580
14528
10805
7215
13872
3254
15692
15324
1013
6651
10642
1477
5156
13287
1348
13090
8700
857
5907
6132
12528
6636
8727
966
4993
14381
74
13558
7173
6694
6011
12051
8679
16167
9117
5979
16220
8480
13720
7441
14512
12000
13640
15483
3903
5622
8635
1880
7629
6906
3901
7910
2916
6760
13256
13412
5597
6057
9214
10553
5890
6025
4729
4456
9549
14541
13400
218
553
1829
9940
221
7731
10588
1841
9438
11700
11982
11539
13804
5219
12439
10251
1506
1666
14484
5606
14223
244
12971
10931
7982
3756
5181
1610
6130
9277
14846
208
5626
3967
10819
5980
4405
6147
8787
4543
11787
4775
15775
1562
5574
1854
11795
3788
16275
6174
6839
11861
1664
15993
15827
12257
7225
13870
7241
401
398
8559
11520
6018
7961
1992
2827
422
16040
10972
6131
10634
5218
674
5711
9928
10306
2333
1518
11628
6794
7249
1741
3762
15442
3904
2499
3601
7181
863
4982
11964
11205
14510
12802
7148
15682
9280
15467
3830
1476
4028
13956
6194
13505
4040
10259
781
9803
9949
821
7855
16154
2943
4974
3384
13210
10320
9105
9485
4178
6584
16282
14768
4443
542
16068
8786
5385
5019
10112
14851
3583
854
488
3948
10193
577
8338
2763
3726
15121
13619
13189
11262
13517
6655
11370
12845
14107
505
8055
7260
2526
5983
9049
10038
10945
12384
13880
5350
15838
10108
11251
13008
3154
13124
6780
16121
5740
8204
6942
10254
6621
4037
12959
9352
5226
9078
1170
15417
490
2591
5747
5455
7252
12968
14764
16176
1092
13671
7764
11328
1191
14784
14299
11061
943
9349
4717
12579
15197
5775
4516
15139
8178
4109
7265
11805
5615
6869
12768
12782
12159
7055
2794
11643
12998
15103
942
12465
1448
11227
2304
13682
2755
4835
6874
11181
1124
6351
12676
10490
12716
13867
13772
4804
1971
7647
9891
7401
5789
11772
9500
9305
8050
11899
12348
1761
414
5896
8536
14821
15338
14070
1490
5498
1405
10845
8402
5646
7119
3429
2998
11064
9981
12177
11033
3262
5965
15367
14491
10028
15112
395
10341
10922
3713
2204
13328
6973
2184
5015
7691
10566
6246
3108
13382
1145
728
10198
5299
11908
7341
10605
9411
6096
14812
4137
8564
2689
6837
13721
9814
13697
8801
9470
10600
8131
14762
842
12657
7074
8376
8645
1058
15554
8505
5619
5327
6892
11380
6532
9278
8007
16216
10134
11282
11221
8962
9042
8198
10858
12862
2425
8162
14162
8160
1912
14848
51
15408
2656
13780
791
13738
880
2426
5923
4190
3168
15930
11312
7668
955
15480
11878
4518
1983
1657
10700
3396
12296
8982
14638
6176
4654
13972
11153
5401
6979
3492
2807
10800
12166
11503
2267
10592
14391
13952
4860
11200
6422
1754
9597
6559
14661
6987
6698
931
4428
8989
10358
6128
10220
14087
4961
7845
389
6209
1095
5018
4205
12804
5012
16094
14999
7044
11846
11717
14505
1773
4938
12329
3401
14098
10044
8631
2882
8368
13359
4672
10987
15821
2371
4368
15761
11304
8516
977
8870
15357
14282
11597
13871
8311
10980
7174
3959
13488
16051
11092
6738
1060
6435
4367
3833
12626
10541
9313
9953
14596
8691
3720
2990
2420
16276
6481
10966
14104
10414
6135
14895
14953
3651
12507
13294
5630
1875
9907
7123
836
6527
15923
11535
957
9964
7656
9717
9534
5384
6305
6818
15249
14837
10632
15243
16062
4298
6137
8228
8024
12866
2286
11691
12382
11580
5369
6041
8876
4649
3767
8558
8684
7646
8120
5088
6856
1467
6800
10493
10981
1711
6170
7692
13616
11566
15525
10870
3010
3241
8207
14361
1122
5678
11938
8034
11515
826
5460
10653
5098
3844
12161
13933
11385
6329
247
12529
1930
44
9994
14373
13581
5955
5850
13943
7719
11680
6507
4167
4875
4547
15989
13820
11367
1832
2396
3103
598
3062
593
15295
9202
2634
8393
5286
9066
7933
3231
12379
16302
8618
3896
8831
15422
1576
12327
10332
4535
13528
13163
15889
14017
12644
10403
12609
3848
4341
9850
5078
1474
660
4213
3949
9903
978
12226
7898
922
12318
11800
5314
13887
15286
5818
14065
11751
12616
3009
1244
9512
7713
11280
2834
11959
14928
7462
4861
6081
5903
3532
2366
14804
9889
1507
3916
14401
14302
13797
12202
362
9437
7654
13949
7314
4327
3646
4575
14109
10808
1129
1251
7858
11838
8391
11792
556
1371
5298
14238
35
14770
10308
11010
2061
2776
16114
7449
311
2461
8447
3431
6939
14488
4528
2033
8895
11445
12877
5725
6126
11097
8598
7809
12508
540
2145
11351
1003
2361
11110
9770
6483
9975
734
12353
6703
8821
7201
6120
4676
12665
13161
7795
5291
15631
160
735
6539
3343
10283
10787
14956
7725
2588
1179
11332
9754
9568
1084
6480
2915
2334
9901
2262
15020
1433
11498
14958
14166
2947
2406
6155
15448
3548
13957
4096
4957
12147
464
4484
4906
6256
13208
15262
14803
4334
8257
4878
6494
7521
7277
7865
8203
3787
5804
10123
4478
10703
2912
9942
4700
4736
16312
1040
1925
1608
11998
16096
16105
4207
15653
12692
6909
10019
11048
10052
5679
3093
4461
9638
1948
1442
15763
4359
16178
1555
230
369
9764
15512
6969
3098
12517
12325
16271
7264
475
2141
2890
5609
10956
6456
14752
11389
7465
3409
11060
1375
851
11972
1157
5881
9625
3257
1274
13097
7211
10789
9518
1837
3656
15281
11281
2858
16219
11811
9587
5608
479
2108
5510
3820
3239
14957
15025
5306
15550
6117
9509
6077
207
12882
954
5021
64
14891
8431
13592
5341
9327
14032
10349
6826
3580
7984
2872
9714
9527
110
10837
2
2415
14898
9408
16380
2586
11109
3538
1817
2500
1996
10118
14530
15767
4103
8389
10631
12114
7239
238
10563
16262
10479
8060
6961
15705
6769
13408
4755
16101
13994
9894
5109
3709
11293
14496
11801
14883
8095
6813
2644
12649
9768
6293
5864
1330
12650
346
541
5198
15341
28
5113
6802
1981
5785
7915
5143
11334
6755
1288
8813
438
7083
2541
13898
5947
5655
5290
6105
11904
1806
4224
3987
14069
784
1825
7178
14027
10908
8715
13129
13655
327
6450
4626
1328
5438
3837
14022
10567
10633
16247
10531
6985
1198
6999
5246
4678
7443
2731
10797
13417
8908
4716
4895
10652
14717
15959
2515
4209
13690
12016
7279
2272
2258
14083
9421
4293
8851
11176
7836
7014
14933
6432
12550
2068
16363
14220
8042
14578
9564
10417
2589
15009
7585
11066
7774
3794
7696
6774
14550
8517
7438
1377
1633
12271
11860
2070
10954
13890
3838
95
1396
1148
9922
12495
5045
11241
12531
2074
2974
10119
8278
3309
12011
8405
7094
12914
6986
7153
8686
3937
15488
12006
13646
13516
10891
13931
12240
4049
10354
10420
8862
7605
3208
13938
4305
6851
13747
15302
5614
12815
9366
13068
14688
6287
2887
935
1987
11207
15850
6087
11979
10483
6207
13098
5342
2474
14045
8586
4987
10392
5702
9436
323
15096
8983
3785
7608
690
13939
11215
117
13702
11427
11522
4810
7876
3731
1151
2130
15294
6038
11912
7193
9996
14043
2608
10697
187
15397
6899
665
12454
5367
9978
7445
2801
9126
15437
1308
14307
10378
12714
1337
15546
12918
11211
835
5264
12142
16378
15275
13903
12572
10615
15048
11740
15211
7623
3023
12189
4932
6620
7071
15277
5334
2445
400
3166
11271
15803
1317
11632
8692
12583
1760
11358
14197
12772
1686
7284
7818
2994
8347
5499
4308
5403
4162
12361
2428
6049
6573
2340
11344
4183
1744
6711
13863
13683
11844
6309
9103
3373
12230
4912
13739
1771
8442
10230
11410
7471
7711
13081
9613
3795
10047
12988
3124
12732
6770
4471
2978
7899
12038
5999
1575
892
12604
12385
4801
11917
496
15384
16320
15031
13673
12817
12055
13030
14169
8035
7671
5970
8411
4966
12074
9905
671
2491
5858
8464
7114
15226
8734
8074
993
8838
2917
15896
10485
10384
8317
9923
8121
3245
4345
7007
6795
13695
16106
5990
10944
11862
11514
6261
10237
13480
11428
13775
14085
13575
7880
15392
12150
2081
14165
7948
3065
5180
5043
7903
6496
10424
5645
7158
12
7169
15042
4294
11767
16350
6458
4436
1132
7832
10206
15429
14440
2585
13753
8695
13511
10094
14791
9594
803
3552
10938
11684
4501
9571
14697
1437
8401
3799
9256
2064
4527
8484
794
14301
12821
7597
10792
4858
1838
4381
11484
3499
14938
14193
4817
3164
11365
7297
7301
7766
12298
12740
9419
11490
11138
5548
13177
12883
4554
10572
5253
4708
4493
7015
16039
5570
12275
5351
7131
10556
2717
4959
3287
14756
12054
2924
62
8256
8987
3424
4892
14719
6141
13980
11828
3335
1355
13641
15670
13039
592
3599
14422
13928
9340
5895
11239
1718
1305
1678
7049
2305
8900
7563
3030
7947
1302
6900
8106
13848
1458
11630
5657
13737
606
14168
12268
12843
6615
5000
9152
3157
11226
11364
11164
1066
13197
9636
5116
9519
3066
11398
14471
1401
15739
12321
10361
13241
4189
7724
11462
237
10640
1603
8381
15499
7740
3964
1913
3975
4066
8877
6517
3050
5164
15666
9570
13390
16050
6015
13430
12209
12354
8710
15511
1237
15004
1109
13464
1483
13849
12141
3001
14356
9884
9591
13224
15321
11268
9227
4176
2071
2022
5480
4047
13188
12700
16218
11992
14592
11086
61
16016
14739
15537
13184
9852
11724
7321
10369
3371
5450
10591
10168
4313
4753
9177
16063
4781
814
10155
13526
9709
7092
15047
1152
5231
9311
9543
4759
2918
10409
3969
5559
3873
920
1361
2370
3985
7614
6553
16180
13462
14859
589
5687
1192
3691
6104
6643
2433
15598
647
1334
8396
3864
8973
15436
6988
16306
9772
10961
13942
10092
6591
11598
5849
8608
7488
13676
14643
4664
1457
2085
7054
6782
12404
4913
13527
1526
3021
7228
6965
13402
14595
15018
7864
11183
3230
11890
13492
494
13253
8052
3391
11786
15898
215
2300
9844
6007
9347
12543
5294
9249
5774
6729
3999
8731
6624
6736
5122
2635
7666
11994
13376
8404
12658
11744
12294
38
15362
264
7502
5624
6639
2642
1292
13295
12470
15777
15331
9895
13843
3238
14615
16343
5807
4477
4839
6436
2017
4483
4020
14407
16091
8071
11229
9828
6725
7359
5328
13028
1226
11189
1434
2010
2719
894
8355
15625
6941
6276
14429
3110
10367
15623
14794
7087
5835
7250
7135
7661
13481
7356
8693
15284
3639
1279
14138
5663
4599
9968
2909
10580
720
1663
12007
16073
12897
586
15089
11435
15022
10439
13244
13482
9536
15120
9585
14434
11047
6257
6220
15356
5696
2483
11905
11710
3689
7560
5288
6925
1669
6185
7467
4758
2884
11409
8233
7355
9632
2225
12844
10060
15383
4124
7128
4650
4848
6672
5195
16236
11897
4977
14729
14036
6054
7059
12919
9038
1797
2855
9579
10453
16160
6491
738
11079
3889
5064
10509
2354
5434
2690
5819
3313
240
16181
3922
12028
3356
2946
882
9603
9091
16328
3080
4079
6750
2139
620
3277
4315
4766
12227
767
12790
4182
1159
11387
11752
8780
14646
5261
13853
16075
3927
12452
15393
7567
14755
1563
7238
2877
16035
12129
514
14443
6777
13250
1160
15017
3693
10540
7866
11399
8678
3620
2969
2203
6912
6743
9963
2790
10747
12148
9401
3805
1830
12761
11669
11094
2758
10418
12713
6788
7914
14297
10753
3970
14350
12480
10185
14490
10832
2955
11896
1851
5868
7788
12478
10426
4720
11309
4015
3015
15710
11726
8195
2563
7755
7819
9124
11645
10571
3822
901
7894
1842
2205
14404
7681
7489
15616
5472
14435
16018
597
10377
4573
15179
7316
5188
15560
1185
1425
4211
7452
11969
3998
1791
13513
8509
15354
15640
13815
12126
3048
13410
13833
3702
11419
13226
16207
3216
15460
6840
3734
15855
3005
8366
10360
7198
1204
349
7992
16054
13423
13155
1219
10550
9974
7197
1670
6121
765
14239
14876
15253
780
9927
4514
8550
13156
11850
6951
11023
16095
16148
14097
4734
3486
15181
16349
1471
4234
10357
63
12686
13521
12409
1429
6062
4740
8264
12504
5429
12773
15246
1522
6640
6613
13358
1580
7167
3494
6896
4673
14225
7480
4930
3565
3520
1316
10435
13923
6385
9678
14645
14950
6362
2880
15229
2376
11965
6891
4897
10487
1649
3192
16077
15844
2518
9703
11842
146
6313
12546
14634
8189
7749
15750
7360
14403
4100
14075
12351
10859
1166
13675
10095
4140
11949
3991
9691
5768
2926
8181
15156
10267
10928
8261
1463
5409
16162
9810
10756
1215
8339
10637
5814
6668
10284
15915
13500
4526
13283
14811
15147
5680
13225
15950
4702
14915
7328
14820
5503
2984
3977
8254
5084
5844
4300
8708
9272
8491
8326
5123
9701
8848
14366
7748
4288
2296
14663
2988
7410
10666
1520
8384
1865
4746
10013
9021
12316
170
15227
12818
13325
7183
8601
1556
12703
1413
7485
2050
4390
4532
12135
7362
11533
11456
5817
10285
12252
1529
14003
14604
13168
8385
7364
8759
16292
10446
15084
10752
2011
492
12244
3724
8871
4076
6361
15731
15689
11892
13554
7398
4498
2683
5099
9769
13179
10444
7704
939
7278
3725
13734
1408
12274
4907
7936
13309
1746
10268
7958
3683
2761
4927
15983
775
6415
13912
2600
6389
4703
6875
2386
13123
15028
13334
5717
15345
12062
14706
9070
1420
5082
8809
10775
11393
15979
15440
2609
10492
16241
4455
9323
16305
10105
11788
1253
9681
11991
10323
10767
6267
3445
2285
12982
10664
5004
3940
10422
16222
1536
5834
4727
12963
4813
14240
416
9454
3687
2715
9544
1709
4350
12031
6518
14137
10041
10768
14985
16270
12021
2568
15614
1767
1538
13239
2171
1558
10256
15506
10436
4075
5255
4339
7376
6976
13304
15447
2029
2001
2787
7968
1699
15350
8383
6589
1025
2339
12374
177
15398
6805
13741
3078
4856
1214
15863
4005
11122
549
7776
15854
1770
7273
11605
6225
3459
13907
7293
7904
770
4169
16033
15724
14583
587
13599
5880
15363
3345
2057
6244
15588
655
14899
15110
13830
1607
4078
9079
8415
745
12680
2781
15540
12285
11192
15250
16100
8884
7564
4252
10714
11496
10448
5584
7554
2385
9261
15981
15757
4141
12863
3869
1464
7601
14961
6233
5141
2221
2940
15385
10811
8109
10290
2853
14072
16289
2543
71
79
82
4685
10184
11746
12099
789
6617
10669
15441
1775
13502
967
12319
759
6741
8653
13975
753
9189
2802
2216
9252
2324
9647
14769
14852
618
14575
10039
8790
6609
12059
210
7259
3323
8454
15574
5889
6396
8751
8471
5358
9496
2496
12685
5815
7854
1539
12992
360
75
13650
9936
12663
12612
14861
4388
7592
5230
6188
6324
5950
10125
15726
8781
13579
8951
9192
10730
2933
6284
2765
6886
9794
7760
8222
11722
3575
14580
4640
16375
8768
7599
9008
7008
14184
8300
13146
306
12225
5956
15468
12503
13979
1046
13116
10713
7476
4868
12551
12212
7785
2726
65
2921
8388
2432
14874
15308
3115
2103
3232
3145
6500
878
631
9547
11495
10355
4200
3813
14254
4467
6779
9650
11508
5551
8590
9020
10738
15942
1426
14386
388
12237
3041
12781
5029
11259
15416
509
1545
7191
11025
13648
9718
11784
9140
4026
12613
7431
4768
3330
9816
13718
4779
1028
2740
3529
5336
11474
14103
7561
5716
10516
14854
15033
14226
10127
1195
14625
8342
1887
481
246
16359
7091
7607
5066
7674
10075
2344
4202
11835
5943
3444
8487
14102
6783
3083
8490
4715
6924
3220
648
13191
6960
4844
7386
14531
869
11315
14554
11178
9863
5518
4951
12585
3076
6332
15199
3941
9235
15485
2700
7570
12005
3755
7129
8553
1821
13203
13729
6898
4873
235
1395
9851
15604
4772
2844
3475
6184
11147
12881
1079
8017
9572
5805
15928
10489
5777
13062
9473
5852
7789
3561
3888
6667
14078
1687
16248
209
9783
8582
14275
1123
9444
2898
11670
11198
7868
4556
6091
13230
12776
13637
16291
13875
10196
480
3578
226
11768
10950
2348
7041
6944
12758
6339
10795
11735
15040
6268
13725
10678
10346
11225
14493
9799
8707
15931
13035
1827
7319
12996
6495
14601
12748
15543
11937
963
6231
703
13782
14671
15818
13268
9397
4816
5757
3326
14127
5445
965
15095
10584
11916
3612
15636
4292
1591
796
13578
4880
8696
14412
2046
7327
11372
15478
6345
8098
5611
4877
3497
1901
10339
14842
12614
11062
10846
9494
2387
11003
1089
5538
14866
5644
11776
10660
15074
14778
13591
8565
3852
7234
4486
11320
9508
15590
2288
15252
9517
16024
15809
9984
4354
523
13785
4765
6133
14773
6928
14581
7267
1323
12806
11606
3320
2577
11696
10639
8594
727
12892
3590
14454
10468
6689
14360
4508
5676
7030
7781
1721
7409
12809
13876
3268
3068
11413
13264
3666
12333
15410
495
3044
2707
3891
11728
1874
1133
3638
4698
6754
1953
13276
2195
7354
15469
14174
16046
7528
525
14685
1567
917
11199
15247
10466
14237
3363
14272
11676
1447
14428
11049
3827
4274
4814
12163
13653
13286
7546
12557
10709
9165
4219
15351
8227
10990
7851
14128
2174
279
411
12345
5427
11631
169
777
9715
11246
5007
12859
12063
9167
10609
11736
3972
1153
13771
14178
4809
5150
3265
9784
5301
8116
12066
7700
14871
10415
9357
11027
7770
15796
13614
1998
8176
14960
8921
12678
14708
8992
9396
12258
4785
1358
2408
16225
8782
12118
6380
13427
3636
11218
11238
10484
13025
10059
16001
12048
11852
13547
3712
1130
14125
8225
1090
3513
7283
732
11817
7325
1115
15450
9332
2083
16057
3865
7035
6776
5930
5161
13011
13311
9229
13367
7569
16158
11921
11202
9120
11639
14802
4333
11186
12955
5870
3768
7166
13190
2393
12010
30
10207
15859
269
4853
9209
11981
7523
6269
7664
3728
9320
15651
3153
59
12211
10882
10312
13571
1668
4283
3315
7299
12929
14605
5360
7505
3857
282
4607
10459
1376
4383
5486
14987
10804
976
3700
3347
6080
1742
6861
8937
2968
9722
6997
6519
7122
1928
13173
11823
2122
15794
11694
904
10918
12905
13594
11685
16007
9005
5204
2281
15280
10180
5319
14487
5378
813
2560
15263
1135
5561
9669
15978
8044
1
7204
437
14387
7352
9182
13073
6911
10181
7957
5157
6515
9598
12910
12215
4632
6466
15162
3811
4571
1738
9289
2477
12406
11576
6649
12432
9820
11582
5883
9098
10201
10750
2429
11043
7566
3581
3430
12767
11519
1113
2552
10903
4490
11856
6336
162
11297
7002
10657
13428
12705
172
12731
6052
15501
13
6036
4634
1460
11928
13954
4794
12154
6825
11913
11510
2557
15741
8955
9838
6604
8310
9290
6568
9578
7790
9164
9563
8946
11881
7311
13267
6214
10888
2621
14570
5132
15064
15055
6302
165
5323
41
10850
14327
12458
3782
6650
4387
10153
3981
3905
1147
15605
2601
5884
11376
1285
5067
10064
3761
4142
7413
2332
1102
158
3436
6560
14048
5303
7361
5277
11217
1294
10729
8537
6682
13654
11236
6107
12840
2973
1570
14213
16268
4522
3629
2382
11798
7349
1504
5227
9466
7446
4843
10739
14611
7006
10291
3595
11139
15099
14136
15899
9595
10744
15570
4968
316
15697
7038
4548
10772
14917
3647
4620
15148
8022
2395
15542
13087
9376
14205
11088
8729
5289
12727
511
5207
10949
2655
8979
15734
15241
4644
4811
14610
5654
13446
1739
220
15319
3610
15937
11276
5408
7650
602
1403
15132
4591
7861
1720
1802
15883
8640
10645
13570
1866
2727
8998
14159
808
5223
16060
116
16003
567
461
1229
3293
13722
10725
9294
16098
3657
4872
2044
1534
12058
13349
2224
2345
12387
5737
13862
10581
3426
2407
11738
6844
13319
7439
13899
12245
6363
14247
3659
8304
3159
16202
14819
11743
13987
5712
7728
10255
6933
4521
13645
7974
6140
8761
1513
15892
1400
13461
4661
14699
941
11521
7591
14695
11284
15303
10373
9026
4111
3073
4920
15455
9609
752
14389
6740
3742
16110
13341
430
15427
611
7848
9702
1389
6949
15977
16042
2954
8650
3389
11975
1134
8990
3111
13681
8462
5797
9663
4312
6164
10831
3056
9282
5076
15997
5745
321
1108
13529
3685
2449
3705
1864
11985
4462
2638
14508
10798
11618
2695
4592
11523
12942
4323
14735
7853
10929
11586
2229
4670
11568
15518
14063
1173
12595
11324
15174
391
14673
12471
11990
531
11190
7056
8726
3094
14433
14472
15621
15342
182
15125
4628
5921
9880
10408
9659
2878
10117
5640
11425
10049
13888
9257
14535
2095
6357
3902
12295
3246
1970
14161
5153
16317
2906
8260
2247
13973
3299
10277
2326
2606
2939
4724
1747
3490
12388
10169
227
9267
10120
1916
3385
1282
4121
47
13498
11830
12158
2544
5595
6461
11099
3600
14704
9760
11706
11347
2365
3854
16139
12283
4422
11460
14503
8657
12187
4304
13444
3806
14781
3930
12642
14701
1989
11932
12269
5313
14277
3897
13603
12322
13704
5967
14779
4199
14879
14408
1243
515
4690
7921
8639
9641
88
11995
14241
355
2981
15135
15693
4796
9656
4730
5103
10636
1848
4281
3425
13487
9829
8562
15183
14416
10598
89
1573
15885
15470
7088
13083
8515
14737
15498
10847
10056
81
16070
4749
12185
5386
5752
8997
4425
2521
10252
6206
13415
9834
11439
2380
11581
16335
11499
3923
1635
6190
5575
3206
4279
16318
10470
14632
12360
3000
9330
12383
1368
7638
1126
6205
9577
15642
6756
78
3688
13084
10707
15601
15780
16356
16155
2532
11714
10932
7602
10862
13302
271
4509
14132
7312
8485
8291
11142
2654
3075
9274
11544
6012
2736
2192
3400
16327
4497
10190
13983
13103
2058
5513
7068
15012
8019
3092
10133
9792
13375
12266
15799
12314
14425
12661
6271
10973
5091
7978
12073
2967
7791
15586
259
9682
14346
5898
6449
13824
6792
3879
3670
15748
12569
7663
15715
7310
15157
4692
2419
16097
11604
15939
2283
6645
6712
6347
9725
7142
7223
4600
4179
15449
15072
39
6333
6462
1665
7522
3915
4270
5420
10289
9450
3006
6318
13292
9892
13249
14897
3556
11132
11654
15797
7532
16382
5381
5337
2752
10933
3658
3660
6580
7747
5734
700
8340
8099
13406
10712
15929
10071
9472
6905
1898
666
4469
7756
1098
14613
8800
9796
5419
12479
5283
1936
13438
7625
1101
11532
13705
11915
16280
25
8276
7786
5900
4550
1816
9556
15582
12516
14287
9694
7913
12278
572
3531
15123
14787
5660
2490
5349
7778
8062
12947
13509
14567
2724
7827
522
12617
2863
6447
15366
13556
3039
7573
2211
318
12420
3377
8158
15140
1068
2330
8103
5133
10989
11761
4597
12436
14705
4102
12889
11333
2157
319
1935
16061
4792
12936
7493
12090
12578
2866
12299
14186
2161
3584
9406
15207
9819
8000
12111
6354
1001
14190
5596
8663
1486
2686
6221
3312
10410
5051
9583
5356
15166
12788
8040
15839
13561
15901
1238
4113
9967
8394
10698
6599
15224
5872
881
4555
10851
14930
6182
1155
1515
14243
245
8642
7617
12993
15984
12076
9188
15419
7893
7081
1895
15237
3393
7653
1819
16269
15215
8689
5643
3875
5550
5340
7069
6181
10557
5710
643
11350
6606
3887
13799
5120
10649
5974
16029
2059
6410
13337
12061
13846
12679
5173
14114
12184
15700
1800
320
3191
5357
329
283
14182
10621
10728
6881
15895
1149
11431
10715
13802
14529
11029
3798
9148
1340
286
7475
15820
1020
6285
5993
11391
934
2934
15841
14995
6731
137
12933
2533
2240
15298
1781
3630
10694
11038
10919
13605
6827
15433
8166
1929
12491
12199
687
4420
6820
13284
7370
16341
12367
15180
1315
410
6328
8855
6429
9464
5145
1018
3043
11173
14562
251
15611
3609
8771
5571
14869
12552
7421
7706
13883
5479
13736
10503
15861
9670
4472
8373
11530
596
11160
12874
5467
4545
10103
4159
9242
4658
11516
3845
3631
14232
15788
2643
4525
3440
12167
13393
6964
9874
11577
3381
15086
10528
13251
13150
13151
659
15759
1495
5194
6016
5104
609
16048
6927
4611
14145
5668
9502
1200
229
6252
14896
7187
5009
6254
13631
12394
1481
11779
9533
11867
5138
11527
11920
13495
4576
12494
9382
2170
8416
13945
2014
10113
14667
7112
10224
6913
5824
7326
12645
9523
12922
12143
14520
15369
5461
10375
11159
2929
16082
8849
13082
10244
12888
14006
13918
9871
10564
9774
5063
4566
4683
680
14894
895
8444
10764
11134
16374
14975
8486
14924
13656
15577
5134
10147
12453
9749
8994
2778
13069
7824
9172
11119
9688
14679
12488
14021
1116
387
8935
10007
1933
7672
15832
2091
301
5554
10758
2000
5318
5800
10066
8350
4899
2594
10331
2920
14298
2879
11810
1631
8201
11000
5271
6027
8187
4346
5618
14451
2409
14118
4222
2374
1503
5158
3596
11548
1521
3167
4034
2147
6263
8271
15908
8680
4362
296
11551
1167
12944
6387
2321
2443
14766
2106
3690
4669
8933
8546
9350
7680
11675
6278
8658
8214
13600
3088
10877
15400
5925
4831
6167
11561
6239
347
7500
6291
14680
14984
6663
9374
3900
4399
14684
7342
13934
9726
10442
10148
4133
11074
10178
3382
5209
2676
6644
14597
12456
4196
13335
11853
10803
9493
8985
13355
5788
7105
10737
6159
15426
13808
3836
9897
8945
14108
6227
4489
7077
9842
15810
12954
14948
5417
10356
1537
4067
15547
13401
7807
11323
6178
13093
14219
5023
3695
5457
10561
13992
14015
11713
11739
12084
4609
9114
3835
11524
6034
2196
12999
10818
4752
1517
3415
2517
7963
13330
5885
12654
6158
2273
5300
3997
4156
12238
12168
15884
3815
13064
14885
16253
4007
12535
84
6715
15035
8037
855
4029
9019
12364
14511
10617
13229
1949
9039
848
287
7262
8740
13828
9501
692
4480
11172
3925
12110
8687
3209
623
14994
10322
2136
10382
3394
8765
8764
10362
12067
14537
13852
7841
474
2156
11441
15293
9304
13687
15223
7506
4798
12176
3473
7780
3224
4935
498
16230
15205
9111
7805
13329
9815
6409
5168
11149
16059
3582
1295
9132
12307
9368
249
12415
3936
11485
8125
12072
8822
11394
940
3831
3526
11080
3403
1484
1301
946
6921
3727
14339
16125
7699
4983
11261
2688
11076
13789
5187
8815
7531
10319
9736
6492
2473
8474
7660
12069
8157
7811
460
12425
2263
12489
4438
11953
5491
7580
13281
725
10084
15970
13885
9865
15561
5380
689
1907
2036
9878
13568
7977
11489
14478
12122
14129
8773
3966
14997
4537
15991
15595
13976
8171
9057
9325
12444
8522
1381
12925
10065
4379
6391
13085
15378
3421
9655
7222
1100
1748
10711
9646
9361
11118
12103
12930
8812
2605
13279
11635
10292
9628
2662
14467
4244
6821
970
15941
2861
5393
3071
15473
15202
330
3661
6232
11509
8556
5856
4904
9857
7417
11256
16351
138
13635
4310
1999
11004
15446
5871
1920
7529
3510
8857
15231
1290
11502
2775
1175
13621
5249
7472
8284
14144
12898
1369
4741
709
3418
8827
14532
8950
10833
1014
4991
5477
5005
3920
1404
10810
1544
15158
6966
12020
8927
11809
4965
15368
16116
14073
9831
10518
9393
6545
6633
1552
6714
12530
13199
14865
11747
11756
15645
13061
6855
14050
5439
6179
11918
13801
3602
6044
16145
2013
12446
204
3634
5058
1835
841
7147
13127
14862
13246
10754
8475
8155
6815
10496
13612
8717
11627
5371
3797
751
12735
12751
14388
4916
7553
15322
1644
10662
10372
16149
9950
4981
12526
930
11326
14323
15534
1171
1044
711
8105
2694
15453
3354
668
8628
3515
5749
8360
11482
4087
10871
10282
3452
1356
9809
15401
14093
2570
14892
3843
11946
5556
802
8243
2701
7808
10601
8295
10852
10815
9275
2439
12534
6241
8343
6506
6716
3225
13573
14814
1523
4272
14761
4504
13786
3622
9234
11754
640
8032
1311
2944
15461
3004
15677
15521
558
4344
14448
7224
4250
15583
10074
11807
10088
2219
6469
15657
15980
10035
8892
8742
5855
12775
10925
16319
4119
14972
10939
7525
6549
13457
11252
1783
3174
5600
1600
13625
2237
12544
11468
13763
1794
15562
4905
4442
11590
15643
5061
13280
10045
275
3963
14981
14571
15772
12092
14427
14236
7519
13665
3116
8721
15444
10802
12206
15210
11115
8660
337
4911
16014
15552
15568
8706
2908
5418
15311
3545
3370
3024
10300
10997
2672
15982
2624
10246
7292
4665
6718
15792
15127
8194
11404
14117
15399
2235
10154
4187
4237
8221
2757
2547
15016
6095
2104
12987
7945
11933
1432
15852
4301
13144
9307
5539
1939
15119
10641
16117
8127
9623
8722
8883
1954
7216
14024
6093
11668
5192
11057
8625
10790
1489
371
9904
4241
13685
9090
1808
3741
2653
3546
3087
12086
2508
3560
13773
9051
7098
10428
3898
9083
16041
3441
15222
2198
3304
3701
13458
16299
13456
14608
15081
5459
13126
8265
14212
13237
8943
10157
7097
3571
6680
4414
2764
4370
2264
1492
3717
13826
4273
7736
4515
15900
8694
7407
102
7372
6753
13010
9479
15193
2516
8420
9580
15754
8365
14771
7584
1873
15971
7271
13172
10809
10829
12505
11781
15909
11024
5733
11078
356
4177
16316
4697
9255
9640
16205
8100
1533
2138
6175
11129
3360
5525
6042
15117
9958
7665
14067
10129
14332
14858
4645
15531
15232
1329
12370
13970
6498
658
3256
8252
1063
1634
6531
1973
13886
13130
11711
1099
7037
8387
10995
5751
7459
4666
14256
6835
5440
10216
14473
16151
3774
5521
9982
4042
12720
13024
1225
1577
2581
15046
9089
4116
6315
9515
15793
15216
9052
13437
8232
3487
7394
14519
6622
7542
6229
8928
2480
5185
1863
8723
7871
10497
3318
4011
3349
7995
13915
5891
12972
12096
10629
1690
1828
2905
3994
2336
10416
6767
2347
14393
15783
15428
13187
8956
14141
376
619
10009
4567
12193
730
3766
6437
6858
14218
12995
15164
12182
6732
6075
7515
121
14927
3772
3589
11517
13512
2711
4349
268
8538
11790
2949
998
8418
8470
9219
544
16011
16146
790
944
15310
13582
266
6677
14410
8163
3932
53
8185
7419
786
10895
1764
2708
7414
5869
10505
8599
12939
2531
7572
3534
195
723
3957
5177
11194
2053
5081
1655
4852
13597
405
15161
10191
3142
6390
1374
14295
1199
2562
1388
8175
3874
871
13137
2665
8605
14547
4849
11341
5217
14437
4488
8202
6556
8400
15063
9713
11659
2590
4082
12927
4306
11148
1154
5139
15070
10234
4077
13101
14824
10174
11210
11201
5206
7385
9285
3907
11274
15798
853
5162
13317
5520
7806
322
3498
15320
5882
670
9695
4799
8688
2458
2511
1221
15943
10297
3213
3301
5233
14411
7440
3504
9157
14074
11719
3120
8209
4410
4459
7257
2043
15187
11737
13847
11661
10749
8735
4431
15966
8896
5095
10511
8413
14759
14669
7735
1658
6737
9072
14882
14540
12834
6398
4317
7208
11655
624
798
3314
4517
3077
14780
8829
8518
10606
2087
7067
8382
6464
682
5388
8677
199
5311
16131
3427
2377
15039
6920
3587
14494
15208
1592
644
14316
13120
1870
10223
3398
4539
12172
2615
12956
11877
10017
13580
6955
12841
14731
9906
6889
8785
4264
6400
10079
456
829
2005
1217
8632
7545
2045
13066
12323
10455
4086
14607
1156
7085
13117
14818
16004
7559
14834
4845
5562
3507
12474
6566
2679
9065
6833
6612
15106
910
13784
15214
1424
4351
15456
1383
5669
1335
13742
3573
15092
14305
773
8596
6393
9286
1076
7345
9739
12088
9345
8443
6202
9719
2623
6657
12153
3259
1418
2076
7726
9373
15660
14414
3388
5362
3428
9781
5167
6455
14921
3249
12137
5541
14952
10991
10827
1411
9481
12827
10150
13105
12566
5376
9491
11950
9645
11525
3570
9969
8617
4723
10005
3344
4307
13905
222
3577
11617
2649
2713
4401
14012
12334
7658
14832
15513
14319
2520
9458
14674
844
4553
2527
5809
5214
10218
2368
15418
5121
16129
14363
15994
5166
13629
13835
15836
664
5816
8363
4433
3618
11434
1762
2282
11745
12869
2876
11255
7220
3200
2228
12119
11444
2060
9914
5027
551
1087
10293
608
13577
1280
8061
15866
10689
2748
6787
7218
13504
9480
14873
5543
8963
15538
12794
5854
5545
13723
5861
10506
8378
12567
15920
9143
5948
10067
11034
14659
13929
5144
12576
13795
10905
757
2287
484
5546
10589
5535
6348
3751
5003
9721
12879
8164
13977
13347
4701
2614
7686
6697
16214
13065
8392
14816
6952
1391
14253
12702
14968
399
7106
1394
3982
7300
5405
6918
548
8140
3721
7294
4954
6739
650
2529
9553
16346
7998
4127
4485
5186
5159
9128
2402
7061
1758
5753
4437
3032
9271
6721
14844
1588
12967
7495
5013
3016
8738
12330
12846
13664
6762
7578
6228
6055
673
6073
8529
13861
13857
2025
11963
2142
10166
10043
580
8341
15370
8364
12574
1701
14648
9690
11120
4921
1969
7013
7188
6798
7759
8672
8636
105
9193
2795
2792
7683
2035
15288
4884
2295
205
9122
13958
10874
119
6596
14740
1136
12953
5565
317
1069
13185
13439
11689
2353
1861
98
6880
8791
12718
16301
2018
6000
8090
1921
2457
9153
12783
10002
9410
15484
4952
4441
1974
12352
11692
8361
4118
7182
15571
7034
15414
5404
7889
8968
11813
257
3682
10006
5213
3336
10388
8954
2213
10458
2559
9228
13510
8739
1373
15986
9432
5075
3989
10073
1232
12712
2358
2831
5137
12288
11440
5127
1324
7430
7557
14175
183
2846
4220
15927
14742
9195
6330
8078
10524
5383
15348
5171
16226
2545
1142
8335
7673
8412
6646
15462
10278
11015
2640
13644
3933
5040
13750
2121
1902
14996
16215
4909
8889
290
11371
12673
14
386
1805
799
2935
15949
15596
1203
7642
14954
13710
14658
11612
4953
14376
6857
12763
7466
1685
7867
14397
9273
9221
5808
11922
2737
4738
12065
14052
15152
6030
9708
9302
243
15409
8460
4392
14377
2234
8526
11858
9170
9169
11035
1026
15573
1260
10393
15254
6702
9032
9010
14276
5107
11709
5216
5690
1509
14726
14324
10070
11228
5936
7000
6401
3035
16313
13288
15973
15340
15922
6243
7144
11757
11135
7702
10433
6926
14789
8753
477
2613
12978
6168
1096
8845
11101
11799
10000
14172
2833
5496
8792
198
1598
9679
8067
4287
11806
4474
4447
6317
782
15260
13442
1439
2495
10692
14711
7924
5590
6448
8436
5904
5463
14826
15946
9321
10854
3818
4373
10562
10544
3397
16143
1012
16177
2632
15212
8448
4423
16256
11880
2961
7323
2236
12932
5135
1924
7039
13063
2413
13074
13370
1415
13549
1257
14672
1710
14091
12908
2671
9241
13031
12332
7304
1038
4510
14347
12708
13538
7001
14096
9418
10347
8634
5414
6033
3746
4500
11599
7391
6452
12308
12171
15795
15244
11373
15608
3434
14101
4240
5846
6709
1890
16192
16371
3783
10875
1047
7616
5659
6373
3104
8113
12087
10674
6637
6817
10309
11840
4393
11478
8293
4494
11472
5564
15533
13805
9997
6208
8850
6193
2927
7512
11093
6983
12064
1564
14126
280
12077
11117
15634
9067
6468
4994
8910
11970
2910
11220
1743
16347
7256
351
1926
14962
1431
11884
1650
12634
3466
11894
10857
10321
10248
4894
5547
7404
6414
10635
694
10883
13990
8091
11550
9525
15694
1945
9785
1614
375
3951
3637
1505
15771
4331
8713
16066
15580
1980
8725
11987
13569
13384
11613
144
12951
11646
3677
760
16023
14714
3752
11044
13259
11725
8999
5146
1782
6478
15487
1085
8481
9403
11130
15961
8005
4151
12964
1908
6009
4454
4583
15987
9159
1445
12774
5215
5625
13357
9877
4391
6102
9260
6098
3211
4572
8122
6201
20
14988
15412
6684
7615
2783
14479
4790
11774
11541
11450
2865
2806
11727
1900
5847
14371
7115
15628
9441
7478
11616
15204
11574
6352
7862
4012
4440
8966
7295
476
10946
9073
7999
9693
15421
6658
10396
15617
13429
3055
1922
9566
13624
8167
3671
9592
1033
14005
7636
15335
2331
8356
107
260
9359
7151
13790
968
12136
11942
1455
16189
9426
11466
7612
4538
2845
4218
9263
2148
9370
4404
12711
7498
11567
1779
6653
6026
11294
15952
2248
12152
12498
11302
10784
5229
11438
15740
5016
10171
15845
9930
822
2749
11103
14907
5526
6541
14084
8541
6884
8783
2462
9475
6136
8154
11096
10156
10036
6842
4000
7860
2027
15932
15038
9985
1728
13434
12485
6563
9378
1723
12756
3793
4132
3988
2829
10351
3364
2254
404
15808
4944
4175
3455
11506
4726
10083
15344
9530
5674
3117
14989
6459
10315
3996
3447
12344
6828
16209
471
13588
2073
10708
1468
1304
13016
9700
9733
654
4806
11941
10996
12194
5458
10575
16203
10010
12717
10437
6453
3550
685
1343
3267
3082
8741
13587
10733
16025
4296
8981
4448
7270
3448
1252
8012
5899
9232
9488
8718
5540
1385
14943
1386
11552
14265
12229
9489
2548
3374
1449
9860
9087
7604
3592
9955
6610
4249
772
16072
11775
3790
8269
13758
12123
13882
12497
7844
4014
5929
10076
13353
6376
8681
13590
470
3181
12121
11400
4638
4651
13478
13971
9652
14160
10488
2843
1218
10902
8422
13769
1814
956
14546
13015
6576
7464
13623
12023
2410
9047
2369
11058
8952
9469
12407
5582
13638
8542
11488
13893
14903
4321
5951
13392
15530
12739
686
7358
2231
1938
1662
13744
7010
14746
4819
12239
1314
1691
3339
2049
2773
11292
291
7648
8535
11095
6446
14801
6772
4574
3979
3305
14998
8902
1032
4942
15219
13550
9986
8002
419
7214
8353
6423
15755
1613
15712
5453
14430
5730
1934
7716
8866
7541
15825
14718
574
7042
7474
14867
8841
7306
11084
1752
11357
8513
2780
1208
6671
2815
8270
13471
1236
5641
1387
14990
11011
14668
9335
754
3072
11150
827
15390
13724
15353
10547
4068
8130
2320
4929
11009
5359
14655
15768
1667
6967
1137
6275
15451
4689
9338
3081
5074
14838
6526
4335
1034
3348
145
3737
12519
8088
999
11971
3237
12620
11868
2292
156
1172
15787
10138
8873
2199
9085
10702
7089
9778
15664
7516
14863
12648
7551
11505
12259
8461
16353
203
3953
7456
9137
12509
14919
9956
14523
1331
12912
4631
7687
11070
1258
462
7538
15527
8940
13679
12920
4413
3740
11196
2528
2945
1370
4614
15230
7679
10463
1287
13788
4400
16273
13060
7639
43
1807
3674
10423
93
8395
7233
8919
14513
4036
15477
343
6761
15847
14506
11002
9993
861
9455
15133
9344
9129
6289
2066
681
11250
6069
6555
10274
8159
6472
11741
14113
12671
7171
7247
7101
6017
12830
2392
15708
3613
4268
4596
11382
14154
6786
14806
8936
6561
2722
15667
8802
128
15620
10630
16277
532
1254
11299
3150
3913
3026
2881
7195
12260
13610
14765
7549
15432
9168
3141
3771
3435
1008
12482
3271
15566
10286
11865
9664
10770
2485
1622
11615
9962
13076
12371
14480
6544
6300
12674
9346
10872
8143
1878
4774
7276
10838
6195
4859
3027
3368
14600
10619
11131
11388
10395
4166
1976
1441
2067
570
2691
6138
15526
10646
3614
12852
6501
10603
3769
3352
12281
2266
5504
16026
10383
5968
9230
12904
4807
1183
5073
5843
15474
10720
4415
4192
9908
14884
14216
5105
517
1459
2190
13135
7496
11560
14432
11423
9667
4763
3591
5706
14217
11348
11571
5699
4081
10545
9684
10704
7255
13829
701
13859
8824
14904
5345
2522
15860
11895
5514
14966
2178
4978
9558
15259
3405
3834
6849
4188
8332
15256
3013
14902
16354
6103
3399
8445
1735
7829
10030
11796
9872
14743
1327
6215
9520
1297
15906
8399
6424
12789
5862
6538
2950
3944
14258
13077
8079
14457
8030
15559
12405
5272
4248
14918
10374
5632
3437
9800
11789
15632
1307
8045
5629
2576
3633
845
15472
7303
9881
6982
10740
11647
13200
11111
4394
8607
6691
4783
15050
14267
11390
8191
12149
4342
15875
15801
9185
1812
3832
11039
15021
7335
10596
1628
77
5011
15683
13982
15185
8414
2042
6166
14908
125
15008
7152
190
14700
13140
16303
13183
898
8314
11055
13050
6734
4239
2299
6690
4918
8905
4616
6425
3518
9665
16329
8457
8369
9818
3697
8648
10335
1975
10910
14284
3433
6706
5799
10445
9310
9046
13670
1594
2682
10380
677
716
1656
4027
15969
10656
14300
13350
5572
12798
13779
9428
10471
14000
6320
3126
2135
7082
14561
1164
14336
8793
5766
16055
3493
4557
1799
12469
1461
8619
9935
3696
10152
4025
9697
1241
15960
7994
919
15862
14568
14974
9516
1035
9915
3862
13814
9445
6974
11361
4376
14594
14121
14590
5085
8092
696
12589
2131
11374
15067
900
9537
2275
8888
12139
11683
3298
3826
10386
15871
1732
2350
10602
9750
12755
13713
2627
3276
7483
14211
5977
3376
2830
7675
641
8804
575
7741
3553
3694
2226
8766
12468
10628
12536
15153
8698
6995
7815
10884
9635
6937
6781
13628
9375
10722
14034
381
15200
11848
14374
13354
3180
2323
14441
12165
12502
7801
2646
1345
32
10085
4851
13493
7536
10328
1561
9811
2284
6171
1435
16120
2423
3148
15221
10746
10930
2418
5985
10565
7388
2452
15297
13602
3423
11162
14470
3678
14783
921
16243
15638
9499
1858
5589
3850
5316
8003
4101
8115
6581
13816
15729
14200
339
12900
1768
12693
6118
11248
87
15056
11475
13792
7765
8041
8282
15217
13966
7196
14189
12398
1220
5097
11037
3608
10529
14504
14290
12677
13770
526
1985
3809
3417
104
11291
528
11947
5389
5802
10773
5969
8539
13301
656
10143
10734
1326
4150
6757
11930
7949
15279
817
13167
8242
11317
1637
9790
11626
984
6957
2812
4054
12797
11914
1893
6771
2956
9116
10368
13205
1072
9453
724
13092
530
6623
6943
4603
7923
11447
9354
6908
2616
15849
12559
15283
4947
1029
4496
10876
9756
733
11819
253
5212
749
9992
15361
14264
8797
3984
12854
6439
188
1440
4164
7165
2575
15851
7950
771
2241
7718
6431
8453
16201
12555
8089
2113
11242
4618
7447
9535
13078
2782
6953
4722
9144
11127
5634
1120
15669
7186
7137
1801
13436
1494
14922
7090
9841
4671
4013
1749
2259
9864
13139
10288
4917
6901
6482
6342
7124
4057
12003
2110
12242
8446
9486
16274
9593
4503
14037
8555
7162
10149
14314
3143
5304
3337
897
14079
11114
2808
15225
1512
4902
8767
7981
9673
7435
14591
6366
9830
4232
15080
14551
3114
10087
2302
14413
2322
12553
707
4941
13009
13917
8450
10504
8441
5324
8974
7117
13403
9987
176
10338
9867
12273
10486
2309
14465
9522
2728
4243
9886
1186
11638
8492
3131
163
13454
6497
15957
11644
974
11973
4855
7418
6288
4633
4925
3764
7980
1894
2437
14474
5627
11264
6473
9565
15886
8778
11923
13740
6751
11650
10236
15154
11553
13567
1365
85
8554
2821
6286
8609
1621
1228
7626
13441
10777
7831
9179
3555
1583
2730
12310
10824
5077
4098
13563
13572
8746
11909
6001
3539
8280
3784
7745
1959
14991
5639
9175
1883
12078
13856
4956
15661
13844
2891
15701
7797
14565
13841
3733
11473
2525
15500
2535
10192
13584
5183
16166
10992
2896
5715
5497
4002
12832
3266
6319
524
1397
13455
4114
8142
539
10114
11395
14675
11401
8820
13985
4108
5474
5002
11069
3519
12460
8053
9113
5989
2463
7149
14266
3387
3133
877
13951
7160
7058
267
14273
9183
15921
13327
403
695
13819
10078
4602
13094
9287
14424
2454
4641
6129
12047
8182
14235
10425
10040
11082
5512
6915
5857
9782
6699
361
1792
1530
6421
7632
6417
16153
12108
9983
12728
5022
14588
15722
9752
4613
9333
5916
14442
16138
2422
628
4230
10391
13535
7168
9532
12681
8325
636
8833
4608
1181
10612
5917
12868
5302
8028
1582
6074
16171
11368
13822
8236
3204
16245
4282
16083
11032
6931
1789
12828
12457
12358
1011
13968
2997
12484
3559
6023
16285
16381
7916
2444
899
4450
2899
11674
4363
15668
16307
14982
5049
14654
13825
5992
4688
13269
15504
10015
13533
12811
4972
14312
12890
590
3045
10839
5055
5631
3069
4946
1811
16175
13662
15817
10215
12746
5179
5531
5960
13314
2493
4637
69
14002
13223
6189
13651
8331
8274
6108
6266
3607
6310
16064
12056
2793
8263
5464
928
6251
8942
11955
8621
1357
8852
16339
15603
9131
9303
10796
10389
7315
12204
578
5727
3489
9308
11300
5024
11136
2574
14555
10371
16366
6647
15420
14468
16325
7450
15893
5248
14677
9233
14940
2026
7399
710
8887
8615
9060
9071
7835
13338
2441
12633
8574
12608
9791
12856
8654
10651
11864
13202
11575
5691
1682
4663
14011
3825
10474
10031
8031
6405
8029
5089
8186
161
2039
13634
14030
4463
9381
3906
9959
2507
11622
15515
11267
16173
10611
4705
8406
12100
15329
1780
14626
3028
5770
9360
642
6600
1994
9995
11954
15998
2212
16087
11068
11104
4675
4694
4319
9562
13878
12611
252
14077
6247
13611
1500
11403
13346
3242
10732
4487
9506
3052
4434
15194
1751
14456
9471
7890
6511
9503
6106
11748
7180
4887
6260
9206
758
10860
9154
14498
13158
2583
123
6752
5038
10330
7333
14839
10082
11721
7676
16052
9672
9599
2301
9431
3847
13811
5739
12538
3517
6374
5648
6059
10760
5939
14509
10507
11620
11336
16330
164
15858
788
14139
14870
9658
3491
637
436
11279
14452
8230
4520
11866
352
13416
6322
7209
9118
12706
16264
11889
9107
292
2165
15606
10023
14140
197
9849
11702
4329
16322
2684
6981
5794
5441
14262
12592
10806
13322
4578
7734
15160
3404
2335
15130
7772
1772
7678
12823
8953
6675
16107
903
5287
9797
14396
15443
12911
3508
2270
3868
995
8978
13618
9390
15114
6216
15391
5692
9127
3480
11653
10397
12400
10699
12303
16010
9900
12647
3127
9033
15635
9329
1803
3372
10801
1777
1382
8301
2612
7669
5542
4784
15306
14955
12625
9174
843
11697
6226
6413
2618
9044
15049
9979
13282
15919
3300
9649
5087
16333
1103
1267
7589
9226
10994
3477
10014
11863
1245
7909
769
7784
1372
9074
6578
13617
58
14148
8458
11859
12769
8135
10869
8321
11836
14629
15662
5762
6768
16206
737
11956
1681
5136
9248
2399
5234
3667
6412
1963
9729
13711
8602
2619
9929
2652
1988
56
3541
4353
8863
14589
804
3407
6579
14544
14076
1184
15567
715
8432
10836
1765
3942
134
12587
1606
7330
14786
1419
10886
11608
14119
15030
15814
1846
11625
13045
3319
9582
2194
8533
561
3664
14585
9738
8799
9976
14198
4375
6150
14285
12128
12401
9529
11569
13002
3626
14195
15364
9870
2848
12440
8245
11507
166
4251
3149
11731
15146
11603
23
11907
811
10864
7942
2227
10245
3193
6811
5764
103
15176
8165
15800
2870
1906
8348
15918
9041
7846
10158
10963
9055
15834
15940
7060
5684
1360
779
11883
12501
151
14707
16130
3527
5193
14574
10682
4051
13366
2760
8524
1053
6713
8014
15819
10209
5599
7887
3632
1847
4931
1871
13273
11762
3791
9931
10281
14208
9364
1914
4468
2888
8853
16221
13762
15894
7221
13351
3100
10783
4088
6082
5416
889
11031
16133
9576
1080
2502
3770
10974
8589
10222
10405
16267
4728
9443
16109
10265
16013
2617
16019
12233
5284
10914
5649
10892
4216
11143
6392
7659
1706
12301
7063
3264
1836
3121
10305
5569
10522
13380
10844
14614
7176
5057
14252
485
1897
10977
14860
7931
12682
10514
5529
1717
10688
431
952
1647
10199
9735
6210
1250
1162
11195
8573
979
2092
9574
4172
1554
11976
566
10969
5375
6947
13275
13342
7207
2310
10658
7307
10894
2579
15431
9747
8924
8149
3679
1788
10473
8336
15299
7185
8808
13397
15077
6586
12224
9787
1849
5848
5902
5054
4117
13508
13669
2250
9314
14642
14925
6341
13207
9059
10735
582
325
9300
2536
621
9030
9554
3135
13916
15663
15778
10365
8500
6217
5237
1452
4820
3586
14334
1528
11065
1638
14949
9727
5348
14271
6327
3708
9879
15380
10893
12417
1619
3146
15396
15985
10008
15365
120
14637
14978
5666
15688
3673
11491
9698
6836
6344
12186
13993
16103
12984
14563
12556
8934
10782
12697
6197
12533
9253
1019
6993
6587
10480
7900
4228
5244
5557
10243
4129
2999
7263
489
10217
10161
5446
6192
12851
8425
2953
13186
7108
7235
12421
2979
14724
2481
5959
5516
7613
5918
4691
7064
13701
11821
1114
10029
468
1857
9014
6086
2424
7534
5588
12651
4718
3562
4960
178
9407
14796
3978
14270
5940
1891
13106
3924
10429
2233
13143
314
4336
3522
6888
15881
10182
10145
11939
10054
8047
14678
9341
8255
12997
14992
7348
13953
7960
6290
8754
14007
5117
15271
4303
8775
14329
10595
2140
14018
12577
1997
1451
11234
11257
9575
7787
4544
11318
4233
2327
8380
3759
5621
7901
2470
12180
4419
13731
1955
1042
3190
15869
2117
874
6705
6454
15673
7872
10359
8807
806
14942
15944
10475
14105
3763
10469
9933
9746
1703
2129
16144
12618
130
4850
12652
4181
7746
7095
1050
11335
7254
12591
11555
13102
14823
15029
5468
9383
4524
6679
2056
11087
1409
2506
15610
15233
13303
11168
14436
7720
613
14501
2602
6020
12250
6922
13596
15975
11185
14853
1716
1707
11695
1586
10843
4348
10390
3860
513
3616
34
7490
8302
15389
5783
8584
11418
14354
15347
8220
15406
7793
5523
5583
12957
16047
8898
6509
3895
9069
14398
697
4955
12602
8465
12893
2318
8836
1209
14912
9115
8903
2744
2442
11556
15758
2595
15951
3113
6865
9776
15328
924
11629
12192
9616
10684
15090
13813
1277
14080
9317
14692
8094
7935
8784
13574
9430
12132
12628
5997
12733
3911
175
9176
13630
1793
5473
9526
11184
14856
14438
14326
6601
15065
5326
9966
16079
10500
10141
9239
16259
1535
9561
2735
12438
135
8915
10431
6485
15100
6039
6114
7103
3273
14727
4001
14042
5070
6149
4926
10604
9465
9384
3342
12723
5436
9315
10299
7802
5922
13913
10205
15672
5421
2734
10525
2290
11621
13964
4046
603
11191
7697
5124
5671
14931
6551
6334
7548
284
3058
2657
2738
11584
10693
15680
11763
6722
10691
6852
10993
15459
8789
7588
6053
15505
9730
8655
12814
12880
9200
6766
8918
12807
7227
15085
6996
14687
12941
8861
15270
12623
12581
10979
219
14185
7454
5759
4254
11797
4834
13700
8473
3057
14309
947
16326
8063
1366
5651
2675
8580
12839
4826
8215
4314
14525
14807
4008
5470
14849
12913
261
14081
7482
1696
13221
12039
16187
12568
9178
776
7084
15332
2789
2907
3186
3223
1169
11687
948
7798
2996
1422
10786
14328
7075
3402
12029
14877
768
8319
996
3585
4371
16338
9704
12876
5842
6306
5795
1417
9546
12331
1342
14748
13842
1859
7962
13544
2641
14261
7017
584
1197
14946
7966
12082
15878
15784
6642
4908
1759
12808
646
12801
10830
1275
10549
9685
8965
15198
13109
6043
14177
13216
16235
12399
12672
12476
4330
2291
9109
6064
7991
14579
1715
10021
15379
15644
8352
13212
13941
7046
11831
14086
14515
10037
704
3663
12793
7670
15015
2777
159
12689
1265
4389
1956
12787
5941
14864
11479
3332
6665
9611
8914
2105
6823
2746
4010
10706
12339
14702
726
9498
12976
938
14916
427
8421
2817
7732
3754
926
501
4825
5866
11893
1266
7850
15083
2670
3331
16233
4073
4217
14392
9607
6467
2902
15151
7518
11600
6173
1281
9123
2620
7816
10881
14158
4347
11578
15735
7527
7491
4598
850
7685
15613
15032
10317
15656
15104
7694
13435
7308
4778
13473
7258
6670
16208
14123
6991
10866
12921
9666
2277
3707
2720
3303
3188
12726
5309
5208
5957
11483
214
7959
5462
13459
9385
1231
13746
529
13374
12081
2342
16090
13960
9622
15
6265
9629
8403
9015
6325
16132
12759
4033
4473
14929
4989
4424
13336
4713
364
14630
10434
2164
8303
9732
6723
11415
10186
6428
16170
6477
2897
7202
7838
9661
4148
9614
13609
14696
4212
15831
14587
1543
1648
7031
2770
7248
9064
9813
16373
15371
6759
13894
2008
15327
16355
466
2697
5927
7905
16223
14293
13133
16266
2567
7194
11911
9687
223
1774
3995
10952
15830
719
15549
12085
6784
6707
2337
554
4777
15394
3828
12412
15914
15116
7929
9110
13732
11377
11511
11903
8875
12796
9898
10229
7375
9507
1609
2307
3511
10398
118
16080
2733
11090
11306
14782
7507
16093
16067
6444
11165
7705
10964
7003
6403
10240
5894
15702
202
13476
1062
1472
10680
11944
6474
12429
4642
16365
8854
8362
10526
805
1496
7575
3177
15019
6372
3036
8881
8880
9896
1946
15036
5251
3894
9247
10447
5250
12083
1927
15904
13494
10863
2851
6094
12270
8991
13004
14792
11026
9836
8379
10536
15691
12368
2041
5586
8523
12943
4065
14163
6846
13613
4876
16183
4943
12596
12232
8984
1178
11902
2096
12341
13712
4551
11325
9823
7346
12071
11997
11051
4773
678
13892
2397
9804
2742
14619
8349
3042
1559
13593
435
12799
2152
5423
8817
4706
1951
8334
6948
2771
16126
13948
10577
4737
15676
14343
852
7102
16119
8528
8417
12632
4948
1488
12162
1885
1078
6240
2246
12435
5773
5048
12306
6047
6381
12500
1692
11343
10151
14250
16212
3935
1695
12949
4546
7869
11572
14483
8664
10202
10915
552
13227
13823
1966
13448
2459
12639
3184
1737
295
9973
6127
5576
10907
3619
4360
6230
12346
714
8138
9707
7237
9029
7405
9808
8073
14977
3549
2668
2176
13362
12605
6695
12565
2338
45
16038
8995
15911
2101
14372
747
10573
693
3645
14477
15528
7353
15508
13950
15544
313
4157
6360
2208
856
1406
6368
10673
5041
6804
6298
131
15276
5001
6746
5693
3183
11072
15890
6394
15141
7919
13312
8323
12539
3505
15624
174
6312
1546
5511
2639
5638
4995
11983
7896
15591
8156
11943
3780
16078
14222
8620
1041
12909
12766
2958
997
1674
10401
816
7436
16124
16337
3990
2388
13419
11442
1182
12510
14269
4662
9755
9045
14322
12696
12050
676
13383
11354
16278
16296
16022
11452
633
4699
14124
7547
5372
823
16360
9353
10402
6614
90
4080
14405
13719
5391
14167
12265
8085
12116
14311
975
744
5407
679
4058
4155
10301
3506
3624
3821
7344
3280
3467
10538
12523
15764
3866
14461
10719
3322
6440
13291
13293
8747
14795
11486
1048
1291
2356
4833
14715
4071
6503
12164
8597
4242
10482
4397
9094
7179
6525
1289
1824
6552
12784
16179
15218
16045
2941
8011
10098
27
6411
15296
10906
6219
8774
11098
12795
9711
14395
1850
2501
2019
6984
6045
9779
14521
13999
15078
3218
9627
432
5827
8023
4565
10090
11240
15599
6142
9297
11397
16030
11952
7922
9133
6648
14644
13147
12701
13178
6883
13935
12715
1660
6212
6916
11356
15509
10385
973
9324
13278
5502
6540
8859
10648
15113
14932
15044
4340
13759
7956
2052
1004
14527
12887
16315
3468
1466
6010
13672
6765
12721
569
7366
11854
2082
15059
1909
14135
7484
7156
12511
10934
10759
2472
3503
6089
5263
8543
8172
7552
10570
15242
2911
2505
568
7830
11758
8459
10135
11596
14338
10982
559
10978
6929
7378
3215
6223
10266
6388
10115
11534
11338
13540
4403
15716
10086
12408
9145
10187
8712
4021
8068
13793
12833
1202
7486
3579
4975
8826
7577
383
1436
8128
7624
14248
307
11718
6273
7232
11018
15190
9334
12820
3408
15068
11263
8510
2455
4780
5636
9001
13391
8026
7606
10334
2705
1354
13694
4104
6442
10594
2202
7758
9331
3226
6608
13551
3851
5014
10675
14094
7983
1599
5115
2551
7884
10548
9596
4534
10880
12140
8646
15948
15802
11500
12246
7596
2030
3386
2412
6213
7537
15749
15238
10270
13005
11657
2696
12218
14495
1661
10175
3773
1778
11310
12980
16174
6384
16224
9270
5149
5837
9780
5373
3365
14001
447
6397
10212
7393
649
9676
12822
6110
6745
8776
14557
8823
15143
6859
3803
3084
5986
5893
13026
9758
8008
11113
10163
6340
1271
5265
4828
11664
365
16336
6971
13818
11480
6530
15678
13606
4677
1867
9184
4311
8569
2088
12355
1965
11133
12515
1680
2154
3251
13298
15897
9686
15887
7062
7714
1611
1675
1659
5966
415
6814
15386
6533
8281
9299
13138
14913
3205
4149
4458
1045
4588
6119
3090
3047
6048
4369
14260
5874
10779
15094
14935
11988
6153
11940
797
5823
7727
1862
11253
4093
8583
289
1511
4867
19
4035
14476
10106
16190
12427
4048
10387
6061
6885
12872
9391
8788
13680
1111
11085
6708
6588
4271
15282
2534
12156
13414
8409
13995
13036
16006
2209
1753
15268
14785
378
1729
15439
11396
1547
5254
8798
4445
10825
2090
5735
4695
16021
11715
2825
9789
15955
5732
12545
8578
1639
14979
6029
1714
15228
3886
16210
13595
2685
562
1625
6321
2759
2766
9121
5558
13220
8923
1049
15248
13270
3362
5312
2698
2925
4714
5170
2986
15707
6872
13743
6470
15786
11822
5652
6789
15812
11327
16265
10271
8567
1585
1673
4739
7620
14939
11141
13626
11463
15465
10586
5094
11729
14191
8970
969
6395
1624
8760
909
16348
6843
5176
8241
8977
13901
12590
6870
6863
9916
11871
10063
13727
6625
7150
7723
9452
8258
4549
1421
13812
8145
5972
10683
5017
14621
5320
9028
10188
9654
5155
8238
4396
591
3856
15723
15674
8216
5443
518
3628
8563
2414
4945
13692
4800
5238
11407
11457
4693
6597
2383
12850
12524
1475
6730
1052
3031
7852
1347
2362
9740
7828
6936
10960
12962
722
14964
2167
12875
14959
15690
278
16242
8975
8762
15108
12853
6112
5274
11121
8224
5694
5713
2243
13421
366
143
15101
5738
2540
3929
1249
15947
11470
15770
11528
9125
13231
12253
833
4842
8374
2913
196
13388
9456
409
1143
2937
5422
6508
15454
9339
16249
206
14914
15962
13373
14333
6099
10269
6819
6797
16340
4364
1407
5552
11041
9720
13048
13080
1230
3744
13166
8110
7964
11054
7395
1344
11349
12315
1595
15234
350
11013
497
10532
12724
12667
9101
10452
4126
639
4105
9961
10316
9712
6323
7434
13333
5331
13100
3233
9660
2114
6605
11704
2678
7690
14582
10967
8463
3840
193
14304
2398
3846
10727
8882
1725
13904
12462
5743
2316
13543
12747
15823
5670
3122
1705
14774
7610
7331
12024
4280
5793
15804
7565
11174
14947
764
4198
14055
9970
7281
3380
14492
627
8133
4152
14058
10745
5787
2451
4838
9199
3134
1884
2658
2169
14993
7433
10304
13868
10520
14325
4667
15355
13422
12210
10962
5647
15824
1430
3274
12490
5604
14259
864
11701
2124
14653
12223
2869
142
1352
2308
4617
324
12805
7338
5354
12492
11855
5243
7693
9203
2667
11563
12983
11301
4297
16071
1855
3462
6812
9316
6379
14143
7763
6399
5252
1943
12826
5201
4710
7652
14303
2329
4322
3290
5920
13425
12130
9075
12262
11649
6113
7141
13235
14533
3802
1446
9550
11588
7514
12961
10743
3648
5339
9924
3118
9180
11352
8757
9484
7932
4125
10421
449
13546
6253
16085
15087
5363
5484
14466
15846
12068
4191
5876
4803
11001
10519
1568
14156
10140
13908
12102
3747
417
6116
6968
153
4767
6590
2062
10751
13657
4089
1205
13963
7390
6504
2482
2504
274
12472
14066
1942
3909
6687
96
3781
16084
8408
8065
10400
6489
12336
2276
4495
7367
9689
9724
3801
4022
5165
7576
6603
3758
9139
12630
8286
2677
5262
15868
12320
8184
11476
189
12200
4236
1333
6183
9162
12584
13112
839
7641
12707
14382
3859
8192
7028
3261
368
3416
11283
14345
5321
7637
6165
3842
14173
15097
2357
5236
14647
8501
5488
15395
3732
10027
7941
605
625
2745
5728
8001
6938
2032
14279
15240
6611
13096
3059
6013
11730
12668
13049
11759
1104
3643
14631
14810
10539
953
12350
1150
10280
12965
5053
6626
7242
1671
1187
12582
1629
4153
14313
1584
10430
5791
8611
9989
5741
5169
11673
4985
4070
10530
13238
7938
3576
4748
12094
2269
3714
11888
16217
11230
12455
9319
15274
5100
12305
10194
10622
12580
3414
13095
9363
7139
2732
1121
11151
2084
15122
13379
3369
12607
16020
9268
7047
8530
11906
16032
5833
8296
4374
12109
13070
1107
13897
8059
4378
13326
7722
5982
67
11021
263
394
1007
10261
15916
4657
7497
13007
9446
9965
9135
10061
6598
2183
5913
3946
2185
6887
1176
10102
10762
2002
2823
11623
1223
3974
7107
8327
1962
10626
13483
6550
12656
7403
12525
2417
6807
3993
11487
8512
6547
3588
11311
7581
3129
3882
12276
7526
2252
1210
4184
3307
10366
9552
958
16237
12234
2293
6072
12750
14046
1590
2401
1882
3432
5724
6493
3566
15024
1083
1677
3221
2427
8196
15926
12931
3484
12169
7594
16324
10574
2256
7317
12849
1616
4827
11243
2628
8704
15255
12896
2016
10667
13566
11036
6371
13149
5062
7120
8606
281
3934
8456
12014
2633
191
6877
14641
8531
4055
1070
6475
7477
6512
5068
2476
9902
13821
6829
824
7810
16239
6548
563
3375
536
961
6156
6350
702
15762
7979
3007
11703
1359
15829
4805
4050
3739
3817
6940
6297
15489
13925
16156
12803
9998
10624
5492
5761
5305
1756
11658
13627
11857
6427
13426
8437
8839
9439
3617
1903
9181
10287
15266
8496
9198
4988
10799
13761
13479
13714
1736
7332
4365
7369
8070
7743
11046
742
2510
15082
1560
748
9377
14357
10856
4668
2158
5650
5387
12709
12695
12101
14029
793
10533
4221
11773
13233
4030
7288
10093
1117
129
10840
1462
6799
8499
1393
14730
6382
1923
12670
1188
10450
12684
8337
12313
2904
14355
705
1270
4426
10576
2180
7562
9643
1734
4265
6930
15523
12430
336
11008
5633
3558
3185
4338
15105
9093
14850
13783
8669
9492
7684
4263
3525
3329
11305
4045
12461
36
13837
16254
13944
4253
2172
11307
254
9006
13194
9371
8043
1030
11432
9156
7206
4979
825
3569
6724
8867
4680
2702
12870
14318
950
5071
4846
14973
16204
9068
2232
13463
3170
2065
15313
448
3623
13418
9173
9806
7448
10177
2712
10203
7453
13583
9016
1043
14406
12800
8477
5083
1640
7644
6021
7820
8357
6304
10381
5942
14734
9254
3535
14031
6954
8427
2922
13755
9619
1190
15458
6274
2446
15752
14566
1823
8931
5832
3642
13234
923
1813
12375
11449
9581
10568
9130
13484
7771
4145
14736
11872
8816
4635
12117
12079
1964
8878
14965
8545
12837
14023
16134
12422
11594
12155
1140
9295
667
5370
5915
12343
15756
3270
14840
16352
5984
7479
14230
13703
949
15629
951
11665
10080
8656
9318
13171
14963
13532
1240
6203
11417
778
6970
15195
6314
315
15751
5698
9266
3627
9541
8287
916
1094
14335
13271
12518
11208
10160
12437
7768
15545
8148
8544
4411
3649
7643
5033
1795
12923
15609
8699
10970
5784
11124
15107
8844
5435
11742
14028
2279
2841
14368
11471
101
12255
4643
13119
15575
1899
10307
1641
8913
9621
5836
10940
9511
4900
15173
6180
2530
2351
487
297
2179
13219
13910
8714
508
9539
12448
3496
9197
13469
5875
11155
787
2373
11794
5767
9668
8114
7761
11219
6593
11091
579
16342
1796
6520
8147
15359
7926
16036
14039
13245
1332
11322
12653
5489
7799
4074
6616
2242
14455
4204
2716
2992
8671
16369
2278
1984
1727
12097
8907
13348
6163
13228
4226
4031
2034
423
9788
16195
11063
8623
10868
7340
8333
5879
7603
14359
12563
13553
13159
15326
10780
9412
7667
3469
14612
10494
15967
14090
2637
1402
12906
1676
5744
5047
3883
8137
4940
429
6728
10122
10419
12390
932
8161
3501
9615
15069
5482
8108
9288
5790
13213
10465
981
12459
4194
4973
4923
5140
6513
6404
7940
14199
10258
15565
2824
2468
2492
7707
5995
6270
7019
11042
4870
14179
5873
6375
9601
11977
986
9866
510
16088
15163
1876
12057
632
800
8469
5338
12619
5853
16065
16157
