8228
2807
3285
4618
11585
11761
5469
2644
1894
15250
9404
12023
2570
4470
3372
1287
13018
1861
2292
15030
10613
594
6999
14368
3183
10429
6256
4917
12655
15253
13227
8729
4865
13430
14655
8803
3615
8462
8370
8937
9865
6402
10026
7018
10448
15040
6123
7244
111
13514
10319
6496
7538
5461
3306
6069
880
3319
2839
8705
13909
15878
13174
7181
6051
5684
3239
15401
464
13560
14588
13582
14121
8024
5989
2507
3674
12911
8805
11015
2190
12242
1273
14614
285
1961
9147
14284
6375
15533
11033
7621
7728
1357
9433
2222
16296
13381
7295
15129
757
12121
7382
1945
4346
7316
14131
15999
7810
13424
9856
11912
2145
1753
1090
2465
12260
6424
2633
2912
11770
10358
3668
5041
1044
14547
9540
9248
12979
11014
436
10811
10362
5767
1224
14263
14235
11564
14928
16126
13188
11020
11052
8131
10990
12719
14395
11391
6009
10137
128
4626
8216
2854
4311
3727
2683
1675
9995
126
9951
13054
11429
1469
151
3580
15331
12904
8751
1453
2646
8222
7156
5848
11188
108
5550
9902
6254
14897
4331
3612
789
10662
489
3819
13111
6320
16335
15368
4786
5214
11951
3832
11273
3788
14003
15258
14710
12929
13050
15295
4958
12954
5398
8796
4440
8226
2895
13523
1988
2477
284
10229
6414
9688
4378
9750
5057
2141
737
12531
4992
497
7078
7569
15714
1263
2789
15690
5245
12953
11300
9983
11075
15052
10717
4315
11124
12677
14971
12554
6012
8022
1654
14434
9715
5840
13200
10
6007
1209
9642
15039
13236
7866
8787
1621
5803
16042
12195
10511
3637
10072
13942
7943
7675
15544
13967
10310
14292
14824
1589
265
3683
15141
9230
15299
13935
9672
4496
9961
12513
3033
11825
12504
8999
6445
4957
1635
5439
8766
501
8832
12465
14744
790
3919
14896
13901
12388
4947
6472
10571
14439
4175
7891
8053
4767
3212
16054
14609
7918
7917
6679
5687
437
2732
6030
7832
6114
10790
2045
6972
6237
3940
14914
6968
8948
15736
1426
13678
9985
14020
510
4038
12178
6765
16352
12244
2148
3616
4487
4741
5183
2142
5059
113
9386
12957
8328
14973
6134
1667
98
9748
12597
7223
14957
10680
11820
13379
2028
15414
3745
4326
10077
15513
7984
15327
13020
13717
12797
5947
665
1439
5628
2302
2397
13696
5338
14612
2154
7141
6109
3672
10445
11426
15707
2208
7398
8154
14447
1385
476
74
11396
12938
781
11661
1111
1529
7615
16303
16211
15007
8148
12113
828
6238
8763
14317
5959
5555
11149
5649
7698
14575
1137
680
8208
12826
5903
1051
15270
10742
13001
7653
4067
6359
14075
9366
6786
15947
10546
14088
11100
5283
5632
7796
11324
14079
4546
9409
277
5582
10500
15909
15191
7399
4615
12028
12403
4862
13101
6150
6902
15908
14645
6011
10260
12945
794
2257
13569
5728
976
10715
14662
15928
8724
3211
6153
2826
3716
280
4799
13266
6652
7452
13276
685
14970
11111
1045
8639
9860
10846
13377
8346
5855
14448
11049
3276
4852
14314
3418
11626
14186
1285
5452
8173
7555
10973
7300
5349
13249
11310
12984
3966
4558
14117
14749
15850
4107
11212
13450
499
3977
11017
13791
11239
5092
10630
6462
8486
1844
5815
16368
9740
8552
5045
8725
15528
1208
148
3184
3652
15941
8345
5462
11180
8248
13394
91
2921
12968
6622
16266
1934
10034
1240
5833
2011
11172
7901
4775
7302
14025
1790
11720
3741
13362
10206
4316
8143
421
16138
760
1824
8487
7636
13820
15226
11063
9779
3013
10542
2312
12623
9072
8267
6233
8188
2204
12093
3734
673
2449
10555
7722
6736
12112
12163
57
6463
13930
943
14316
16307
354
4018
1156
8810
8970
11285
186
10938
9591
15858
6035
49
1303
10344
909
6594
9357
10335
2337
992
15027
6196
16273
6360
1587
14366
13938
4027
15717
12440
13061
2529
21
4802
3815
13021
4941
5076
14960
3495
9636
10413
3142
736
14091
11295
14684
10144
13421
9552
5652
10458
3853
13390
5387
12774
1797
2960
7496
10549
7928
2013
14558
1791
9923
12952
14281
2152
6581
7336
15575
7942
12533
4160
11704
10922
11177
3420
12032
13077
12875
6711
2033
4126
5613
573
9867
10695
10985
4589
13171
9162
10786
7229
15504
14201
14370
16067
15298
5234
10450
6274
104
4217
15373
15699
10773
872
14764
10764
6464
9287
13447
8985
345
861
6314
13548
9852
1916
6576
10626
10502
2043
8106
7082
13886
799
2996
4612
6755
2542
16302
15067
10569
4750
8229
4818
9920
1078
13173
10994
3802
8821
6515
2566
8975
7819
9926
5384
2213
6430
10930
11284
9970
3771
6646
4716
10338
14704
11756
10060
4792
14076
11282
7934
11216
3618
11007
7802
4814
15193
8483
10125
2795
9293
3858
7361
11518
15674
5570
9286
804
10382
8312
11394
6417
11154
14760
13411
2074
6020
12757
5671
13795
10691
13056
10996
15485
352
15147
14899
8064
9639
1016
13660
5510
10339
14300
2007
6390
7233
8555
12728
8088
8946
15663
8114
6210
4032
12251
5457
4993
10641
12332
424
307
8723
7285
6306
11507
10949
253
14885
7339
10288
9828
6300
13145
833
3332
13771
11022
7933
11090
3171
3765
6811
14323
3769
14888
6418
14221
1721
15332
163
11009
11640
10487
6829
7135
12877
8158
7192
5774
4717
883
3600
11839
3831
705
14770
9123
4474
4974
7415
6561
9994
14574
1313
12507
5719
2189
11781
15242
12284
6856
5688
4698
3779
3830
11261
1959
4007
2930
13722
630
2745
9761
5910
12500
7002
1624
1087
2019
6799
10774
16354
3784
15734
8306
3775
5512
9210
3673
7559
4648
13818
7969
11644
13326
12345
14332
2288
13565
2525
4016
11658
8628
10364
3493
6135
10263
11638
8728
12606
10212
3897
13684
3230
13557
8989
14328
2391
1013
8776
13562
8236
7613
12814
10823
11935
15681
11364
16159
1550
6342
4077
3327
4507
9695
8527
1816
8893
5639
15284
15862
10594
6629
740
4065
10469
9650
10661
4837
1910
9929
13928
3203
4725
8268
6623
6273
13799
10700
15509
3233
13435
7652
9450
16189
1461
8973
1183
1380
5503
11894
9407
6381
5567
9397
1628
9835
4766
6105
8052
13473
10875
8427
12423
3338
7646
3907
1939
5834
8786
12059
9590
15017
3345
12583
12404
9678
13702
3718
2798
3560
4948
11797
12779
915
12960
329
2378
14449
10395
16221
5264
14167
8273
10132
3723
13689
6971
4109
15025
6743
10974
8871
14751
5571
10006
10177
3078
1327
7010
9883
6926
11334
13709
7469
12487
12115
932
12213
13165
2859
6677
11399
6122
9620
7829
6899
2657
7677
2138
1567
12129
1384
6827
1134
11105
12519
1316
4357
2172
6532
14143
14587
8923
9280
9330
8332
10014
11463
3997
1515
9903
9215
3917
6644
4829
7565
9214
4718
13323
2772
2211
8416
3126
6206
4312
9461
4354
11197
13342
15579
15255
4721
15440
659
6706
1599
12736
11406
8717
10031
45
7524
3854
9553
10582
444
3644
15532
2347
13669
4634
6088
12740
6071
11138
2150
5953
964
5225
10055
12331
221
7837
688
1799
13062
9976
11970
7805
3422
13931
15984
14390
10554
9507
4259
5670
5522
12119
7041
12170
14665
15248
5163
13499
10095
3289
14437
2559
10492
12974
6870
13399
14099
9834
5892
8343
5235
6313
14748
2066
7138
8360
2388
2731
3963
13726
10797
12711
7123
15294
6831
9494
8667
10720
7437
3380
15635
8538
12788
6376
10713
5832
5200
6775
3019
8264
13010
5184
11016
9209
5733
12421
10164
1342
7128
13741
268
8196
9430
14381
5326
2963
5810
13112
8160
1487
7363
5224
6516
15916
5501
9051
14795
9314
12558
11886
14243
733
6839
6052
4661
1036
5172
9943
8824
14998
1811
12426
8847
14573
2941
10758
1878
11571
305
11257
15772
6714
10179
7629
7553
9476
11885
4704
9265
5601
2492
3764
7499
14139
14302
9518
13665
6204
3298
4800
14398
321
15036
13152
8467
6050
8882
4981
5223
5117
3487
7219
3874
3135
759
6699
5861
2021
3896
5904
16080
9249
15692
9638
5838
291
8156
16086
11846
5090
13501
8924
15389
13843
852
7798
5682
4228
1750
14388
13595
15124
4091
3785
1865
6259
10614
10071
8371
3390
13289
15570
7200
2289
5032
3175
15597
13503
9645
2737
15698
1664
15518
5559
10369
8912
16120
2346
282
675
15090
15761
15431
2254
11541
1631
2750
4313
4232
3434
13164
7304
9566
9869
14256
5642
5651
13892
2387
12418
3329
6617
12138
10590
6843
2573
3768
12097
1508
15812
2697
11931
9347
2994
3098
5069
3000
12443
7497
1410
3669
8618
14696
7045
2534
13934
7396
4334
10129
3754
12210
3138
3607
7981
4021
7068
9341
12646
3556
12863
13416
12686
6220
5579
825
6866
3717
4306
9369
15546
11810
10044
13466
15437
14127
16115
15325
14086
4028
14406
4329
1975
11901
12459
15531
15452
4574
15261
2381
7528
2005
12376
4031
9818
2564
4724
6769
7726
1434
14553
5239
2012
6716
2048
13510
7486
11542
2758
10187
8650
2862
392
14109
7907
79
13265
14100
12713
7406
2581
9765
10468
1677
10809
13133
12407
14058
2484
12830
14731
548
12043
10603
141
14616
5288
14501
6976
7487
2229
8603
14473
9068
5412
13044
5787
854
3882
271
9031
14931
16171
3426
1847
6638
4263
15724
1427
13346
11652
1014
3045
5151
3680
8611
10097
7830
7593
7546
14963
9023
8960
8533
7649
292
9336
10761
9017
951
1400
7886
3824
2216
6628
10920
9841
2390
15208
9471
4840
10251
8547
2239
7514
4706
453
690
637
4715
4890
7708
13786
4556
2161
8191
5549
15225
15974
6939
1021
11457
8696
12160
12920
3935
9469
2320
9673
13969
7906
10736
5351
1365
9240
5969
7473
11734
7672
15972
8065
1876
4756
10463
10002
4813
13491
13355
3410
13148
8502
3392
580
11510
225
8887
11306
7261
9303
9063
1162
7291
12045
9443
16111
4881
16225
8838
5758
8809
10659
2526
15852
3218
16238
1185
51
11864
15835
5970
3451
15264
1305
8511
5689
3942
11806
12607
7931
2273
10897
13022
14251
9344
4619
1884
15701
3062
1704
1396
15893
16140
826
1032
14252
3915
16361
7978
1764
14267
16267
7370
15792
12890
2584
16089
6369
14414
8737
7372
11860
236
11299
10771
12481
8874
4399
11237
7355
12212
14545
15011
13220
12997
3421
769
15926
16109
15344
3934
1121
2702
13231
13395
13206
13286
8049
10239
10646
5932
6008
5742
3316
3047
10721
3388
1594
6944
7237
6312
3557
1199
15884
4082
11782
11684
5909
14577
9348
10862
8028
5058
447
191
169
7703
6174
13863
1174
7729
9980
16029
5929
11307
631
4397
5475
3512
5340
1152
3780
11595
16372
874
10316
7676
11053
11452
700
15259
1649
15991
12392
2063
2364
3297
11995
3766
3633
5244
5822
13761
12355
13413
15710
11803
13090
13363
12351
15897
9601
2461
10895
13412
11517
5112
3576
2736
869
14870
1731
61
2824
14858
5206
8272
7453
9159
9107
3180
9255
15723
6107
8107
15043
13635
16031
5089
7106
5241
1374
2823
7755
12900
3438
658
5298
15089
12395
12832
15482
15033
9408
6484
6015
8485
1421
7889
1565
8122
7264
15170
4264
2469
7642
10848
851
8151
1091
15326
8548
14798
4300
8539
3153
16320
8129
6835
11182
7064
539
6357
14938
11384
5454
11514
15379
2334
3417
6517
14181
11701
3664
12079
13159
10925
5901
11024
3629
13535
10558
3467
5794
5228
6355
13579
7986
6852
10784
10213
906
2582
6610
478
10066
13880
16044
6077
7844
9070
13680
1728
9479
54
2625
14487
13850
12181
6795
11654
11690
6299
678
2184
13349
2629
10606
1627
8695
3282
9101
11764
701
7996
14194
2599
13649
11515
10325
11611
10401
9955
3168
12226
14906
12107
8322
1355
3091
2972
5862
7994
9295
15077
4029
11158
12280
4913
9380
6684
1007
8878
1148
13725
14421
4466
9413
4879
6619
15816
13091
3528
9156
1378
9708
182
9990
7090
3566
6169
2919
6470
14200
8635
1795
2325
725
217
9361
12496
985
1218
14355
6761
4905
9595
1104
1467
1414
1131
2671
16373
13106
2610
4669
7556
5139
16318
3351
5504
2682
7520
3100
818
12714
2421
13153
12836
10525
11906
1766
7410
7434
14622
14610
11303
15571
7245
11983
14556
14940
8348
11651
4488
14432
2868
12133
16276
16139
10851
1002
16292
9334
14310
2455
15740
11547
14876
12153
6794
11646
3371
9609
9554
15450
8600
5717
3083
8163
9878
12257
6597
5485
13961
12005
5626
5987
3070
3313
12610
10160
13434
14211
9610
5299
3809
5133
8976
11946
6245
13327
15202
3890
16207
4062
16032
14461
2667
11096
7532
11973
9646
2607
14325
8829
11201
9982
10826
4472
12131
11477
15421
4777
10204
13959
11264
2837
14207
12652
2034
11272
1570
5266
5192
12963
4955
4113
11417
6710
15837
865
3452
1451
8056
14872
7218
10262
3353
9345
15599
5191
10678
1891
6026
7021
14148
5497
1498
6980
2175
8756
8058
10093
15049
10643
1748
1526
4341
9285
10430
2279
4017
14089
373
13862
15024
7417
4970
4942
2281
530
2127
5377
4622
9543
7334
8465
4490
14386
2436
4461
6854
10860
3059
3169
15196
6253
11588
11985
5878
2086
7206
7279
10067
9933
9598
15330
2740
15651
9798
3311
396
11354
12913
2540
14740
15252
11291
12391
10815
8260
9349
11003
2073
9291
3848
9925
73
5616
4094
10488
1850
2025
6214
7512
3243
164
14053
10595
10937
11473
562
9194
12807
12961
6793
1502
14504
11227
11360
6758
12013
14772
10921
13304
8031
2192
12214
127
2181
11469
6659
11529
3708
3089
4498
7113
7955
2891
5786
903
14222
6265
15210
9140
5791
12252
2698
16118
6554
9480
9771
367
3681
2323
9319
12308
3419
4348
780
8576
4811
11230
2083
2715
7475
8898
4266
14961
14404
9003
13052
558
4971
1967
4310
4445
379
3201
16356
2385
9279
14513
3288
1080
1334
15397
2475
481
4655
2031
14689
4592
5606
1543
15498
14205
6479
8675
16271
3720
11767
4984
14624
14767
10632
11775
11126
2550
1110
4298
2885
15181
5411
15921
15621
2178
11807
15107
9901
8055
14411
10538
3367
11523
10274
6316
8932
8941
4783
11155
14984
4635
9149
849
8798
9600
711
2169
4122
2355
7597
1818
8144
1933
3518
3721
14082
544
12679
5217
6033
11718
679
12118
3245
12304
3197
9826
15753
10332
1951
14541
12247
316
2942
8885
12491
2423
1735
3676
9741
3048
12360
4594
6816
12207
4293
676
2275
1538
13393
12769
3842
1757
898
9029
3425
6158
6862
13166
7774
3461
4745
3052
12234
979
907
7662
12853
8491
783
11959
16314
6715
16252
3712
948
4703
14276
7600
6246
10456
552
16156
1106
289
2574
3310
10896
13975
15524
15370
8812
14055
6826
10337
10863
9572
10151
4923
214
11744
10933
11335
3591
14800
1140
10481
3177
6386
2417
4848
5902
1141
6152
1379
11675
4869
13086
12772
3073
3836
14747
8867
1259
10215
5876
12756
13716
12396
5708
4711
4209
14706
15904
9626
15163
8402
14922
6822
14324
13598
8397
5921
8010
1858
5370
15111
1435
14240
15815
1329
7871
15317
3894
9613
1963
6395
7628
13603
4444
11801
10289
13157
9241
8357
3662
7092
3081
11963
6844
8714
2650
7608
2951
10346
13041
1979
2487
10404
14643
6606
12868
87
16227
5195
15228
1233
12196
888
11747
7998
5870
13634
12266
8949
2122
3058
3462
10707
12293
14132
6228
5807
4101
7753
9273
11112
3822
12068
7576
15081
11217
10734
4793
16006
2307
13534
13456
957
10299
13949
2447
1207
12505
8071
5760
1973
7193
6478
358
6428
4076
6085
12665
7431
2065
1299
309
3030
15274
9235
12522
11064
1122
11475
9141
12872
14403
15013
13531
14629
6654
1172
8584
776
1997
1338
6213
6738
14639
11292
8164
15831
3044
2081
1182
10201
12670
2947
10527
10202
10518
11367
12593
8761
1074
1478
12024
15705
1595
13488
3714
1501
1489
107
11768
2404
5366
8399
2639
10211
11662
310
3178
9172
4371
5301
15569
2112
2459
7444
12037
9637
11128
7075
7551
458
4570
16349
1404
6945
9736
2359
14285
13700
14725
13369
4654
2801
279
16382
8190
2481
13132
10710
7258
7773
5800
3188
5851
11176
9109
12813
9666
507
9012
14927
10830
11459
14180
3035
3971
8851
3706
14867
13129
8166
15626
2771
3613
2258
13844
5323
11173
6276
7893
8407
2910
6620
5879
7592
8297
1405
2000
12171
10941
10892
2956
717
3194
9987
6285
12917
13970
16228
14607
8130
2849
12149
10184
11766
10017
5247
11559
15391
8380
15969
2434
9041
9401
11677
8907
8750
10633
376
664
2689
5417
10664
3849
10130
1870
2993
5260
5376
4787
7214
10277
13902
516
7610
14617
314
15232
2519
11636
9098
12071
5933
8408
14833
4729
14266
14028
11876
15167
12934
4743
4128
3944
8752
11174
13340
2937
1545
13639
6814
14034
7366
3638
10677
1881
10415
11981
16236
10373
8676
12354
12180
11815
5005
2425
15183
6922
10223
11719
8900
5998
11498
2618
4081
3093
10059
12307
12696
4469
8781
14715
7954
9155
2630
2167
11524
2130
3427
6244
9371
14868
11908
6595
12223
2799
4087
14802
7873
4835
5820
12678
14295
256
12587
13764
9393
13885
813
16280
5403
13193
11589
466
16208
7544
2119
11408
15083
15630
2626
13505
3263
4408
4271
1737
8679
11689
8181
13822
16330
4780
6512
8042
1528
12609
15955
4742
16298
3238
6723
1086
5775
5712
15688
13339
7287
7054
2889
6284
1557
15287
15949
14005
10495
6186
9047
2856
793
13790
13080
7923
4152
6863
9821
4774
3396
7280
14779
15104
8608
1835
2144
13051
14098
11522
8783
632
2457
4135
13876
3020
8694
14163
12805
8472
3868
13404
15131
8670
6900
5269
13282
13387
10181
13530
1116
7311
2681
4130
4229
10681
16216
9728
5489
9000
2913
2453
3056
389
15339
16198
9298
14459
2251
7312
5641
5954
2191
9548
12352
9073
7100
3207
1237
7959
15748
3958
14608
5021
1294
11184
12632
4073
10513
3715
12683
1105
7405
1328
6819
10686
12901
15488
10866
5608
3015
11674
7974
2400
9350
10647
10524
15160
6720
1458
11055
5330
6302
4393
16135
16122
856
7204
12626
8320
16170
12577
9607
3666
7427
13256
12228
14602
11913
12821
13952
7607
5009
5779
12400
10827
13819
13663
6884
14820
10628
12292
6022
1685
11215
5014
8310
8121
2944
10984
8754
5782
4169
11673
5523
14838
6172
12075
4845
7590
13036
9617
4220
7246
9184
15639
13182
13600
8452
10148
15453
4355
12151
176
3117
6457
15762
11968
8214
10419
4102
2473
8669
1214
1929
15356
11456
8651
9953
2464
3179
9491
2105
7374
6748
4874
14214
86
6602
3611
546
12410
7776
11870
6098
11146
13307
8739
7647
4633
1657
1050
7242
3596
800
1582
10088
10526
4002
7683
16199
4268
2724
10412
9710
1783
15581
1392
12117
12619
8185
7408
10586
15419
5209
13581
12466
7288
6773
4206
16220
8141
4572
12801
9004
3220
8458
13803
14453
93
2212
8389
3037
6495
9318
10441
260
6614
14793
3375
15371
7684
204
8666
4850
8799
11166
2137
11619
10832
12157
4272
13104
15053
6932
10230
949
13767
15073
11467
8971
3108
12978
12302
384
5391
13616
5764
2038
5010
9189
8277
9112
10158
6156
10142
11468
10746
8044
5609
14895
6218
697
13937
8967
264
10712
6855
7220
10347
12385
3465
15022
2821
5516
2419
11992
10629
5603
8291
5694
415
16261
7744
12019
9129
1269
1373
8245
4712
1564
12486
15834
12436
10193
7395
2554
8889
10910
5147
5097
13968
16224
9108
4538
2983
4262
7500
4844
140
13017
5809
1353
16217
4257
12532
8411
15620
15943
13028
12790
11823
3597
7047
10005
13103
16128
2039
16242
1274
6100
3454
14126
12627
1204
8931
6309
3645
5265
13873
2875
4575
2744
965
7775
11436
7900
7132
13945
5302
4617
15300
9234
13360
7251
10216
3109
648
13578
6223
14924
3962
411
10874
7905
16131
16213
2588
4763
2451
7611
1008
12699
1622
7603
3250
10490
4386
14619
12561
12202
12083
13762
13838
16180
6263
14621
4041
13870
3107
9879
11769
9238
6055
8480
994
6850
2327
7663
7338
451
5967
14892
11784
4097
13318
5829
6225
9153
5336
9862
15161
4834
326
14921
7748
3675
5080
8083
1928
8091
6121
59
5825
4274
13620
8862
1860
17
13419
1842
6587
9763
4973
9900
9712
14953
4404
3532
11667
13992
15383
5444
6389
2775
13337
1868
6518
5111
8274
2280
5383
14178
5197
10041
7641
10497
11502
10460
13895
2489
7860
7476
5126
3852
5270
8167
5249
12432
11622
8916
7542
6682
8206
3041
15385
15685
13107
14727
14603
15126
8684
8212
112
10087
14718
2462
10940
4563
14728
12283
2478
15164
1867
12869
8987
14544
9483
1585
1689
2234
2318
11573
9574
741
3747
14195
3988
16061
9275
3795
3860
1956
15251
15340
15172
11971
4400
7306
16248
15222
12493
1597
4246
4106
6467
16027
3151
15060
10757
12414
11555
15364
6812
2218
7224
2893
5064
7821
407
2157
646
8256
5423
11001
1869
14093
13511
7737
6637
3293
13797
4489
12638
12279
2593
4364
11253
8579
13899
7194
493
13974
15273
2557
3219
13235
2096
12275
5188
894
15098
14013
3118
6040
4337
7919
9228
10674
4040
11544
918
4350
9932
13612
11331
767
2036
7158
13615
10210
8282
9440
2499
5532
2506
9946
482
9329
11553
4826
9904
9616
10703
16079
13679
7742
7602
1071
2961
9523
14087
6886
6164
8420
14912
6328
3140
5404
7051
15333
6372
10381
5156
16127
11607
1094
410
5560
15726
669
12445
9697
8663
14345
1040
13730
15318
10313
7063
10631
7727
12694
4663
15336
5181
15948
8145
6489
16369
7298
4985
15568
4882
14529
15146
10638
3154
155
5004
15436
13451
855
11027
9858
3661
13801
3350
2269
14754
14165
15942
10085
6864
10378
10403
12217
14958
3838
10531
4335
819
931
387
8180
7557
7414
6076
3271
10015
4738
4479
13458
9489
13184
5996
12194
9676
5770
7865
12066
2149
1022
3534
12312
1279
4708
1611
4239
14161
1133
11858
15588
5662
1535
328
12103
10517
1481
13894
14360
10965
6143
3441
5537
10255
9211
11117
11538
6825
1744
4856
15795
1573
361
134
11415
13646
12965
1192
3879
8318
4359
7543
12139
10399
8063
974
15628
13121
14633
9448
262
6906
9624
13517
16193
1980
8520
4185
249
5421
6013
2901
8499
6010
4421
1027
5277
2458
5801
10291
9578
8288
13217
11844
1167
5857
16223
6872
8237
16019
7734
3665
4037
13981
5369
6542
7332
9660
11046
324
4147
6537
245
15402
7501
5344
4080
12238
7161
9847
5397
11056
4181
1360
10091
9145
14840
14925
5868
13185
12662
8915
7591
12450
13763
15617
9331
10836
5734
2617
7694
7540
6967
11624
255
2635
1919
8888
1029
11240
10268
10747
7020
15875
747
3389
12474
5695
15245
12460
10814
9237
14333
4630
1620
12025
12709
12034
1431
12955
7014
9097
1506
12323
4168
629
4468
2659
792
4602
2714
10025
13438
10073
12745
4203
12063
4600
10327
3592
10820
1841
9754
3959
15055
13230
14141
14676
5683
1099
11779
5123
2977
7846
16130
1230
7679
12246
5533
3590
3105
8409
13149
2342
3985
2808
12782
4235
3365
9324
4505
9493
8210
14680
349
2226
11867
12185
3132
10302
9410
3599
10673
10499
2999
15985
6830
11051
7624
10843
13356
12912
8219
660
15216
4431
6348
9085
7953
4295
7121
6731
14965
8457
11778
2746
8205
5583
7017
4100
15474
4700
10963
12490
11746
1153
5367
8991
3508
5955
768
13299
3014
10271
14227
11694
11969
202
13641
3857
3060
16371
7277
3290
9050
7887
762
4277
11362
14941
15503
1127
9619
14944
6323
15505
4513
1693
8492
7874
8735
10169
2748
8767
9262
1019
6635
14083
2828
1897
7069
4134
2952
2428
9784
8769
4560
3752
11792
11095
10168
15337
12278
2787
8773
15444
4373
8599
2770
6986
14320
9106
8477
7574
6584
15492
1681
7816
5704
11044
13638
2058
15075
5155
5841
15483
7817
2243
3269
10411
14428
11892
16344
14250
14070
23
650
1974
6553
449
8142
5254
1930
2986
15380
2846
15843
11057
16353
7425
6645
13279
7310
6340
7432
6452
12290
3511
1420
10515
11668
3956
864
4385
1895
3385
14598
14576
10370
2198
533
9202
12379
2569
8011
13554
10464
12873
11602
32
13656
15551
10750
10624
82
13852
9874
14712
2917
13433
183
962
2225
13331
10625
13596
2431
14427
16209
12125
313
2348
879
10573
6527
15464
9365
13000
4557
4149
4265
14625
4638
3314
5940
14969
14801
1913
3097
9446
13396
1668
15806
13627
7838
3006
4810
11204
299
5354
10249
13695
926
12999
1048
10745
12424
2403
12190
15068
10241
9732
16254
3642
10732
2360
9306
2201
11087
15800
10670
8933
5677
5495
1361
9517
3007
12669
13900
14512
2609
9492
9698
5483
6833
11777
8015
178
14199
2082
1004
2132
1023
2990
12983
12817
8086
12517
4936
11545
10584
12902
16351
7243
6585
14438
13014
11785
2974
4714
7807
14788
11097
7579
10476
5304
10876
5690
15168
11183
13025
3468
12056
11750
4288
11458
5917
6268
290
16184
9033
10016
7163
7627
969
11604
7970
4328
8749
2480
15535
6281
3877
12248
16172
7260
8806
11304
9802
16247
9689
13178
6252
6486
2730
1415
2517
5630
15460
6613
14828
3777
13147
4511
1770
4088
8733
7769
4910
13383
3490
14123
3886
12936
13989
10139
12839
16010
536
5040
13756
16316
12437
3190
11939
4019
10069
5625
4425
6993
4483
5425
6177
13991
6744
5752
4129
6091
6957
12520
4155
10295
3071
9907
13459
3095
1977
4138
6483
1409
2470
10154
13508
8859
9219
6060
10134
9551
301
3195
922
8997
15781
257
10083
8712
1590
6166
5356
3767
10651
2701
2286
11470
15619
12296
124
6924
1464
12648
15971
13315
12630
1401
8365
4066
9226
13290
12461
15153
12775
6851
10113
13605
15384
3484
1318
2029
12573
7578
16357
12858
10575
10101
15824
28
13840
4580
12365
11874
1253
11521
4609
7409
6393
12667
2053
33
11422
7212
1650
12716
876
15652
5362
13122
11835
9301
10296
15462
15399
9921
10792
3051
2092
7393
14803
13509
2592
14548
4631
15239
4773
9161
1641
10209
2876
5629
15502
398
6298
395
10754
1872
11578
4054
5345
2855
11259
14590
2344
9524
3307
7023
9899
9880
9453
11466
494
2407
953
10841
14664
1386
13417
4544
12835
6658
9958
490
14080
14775
388
7465
2317
8687
8281
6064
8762
914
9948
10528
281
14571
5771
5015
6454
8447
6996
3861
15537
10529
11207
7987
14040
3527
114
9490
10172
13778
7062
13796
11617
15114
11610
11831
10043
8393
15154
15545
8564
2498
5218
1518
12765
4020
7965
9747
4540
5488
8060
2422
4798
7585
10314
785
330
235
6469
240
11441
15243
636
12297
7252
15493
5736
8395
13140
7814
587
1808
11411
2835
1941
12039
7330
6453
7139
5565
7110
9526
881
7515
5946
11031
3213
3122
10079
7989
14347
15981
430
1674
1417
11379
15763
7813
8125
14880
3193
6770
3539
4987
13757
9321
2008
1262
6504
5054
10405
15121
15805
10824
6601
1625
10669
3584
1843
3066
13914
4287
9375
1812
2931
14418
8227
12899
11745
10297
6062
15526
9912
8075
5757
8886
9652
4143
10548
3905
7660
13059
422
3757
4699
4110
7403
13789
10453
6837
6857
12425
472
16304
7166
837
7088
5569
8561
15348
7661
9796
15349
16166
11558
7941
12192
10028
2687
3278
1495
6002
16277
15137
12276
3284
14232
4182
14631
12819
8349
15217
16116
4492
2685
3361
13536
9376
9582
3386
9622
5204
14510
10155
7949
4189
2886
12406
2907
7472
9885
9302
1540
9760
12021
5013
10971
3643
3291
5888
10198
10078
10557
9177
4739
2493
5584
9030
5755
3009
4510
1166
15931
3707
564
15975
14159
11386
2765
1909
11929
6396
3991
13815
7435
12077
15136
2553
2601
4417
7073
10795
9178
337
14620
12854
15752
4112
10153
8904
1304
13872
3492
10162
3761
7107
2315
935
9733
11077
9799
3933
10889
10838
5943
5479
6726
3909
12897
12156
9055
12211
2497
748
12608
3989
889
15428
13158
5101
11365
12552
6112
7870
15954
11488
1165
4165
13398
3602
12527
5001
10298
8421
12084
13464
12227
2308
1727
8615
10818
5343
3834
12778
10146
3087
5663
15962
2851
13588
16274
2642
10692
11952
5103
2621
582
3046
1462
5380
1942
7527
4765
638
603
15012
6598
14424
15308
6914
10535
8820
14061
9015
14463
8437
7483
1857
5028
11242
16241
13516
15783
89
9563
13724
4796
10138
15614
9077
11984
6049
15994
7766
8175
528
12492
9136
8567
8113
3722
7125
10156
16346
5150
8230
8301
16203
6505
306
9662
6908
13297
2645
15872
5730
171
4710
15512
11723
7572
779
5882
12508
7790
2278
14475
778
13233
4344
5237
10706
7783
9206
2143
287
8730
15696
10317
15650
16367
11435
15249
13609
195
7717
6961
7052
6615
11283
4369
3054
302
11223
3847
10349
11786
6783
6555
14707
16000
1638
2134
11085
10880
1194
11682
4458
16197
13264
7586
5986
13069
937
8545
13453
15746
10731
14101
13494
681
14203
3729
7992
10804
4403
381
12200
13631
8863
3333
1768
12370
14288
15439
13298
6798
6988
10868
14750
8525
13082
7522
2842
19
4530
5968
999
5957
11376
11893
13067
7335
14385
16155
3436
7534
10284
4481
4950
6017
12253
1247
5863
6667
4381
959
8980
15693
987
1670
15607
9776
13423
8758
4276
5519
1155
4785
43
14412
5784
15495
3317
3321
6365
7980
3328
2159
6288
4506
5385
13718
7516
3303
14341
4162
7349
7971
14330
10553
12106
14230
3050
9388
16092
12367
15180
1494
10989
3227
6394
1413
13953
7945
12604
11294
5107
10605
758
6929
870
14499
8422
5897
8051
15784
6425
5275
12159
14238
11370
1925
14757
13358
9965
10850
7587
2210
12612
4535
8784
167
14218
1457
10763
3283
10568
16383
15870
7323
8962
7678
8080
14701
12320
9661
11645
14730
2205
11355
5951
6087
7968
5939
2834
16014
5725
3558
4646
3570
15799
847
11949
6043
11144
5031
9611
3299
11944
2853
8655
5836
8659
1254
6687
1648
3999
2322
8994
12860
13119
16219
1519
12322
15475
12291
585
14566
11509
1917
8137
10455
8929
11352
1851
7750
9200
8748
9525
1428
12058
14843
4060
6989
8925
14601
2830
12735
12617
13823
12262
14687
12498
981
11693
2495
742
6611
929
5476
12134
10519
9665
2674
9726
1296
7293
1544
5908
15658
109
15446
3156
10096
2474
2761
9394
6575
4997
6215
13429
10324
6640
2530
5048
7665
3844
13754
8090
10902
5406
1438
267
1449
11382
7786
3504
15939
5576
11491
11383
3846
4290
9144
5726
8581
1184
7284
12098
1887
9803
2827
6853
5740
13711
11328
10636
9152
12680
1566
4871
226
6191
4647
12687
11613
5399
12883
10828
4307
14950
1445
1848
3161
15647
10972
967
11492
13009
4377
1492
5263
16011
14557
11450
12132
3343
832
15968
4426
2085
5400
1592
13345
11975
12255
7168
10903
2616
8203
3402
620
14873
5465
1698
9908
7897
6056
11321
14052
8609
10768
7025
2643
4356
1610
12417
9954
6388
4686
7057
6592
12317
2600
16204
1705
3287
557
7490
10270
7042
8732
7617
5744
12431
12676
15494
8363
149
5749
8627
12620
896
10859
188
12136
15347
14405
11132
7800
11200
13110
14591
1725
6358
11698
2253
1081
168
13455
4645
7379
5937
3608
6978
4005
14270
12928
7791
13875
7270
8945
1672
6456
13105
891
9014
12036
5127
708
13608
15113
9163
13380
7077
12222
730
14976
7927
8613
3650
3719
15162
13448
1853
5297
8432
10847
15240
7360
9501
13479
4302
1576
4001
6680
8047
5308
9250
1146
5284
5129
3899
15720
6
2367
10234
8588
6718
3159
6412
3478
10604
14536
7770
4137
15702
2533
3926
4349
7781
10886
473
3641
2259
8478
13960
10309
11878
1836
6161
5554
1031
5905
4980
5991
7313
63
15845
12316
2813
9829
8616
4501
602
11685
3976
6399
2133
1856
10183
6556
2076
11683
11623
13293
12239
10190
11880
14688
12951
15576
11018
1609
834
5521
10256
13779
7249
9247
14468
11091
1710
3354
8429
7321
15269
2042
7146
11503
10285
10556
9087
4231
2220
213
2676
4817
8448
12799
13087
16313
4577
8147
3166
11181
8102
11145
15625
2197
9086
15798
15051
1898
1009
9323
9792
6890
10779
6125
9462
15149
15892
8636
8446
4261
11252
7758
1216
1940
3500
8146
538
5494
11405
2867
677
4754
1203
14474
5923
3626
2015
5536
1968
5658
13244
3943
3776
11453
1814
10090
8034
6674
10107
10383
11736
207
15922
3973
10748
1536
6954
14678
14044
4254
7999
4689
13469
13420
8574
10687
13483
8743
8016
11421
7530
11465
5849
2803
5812
11393
3346
5193
10619
274
6371
10029
16195
12198
3181
1537
11373
4995
14818
6047
10796
3654
7035
13854
7118
10038
9628
5873
10449
14257
4733
641
12415
4012
9729
6643
12949
6898
6647
8270
4828
14752
9594
409
4218
1709
16173
3480
10660
9224
2752
5513
15303
10389
4935
2793
6691
15455
14481
8374
16299
765
5638
12135
3911
12099
14494
9229
1992
10491
14374
11106
4667
9276
993
4433
12168
8406
4251
6308
14150
14881
5804
9263
9327
11114
12521
2274
4931
7308
526
9354
11881
8162
297
12287
1056
15963
5149
7510
15459
1255
2180
2869
3746
9465
7845
13454
15066
7144
10103
6935
525
11130
9270
6949
15218
3026
8891
5722
6955
1057
13805
3445
6016
9242
8474
15990
4190
417
15001
11067
12579
3682
11288
549
11616
2651
9731
11993
12926
10152
12172
4822
3851
6200
2578
12488
4541
15821
6742
12433
13232
8325
16239
10479
10506
2126
4883
3488
1806
10756
10825
3872
15952
8488
6841
15280
15906
9937
5527
928
4937
4664
9403
15721
16093
13587
2549
2982
11234
10105
394
14648
10728
6990
1261
1603
4547
6960
9165
11048
2510
3144
3906
10457
13848
13753
4939
15123
11634
14063
12564
5837
12622
3594
3357
3335
15430
11203
13983
4801
9630
2953
8443
5025
12288
11987
5049
12148
5962
4597
14278
6544
1991
7402
6337
5507
7852
4118
8529
10666
13686
371
4347
1320
9212
14236
2224
13208
10012
3072
14695
15809
4034
4885
14077
12700
13733
13787
3582
11714
2369
76
5590
11574
11708
12615
589
14296
10147
7867
12042
5331
7946
15480
2179
15992
1691
4176
31
15235
6442
11010
7841
13422
1741
8394
2233
15148
14771
469
4224
15538
5327
7104
42
8685
6084
1026
14686
7915
12375
15854
13783
6656
14806
10743
8030
13555
2151
1375
13574
13389
9846
10392
934
8974
5455
13329
3119
6111
11540
5029
5251
15382
10856
11560
5844
1391
9657
10741
13321
8664
2767
13773
12575
16263
1477
2072
5073
3174
3261
13586
11448
6031
6293
7985
11289
5144
2357
6879
9075
5703
10942
1197
341
5817
14502
947
4452
8337
4428
7225
1049
8826
397
10065
8014
475
7824
12319
5047
9584
13710
540
7015
22
10567
12783
13906
9372
15766
5026
7561
11895
15912
9709
1325
7019
9043
2580
6157
5920
5120
13780
2445
14611
14637
5893
877
14343
13550
2906
16337
14860
5386
1246
6642
11225
11480
7290
11157
12843
6317
14955
11800
14874
16334
15838
8625
9565
3786
10350
404
9966
14651
432
6632
1798
14133
12243
327
14604
13540
1321
1900
1577
10150
3266
11637
3678
14215
2802
7145
2173
817
6639
4901
4046
12480
7430
15668
6209
5416
16064
8543
13254
1789
13405
5531
5686
13460
4123
6713
14488
8899
6054
12398
4000
8833
11726
7657
5593
13522
11977
450
129
4616
4735
10030
1803
15825
5158
14234
12439
9927
15900
7418
15715
14197
9311
10203
13740
13551
13893
14336
5229
7048
16377
7612
7297
1103
1717
7356
10512
2948
14074
8657
9599
2326
372
4006
8375
6137
13388
14321
5350
5364
12294
4269
2078
11569
4071
5261
15642
7635
9420
8942
2125
16270
9343
233
16284
11927
9416
14458
12530
9103
11069
2804
12241
1747
6728
5296
12127
13043
7709
4188
15819
14552
5415
14146
8276
4384
6451
2690
13294
6969
9843
1775
15945
12891
7155
14069
10725
8450
7152
9919
15173
496
2706
6788
13657
9339
401
3794
1507
5885
15553
13006
10688
12264
10439
7967
6421
4502
1660
4241
12582
16174
8338
14783
4757
3553
13653
15983
4740
10039
1985
11943
7451
53
14006
15961
9850
10232
885
10637
3876
6096
13109
4003
10639
518
6700
14597
8940
4244
13081
11570
2435
13415
1729
14500
10608
4078
13461
7689
7012
3096
1267
12922
6362
9454
5514
16175
1170
11896
16036
7031
6349
1065
5341
8119
6502
15869
15116
5164
2719
7696
15363
10622
16264
5375
7700
14118
2331
2298
6938
1456
10780
15429
470
1491
9597
1382
15840
2989
12538
2899
5819
2812
787
5540
14951
7788
9497
2523
1800
14140
6219
9272
10840
12150
3362
11920
9326
12408
15676
14017
1260
8234
15201
10133
6593
1935
9701
12161
15853
4095
1277
6727
2483
123
16325
13446
3162
9653
9423
7215
12158
359
14866
11199
5597
5138
16102
10418
694
219
968
8719
13996
16336
7337
7517
11350
8528
1493
9777
11482
8890
13853
12866
15874
9767
15742
208
14305
14632
14291
1703
187
3221
1560
96
12182
811
15179
4482
1202
11811
8770
1551
7803
14879
8587
6435
523
1211
15233
4903
11205
1833
5233
13788
11814
15360
4659
6185
14237
10693
13715
8532
13636
10537
11404
1952
3587
14797
8290
11427
940
11733
6936
6432
3559
7093
1463
10253
4870
13040
7525
8643
16200
11419
16202
5984
4539
11845
4052
9746
1500
4317
8831
2443
2933
11425
12804
12643
8879
3323
11776
5148
5622
16333
3477
15059
14450
2412
9998
6383
2136
1658
2103
15935
3294
5701
6141
7654
3274
12454
11548
1804
13645
276
4039
4292
6128
12116
16124
4509
11122
12387
10650
16151
1362
9432
15519
954
10544
5033
5977
15640
10312
13378
11500
1284
15786
9058
6201
1682
7197
13625
12090
13630
9504
5975
4746
1581
9299
10165
12870
5145
7175
3677
14054
12668
5119
13074
11729
15297
16112
15980
7604
8678
6351
103
15281
7880
11269
10159
7256
10523
2394
1943
11438
5238
12301
13816
2915
4383
9992
8459
1354
7498
3658
8759
10451
1244
15369
10348
2059
3432
15032
161
5900
8534
3403
6917
12644
2115
3873
8239
6154
7518
5203
491
10174
1180
11754
12144
4573
5781
4157
4099
3544
14555
775
10322
1407
2958
3315
11073
6729
7930
5547
6739
9669
15
609
4727
4679
2147
1986
14229
2471
3341
13068
12259
1734
2448
13769
15895
1058
4493
3061
583
6270
1126
7149
3598
4484
16250
18
1107
7963
12094
6616
1043
10536
1387
7811
1752
6590
13003
1288
13623
5811
8902
14138
2235
16106
5607
3267
11023
12851
15638
14497
10540
1605
7504
3292
5212
2788
14812
2446
3437
6304
2276
11593
10987
10345
13995
6301
15108
6586
13108
12586
3646
13759
5136
10111
8292
5435
8757
1217
13610
14685
5395
2589
7238
9778
7902
8174
5889
13706
7997
14690
16096
15789
5307
15047
14656
15074
13898
13765
11121
9915
14713
3435
4684
6501
15351
12865
2396
12738
5450
10222
9699
8037
7890
3206
6190
9894
14493
9649
15718
6762
7154
11620
13640
6782
3003
1607
4644
2637
10545
6977
9363
16259
1964
16012
2187
9713
8630
13496
4946
7424
1805
3444
6379
10225
14538
10266
6139
4514
10326
7394
1796
12942
3231
1179
3901
14506
4677
5116
14454
15801
12489
12430
10304
6346
11904
5085
12852
5727
6243
39
11061
5105
4449
9913
7074
3814
13832
13865
9208
15882
6631
9667
11192
15056
13046
13800
4579
8099
8578
1645
15670
9882
8361
3939
3186
8132
1442
5143
10294
6801
1077
1289
1617
5036
7682
1307
3904
10443
628
5680
273
4915
1644
13982
4651
958
7633
3111
8464
2155
11791
2780
60
12428
11236
2247
10772
13772
2985
15574
6707
15641
6227
160
2375
2831
13155
9964
13049
3104
727
10380
9772
10235
12201
4904
10176
15777
7875
15919
3459
14991
2440
2997
6048
5612
6003
5655
13084
6090
6749
7344
7147
16186
8760
8019
11241
5895
9099
15540
8170
6173
5599
6664
7348
14659
7269
13212
3543
15296
9089
11140
4670
4004
1432
15390
8179
4201
6538
2
15143
3134
11380
8958
3762
15978
13652
1280
13245
1946
10070
10947
15634
4205
2528
4172
1505
12940
12898
1231
8085
15394
10978
15886
13667
1163
7856
2847
52
11444
12737
6339
463
5413
3760
1629
11347
633
9971
3972
12447
6846
3639
3693
2583
4213
2518
3588
1225
1298
10173
7016
506
8610
16222
11381
6382
461
14249
4063
2661
11045
8553
5925
7982
13720
11068
2488
13219
11378
13123
7631
8324
11220
4761
10719
1931
2883
14674
15678
517
12601
15278
1095
14375
16251
8258
13004
8221
4361
16218
8204
13929
3725
3384
9179
843
6634
4938
12169
5165
1142
9486
8697
11357
9911
13604
10366
99
521
12469
4186
14346
350
11737
6506
12540
7539
10371
1471
1711
408
15691
15375
13034
3514
14697
1781
6896
14484
11162
7148
1556
8072
11697
16025
8434
15117
1232
4051
4815
1817
94
16164
5783
13814
8184
10883
14262
1679
11917
1680
12356
1794
14188
2816
13484
6117
14527
1324
4058
11936
9308
4446
9384
14521
8981
12311
5665
1314
691
9044
5441
2195
16108
10120
7027
15150
5017
15125
10909
14792
8040
5173
13007
13890
7004
8969
10056
2794
3924
11670
5907
11832
14452
13577
14226
788
12888
7456
14172
6701
12081
16149
9253
14103
3473
348
3595
13737
6102
2721
761
6792
5914
9122
4376
6686
8438
12981
8707
8950
1862
15654
4650
12483
14817
1920
12378
14152
15833
2304
8848
12002
6247
9102
7912
5517
10050
13213
14569
11249
8668
12502
14942
10498
2612
10104
2543
4749
247
14483
8681
4178
7296
6104
3811
8103
10220
6941
1906
9557
12220
7792
12939
2992
7560
5552
1372
6178
10565
941
12889
11062
15313
2857
15996
11763
15435
5027
14877
12594
1659
14930
15794
3551
6155
15320
14742
7759
16308
6037
1377
5292
13287
11961
12000
10472
5867
2675
10126
11752
5487
13882
11884
13804
8701
5050
4744
8594
12977
12825
8792
1229
4843
13239
7921
2898
6981
12867
13431
2118
6913
13311
7176
2051
8335
5436
15471
6145
12658
9056
14789
3352
1125
1846
6292
13376
254
14280
7503
14916
13037
4338
15442
8857
8778
14974
7637
9157
12600
11852
13572
2945
2727
8993
14983
840
15883
13489
6621
537
2832
13916
14338
12167
6717
431
3568
8662
3077
11601
10966
6513
15279
10852
15907
11732
9782
3318
10679
14168
12449
13197
2442
2984
14583
14286
35
9527
1369
1771
9680
6905
2568
1000
500
5699
14182
6796
12444
4951
12152
16077
2806
429
9745
12096
5230
6269
3253
10462
13291
608
13732
4914
9793
2427
14505
6591
14766
10461
9648
14445
10532
12014
218
12675
10171
9340
10397
9467
3031
11751
3226
8195
8009
10976
4477
3277
5389
12841
11228
6120
10116
15548
5316
6248
2680
10228
8413
12747
15932
7533
2084
6409
14988
2261
12273
10414
7324
97
5445
15472
13727
3569
11194
4221
13099
10420
266
13234
11724
4456
6235
16365
9439
9993
11882
8865
11508
11628
8353
12020
14613
14778
8590
11420
3256
4751
11428
15993
5231
12261
2160
4682
15750
14137
566
13414
15773
15879
7378
227
5643
8252
12744
2547
11059
1653
1306
8445
13085
2223
6541
14233
12550
8691
9705
7056
13971
8244
7299
7114
5169
10379
8913
3820
6295
982
375
13911
2694
13593
5646
1448
7842
1059
6211
7151
8317
15423
11741
13785
4561
6665
14523
11982
15564
5741
12456
10566
16158
12993
9949
2408
5926
11599
9615
12992
14339
7858
1100
7883
2301
16035
9873
12803
11226
12636
10483
4430
8350
12419
12943
2297
1186
13504
7850
11549
9231
4709
1606
8995
9142
10465
5121
378
14825
10733
13300
5586
11958
9048
6764
7644
13644
15461
10917
13642
2102
6540
14239
9288
7234
4281
14095
3449
12674
10923
15346
6397
16229
9815
2068
6070
5424
6570
11671
5280
13432
15637
15780
6466
12682
8494
7177
6889
11809
9186
12578
13692
1315
13480
5433
2636
15398
12810
323
15934
1472
8689
8309
13338
16256
12512
16078
9139
8914
1460
14041
11208
14272
1256
15227
3758
2708
16230
15499
13255
13443
15689
11279
1181
12551
5575
607
14791
8136
3813
2596
1706
4803
2054
16104
12886
11827
3699
2097
6473
3320
2227
8855
7632
15468
10110
1637
4794
1831
7888
10775
2673
8302
1743
7346
1608
403
7596
12442
1642
11271
11709
16145
13181
12342
15064
2760
3082
5546
14045
9083
10377
275
295
1210
4806
7232
1819
5372
6757
529
14814
12758
15560
13222
3430
11649
4473
1108
14112
867
1647
3614
5401
6327
1504
10864
13348
6746
3088
6176
14946
4880
8298
720
519
3121
15097
972
13333
668
15046
5824
15080
15112
7756
7117
4455
2508
7896
10968
13359
8390
6126
15328
11496
14085
6832
13671
13002
657
14641
4603
8183
13125
3249
8093
6286
5890
7436
8177
10365
1283
8652
13071
13617
11159
16045
197
8959
5130
2751
8336
13566
7507
16075
11152
5827
13943
5320
3008
10642
9629
595
7454
11447
14446
6508
13719
13066
1323
4625
3965
10714
14407
11008
1053
9922
2509
15014
11054
9395
5826
344
9917
3937
15003
13549
9362
1383
6780
1446
6904
10821
8271
9481
4576
12040
9753
10581
13923
2376
1341
14821
651
9997
6514
12808
2231
1430
3895
13543
5790
14903
556
9093
10564
12363
14564
5396
6813
10245
6778
12528
2556
9010
6239
11582
15010
9223
2249
16234
2284
10935
9252
13161
4952
1905
12693
8441
7331
5160
15345
10194
13229
6115
6894
6042
7447
4680
2545
14781
14890
4732
12705
3916
12905
5371
10521
3027
14852
1079
4459
8005
15410
5291
14531
7547
16008
2725
1459
10596
7730
7581
10572
4434
14401
8624
2641
2309
11423
15329
8238
13985
11107
2256
12784
13869
11430
6290
11287
14847
2050
9391
5839
3363
6627
2399
4258
1871
3137
14650
15867
13341
11907
619
9503
13590
8241
5614
3415
10726
6499
8947
14987
6162
4778
6471
1886
12473
1932
1190
14799
8990
16060
1070
9080
15811
3829
12651
10993
4011
5023
15716
893
498
1301
14047
3300
5496
5167
4632
4252
7710
4372
7743
11094
1443
9539
7011
744
998
4438
11991
8565
15865
14763
10242
13283
4133
5309
5137
8977
2246
12548
15517
5078
9800
15508
10845
3127
3624
2613
5674
9816
14862
9405
3398
15989
5666
13568
9478
8794
2370
7681
2219
9580
4030
14402
9981
7167
4736
11696
1371
9768
1052
3057
12476
12592
9225
9647
8513
5912
667
13462
11862
9996
2416
1724
1707
12472
4516
4657
6110
8111
2338
3731
13664
545
9918
5756
13428
707
6655
8426
10243
3740
2819
12165
13030
14964
4115
5062
7102
12055
13306
145
10522
5422
14550
1999
7265
13745
6347
8329
416
7639
4023
3586
14844
12130
2991
2079
7895
3724
13225
14849
11635
2905
13258
2186
9160
8041
12567
4392
670
3125
3155
15236
2546
9457
175
7001
9061
8644
5789
10447
13539
6751
9192
10600
15058
11036
14356
9267
2551
9338
8442
9988
5723
14294
4260
11005
13693
9509
8519
7704
12770
5729
2077
15957
15359
3029
10410
6662
14183
13721
745
6061
11859
15611
1398
14107
8342
5458
10928
11760
6138
12086
9720
4730
15903
1097
8505
13879
14853
4623
12471
7733
2363
1583
10749
12639
11537
1937
9258
9758
8385
11826
11076
11084
12990
14669
1332
7491
9445
10356
14495
1852
12855
15598
7441
259
15008
6065
6534
9634
11265
8249
8626
1614
11789
16297
6416
377
6596
9456
10033
1779
14491
7028
7477
15174
5928
12022
13951
6732
11464
11418
6194
5159
12393
5268
16016
7196
8159
9928
4824
15166
4868
9277
12176
13127
15591
14905
3796
7718
11297
3001
15000
14871
13072
8930
9032
8006
11142
10656
16107
9635
3460
11712
1440
9105
9606
318
9150
7552
1264
11757
15361
5580
543
11533
15448
11235
8706
15425
15343
4587
3022
9333
14220
11543
5221
14515
7013
14539
13977
14213
12537
12245
5219
12729
10435
11853
10665
1326
5113
4919
16309
4551
14369
11686
15911
9154
7879
2888
3866
12282
6507
9036
10776
4352
8149
10778
7038
14060
14046
455
8637
7940
6118
6842
13476
9568
2684
14520
15413
4323
15119
7205
5190
7097
5930
11532
12216
5361
11905
4893
9120
9538
3496
5360
6608
9573
15700
9785
11660
3497
11606
69
3739
11214
4429
9171
220
6722
10108
9482
13936
6144
2987
10003
11397
2238
11910
10944
2918
15045
2104
8388
6089
1297
8497
16300
13312
16312
3224
10282
13824
14758
8554
6663
1403
3751
10406
2700
11433
2873
7140
14496
10777
8510
8602
7988
2252
8556
1596
16258
3781
8283
8186
9588
9968
4225
6800
13746
9522
7034
7422
10654
3076
10117
8726
2379
863
16153
12862
10787
4678
724
11341
810
9742
8453
13407
3845
10805
12859
1823
7568
913
3875
15527
3501
10635
14242
11395
16103
14228
11108
8508
1075
1359
7157
12809
2330
11866
7878
12754
6869
8118
9091
5746
7843
9428
1349
9644
6310
7319
14962
7388
7043
13998
8839
12327
3182
9632
3114
973
7241
3529
9774
15420
12657
5864
4963
13677
8004
5762
15400
11047
16110
224
1885
7705
16260
14593
8788
3914
11716
4911
13887
7262
4954
14884
12434
3797
7115
438
11034
9814
13606
12749
4167
9859
14247
11165
10998
13810
11202
11819
12315
5856
15846
9938
8597
9016
6124
9960
9757
10694
14716
12544
15038
3659
6934
11618
5525
14857
5115
8656
4839
905
8955
2439
10353
11318
14698
11567
15866
7489
11656
11454
14002
11410
11119
9716
7189
6058
8218
1223
12510
139
9585
14423
12603
14845
8128
1923
16121
10751
15549
9220
4013
4309
11402
13668
15973
14372
9897
2703
12910
6964
10143
6784
10121
11074
2763
9074
4380
1786
2117
5965
6509
8866
3349
16049
1282
1003
13400
3136
5180
7273
4125
12193
3257
11407
3214
6400
2450
12060
5562
9104
13330
15501
9460
13512
1947
6806
11305
12584
15653
15863
13857
12435
15722
6694
5426
14409
8314
16015
15386
3428
3782
2924
1474
5414
14308
6603
11897
9378
6807
8646
4685
5899
4662
830
14567
10609
13083
6946
9788
3960
1128
4339
4864
1548
6000
12704
5082
12145
2262
10534
1035
2260
14274
5656
15728
6690
11499
2572
777
15418
10602
11753
1096
15776
15063
12659
9233
8189
11413
15069
15095
15964
6487
6460
639
13079
6673
6578
10076
15257
2207
581
2426
3648
16091
1739
10276
8537
3561
5482
4894
6511
3094
6566
8998
7478
11340
11774
7390
11260
5186
12580
13365
9398
11104
14135
3165
1339
13308
10988
14986
24
15305
5451
5114
522
15194
4553
13813
9485
11133
14253
7112
9833
5535
7091
4108
6661
7254
5693
10785
12285
14560
5793
4435
16132
10765
38
6224
3759
2248
13651
12857
2361
9182
4270
9975
9113
320
7463
1921
11385
5095
8677
5075
5798
15151
12802
12787
3164
9260
7777
6278
12468
4528
12946
15065
13672
8822
6260
6171
6624
211
4559
10323
13956
10200
3075
405
11389
3259
15767
14737
13827
4226
508
4762
12173
1290
8563
14572
11739
16154
12563
13567
6519
6888
15929
9631
9257
10755
3892
9342
5122
6130
8875
4927
9556
14932
10081
342
6696
15353
4275
9296
4961
10724
12633
14469
14363
7670
2295
5098
6912
3040
12985
716
12925
15186
5716
4401
13210
14667
14507
13463
10753
15979
2430
8431
2203
13792
8660
14012
10781
13332
11474
6734
1787
15451
10577
13614
15454
8800
5248
4119
11349
3920
4897
687
14451
1295
15310
1758
13094
11156
9305
782
9426
4321
10645
4812
8720
10149
6108
4441
11495
2733
8919
14517
7371
7247
10128
2221
9008
4705
14037
4387
9801
2264
12018
2456
7554
13589
15775
5030
222
4797
11147
11941
8070
5983
13626
11168
14413
8503
8269
10918
11700
3399
3689
3448
5154
6080
7894
11869
11575
9558
12590
3202
4104
9027
2071
15735
15405
9199
14808
7715
4358
4366
714
512
13250
15165
4068
5539
10620
8240
11254
8721
6858
1028
1996
16059
8704
13401
14883
6366
6974
5037
14177
4827
12837
9789
6923
5795
269
927
13204
15309
15828
1926
15924
11605
9244
9110
4975
6984
4015
11738
8079
9458
7575
13135
11416
5012
1368
9474
8575
8777
15127
7067
9533
11641
12828
5645
8700
13851
10336
9201
698
12812
15787
7979
12044
5624
2500
6823
12458
5747
9002
921
4550
2250
3286
3526
1561
6927
14570
1696
11596
8813
695
7626
9307
9268
5491
2107
9706
5922
4299
1755
14584
8647
7877
10834
13723
7913
16072
2781
4782
5847
10704
12438
8352
7767
15662
7407
15880
6759
14721
10315
1793
7024
10398
9052
7605
5860
10425
7690
15473
4227
6261
12197
11838
16329
8858
13408
11822
14000
971
3519
7692
3424
14067
1331
6880
11614
7392
7746
14636
10170
406
4145
10906
14408
1293
8303
7812
10482
10682
11493
10118
8526
9759
10496
9001
2692
2339
11109
14670
6344
399
101
2892
16268
4888
2114
9374
1497
6438
150
15820
11725
8032
2718
4959
158
14393
13228
815
13837
7904
355
15158
6081
4127
14246
8846
4136
8566
16188
13830
14726
10394
12752
6199
15223
6345
7268
7831
14102
7443
1344
8515
3143
8255
590
14443
9577
5578
4823
7509
6391
4701
2244
11957
16328
12462
10808
11098
11028
6802
2769
5472
8622
13179
16002
9452
14634
1265
6510
16294
6398
963
10092
2380
3039
11487
15842
15490
12815
15861
8048
1636
7173
15362
5481
6883
11363
6184
6230
3982
503
9664
11361
14546
2153
13070
9536
6232
6994
9614
7267
3975
16206
14007
7080
14605
8745
7230
10192
14472
12574
14915
11296
7137
2995
6815
1402
11359
13962
4379
12219
6660
13980
12846
12324
5368
5373
13751
9674
13697
2358
7505
6183
15618
8988
15755
4391
2060
13008
8307
7671
9593
5278
8583
12374
1030
7440
3867
12187
10657
8910
11659
1447
370
2350
5739
8935
8263
6809
4983
567
7973
6933
14837
1593
5081
14042
223
11535
3330
8612
12741
16246
15756
13278
8648
988
9756
3653
5104
8562
8096
13288
5199
16233
8061
1363
11639
1619
356
4596
4832
15209
2314
13211
2541
6817
14542
13334
2064
5142
3494
12346
3679
11065
10842
15760
6877
10760
14514
12335
12918
5467
16041
2768
7739
12762
15770
14891
13647
13993
7187
199
4424
601
12236
2908
8816
8501
296
4731
11451
924
5408
2928
10722
704
4192
92
944
6737
15944
90
5995
1722
14184
4050
13335
288
12656
174
2123
15673
11163
14176
3002
9535
9812
12258
7892
9962
6779
15871
2174
3601
4333
4297
6669
13845
11002
9633
9381
5066
721
12795
6093
4451
14068
3479
9855
2486
12585
5253
2670
10616
3798
9641
14993
1949
10991
9170
12340
12525
10023
16185
3423
1388
1069
5621
12174
6480
8836
9351
9743
298
11080
6557
621
4531
4345
7779
14026
6436
10182
3191
322
13163
15034
3801
10089
1408
731
11587
15881
8157
13828
5934
8117
15595
3694
2833
1765
16058
12166
6579
7420
9379
1139
402
5161
15610
13683
10737
12405
14525
4256
7216
8957
9121
9693
3196
6548
2014
9823
3565
10303
5577
12923
14206
3167
11928
44
40
8965
10503
10306
9315
13994
1118
12879
12941
16136
10099
13180
14926
11609
14887
8819
13262
12685
10899
827
10112
10648
6275
13736
5988
5979
13224
3610
1119
9725
12989
12114
12475
7884
9561
12128
1276
14471
10102
3649
4079
10273
1397
13253
7458
185
2377
936
412
2410
6142
6915
2340
3737
2631
2743
6034
2362
6698
15247
15731
7183
1995
2936
2981
14982
15076
3979
13958
10197
12715
859
10010
9035
938
16023
10438
11388
10283
12998
12482
14509
13138
10952
7286
2409
13829
16125
234
7620
2135
11322
15118
4604
13650
189
4422
13426
12661
9455
7411
15265
13905
10723
6329
15128
10576
3685
9967
13024
13310
12380
16114
1257
110
1084
6410
5039
8901
14839
3229
12006
6868
423
6568
3515
12672
10053
8524
6776
4286
14563
11592
4014
12908
6951
2880
4370
4416
15511
1547
5365
5676
10799
9690
1001
12751
5865
6326
3574
3663
7508
15727
7294
12562
13571
8864
7165
334
122
7960
1889
15764
14889
1399
12155
919
12634
8961
8359
3625
9500
13444
728
9441
10759
5002
1067
10931
3533
7377
14175
6074
8645
12209
10676
8201
12695
3692
9684
7669
9346
532
6612
5271
14947
1746
7911
9415
9026
1164
10992
3115
2712
14581
8895
8379
10057
588
5000
8285
10300
4336
7795
2163
3262
13441
1901
15088
5799
4533
10231
10870
4988
5949
14202
14027
3523
13946
14972
12927
15266
7939
286
10049
10452
7853
5250
353
12503
9096
2656
1113
3928
4586
4620
16163
8789
836
14522
12237
2061
6982
14465
8775
9963
10788
6140
4598
36
1266
10124
14379
6529
15335
13999
10621
9496
10318
5713
9464
12660
8012
7159
8092
2966
14816
9730
3017
5581
12313
75
16283
7201
7362
14329
7253
8954
11890
12272
13768
4517
1623
2293
7272
4613
8001
15404
11460
10934
3129
8708
13126
7567
1527
6745
2836
11131
5006
15392
709
7668
9221
12878
14010
1308
2343
5981
12947
7250
2663
6970
13275
15288
132
4057
13839
2774
5543
10881
14526
3103
6836
2900
8482
15323
3790
293
13124
2620
10114
2558
9337
7513
4216
7549
16017
2512
12467
9956
7457
9049
2129
14289
7445
419
484
14819
11213
990
16362
10561
9236
1899
11967
252
11276
683
11387
10372
7217
15449
2805
9059
8305
7455
8744
13361
2209
12362
3810
9076
11445
6494
2040
4976
9519
3110
95
8209
7283
8082
5430
6419
7782
11710
2267
11914
2389
15230
9037
13500
839
11486
3948
12763
156
1366
9370
3841
3789
1300
11758
5884
7580
1708
5273
15708
16113
15234
5312
4146
12448
12556
9656
5724
3881
996
3016
5131
1281
13808
4161
11442
7862
13888
4255
8046
3416
4191
14561
6023
10008
15697
11040
10119
308
5919
12914
8869
15110
5388
12856
2818
749
9081
12761
15443
11398
13527
4086
5828
4591
13118
11707
11000
7630
8920
1177
3884
1552
10890
15120
15286
3112
6533
15739
8025
12203
10367
5872
6450
3476
12833
6258
7962
16191
11664
9817
13471
8876
14978
10471
5711
477
10388
1215
14663
15263
8741
10196
11375
386
4075
9849
9893
10798
7143
14530
13033
15664
15507
14358
5
15184
11930
853
8772
7785
9549
11195
11481
2520
11994
12325
8790
7003
4770
12536
939
3455
4994
13374
9488
4929
5765
9127
9128
14785
4406
15732
6311
12642
15070
4503
554
15489
4658
3510
4790
15719
15918
13263
7849
3573
7369
15467
8577
5474
11262
12477
6641
2406
5548
7130
3974
7276
7213
1292
6721
7085
5459
2515
15703
5179
1569
1700
2817
12383
3458
9719
6079
16001
12948
8963
11703
2466
7735
5761
10423
8709
5944
15203
5845
2395
13537
12366
13128
9449
1330
10333
723
14273
3567
15868
2800
8340
3170
2017
12057
15905
901
14585
7341
3701
9399
10961
4986
8396
978
11942
599
15244
6039
5074
10205
1480
16178
11461
14917
4764
12263
9643
13313
4928
13207
13251
2773
15072
991
8223
14954
6491
15587
8840
5768
2648
6885
1539
9842
1751
4368
15937
14208
15539
4500
1083
1558
9082
4353
7825
3011
12706
14489
270
7909
11678
10854
10259
5287
4423
12727
7535
884
7094
1252
14334
9822
15977
2384
9679
8629
3898
12183
6523
14804
9783
2722
1669
2619
16157
8570
3336
8313
5990
9495
11899
5108
8414
11511
1093
4389
1549
13221
3667
13957
14595
1005
2954
119
8845
14923
15665
3912
10400
15130
8909
1055
14364
6549
196
12231
16069
12271
13088
3530
930
4049
13856
4979
11211
2120
12973
4093
13270
4
471
8827
12919
15156
3828
2382
7699
12091
3036
5551
8804
5346
7358
11705
8002
12698
15542
553
5960
7030
13367
616
5141
7835
13482
11247
10729
14886
1802
8439
12074
459
13410
1350
4240
10321
12012
15103
14534
15655
9508
16117
5675
1042
1554
11699
7925
1828
10849
15092
2809
5732
16237
3949
4608
1503
6482
10981
6653
13584
812
2482
13699
3799
5564
9984
12329
6901
11038
8956
766
2579
14156
15534
5255
8139
12962
14081
9164
15478
8841
15779
15966
3185
2263
8284
8382
1187
1673
12225
3748
3697
3793
14909
11268
15041
2624
7129
3204
2365
5125
15666
9294
15600
12976
14016
1760
9560
6350
1433
11565
3995
6942
15609
11232
7521
11222
15822
10916
12154
10355
6179
2884
5591
15002
1912
9067
172
12016
5538
13881
4303
8334
11255
1512
16033
6947
1801
5667
15938
2052
1441
4478
5443
2739
13012
14990
1580
6132
3525
4150
860
8842
7421
16265
12394
15848
3549
12358
4537
13826
980
15920
10293
5493
15894
1944
232
12767
3546
13673
88
9780
11576
13889
12478
4495
2840
9322
9952
12731
9770
8927
2598
16020
7083
5306
13320
1754
8473
7658
12140
6683
7367
1039
3617
5227
5100
3382
4237
4607
16339
13045
8152
1076
10977
4809
12631
8880
13846
135
2548
1124
1226
611
7768
12494
4022
13058
15367
8095
2605
16066
11557
7492
13485
3024
5759
627
10698
614
5972
3235
3957
4177
13633
5313
9972
14217
3412
8013
10690
4768
7983
3755
15803
11160
6845
1772
13198
8892
12017
413
8110
1953
10885
13269
4872
11317
7741
13831
11889
5162
3804
5846
10257
7995
7207
8198
14094
8983
15712
10376
8029
15231
485
15211
5935
120
3585
12760
13115
10912
3823
3994
535
14231
72
534
8939
16293
14312
13963
15020
7541
15054
6189
9470
3123
11976
7724
12269
1688
10514
12337
14756
3938
14846
8007
12718
5961
4747
5679
11877
5866
11887
6192
7640
7315
8968
16119
12010
15197
1541
2552
9751
6044
15613
4402
9065
10871
734
13092
8418
11692
9169
2927
11630
13144
7664
14623
14743
2183
3215
5315
3783
509
15206
1684
4672
1109
11270
13575
116
1972
1598
15830
11879
8
11534
13481
2959
10782
3978
13601
3818
3080
7680
6455
10956
3840
10948
12916
15646
10433
8814
11103
13528
10391
11997
7072
15427
2713
15899
2904
13621
15426
12570
7096
4926
200
12673
6257
11164
13654
8591
15648
6771
25
8207
10272
10328
5720
7006
41
13784
15100
8435
12559
20
3004
5087
15195
1966
16022
8326
15341
181
1643
1922
2176
8169
1275
14322
10671
14105
14479
9521
4720
14822
10533
15982
15496
4497
6364
16257
14377
4053
14579
15497
5526
6068
6492
4273
11489
3603
4242
2437
9562
12330
16
9158
10904
15221
8084
7990
12759
15145
5553
8115
14155
15447
900
6860
14980
7098
14394
1993
12100
1236
15593
9950
12064
12967
5566
2287
5378
11849
7026
7740
11925
9013
1854
2116
8568
12621
9125
7480
4892
5007
14145
3545
11
10806
16311
8235
625
5685
9126
7049
10384
15312
9909
8455
4045
5093
13418
3742
4875
11313
4930
16226
11856
4448
3756
6146
3407
1517
6019
575
14008
570
15622
3456
6754
14084
3791
1716
14396
6280
4414
4945
1815
14038
12598
8372
4398
3025
7693
1859
5518
10711
10048
15915
6973
8631
12092
11526
15914
16282
6878
4524
3049
9570
11891
10007
14269
8327
14861
2354
4515
9686
6181
8943
5211
13240
7908
4320
9402
1479
6433
14508
9510
9888
12568
12887
2754
2858
14327
13216
13187
7059
917
5994
13047
7119
16348
5420
12777
11041
14147
11625
3622
14787
8908
3200
5405
8054
10009
1740
15530
10810
15706
15603
9473
2479
11863
8992
14373
5964
9024
12921
504
750
1169
16360
8690
14022
14722
596
3773
9531
1837
887
2916
14464
6911
12816
12742
11263
892
7375
1242
11243
593
3255
15015
6609
12681
1718
15572
13223
10668
605
12895
4304
7638
13855
5528
15237
6920
12720
12233
1444
1082
4562
1222
5880
9906
9898
2504
10873
3340
11772
11432
4653
5333
8811
7789
9133
4846
13883
1154
37
5322
8484
6148
9088
8289
2454
16190
8057
7413
2664
11476
8410
8308
11615
4902
228
6282
15827
11082
6909
12526
2887
5490
11374
3850
16331
6289
3355
5440
10084
7598
1358
7926
3772
8213
15254
16215
6370
9006
6165
5432
1888
12966
3074
12637
1990
8376
7169
8287
4212
12205
6385
11600
4362
4504
5176
2353
11519
15633
1950
752
13039
10501
1144
6363
3686
4989
5788
14018
15365
6119
3210
14090
13691
13940
3296
4629
11042
7806
14349
6535
823
14516
6477
14219
7691
3837
8045
4105
14830
513
11267
13076
14666
6446
6697
7763
751
15200
9218
8906
2321
13272
11115
15306
16169
5035
9352
3012
1849
3360
4549
4899
882
10579
206
2032
446
12338
8347
8424
5780
9737
4771
1640
7562
11368
15214
1198
14455
13607
16028
12755
3376
13169
12571
1618
7439
3548
6175
6086
6202
661
4419
10436
7433
5561
3272
1513
13032
9021
16088
10684
2811
2185
4641
1907
15814
9468
9427
3406
12907
6216
3258
13632
555
3464
7749
7721
5978
11219
925
13357
1061
8738
7227
784
12318
2047
15204
11525
5605
13498
14773
9071
15589
13658
14189
13474
13774
6887
1510
4518
10735
4036
10858
11314
11484
11099
9844
8074
146
9297
13573
1676
5898
6229
12085
10292
12230
15657
10504
642
7184
15522
7764
13714
15403
623
572
5778
8300
16381
1235
16342
15144
4043
8077
10058
9419
7582
16288
626
9438
4322
10135
12105
8026
1712
2305
2016
9060
13038
11409
8078
13016
6449
4342
14565
14649
3619
13611
6991
11799
9651
4151
13674
12235
4922
5544
803
12347
1178
9941
8830
6195
14279
8722
1692
3627
10402
14009
2734
10052
15643
5915
9621
7211
14537
8535
5189
9807
2922
12051
12049
5634
7836
12840
8516
9358
9389
5705
1509
13226
6475
644
7526
1873
1927
3864
6251
12479
1145
3234
2902
14290
8621
9173
11527
5945
14699
14753
11127
4964
448
3735
12344
14549
4656
10597
10585
14162
4900
16272
2128
5178
653
890
12191
10837
14943
12204
11196
3671
6038
5157
6498
4465
1813
8837
6903
4991
1418
7701
13078
9711
12050
10341
7240
15796
11403
4816
7429
6297
10064
263
1715
15733
13712
801
12684
11938
4867
5918
8649
184
14357
12692
7081
3275
1200
11025
16063
4713
3397
12088
8192
16279
5196
8355
14657
70
1914
702
8607
9623
649
9134
16137
6129
15711
15316
14796
2196
4249
10803
16287
303
12506
3391
862
3535
15556
6678
10342
9424
11327
8116
10543
3131
15441
7122
2090
11771
15877
8384
7951
6791
14851
9320
5598
1015
14191
9683
16038
7060
15565
15577
14422
2762
3466
4285
9193
14780
2779
7826
6563
2602
1157
13585
8823
4779
4977
6808
15529
201
15321
13449
9316
10932
12524
6441
1630
14198
14786
4972
11315
12321
15876
14492
10224
4924
77
9766
6167
9092
11586
3446
6485
4652
7827
16243
14811
14362
7419
15387
4532
983
12650
9022
143
9583
11134
8087
10440
12771
7079
115
7318
13811
3021
2418
13437
11631
3691
12776
4314
1312
9217
5222
6565
137
1612
5272
13990
15409
6689
4887
11179
672
4388
14166
11446
1822
1749
6760
10877
2046
13919
11728
12845
15271
2790
5830
2632
12640
15094
2764
4116
2562
14426
13130
5463
14592
9794
13317
11424
165
14065
11021
14720
10882
7461
8425
6266
4132
15758
7271
6867
4090
5358
12299
1769
8938
2604
13247
7903
4200
5697
14442
14904
7840
6291
16249
14171
2405
11209
4457
9042
8808
846
13734
6966
14910
5653
5505
1429
15109
2332
6330
15135
414
237
3172
4142
14711
2296
895
1666
8495
14460
1699
5619
10559
8081
6702
1
4180
5003
14582
2597
12184
5207
2615
8262
209
12611
6283
1419
1390
11281
1834
9681
8791
5294
1173
4912
11337
14646
6203
6670
3482
9702
15087
9592
8926
14268
6439
2852
11343
16323
11058
6992
2532
7787
9310
12386
15357
13628
1809
2705
10655
5753
15832
8703
10013
8753
7725
4153
8069
2228
2356
3709
11937
7801
14859
6078
14367
12411
11070
3778
12653
8344
118
15901
8504
2595
5509
7412
4215
2467
11956
14543
7448
162
8711
9166
2563
7178
15229
4486
3980
6787
15602
12739
4163
4222
16245
9889
8569
4278
13190
2926
14062
4059
1406
3489
13877
11504
9245
15220
3954
13742
1938
9512
16291
12122
3099
14157
1531
886
6465
12515
13770
3485
6331
12842
8934
12509
6910
13910
13842
11137
14920
5011
4056
4301
4693
12250
3885
10478
2614
13728
2111
6097
15037
7239
10368
3381
3930
11167
8605
612
15302
5602
492
2741
12987
9978
6546
7387
11583
6378
6127
15434
9866
335
5390
495
10408
12958
5174
5140
8133
12748
10960
662
13296
6618
12463
9936
4148
9959
433
7976
12484
15048
2283
11148
4707
3744
4485
2319
1591
15936
9863
15106
16378
12894
8043
7479
11101
6531
9197
8316
8582
3146
3941
8982
2864
3951
2027
3280
682
13743
9018
4170
16363
3923
7259
12147
8785
6997
12589
6368
6873
4820
15198
6847
8423
13944
8828
12844
11787
2393
2502
4681
8469
2980
1695
13964
7221
8774
2723
6041
16057
11581
1499
11175
7950
14815
16244
764
4697
5706
13860
2270
15457
11231
10640
5936
12361
12618
6072
10599
2398
14594
7426
5018
3308
5339
357
8250
1763
8104
13622
9511
10766
3322
8951
1219
12511
3348
12702
6789
3902
10898
2537
5657
7820
559
10094
9989
15778
5321
6106
4233
16094
7961
428
170
3472
5198
14050
6170
2870
5710
1476
13134
14600
13809
4437
7462
14383
4896
14733
3246
1367
3457
6824
7991
15189
7857
7111
13690
474
3252
14936
12972
5324
6521
2371
9537
1161
4854
6522
9663
7784
2372
5456
13948
13688
13533
8430
15101
6063
4519
14311
9459
10696
960
8364
14832
2217
8463
11325
5086
9442
10219
15314
7484
13926
15987
13729
3932
1807
3379
11837
13988
9124
11187
7188
10075
6226
11796
7460
16214
3157
13655
125
5772
215
15567
5110
11528
6374
9744
1918
4683
8917
15521
9421
942
11868
4825
14476
10361
13486
4968
13026
6785
11536
8517
579
4223
11883
11974
4788
10329
643
2865
6599
6907
6267
9038
14606
4247
7714
3474
13325
9721
1422
13687
2101
15096
9411
4833
2098
15849
9596
5464
7747
9738
2511
5515
2329
5785
966
10109
10822
10218
1820
12847
14361
7929
14911
3945
3992
346
4665
6733
14255
12956
7529
12616
16366
6401
12390
13798
6405
7327
2653
11795
12903
11013
6895
9066
3696
5806
5182
62
8779
6423
365
4089
693
10617
2968
3237
15898
11434
6027
5883
4174
842
2004
5281
5545
13871
15417
5963
8849
1663
2277
15466
13903
12035
689
8101
9130
5635
12560
4453
11060
10240
4291
2815
10098
10343
5534
442
15557
12909
3743
9185
251
5821
15965
10122
2067
5596
9390
13097
15355
11577
3053
10739
3491
3888
10178
12986
7044
11627
12781
12959
2998
6045
11790
9541
1745
5363
4965
7720
5118
12893
11440
2294
7380
3176
1578
1896
1978
10264
4035
483
8003
5447
14144
5805
1655
13175
13997
11740
6005
7667
754
9602
12401
16194
10833
29
10730
11990
15487
8155
4978
9764
2923
3369
13035
4158
10955
3947
10385
15185
11851
7648
8211
9625
14615
16142
1534
10217
6940
4140
13292
2693
9475
796
1825
9854
13591
13023
5709
12003
6756
6834
14901
11004
15583
12645
774
13267
13941
13055
1613
9039
4627
14004
5393
11727
15859
15322
10959
12265
10279
11229
956
3260
12572
4462
11676
12786
71
13143
3228
7707
400
8986
11765
14705
7673
11275
655
14352
364
1033
15352
11190
8033
13904
4595
3620
11006
9505
10752
5402
7423
4319
9534
16037
3698
13465
3366
12382
11665
866
15563
16062
13915
16055
5623
624
15122
4204
10226
8693
13618
10311
10424
12553
15596
14467
8351
8817
1987
4668
6567
7855
9007
312
16345
11030
8261
5985
7076
246
674
12588
11329
8392
10416
6572
12970
7780
8333
13403
2728
12334
8614
13167
14331
9064
10905
14640
6136
6552
3753
12254
3927
14293
12348
12733
13629
4199
9910
15285
4308
7039
9181
12501
9435
16231
2444
6766
15009
11706
2009
13802
2949
2272
12542
15804
16322
13397
3225
12725
5636
14533
1646
15751
15683
2049
8315
2432
12080
1998
3236
9703
3498
4949
7385
5894
4395
2023
9824
14119
7153
11688
12599
606
9506
2786
1601
13409
14223
807
824
5185
5696
15601
5226
14933
12162
6818
5305
5410
14342
16162
14480
4365
13470
2976
13921
15205
14723
2742
12164
9805
10867
15818
15350
9243
10598
10911
9115
8259
2896
11653
11871
4898
14306
14732
1072
9604
923
6963
12142
1719
7584
12295
1346
1957
13259
2654
12982
12635
14708
2236
7957
7645
9806
11274
12628
3133
13425
14096
11621
5502
2057
5853
14948
4804
2383
13113
726
8321
1249
13564
5754
12906
4611
138
4413
1241
1411
9382
11478
12931
3609
6377
11552
12089
9499
8699
5842
5166
2010
6772
14977
8378
8586
8023
821
10970
2878
15960
8358
131
14776
6151
7352
10068
12822
10982
439
2729
13637
4114
13189
5891
15445
2472
10320
6740
13260
5427
3028
10265
11309
14108
1701
15580
6543
2872
10685
15995
770
304
15730
3921
4197
4636
319
9820
4184
11298
8856
10035
8398
6082
2531
3281
1713
3803
55
15432
2494
8036
15132
7898
15584
5877
15829
2903
144
6468
9530
8311
6693
2463
8109
14992
16129
4610
2140
5871
12576
10812
6241
13284
4853
13817
14389
10027
6014
5068
12789
5008
16051
574
2825
10908
15694
3358
12267
10967
739
8740
4916
10530
14975
14111
3750
5850
12691
13619
10254
11462
15917
6753
13553
9691
11392
16082
12625
13353
710
1348
8242
14869
7160
8168
9612
2757
6426
9589
16179
9838
8580
11358
3242
3010
11280
14700
9187
4940
14524
13896
8232
6271
10244
7109
10855
5329
15645
10275
10924
2967
3967
16289
15484
10718
13776
878
4282
5065
14057
15469
6212
10770
16196
11286
7228
10207
7899
2069
11312
10286
13205
5042
4211
1149
14440
11965
14071
5449
14136
340
1129
5374
2095
645
4640
7573
4418
10901
6459
2973
1356
3969
9487
13073
11802
5070
14919
2606
105
13214
10354
12780
3763
11012
7854
9567
14416
4396
6547
179
7103
8573
5096
8589
11918
1424
4694
11743
10233
14419
14813
9019
1018
5627
5051
11556
15366
1736
2894
1683
14212
15585
6354
5072
1892
11788
4584
9084
910
4527
8718
5428
4463
3656
13744
6703
8688
366
5146
3538
3863
2368
11301
11151
2438
4891
15765
13547
9819
7966
15594
13131
13237
4420
4243
467
12249
7329
5434
8293
2845
9151
6180
10611
12773
10248
15860
2594
12175
8018
8197
8795
9513
13592
5257
11742
4296
1525
325
2056
5769
2561
7108
11339
3042
1632
4571
3055
15019
3187
10246
8964
2026
14378
2303
9429
47
7171
9232
5286
11019
2265
16087
4238
920
8280
16143
5938
14001
12087
14209
15590
13495
12009
5094
12011
8860
1317
3732
1652
10962
13385
2567
1776
4737
8642
16358
9176
1756
13277
7202
4583
6131
14746
15486
12030
527
5202
10816
12108
10363
5874
12871
2490
7000
9119
15851
16332
12820
8008
5797
3986
4454
3411
10221
6500
12416
16134
11290
9717
13195
4784
4207
1245
10835
4360
9266
11783
14836
597
3326
8592
11888
3889
443
4831
1337
16255
15028
8339
4858
4471
1239
9999
14433
9974
2890
4966
13154
13093
10509
12027
16073
9811
6497
7032
15388
8818
8171
9278
13373
7428
12232
13243
2672
2424
11078
2591
14
1389
3564
7523
11643
6352
7977
7101
15416
173
7616
12224
12229
15093
666
15543
7502
14724
6805
7599
13375
10426
11093
15709
7686
4545
5869
524
2402
4753
7404
5357
9414
12994
333
7131
13060
14918
4202
9544
6803
14734
15005
11749
15377
9840
14170
806
8323
5274
10869
13490
9117
2139
3241
4943
6671
10907
5043
3387
3908
7314
15677
15729
6429
15672
6488
9872
6752
7920
15091
16326
5541
6315
13972
1188
9463
13685
2200
2165
15743
8507
16030
576
15078
3295
3903
9196
14142
14498
14618
16056
1234
14848
65
5429
10740
7199
11584
2668
15695
7307
5124
16007
1206
2202
1243
14254
13141
756
12514
8126
8479
3550
2313
3835
10281
7601
3205
14794
7916
13368
3309
3524
362
13203
1976
1310
391
11490
1714
7834
11344
2590
13933
11071
11979
16340
4026
10983
8928
1665
15844
13701
13384
2911
1336
7126
480
10061
85
10051
16053
8755
11854
3148
14271
1064
261
858
1311
1117
10001
1559
9168
13966
4523
3621
3305
9659
15559
13095
14048
9175
1150
10813
15873
6675
12455
7754
16192
14225
12177
8178
12734
8698
3486
7364
7738
2914
7416
1863
6875
11900
14952
7007
14337
3145
2909
15021
10995
6626
14714
531
10250
12647
1085
12721
14981
1468
9188
13939
5256
7583
6712
15456
14193
3634
8952
8683
12038
1250
8498
8953
10106
10894
6163
1600
11169
8870
11191
13917
3124
11972
10969
13624
15930
13925
58
8506
244
10237
11414
4925
15896
12007
2131
6332
9762
1994
3331
1251
12215
11687
2003
9781
16376
3996
14059
7274
6101
12881
654
3522
2521
4588
12109
13841
5796
6965
7548
11246
14192
13248
7481
11371
15951
8097
16281
5084
7881
7070
9477
15004
4436
3400
14642
8523
584
8653
7706
4860
5896
16123
1788
13538
15659
5171
7203
7397
14692
5792
11608
16161
10702
10801
634
177
16290
8217
5170
12054
15140
14125
7182
11221
4092
8387
12689
7757
2655
13436
242
5737
8765
13545
14578
3993
4552
11948
11642
15133
7771
9062
7797
6503
8905
13648
2349
2299
2336
952
9542
7808
3880
13238
2666
12111
9696
3968
10980
2969
15769
732
3981
10913
3469
380
10709
6059
2611
10738
6979
159
4960
13519
10331
6182
1983
15290
11950
16146
11250
1821
13766
12268
5816
15737
6983
13347
12930
8780
9148
11412
15747
1120
7058
7065
15192
8362
831
3217
7650
2374
15578
9627
8247
2414
8243
4585
2146
2285
9396
4121
1038
9861
16379
1579
15477
1586
1020
3869
9532
3043
5802
13950
16187
908
13561
4789
8415
3738
1960
11932
3442
16364
13201
50
15636
11824
5956
4821
2935
13344
9830
1425
16355
15293
4877
15802
9516
3531
11377
15608
5886
3581
7345
13965
4578
5852
9284
8918
1130
1893
14863
2366
13739
385
15395
117
420
6892
520
10127
11185
1423
7595
2586
1936
10793
684
4909
8330
12546
7162
15282
7745
9057
11506
4193
15381
16212
10915
15810
12722
13821
6747
2237
7466
11551
15301
11717
3447
1213
9935
10407
2536
5293
10950
3655
5808
5492
12336
14417
7761
10570
7255
3687
14154
3891
7685
12274
8401
3577
14397
14729
2866
2622
14719
10634
1588
16286
12377
1880
1486
10699
2749
10485
5592
12792
11546
14415
12649
6937
10507
12208
7659
5177
7164
6916
13475
12535
9579
7289
5644
13558
4442
15176
11691
14130
8220
5835
8585
2791
9431
9977
8747
5328
8549
369
561
11986
15006
8544
13019
13834
11989
2333
6067
6840
15725
11755
13302
13427
15422
8872
7577
9353
8883
11554
5024
7208
8680
13748
16074
2571
1123
8742
15061
10644
15262
9930
8368
418
12823
8383
14949
8606
6325
2938
12743
6338
4758
12595
11597
8017
4382
9205
2820
14995
9670
10086
2975
2932
3955
7263
12341
11485
10900
13176
1485
2920
15171
16370
1068
9875
5061
4863
2576
13316
13836
6057
11603
4886
9718
2164
1436
5499
844
809
11129
8595
15424
9281
4674
5640
8354
2978
4691
11170
3571
4675
4660
9256
16210
2441
48
15592
1782
1604
4427
6948
12811
12549
9671
12298
11193
9934
10157
3509
4606
1523
2704
2300
11566
2585
10340
7702
10727
3279
9304
10375
4047
6392
14935
15479
10247
5678
763
7938
4219
15644
14482
3069
9020
3871
9246
3859
15159
9009
1195
12069
14066
15566
9422
5279
14436
13191
8598
16068
6208
15515
6334
8540
15687
1827
7485
3339
1352
133
4085
12457
1571
8686
16375
2241
2214
8979
13324
14400
6562
8996
14287
5766
