3718
9137
14738
5072
12768
14596
11029
11328
12382
2573
5092
12645
885
15150
4654
5536
553
9380
11053
13040
1007
1833
3368
1710
14640
10252
10186
5252
10519
14748
6753
5941
5965
14955
15837
10905
12266
2540
874
13747
8497
4234
13991
9373
16167
7149
6322
14144
3848
10952
558
2310
3283
14825
7458
5430
7593
7348
5700
6404
9576
9056
4043
3001
5831
9264
8738
841
5587
7773
10622
757
8801
11581
10910
15920
3355
4097
11794
6685
6347
8426
10679
4850
15224
15970
7571
13063
13103
9977
5976
13625
14281
6513
15275
4747
6932
14809
2115
12656
758
12355
1495
3892
1181
6353
8373
3740
2250
12679
5760
9885
749
6914
4783
2694
4304
9117
11331
11033
3528
15554
13531
12918
5118
8187
11801
8852
10064
1315
3004
4335
14192
15145
9563
10972
13233
13200
11538
5668
2833
10959
2408
14298
4341
786
4379
15954
10403
9657
3149
14149
10005
2080
10439
311
2062
11573
13654
10299
8390
16200
12286
14942
9233
7363
3437
8450
10213
15177
5528
11349
10451
3096
8487
15003
7437
15123
6250
14740
6922
1740
8246
8889
2645
12826
11999
4520
15114
7843
11433
12987
501
4047
12393
16283
2598
9812
14246
5471
11100
42
2824
7354
10974
7321
915
9293
2657
10606
13263
6013
370
11769
11559
13202
2024
8725
6177
492
12497
9880
10568
8057
2154
14364
7512
4607
7746
5350
15806
11026
7564
10256
706
13653
2674
10844
4991
2668
2814
5310
6167
11658
11518
3294
3576
674
3541
4561
6066
11978
9712
12728
5781
3150
2664
5313
15029
8271
14143
10245
9417
13672
811
10834
4876
11970
13111
12718
13735
13706
7717
5447
12403
7736
4419
9551
10269
11742
1697
4587
5824
13711
11404
1100
1945
12549
7897
11546
11617
14126
3173
15936
5336
5290
6241
14830
14186
13862
1487
6713
13983
8681
3215
5890
10477
3895
1317
1954
15041
16277
3996
249
10342
10681
15265
15480
5920
9356
807
5596
584
3182
8098
766
14997
14720
8404
15771
13089
13751
11163
1271
10445
555
4789
14461
9976
10801
9598
5710
15947
846
8830
10170
444
6194
1756
9192
5893
13015
14887
9263
12459
11953
13580
3902
777
4192
10586
13526
14277
1296
14324
15251
8104
13773
8805
8981
14310
4435
958
6943
509
1350
4847
4147
13776
3805
4325
3864
15745
4418
7874
8754
9353
6564
5116
711
16092
11151
12315
14831
14055
8393
13481
15831
8571
8581
9593
3968
952
13739
10197
432
239
9804
3256
5119
12778
1415
2683
2219
7373
8790
16280
4530
10817
13039
13632
5108
10709
12148
4739
7252
13433
8959
13120
5592
12428
4851
1893
13217
1103
12525
12248
6343
13112
13875
15245
13286
13536
12878
14994
6785
2415
9312
6312
3501
11678
7168
7719
2569
8491
7779
5245
12297
4412
6368
6860
14977
5137
15237
8849
13174
3302
12205
8579
2044
5804
5716
3855
11028
773
4544
10890
7466
15820
10169
1976
9108
15434
1141
11624
15416
7016
13118
8423
12126
13803
6773
13067
5132
11241
13257
12485
470
9866
5897
2402
15259
7526
15118
5168
13000
16229
7940
12805
12154
4652
384
15240
9684
12293
4227
12979
15180
1434
1482
13038
9503
3452
11323
13046
8976
15049
10038
2864
13182
10592
137
1019
4924
8868
14969
3292
7180
6057
5382
4438
2587
7639
13863
587
10903
12305
7896
8165
13356
1178
14263
2055
6969
4900
5496
1066
14312
2357
10398
218
11374
10552
5353
8349
15318
14304
1708
7351
5100
1163
14855
5902
120
11727
10604
14784
8667
7265
5013
11406
5239
12391
3742
7167
11484
5900
5785
8583
9619
10873
8989
3025
2595
8514
1606
6711
5124
12670
6284
6256
13921
3904
11554
12558
2143
14706
5806
5899
13465
14758
12741
13691
3819
6214
9528
14010
15654
8020
227
10098
140
6328
13967
15887
7834
271
14509
14945
6716
2328
8975
11329
3833
76
10153
9752
5921
4788
14744
4400
6568
13370
3515
11140
9914
877
7855
2990
6635
11748
9952
945
2534
7710
11376
11892
12560
1159
9729
10609
3397
14621
9794
4098
8811
12294
12237
3233
3407
12453
2568
8561
16343
14780
10510
3328
3532
1835
13365
438
3651
13132
3336
1796
13369
112
4211
3655
3174
4996
6727
10636
2013
4032
12028
9446
1543
13095
7586
4725
12941
5755
15741
5706
3504
2686
8720
8485
96
16080
15136
15535
8520
8965
9825
4762
4734
6644
15226
6077
2211
8758
522
13390
13021
9956
5376
7137
11966
15478
14652
653
13752
61
6089
5243
6559
12138
912
9118
8471
14308
953
11520
1879
14369
4197
15980
12711
11632
11360
11661
2806
7533
14643
1542
13971
14515
10848
7106
10216
11418
760
7282
4605
14247
3170
16065
13710
9422
8885
2004
6071
4184
13056
12719
8108
15056
16023
13629
7758
1898
3853
4393
1474
7183
8534
5841
6072
5170
11845
19
2363
9876
4710
8254
5683
8139
9628
9940
1215
6526
4601
5450
4364
5155
5025
15774
8558
15304
2958
2836
2181
6660
6127
9645
12777
796
12147
1110
5351
4998
3949
3627
13835
12905
15463
8482
5931
9150
2529
6144
9943
8625
4076
1748
2438
6577
11908
8988
16144
10394
13034
4531
10235
8449
6979
13476
11709
2430
4217
2750
13033
2239
6078
12673
9626
9047
7186
2256
15659
14474
5927
12061
13698
10017
820
11749
12620
8070
15326
1478
5525
1505
13644
7296
7584
15452
16243
13987
6390
14588
10346
8794
12951
16346
9967
9472
1573
13306
6161
3885
6040
7063
835
12003
3479
12582
7866
11752
12090
6098
4647
14487
3045
2988
8678
2268
10228
417
3102
10824
8336
1195
8639
6916
208
898
3040
12840
11001
1810
14826
6495
8603
14151
15775
13764
15833
3638
7616
2538
15949
10520
7116
11925
10896
4932
14677
4803
7600
313
15218
6661
4756
4985
4477
801
6442
6555
7650
15812
12973
11843
4560
462
9201
1210
14225
4128
5819
1106
13265
6739
5972
14779
3484
9007
14437
2742
14562
1565
2366
11425
5862
9113
3118
4060
9130
3831
5192
15580
8430
13490
4464
15365
1198
5485
10704
7304
12203
6242
13956
2339
223
101
10472
1008
3349
12439
5228
6620
8614
7531
9300
12415
11850
6415
216
12552
15607
11423
14019
5705
4242
11671
5049
8888
3883
15465
14587
13308
8691
10094
3285
3907
12975
5565
2559
8935
12314
14606
12402
14245
7147
12546
14724
8716
6420
16124
10908
6992
5506
1105
8204
10588
10465
8033
15276
3727
10612
11161
6401
12467
10417
9085
15713
10016
524
13953
5194
7100
2213
399
12984
7400
2334
10053
13555
12712
5163
14309
9846
7538
11790
2156
15181
6274
1022
346
12263
4721
451
16141
8886
6009
14252
12376
2290
3785
9281
9191
7122
3852
6906
10872
6788
5405
14421
8360
9084
15691
11696
4292
187
12004
1402
411
11339
5886
8672
15221
15839
12731
9385
10507
8302
13867
7750
4792
12570
8736
4430
14543
14600
13947
5494
2567
15514
11147
3945
11080
6502
12246
8101
7319
11483
5141
717
6011
5487
863
10886
12186
6484
5400
1574
6782
12381
12465
7740
5678
1053
12080
1238
12930
14363
11034
13178
3552
4846
4669
14380
15699
8945
7268
10425
3631
4073
16068
14001
13017
9893
13558
7441
1052
10976
7521
11090
2765
16358
3926
11542
7890
5060
5938
4374
1111
1167
12934
5564
5292
13965
4755
1587
789
13683
7211
12611
7138
1962
10608
5871
14329
14291
15882
13634
16132
4478
1547
2876
3268
1933
10990
5185
6114
7142
10184
2090
3226
7671
4018
1354
8864
996
16087
13138
7345
3106
14253
6839
8366
14728
1669
10278
15722
38
13018
5446
11286
14639
14075
13084
1082
11942
9396
4966
277
13545
14834
6879
3690
45
11227
718
14586
15683
4889
11549
1029
6519
15878
2340
13722
12260
15039
168
732
7952
15744
13090
4206
9730
14343
15880
13398
16086
12169
16240
8932
14838
8128
9175
11851
8684
2118
12180
2202
15918
1611
12976
1435
4317
14003
7569
5516
2179
14904
10786
804
7568
6109
5661
10111
9807
10421
10078
7322
1951
1306
10512
5839
4528
2081
1394
15272
11644
9744
5394
2321
7654
15707
10460
2816
9498
7275
3322
7371
9058
5932
246
7387
6926
2144
2471
4080
13655
14064
7976
4165
6525
4978
10340
5355
15826
3187
3413
3485
14481
986
14799
14967
10710
14694
14944
10590
9105
11351
15451
2551
10646
2134
13544
11955
3957
15108
7390
258
6987
8560
13220
14839
6814
15927
1324
8350
8496
7666
3453
15182
15213
11855
3899
14766
8551
5743
6736
16055
9501
15038
9269
12828
14644
11350
3024
13310
14145
371
4979
477
268
471
11991
9970
1189
16232
8214
5164
716
946
14395
10082
10832
6315
1840
338
14401
8915
5296
9532
13926
9382
8073
2888
144
2932
9562
2064
4697
12089
4919
3674
2883
11005
2332
14113
5148
11357
7602
4446
362
12765
6336
549
6297
5181
13937
1777
4602
13886
11391
12604
15190
5817
28
13212
14603
10810
7920
11372
2589
3184
9623
3906
12164
12606
4198
1498
8171
15322
6281
14513
3506
6107
14622
14982
4318
2278
11633
1998
8017
11792
11317
6762
11019
9467
13125
6738
9963
12755
2798
11308
752
6578
6083
12278
11902
3442
12873
5059
12243
10430
13373
4064
4048
9734
4107
14558
6360
6567
5196
1476
8626
3394
14872
14577
8201
1877
6657
7049
14663
12754
4428
9834
4982
12448
6026
8387
680
13249
2784
3228
15184
8879
14321
3153
2974
2899
11414
351
6905
11645
14099
13840
4714
15248
11170
11868
14573
11363
11699
15076
4519
2615
7954
9107
11131
10328
2461
6419
6847
1183
6211
10578
8890
3596
1632
15603
762
14242
8409
3959
1958
3683
9488
1904
14244
164
14004
9034
13413
12199
3713
4871
7561
1588
13134
260
6794
12945
6915
9560
11102
11306
16138
13254
2152
5593
6651
442
6376
15125
8570
15599
14958
2129
2249
6043
1377
11194
9295
11924
12105
13731
12404
11586
10800
15600
4736
4191
15053
14080
14104
16264
12877
5251
1457
9185
12889
3244
13856
10638
12916
11049
7248
8331
15107
9897
3142
14879
2365
10471
3786
14152
8468
9152
10397
4367
14727
10654
1696
4416
13338
14837
11289
11468
14475
11192
4583
10508
12561
7679
16372
7808
3916
14842
6423
6466
8872
6945
10464
4135
13115
4422
433
293
6968
1639
12151
7565
2053
3098
9449
2895
15263
636
3600
3175
6473
12430
3854
13160
9072
13337
12128
9611
12715
8925
1091
12989
15999
5771
12880
12476
5005
2151
4091
11428
9294
6183
14366
11219
10650
10620
15023
16381
121
2802
11544
9416
754
4610
12281
2835
6747
2997
1700
13005
16128
6031
3640
6218
9743
7101
1719
3700
12986
3756
10490
12869
12029
1383
5323
11434
15582
8048
6675
13108
10706
15230
10048
12756
16018
8685
10569
8137
14373
2588
11821
1961
15612
5671
3119
7816
6348
6180
16278
4901
7264
8622
13736
4515
11316
9871
3361
15526
11606
13248
11381
9168
12052
8499
15674
13917
1054
4087
7414
532
1939
15438
8294
1935
7724
1869
4166
14494
2018
1001
1274
16158
9165
14502
14454
5604
7111
990
11462
7733
9215
9255
2082
5208
12781
12307
2544
13696
13968
7152
7476
12682
1618
6737
1754
8594
14222
2460
13931
11162
15444
9092
3310
455
5128
3557
283
13590
1079
13556
1381
2907
7544
9195
11081
15244
6224
3382
767
10565
13168
2629
1523
11896
2562
1109
8675
5526
5488
7540
11605
13156
8374
6265
14625
1791
6928
16180
5795
7811
13057
9732
4415
4424
9288
15853
8629
34
1104
9777
15843
5390
11904
11981
11297
13105
6046
11429
11327
7258
10532
3930
6828
5258
1824
16191
15341
15062
1626
3909
5211
14610
6305
13334
9950
9096
8486
3834
3822
14275
9548
15593
14868
468
9585
11571
12837
8653
13357
2954
7043
15852
5039
4942
16192
8196
3467
2440
10314
4213
14679
4034
117
3580
10018
3281
5896
8767
6833
4539
15567
12253
13952
9711
10274
7378
1842
4311
314
15757
988
12792
15368
12373
5605
12371
10179
8936
4821
1125
13848
16353
3524
4040
16351
16303
12193
50
7634
6364
13211
4510
13014
7978
4092
10671
15494
1677
15876
9017
13128
6588
8157
10911
5978
3607
2484
12733
9144
1668
12414
2225
3155
9324
1566
14593
9495
5455
5917
1992
916
7156
13087
59
11626
9835
5337
5964
1535
6679
1820
6904
10797
12967
10341
54
2337
7308
241
11175
11662
12669
4667
3882
7350
1509
1610
3733
10042
3915
5715
14399
13027
2879
3015
4706
15830
6153
1889
10856
1533
9783
7879
5807
3450
14202
8737
10935
6854
14801
1242
12698
11582
13061
435
4023
9336
11377
510
13913
1886
3218
3005
4330
2614
15667
9226
7440
9930
10702
8971
6672
1854
3134
682
13549
1608
11547
5004
13143
14458
14135
4709
15924
5434
2926
14923
8751
11818
15120
12032
9409
11221
12345
6581
5024
16105
16064
14882
6515
149
3309
5714
13223
4361
8063
9853
13682
9389
1538
7214
7392
6537
565
1744
10900
12581
8332
6520
6743
4556
15211
9616
6262
15441
688
12115
12534
6424
3769
9539
8643
14619
3216
150
12288
15614
3728
2844
11380
7254
7290
236
2052
8820
15167
5894
9882
6168
7126
9608
12499
6604
5075
15502
10965
7850
7300
817
7040
10571
6045
8052
3734
13857
12320
3990
9522
13560
9359
3141
12441
5989
9111
12588
12449
10378
3731
6600
7929
9947
1714
2532
400
8211
5403
1057
1243
1269
1776
2075
1043
10770
5955
8500
4401
9354
10419
7406
15495
6169
13446
12142
3668
11030
10863
1539
14734
880
11537
11668
10783
13020
1200
2032
4973
8244
11166
3331
5203
6017
13982
15121
14612
8760
2378
3200
15163
13774
8729
8089
5407
15586
9978
15069
14043
4748
14813
12568
6636
7236
16350
2499
5852
14881
9922
9632
10498
14940
3764
13065
8956
13961
11397
6477
11013
15162
11366
3802
15641
10763
10487
9678
198
8875
6067
7203
9561
10879
16326
6856
15321
245
6022
6399
6886
3830
12446
13802
11422
8001
9016
13213
9955
5202
13954
15291
607
5910
9261
11342
7225
8646
14125
10154
513
7472
11614
578
1403
8966
10632
12372
16007
2720
1140
11879
11732
15507
8991
3049
10617
9462
7021
12841
9395
3684
15903
1956
6143
15652
9945
10511
12548
15348
3751
9213
10208
8833
14240
14098
7083
14553
10084
3601
4934
10001
9067
14938
772
13376
6953
1351
15453
2425
7646
1363
6203
14917
10067
113
7640
7287
10251
5726
11243
11485
2506
13675
2684
5885
950
14047
4397
14555
12210
10927
4915
13489
5944
14929
5777
15885
6007
3826
12580
6852
12609
13405
2721
15045
7200
15227
5998
6088
2459
13007
5347
4630
14013
2625
14570
13858
7991
8908
5057
3789
1369
14248
10289
9545
15808
8447
1081
7980
14368
15847
6288
13319
13738
6786
9541
1218
8408
7749
12736
9241
6309
10530
5074
1870
15138
1526
15588
7673
15978
3922
5036
4445
16108
8572
378
5545
14230
2114
14039
5680
12086
7425
4312
1119
6268
3209
3436
15983
4174
6369
10963
12161
6304
6023
16016
10117
1065
3866
12742
10363
4854
7117
2642
10426
14390
4676
12417
3962
12614
4836
1220
9427
6560
15968
12793
11918
194
1802
10684
15111
9923
14737
16359
5666
3360
15459
11946
15178
2221
2002
10162
14093
8726
6440
13321
6572
4062
5
13210
1597
4990
10629
10379
13674
10603
11934
15001
12284
11109
3477
10750
6789
2599
1124
10830
221
3809
16296
13271
9935
15258
9762
872
3003
251
11311
13186
12842
11876
1147
11861
3617
3511
2364
11829
197
16028
13078
13206
10427
4267
6687
10188
7692
4746
3179
8799
4795
11667
3687
11997
10305
9979
3775
9225
8768
7419
12327
3251
2054
9773
14704
13161
11067
3665
2462
8008
7459
12058
12427
4120
506
4067
7697
356
1548
4161
10279
12556
5331
16142
9771
9290
6869
5553
6759
4824
13794
8815
5343
9582
2837
13204
12950
13377
2810
2714
8160
2527
2902
3181
8527
564
12766
9267
11767
2897
5627
7745
15436
10131
7777
7960
5992
14546
3459
5762
2203
7121
6639
8798
2556
8448
9402
12802
3857
12567
3712
10677
2690
5997
6841
10631
8010
5424
15271
7988
2409
6998
2088
6486
15187
11250
2867
11865
2498
15914
10675
8844
9766
11409
10309
14844
3788
9220
16302
15402
13819
16048
10156
4248
8170
8117
14378
2140
206
7158
1511
4522
12153
8065
10436
11008
2309
14049
14869
7454
15361
3273
9858
6758
8901
9134
3894
10152
9851
6935
12065
5492
3271
5139
13295
15112
568
15559
2799
8320
14890
1138
11834
11186
8376
11523
3594
12027
7618
14822
639
14569
768
10036
15682
7267
11684
9936
2257
10680
7478
5145
5759
10652
9464
14843
10642
11815
8635
9797
8492
8398
13291
11838
4254
8549
11305
6411
8303
11751
15975
7438
11745
8422
2754
3429
6722
7079
14470
8974
13797
6289
11503
11984
12019
8068
3972
395
8940
1322
13715
12910
15379
7277
8900
13442
8699
5408
5623
8817
16096
4751
215
13297
5911
6451
16034
4599
11597
8909
14579
7130
11974
2393
10196
1723
16145
16252
7388
13725
678
1586
2142
12545
14411
9160
5550
15910
9259
14584
7501
5460
5473
8693
2917
8743
6584
8442
1726
5187
2368
3592
13170
15520
7151
1826
14178
10294
12336
14729
966
2104
11399
14538
10357
341
14463
10486
6359
11774
14747
979
3856
4679
1490
15396
7631
9620
14237
3109
10757
11257
6287
4377
3421
12269
14920
11412
2058
15760
3377
10217
15235
1940
2288
14114
14327
1261
13400
15285
12529
959
15915
9820
14580
475
15907
11682
6653
15583
16081
6055
3849
9459
9158
808
15467
8031
14823
4557
2636
15724
11244
7818
1737
12265
5950
15336
2623
738
4541
11470
6361
10218
5523
11754
180
7432
7575
16360
1778
3068
14443
9088
7889
11525
15953
6192
2451
10392
2233
12942
1173
11211
3750
7206
5448
2358
342
7515
6422
8179
13462
1305
659
15584
12239
7332
6174
5441
7620
12801
14540
3313
9411
3794
13865
5863
13976
6990
8210
13652
8633
2791
13181
13475
12933
12177
4752
5517
4763
5704
15068
13574
14349
456
5559
10639
2550
10139
14414
6345
9450
15981
10027
11802
6383
2454
3319
9636
5907
11590
788
5701
11247
14962
5769
3828
6801
2507
8515
8601
9891
612
14024
925
10957
9673
13326
3054
2757
2825
14999
15596
12957
7359
9538
1863
10369
6356
2631
7651
8290
1913
15950
5035
5767
8022
266
6273
9447
10412
15231
11564
13767
6482
11768
15696
10968
329
13900
13368
11382
3347
5603
14316
9903
7530
9803
1427
6819
8913
1211
1292
16011
6087
5922
10035
6461
16017
1405
10640
2715
14598
3994
2967
111
1035
2341
14602
11971
4562
12196
15817
15364
5479
6775
8916
15346
5493
6340
2772
2656
202
608
15746
12520
13036
9304
9687
10563
7870
10852
11293
7328
10967
1504
4598
5312
13224
1239
4436
4444
2900
3935
10942
12356
7695
9038
11805
2563
3229
1690
3041
14169
10663
16366
15702
9155
5012
8853
13759
6042
15993
15732
14214
4125
13304
13745
6720
3530
8773
8364
7247
7964
14350
12846
14655
9362
14638
2023
1132
12946
373
5552
11711
4462
12215
12150
1118
13729
6489
5546
4581
11011
12577
6512
13936
15997
12407
3835
4569
7839
14827
7050
3425
6903
13985
9695
6069
8329
14124
12625
8094
2407
7444
1255
3884
5063
7970
6950
7638
8182
3999
8807
8029
14177
8151
11785
12083
8714
7536
5621
6542
16151
8652
2874
2840
9617
162
14871
6539
12329
12868
7630
6972
6768
9345
2487
13874
16157
14637
3724
8566
5872
4199
12745
14165
10607
5791
8822
6064
1357
14326
15518
16172
12280
8371
7592
4139
15315
14046
4208
4472
13343
12274
3238
9018
3760
487
12572
7686
10727
3089
1584
12233
6123
10514
8519
12227
11917
14147
10961
5658
4964
14762
537
14438
16253
1372
6831
2245
12167
589
15666
1730
8225
2548
9206
13651
4270
4621
14287
4305
15092
3553
1129
10407
8288
9457
13740
10142
8671
4913
12018
1506
10513
2431
11932
1177
9419
8647
14181
14735
12092
4514
5144
10717
3272
13011
12198
1059
14379
9646
5190
14629
9877
14806
11060
8623
3082
11055
3844
784
12603
11744
1313
11083
3037
67
6053
940
7712
3457
2702
5142
3164
12041
5257
9210
3966
4376
7516
11718
10348
15530
10247
13102
10883
9911
8392
3747
5670
3625
15784
8645
15992
15649
11992
3633
697
5961
12110
7134
13381
16282
16262
13394
7747
15686
1139
14527
1391
7775
4933
4189
5889
2519
6438
2157
9151
3325
10894
12437
16223
1900
5798
2338
1875
8970
6186
21
13834
12783
5856
6457
12079
4115
9753
7862
10110
11627
5509
13883
155
1919
13492
1925
1633
15483
7360
14614
7330
9800
9798
11296
3163
1307
14987
3641
11799
9580
8516
16005
6595
10541
878
9637
6921
7987
15951
2940
576
6955
4692
6614
14888
6035
5157
5330
4959
8532
4289
8032
14204
4820
13799
7053
14851
16194
14441
2670
12268
8577
14954
6470
12149
9454
10621
5088
2399
1171
3493
4663
5399
3590
10200
13175
16082
9697
5501
5278
6532
10044
14795
4955
13151
5275
103
5959
8816
13583
6341
7376
12405
1144
14685
1257
6960
14127
10822
7997
9609
3359
11820
8306
8967
4235
1225
6217
6546
12101
4970
2264
4106
12370
2455
7881
9691
13748
5034
530
10453
16206
10997
3647
14174
11731
11899
2351
12684
8983
13006
9638
9504
4552
14031
1665
9724
14567
5534
6
15343
5490
14785
8234
6911
3376
7995
5480
11088
14804
5622
13002
4121
5120
1980
14937
110
12894
11746
11669
14998
8902
184
9247
8814
15283
1164
2005
331
2984
490
9810
5940
2389
2382
2865
2726
12629
8004
12276
6902
9355
5328
16248
14464
132
14179
12810
13822
5607
3107
10828
9370
14029
2705
12990
1146
15678
2017
8292
10932
160
13934
3729
5923
13315
12607
13942
5121
7939
13804
4776
8023
1273
665
10583
14417
10731
3678
1932
9938
8186
16077
12343
9901
9964
5738
15726
7489
7136
2217
7397
8323
9787
14927
4509
11189
11273
931
2248
15966
5629
3913
4229
13417
10358
585
2078
12369
11989
8804
13113
3386
14782
6866
9982
5572
11074
14459
12747
14284
9284
5606
1485
10143
15448
673
12429
15298
8845
11386
11685
538
298
13110
7278
13335
11540
66
5101
12671
4443
12648
9188
6696
6793
5703
16148
13977
7000
2852
6500
8484
7503
11318
5238
8712
6983
15008
7239
1293
9065
15414
10189
10202
13768
13571
15214
10656
14388
12992
12647
9509
6769
14259
15859
11205
15020
3681
14079
2465
1491
10648
10089
10718
14979
2051
10740
8682
6185
12046
3720
11600
12659
14590
4865
6763
14741
287
9788
14336
5797
3393
14423
1044
6248
9282
6036
11379
12250
13464
10194
6925
1075
14387
12240
10803
8964
2390
237
142
3242
1766
10352
1564
1575
12536
3016
14115
12377
1849
1656
13466
8972
8432
6384
10682
4007
14054
647
499
1881
7768
8524
14180
3696
2204
15590
14907
5768
6740
11310
4455
5097
4910
16242
14973
4685
10732
5579
10804
2396
5853
2638
3766
14564
13680
16154
9857
7601
2071
11149
14547
11038
11636
5608
2435
230
13131
7598
12911
7506
10939
7641
7422
13553
12127
10318
20
6591
16043
4641
15212
9216
10696
14815
3943
7657
16078
14410
8091
173
12228
9676
2210
3829
7993
5633
6706
12489
9303
11735
2240
7249
7475
13472
7065
2045
1676
2618
8434
5432
12162
6333
14415
8034
2903
3245
7794
3031
10096
2872
10381
6910
4366
6095
12387
2792
15153
2905
13879
15822
15400
7355
14671
7157
4816
5609
5262
16062
3019
7377
8962
12014
723
12211
14130
1691
14427
6650
7085
1216
5021
4078
5348
5229
5223
12434
8559
11204
9335
6199
7546
8488
13505
14841
12899
2244
6858
2260
10254
3969
16134
123
7605
2073
5298
12638
4009
12501
12612
7434
12436
8779
2448
3208
4833
3099
16356
1224
10462
15730
728
6202
13407
5732
9589
5437
15662
12107
12088
5264
1249
5827
13984
7155
1938
8369
9031
3199
11
6027
2693
1635
8649
16260
4152
16169
1379
9020
1654
600
14175
10735
12705
12192
7930
1073
7856
15858
7404
11641
8025
7907
965
535
12798
827
1004
7499
3085
15199
5435
6991
8999
6982
715
3496
5849
15819
8802
12222
16285
5285
15711
1344
7652
7643
8828
1450
14086
7153
16272
1464
14505
7548
9701
9229
10029
7759
739
6085
12812
13850
13521
4100
3971
6891
11796
14400
2854
2354
8154
9715
7179
11458
10181
7379
7343
13496
13902
2028
14530
9157
12855
7188
5463
10522
7622
114
12887
7128
8129
12313
1641
13218
5222
913
10930
2442
15382
13718
2026
8414
6717
14667
7992
166
1570
4938
14846
11298
2828
11178
9028
12703
14835
6397
9319
2236
15708
968
12808
16101
6406
12721
16227
10923
14260
14050
6100
9399
133
10461
4729
14432
6124
11888
975
13922
6565
15710
14739
7036
16047
5574
12939
2831
1774
1360
6509
15010
12037
14365
16143
15988
1711
8149
7262
209
14710
2098
15284
5957
1798
8787
3067
14226
13453
9372
10270
12907
9987
14030
10057
12166
4896
3113
8791
9849
16363
1389
13082
8770
11983
15036
15254
11535
14007
4855
3546
12633
10647
14796
2724
2712
15119
6190
10071
10619
8220
5653
3701
4529
11096
13648
7904
12814
10814
8459
9579
11097
2680
10858
2325
15538
2524
16095
12454
14691
3404
12779
11127
643
15027
13385
3403
2105
857
13885
621
13367
7589
11872
3253
2033
8589
3533
5638
2681
4144
2376
11444
2295
5659
10224
15909
3739
9994
902
14902
8050
8327
1699
5110
4381
8252
14581
10707
13145
5276
4334
2957
4020
4704
13565
8880
7648
1338
4231
11099
13504
11607
10933
6267
9432
6294
14249
7295
1120
12616
3438
671
11419
3555
14707
6462
11290
15675
10724
11817
15378
8024
15565
11621
6456
13083
3201
5968
11212
3022
2237
84
14295
10418
2165
15078
1365
12098
2174
15709
15031
12129
14934
1568
7785
8384
15479
6530
10837
9494
3443
8887
5134
1040
11476
11271
13331
327
9960
802
10231
3191
2658
6962
13159
13945
9710
2535
15598
4057
15424
4273
1071
16104
3944
7292
4848
11680
1512
7835
6749
6682
3212
10054
12526
769
3522
888
3520
14493
16251
13880
3796
3210
3412
12886
14020
16027
12621
5946
7196
183
10833
6104
5878
13022
8665
11304
13419
7944
9925
7828
6755
1839
2285
12649
6700
4137
3531
14717
8474
3503
4027
16341
5614
12782
12118
14496
12271
16170
10782
1768
7903
1093
984
1221
9861
1989
11608
6677
7173
14077
1783
2793
10373
1702
7230
1083
3975
11914
8871
3583
4349
13216
15844
15964
8297
9606
4718
2101
8071
9280
12310
4309
7069
13772
8673
1374
8749
13702
12033
11807
3064
15733
1191
1578
5474
5648
2536
11016
9801
12753
5766
11965
9887
6393
5180
9435
9104
10209
13060
2964
11936
11125
14445
1607
5610
6718
7357
9965
15261
13912
13458
91
11256
11101
12615
14197
2477
3316
16244
13721
3057
12959
1617
8772
11043
10272
4882
478
1294
1679
907
1801
7148
8528
937
2322
11266
10643
8417
724
3823
9780
5728
5064
5099
7280
6244
4404
7223
5281
5533
10204
2933
9624
11798
4775
2161
1727
8236
9227
5643
7875
6101
12675
1678
13539
1981
2753
5883
7819
10494
6096
2000
1554
5307
5570
2100
9174
14983
2936
962
13753
11430
16317
904
1680
14651
13911
14170
15694
12852
11698
11203
12595
6081
4711
818
14980
9939
193
4407
11206
15721
16323
9420
856
15522
15571
11532
16173
8644
9357
9556
4823
13500
127
3124
12734
1123
14482
16121
1628
10212
15193
13621
13562
1785
13980
3799
1922
7558
5669
14978
4790
7663
15394
3659
5392
4141
15046
14407
10799
11493
10449
11229
1966
9317
765
3033
7871
5973
15168
10944
4965
12926
6909
4878
5736
9756
8919
9439
10721
1950
9406
9565
10163
1149
14544
15156
3186
6487
3657
5812
1349
1739
1902
16197
3151
10808
3058
13380
12390
12513
10255
5115
13155
4927
3125
2069
14670
10024
4084
8221
9993
9002
8401
16301
5356
2109
4645
8158
210
9485
7461
4226
6303
3396
4142
2150
10953
13354
10789
8724
7714
12056
143
16162
7026
4906
10575
2582
2583
9888
11113
5207
12598
11693
11706
4518
2254
3227
12998
7555
11408
7384
626
6371
13525
4469
11822
12542
646
8952
3308
12456
745
8987
14791
10114
2406
3813
1275
2349
5094
2300
6276
10743
8263
15328
10297
11927
8231
15481
10753
11344
10734
9629
10065
5865
15976
3721
12016
7245
14434
12985
3948
15773
6146
6931
7372
14283
13509
4939
10312
9394
8130
10183
11853
3042
8834
11665
4389
1549
1253
75
1661
1251
12524
4019
13656
7560
3408
2804
14129
3203
4451
8968
5413
8195
6277
6139
13198
4909
10525
10135
4476
13307
13068
10338
9314
7165
13916
1145
3577
12232
1258
14296
5219
44
8054
12076
12413
2119
12464
446
8270
10885
7547
13564
890
13344
192
7445
11588
16328
13582
10874
334
15144
12974
14628
13255
1009
3847
1971
15544
983
599
11267
15778
12579
8338
3419
15562
11390
15922
5014
10676
15009
11930
10667
6883
16176
6020
15409
5334
9428
10438
6733
15345
11179
11048
15250
9426
131
6896
15832
8763
12087
9824
5977
8041
9643
7541
16187
398
4475
9735
13222
1121
1640
10223
3987
449
6742
1681
13923
8440
4243
1090
97
11505
15415
2042
8268
2607
6707
2103
13106
7133
5019
15335
5246
6478
5758
8947
3428
8859
6272
14084
11635
12630
4219
3365
15429
14016
9558
6236
10862
8055
1773
13245
6780
14963
7899
8938
4265
8897
10177
14682
7730
7047
179
5571
10125
7670
5717
666
14648
9489
11191
10022
11216
10368
5443
14554
4380
8144
3130
11995
13493
2918
9549
15688
12217
14578
8960
11319
8319
10561
14898
7261
12562
13140
9093
4712
11826
5662
13420
8291
14863
10210
9405
11300
2873
4662
8777
4826
11954
9649
9659
11514
2815
12082
5591
2426
9644
668
2511
16325
3570
15753
3843
823
15761
1784
6290
4271
10113
7424
8891
14763
2949
9163
11078
8823
5945
8058
13805
1819
3132
6507
11988
11814
15376
11723
12141
14537
1016
13572
10581
13684
5530
15225
6447
9700
2829
1943
1577
8858
9661
87
8416
5825
1056
13639
3385
5537
7755
10600
5129
12236
16349
16051
15783
609
6396
13908
12475
14751
13915
9256
8282
5711
13727
4784
14250
8609
3502
9594
15063
761
4960
8085
7311
15474
8701
7701
10090
12160
5308
5357
1944
5469
4037
4577
13269
15765
10813
14754
5126
9387
14886
1609
12053
4088
7189
1885
7231
1250
9698
10921
10751
8156
7326
6673
12574
8396
3703
6158
11173
15058
4186
9460
6102
6593
9246
2137
9900
2685
11690
12251
1027
5645
12594
16195
4362
8706
6817
4105
10221
12039
13443
1860
842
10602
205
9905
14498
13427
13888
1873
1136
9786
4029
8552
4072
11687
12641
11788
13981
306
4659
2266
9189
8662
1907
941
8028
12643
15754
8175
2946
10371
1299
11077
1605
7721
14604
4728
85
15171
6408
14914
7846
10149
13333
2554
5861
9924
15460
8133
859
4831
11729
4307
12955
2778
9076
392
16321
2963
5802
12835
10582
13488
10483
13262
844
675
10362
4532
12486
8237
5913
11037
12406
6070
2414
6310
12069
13561
15925
491
6974
689
13185
12608
12316
5651
9404
3034
8121
2317
12667
10377
10686
4284
9587
3517
15401
9329
11232
7310
3708
9988
7796
6093
7076
12267
14692
5718
1695
1924
7539
4925
13349
12697
13502
6723
8658
7772
10026
5688
9742
11082
3105
8425
7202
4572
14356
13903
8324
3324
10549
2112
53
15780
13605
7795
8812
13628
13183
11638
556
11782
11673
13215
10441
11618
6867
14689
8878
5439
13972
13638
15128
9388
7172
16203
7398
5273
7098
13664
1352
15101
8851
9590
14052
13430
1077
6412
994
3781
10993
6973
13707
4499
713
9822
11059
401
8733
4808
10657
3960
10505
7942
4357
13785
2231
3035
3572
8418
11182
11921
106
1689
10818
8564
16116
14995
5150
2283
4427
13283
2445
13891
16375
10484
2992
5578
781
3859
792
422
9271
11156
15818
12861
4902
5529
5127
4606
971
15462
15477
16150
14375
11804
7327
7413
12473
5436
11064
1502
11985
8212
11578
15127
7743
8573
12348
14524
869
14273
15381
7034
4255
13786
13189
3952
3549
13635
16006
10434
2545
9091
14561
14783
2086
2870
11255
5154
15585
12135
7071
4148
6837
12637
13616
4588
11522
5566
14133
12318
1786
5340
14100
14307
4394
650
4244
6349
11401
13431
13979
14680
771
6388
15974
2444
7910
15805
4112
10969
12788
9413
12470
932
14896
2771
999
11258
12279
2012
4946
6853
2612
5844
15736
6121
1387
8174
14061
4631
2392
8587
15243
9733
1806
7510
12915
11823
649
14647
14184
15685
5037
16231
3599
1323
5693
13813
11022
9651
6669
2492
11091
8619
49
2218
4230
3628
7857
15550
4172
7742
2107
7266
16054
15268
10579
5540
8969
13720
9749
11421
1256
5028
12247
2509
12510
9005
5152
2924
2277
6074
7409
16279
15867
14504
11716
4190
6553
3027
6506
9313
14732
1233
3803
13116
10176
5746
8759
13238
1131
15488
11964
9001
5970
2746
11132
2979
12760
15295
15532
3460
8918
9364
922
2646
9708
10725
16067
3666
11199
11482
5007
9932
14109
3402
10529
4511
3967
2635
4158
5867
667
11906
16352
9493
8111
8958
13741
4185
13088
847
11555
269
14447
5291
6518
8367
8247
2342
6392
3447
2178
15399
1563
2845
4638
3735
10495
309
8508
13252
12257
12287
7099
15060
6691
15793
13208
6427
3911
5582
15901
15366
4414
13072
13695
10077
11660
4233
1914
13
9361
5167
6454
240
14257
11663
5933
13109
10424
10112
3070
2729
2214
8161
12592
12796
783
4216
3568
11341
2108
2640
9391
15810
13591
1627
11531
3521
2126
224
16015
3449
3223
1169
5000
7380
4279
14866
13203
3660
4016
14334
3448
12235
11279
16318
10150
519
10069
8407
5416
7590
15823
4299
7365
7632
5067
8670
5464
3475
11491
10841
4589
15332
10300
1732
13603
10336
1540
419
10243
6350
2945
7410
2743
12158
14076
252
12466
4937
15904
15160
7340
3893
12727
15578
8927
14712
9469
8005
3518
16336
14560
6744
8413
12744
13699
13327
15427
15057
9706
10240
6028
4722
3890
9430
15779
14624
1413
5935
12136
7031
15962
5302
10560
13806
2632
10187
12834
125
521
14583
1808
5588
10973
6132
9013
8788
12822
5809
14189
11439
4573
1544
9053
2890
11130
1187
16368
4772
10095
12145
11935
2387
10845
8674
3356
9942
11543
7045
15931
9748
13479
9769
1837
13877
12034
15126
1859
11509
5782
6846
8178
1122
15219
10991
813
1422
16174
11054
316
851
15802
134
5468
9318
7427
13447
834
6173
9874
3379
10673
3782
8295
8697
1931
248
4951
11887
7075
6863
14775
2817
14449
5958
16021
7965
13687
16171
257
2719
10661
4887
8687
5887
13778
13495
15044
14034
7781
9957
2947
9043
1228
1583
9525
5133
7963
8928
7754
4551
4992
14988
7891
6937
1991
14065
12713
6533
9983
12256
9683
5928
11128
2995
5689
2603
2826
9374
2207
11141
1099
8460
10325
8541
4178
16332
5151
5569
14755
7344
1757
14709
15900
500
604
11336
14673
7135
9845
15504
7774
5161
6239
12867
6777
7551
3865
9883
9500
750
1499
14317
364
14535
9148
4155
10343
14895
10004
4883
9123
2380
14971
15933
2983
6475
5069
8860
6387
14266
421
7936
15215
2441
13353
15142
7495
3433
3296
8554
6282
14974
7550
9100
3315
7484
9653
16291
3026
6640
5174
6842
375
923
684
16163
6337
8064
14686
7289
6977
9098
1018
3121
7175
12909
2520
10032
14088
3872
5646
1481
6141
3632
1002
22
11873
366
10528
9765
12655
15206
8138
11276
2010
13196
1625
12723
1746
7927
4359
15419
10271
10395
1983
2549
13396
4396
9896
15486
8574
7195
12940
233
8116
8301
11348
11188
4737
15969
2027
9224
1517
4779
6006
1287
14609
9596
3073
7091
9048
15506
729
5043
12672
4249
9818
10907
13782
2676
13783
16118
2758
3363
11367
5162
7941
11893
6490
1770
15393
16061
15566
13408
10293
10744
1493
8419
2768
11708
3388
14960
6993
4093
14665
15655
14696
13887
2541
10052
13059
5543
3375
16221
9441
13598
7915
4261
2466
11945
546
10246
1150
4885
15870
14861
9339
8141
14026
13173
5682
16057
9299
15821
8540
2980
1345
13074
3730
7842
14908
1440
14006
8628
12399
4201
12613
1841
7953
5193
7222
10857
13127
5520
1960
5491
7259
13689
2223
7241
11400
15749
2972
10308
6131
1692
464
7349
12469
3629
1771
7140
1734
11365
2331
9567
7981
4011
9774
8348
12825
14320
812
9429
5080
9720
13839
6781
8381
14268
15937
4079
13302
7272
16214
9114
10523
5784
2303
9424
3282
7141
13919
9055
14331
2735
232
5458
9823
4124
6398
13051
7511
15594
2422
10444
7677
6791
10985
2318
15845
13016
1508
15192
3458
14721
2383
10429
13467
6444
15313
14984
11474
3861
14347
8599
6699
9415
4066
1728
8631
15059
58
2183
2863
2145
13388
1300
14384
5247
6994
10103
15869
153
14793
7096
526
6792
4749
6488
16
16344
2904
11743
11139
7361
9855
5206
4683
16286
31
8607
3578
2379
377
5730
12155
16188
4760
1941
6494
4344
6386
10954
11281
4597
15921
1151
7682
3131
6015
3051
9120
11451
5317
5372
9758
14018
7298
7313
12349
581
14756
14812
14389
7998
7006
11230
11347
7844
414
4594
15445
13277
6175
6603
7973
852
11866
15233
11460
12505
8598
7613
3795
10058
9131
8203
5271
3044
8313
9286
14431
605
15661
13730
10765
4570
1288
8832
4083
5022
12914
14723
7753
6425
4699
6378
1361
14900
299
9902
4502
6252
3094
8243
4070
7691
11275
4936
5364
1936
8537
3656
9390
1076
13449
13516
15278
3941
5649
15370
185
9941
14009
4482
6822
1192
6606
6372
11772
4701
467
12610
11358
4852
9523
9790
6772
11384
547
12707
2762
6330
1488
5513
4839
7416
14891
12457
15913
4188
6761
15573
14193
6086
5581
12230
2770
1918
8038
16371
9030
3925
1673
12699
15433
7699
3589
15684
1472
831
11691
8873
7977
154
3791
2898
13607
11848
3278
11889
3330
9655
6048
10063
3237
1638
4995
9266
2547
7893
939
12273
14271
11356
8874
1767
13542
10141
12043
13043
4181
2395
11676
1974
9081
13709
7028
8308
2942
10033
9022
1788
2356
10250
709
7520
3145
4041
662
11488
13645
5011
13671
13503
2281
11875
15161
10805
9203
4911
11454
12960
3919
2510
4563
6012
1712
13258
10470
5869
6876
10712
6981
12739
542
15354
10402
15052
12025
3198
14951
570
5803
16009
10400
514
14386
12143
8854
2189
6339
7728
10987
4358
13055
4731
13359
9184
14778
2404
253
13852
15945
12657
7483
8548
2688
2222
10540
6625
9106
5320
9378
9832
11574
14322
15253
146
10867
4470
8325
6246
10159
12624
1828
12969
4160
3491
9717
12566
15800
16155
2056
4733
8504
8955
7812
13360
4857
9338
10066
3888
15186
5595
2282
6472
10081
13833
11695
12627
13318
13486
10829
8
5369
9968
13512
1811
9169
3652
4976
9070
6824
11378
3157
1380
9789
3116
6280
6986
10303
3827
6204
1510
9641
8545
8582
11765
11371
1553
10043
6084
15297
7382
1821
12477
8188
3128
7884
2689
7038
6216
6754
6608
13279
5397
7956
5512
15631
764
13225
14508
13395
1406
12823
2584
6108
5341
8276
15581
15955
628
9969
13714
14911
9245
4140
8229
9101
6918
2147
7580
10694
1264
10014
554
10405
9927
8780
5868
14297
10807
8924
6647
793
5305
1562
8162
927
2397
4963
11990
1231
16319
5294
8317
3103
6469
10215
7966
13363
1431
13227
9142
15803
12763
15294
15133
4001
7911
5527
1301
2388
9886
3997
4004
7370
15576
15894
13962
4794
4363
1442
1760
15755
15388
1694
15431
5840
4250
10866
1836
11993
5183
14173
2149
10083
5214
10100
4177
10482
11701
4010
2552
16327
8351
12514
486
9854
1927
9272
10415
14231
2263
2169
2596
385
15799
135
12418
7169
7293
6014
10624
3761
4745
15807
5983
14858
5783
12681
8604
5027
138
473
14666
13463
10242
14776
1978
7391
12578
4210
672
6538
7770
13510
2412
13755
3753
15353
12554
14255
14352
14915
11246
352
8677
12111
6065
776
2968
15505
9647
5109
620
9073
7723
10414
2261
5888
9572
12769
8388
11595
6363
1408
4611
14469
7502
864
8526
7132
16247
3231
8003
3053
11155
9315
10266
740
11579
14241
9119
5338
15280
4224
9346
14615
14771
3816
8256
815
12866
11755
6140
3881
10148
7056
1917
14485
821
7285
12935
833
481
14361
794
10962
8827
903
10068
4503
799
5371
4212
1341
5442
13133
2611
5573
15519
4798
685
1967
4700
5901
1240
2452
5295
13288
4126
474
4387
12386
683
14017
3250
9236
5808
8380
8123
11260
14362
1536
10021
12883
10649
7356
7115
7260
14661
10443
13578
6426
4546
9309
3390
11611
1520
6318
348
10478
7543
10140
5284
13627
5687
3947
11599
3534
8040
8356
9496
7519
13096
16311
862
317
4153
3689
4615
9476
14912
13028
8113
2293
3725
13382
95
3519
2881
12258
15523
14633
9479
1325
1651
1911
8694
8405
560
3695
5373
8461
2141
8213
3778
3446
1048
5321
7309
1659
6130
15615
832
13871
11223
13716
8169
15197
14753
2517
3938
4988
14123
13666
8250
4017
15740
4595
4392
290
12507
670
7928
7284
11907
3765
6582
12085
1986
11183
14406
5882
1289
15693
11979
5514
6683
594
8746
12917
11098
13146
10349
7698
1094
2195
11827
15545
3836
11106
16382
13050
15122
3416
13548
1367
5412
11450
15473
4633
15928
5618
16314
1752
4492
8996
3136
11066
15716
1947
12729
4677
6745
11352
15185
6536
15497
5406
3080
5125
267
9214
1567
7711
2908
13341
1541
3981
1993
3232
2271
9604
4000
5470
5113
13179
3451
8184
6154
12622
5248
14294
15841
3593
9588
8842
8016
6300
7662
10759
9669
9836
2479
15706
15013
4665
14829
1903
13119
3989
7983
10
14808
16014
8062
1280
15007
1134
10630
6939
1376
15990
16024
645
15339
12758
14439
9115
13403
5452
8838
575
6662
14472
182
13705
13026
3014
14121
3840
14885
544
6382
10339
3525
2313
15307
12511
13930
4545
11630
7644
10249
10374
2673
11481
8620
12732
7453
10925
7470
10335
954
9759
6403
1162
9971
12541
1010
15390
13085
16204
1780
6757
1148
15075
11042
6835
2975
312
2483
13626
2009
1270
8708
6787
1172
6598
15792
2766
11674
4260
3612
8087
13895
16026
14319
8328
14103
212
14
7421
3426
504
12071
2978
10947
3951
12710
5699
16084
9320
2748
2057
6034
12523
1480
2521
6617
11242
7635
12881
14534
416
12026
14163
6562
11159
3540
4370
7482
11388
12764
1948
14571
5077
2733
3257
12116
11877
9222
2591
16293
5602
1155
4405
12780
3648
7123
9166
16012
430
3424
4340
6321
4286
9062
13864
2066
2803
63
16031
9702
3757
14254
4452
15323
1832
10080
12219
5895
9906
15018
2049
2419
6237
13592
14824
3671
6621
11840
9021
13355
186
10261
6122
12599
5561
4863
11870
13300
10219
8615
10130
6221
5745
5986
2752
8112
13649
14764
11719
11928
1764
12938
13190
12506
4862
4262
13807
4136
2076
9240
624
4691
7451
11837
2604
6099
8266
12070
4658
13282
14641
15262
4113
6516
2508
16106
3820
7386
322
7545
8467
16040
11333
12691
16273
1462
9276
9202
11527
6936
14759
7368
10955
12564
9603
11890
5159
12750
387
10463
1182
9490
6996
5966
3195
1725
1041
6826
13253
7316
13122
16364
6024
9301
15868
15727
11387
867
6196
2377
4501
1003
8894
2505
9167
3152
11783
11004
545
4429
4617
10072
8717
1830
1086
11639
16074
7197
16212
2993
8995
3946
5508
376
9622
12488
8703
4804
4326
12009
14711
2834
15542
3561
15756
13415
15942
2405
14168
5481
16160
2188
12815
13828
9057
4339
8148
7112
12661
5814
15363
15957
14774
2692
13677
13330
14036
1087
43
6790
8483
3563
12535
3565
12067
2456
3608
8774
9915
2011
4623
995
13593
8255
7764
11072
7559
4738
14922
6850
12962
14119
12401
1028
13259
8395
12516
16383
14446
2319
6385
15449
3039
16310
7793
14939
13703
7769
4052
7078
4316
13232
11963
8870
7452
5244
11569
4111
5906
12836
15082
7932
2654
10055
929
10587
9323
10516
3558
1061
3732
6750
2586
1465
9954
12730
13171
3326
3420
15316
11846
8051
8503
6135
4130
1298
14351
12202
297
13445
7131
1063
5754
3643
12241
9907
1968
3688
15689
1649
12632
559
7305
908
10244
11210
16159
10842
3595
12447
7039
12325
16235
3249
6234
2785
12502
4328
6523
1426
12618
13897
8841
3176
7700
9633
4944
14452
7787
14752
13135
5616
12982
7118
15796
12084
11277
9707
6354
12876
5586
9480
3483
4042
15458
1470
3642
15287
11793
11265
1908
13147
3984
3002
2928
14684
10978
15657
14849
1443
11145
10871
13410
11740
3934
13062
2518
10674
8933
2747
3312
9921
7407
1217
7645
785
15425
3691
234
1899
13843
13810
4096
11160
11254
6871
696
9755
14191
10481
12350
13009
13594
14880
2626
5210
4962
9679
5532
16312
15850
10120
1023
8335
4977
15066
5186
11122
16374
16137
2308
6497
2760
7024
1894
12571
13101
1772
10819
4154
14568
3172
13323
1838
4879
1827
16355
12696
13784
15350
9728
3066
6676
9410
10241
14477
16376
633
5241
15700
5557
9136
2132
7228
1895
9554
15815
16335
8546
3821
797
1799
4868
90
289
13845
13320
9228
10762
14355
13667
12231
1031
273
16339
11012
11393
1864
3953
3441
2457
4146
1433
11704
11937
15814
10275
14773
8281
1866
10971
1555
14892
14066
16019
15533
4055
7209
13003
5747
16060
5739
970
7883
7477
861
13201
13230
7237
13164
6435
11572
6690
6708
13606
3550
9478
7447
5554
8000
8810
15896
8088
10776
12885
9000
580
2247
9234
7798
5147
15301
15787
8107
14786
3239
5880
12183
15249
6471
9959
4298
6308
15971
13298
7877
10136
7517
2167
10388
6331
8593
1569
9443
10576
12021
5713
10301
8867
10146
13411
7806
5234
13630
10319
2367
12551
9665
4614
1058
4118
8512
9713
9527
9934
3912
14626
9153
10584
13422
13820
8086
4811
16030
14059
10059
11226
8744
5213
2987
12100
12339
4759
6106
15377
14698
4986
617
914
15087
10815
10008
3225
6352
4035
1518
14765
9287
825
11561
8280
15026
12706
10691
3301
1037
4324
5489
10644
13324
1809
9904
3133
12139
12537
11869
755
9440
9920
7429
10079
16008
3252
2891
15320
14953
2575
13789
14478
15113
8458
1844
11023
15464
13071
6624
2613
3649
13825
7127
15916
11976
16275
1620
13988
8115
1713
5695
2982
9205
10634
7570
2513
6574
11291
13066
7403
6510
3586
5611
13746
11035
7975
5813
8793
6704
157
15312
7841
7019
6417
15484
6201
5131
41
4956
1113
15865
5367
4774
10132
1674
170
3353
7052
2291
3063
15512
11833
11041
731
11332
1745
14258
12190
8061
10843
5003
12302
3050
11800
883
9283
15430
13894
16259
10041
15595
5444
4194
4958
6001
354
461
13584
15011
14156
15714
12771
13898
11806
1080
16088
1698
747
16228
16178
3924
15004
4908
9499
5054
12870
16267
3526
7621
2429
15070
5531
8501
2074
15829
6607
10311
1399
452
13892
14201
7739
634
2029
5988
774
2232
13148
6111
12309
10796
663
11415
10536
10651
4449
12394
4653
369
4898
6229
10203
11015
2763
12800
83
1328
6725
2175
14970
15143
16049
5342
3965
6091
15359
13552
12908
6641
11550
10544
6889
15173
12770
13793
13293
2085
8575
3661
4360
12060
6580
12042
6913
12660
7706
14053
244
14359
226
12956
5366
14333
15086
15525
12947
10664
10719
9992
3958
3112
1213
13383
10545
10946
2503
1545
15929
3276
4767
3371
9740
13079
9848
12214
14905
12174
6693
1137
2361
15701
15719
11874
6320
3389
11115
15781
11180
4015
12790
11689
3392
11052
12380
14224
13596
25
7833
1473
9975
9660
4246
12640
14627
2539
6930
5426
9465
5881
6400
11214
8713
46
13375
13091
8920
15601
10446
1953
14279
9990
4085
2952
14190
7803
1829
11472
47
6379
12063
15115
15234
8590
15166
2212
13280
2677
12664
1095
8176
9745
15071
16233
4969
4453
1781
8452
11459
6894
8580
4812
4806
10285
9553
8998
1206
88
1268
16294
4864
12977
7493
9173
1912
13780
10904
13633
5776
9817
7013
10086
139
12359
6529
3581
8191
8735
11158
9581
13944
9349
12146
7481
2314
10605
11050
11222
1965
3529
14688
357
11446
8185
5472
2
4285
14022
9177
2384
14658
3936
11941
11603
2133
11715
3682
10367
12374
7864
14108
13270
7894
6358
12124
12008
5046
3260
15061
2276
10220
10936
12515
7614
5691
10772
2279
200
6796
14223
905
9383
12965
10835
7861
15051
13397
1158
10695
11720
4524
12229
13527
4957
1248
3878
14495
3100
2671
3702
15866
15930
11261
6540
16331
4283
12882
8153
15541
10880
14719
7037
3188
11284
9172
10703
7068
16211
4799
3774
8997
14456
13491
13454
3914
6845
4378
10551
11688
13261
5753
11172
10792
14476
15534
2779
7353
4612
9343
8142
14208
4536
14742
4301
108
2246
2669
15146
2842
8702
7216
13550
12651
8825
6319
12584
4554
275
1923
8826
991
6735
960
13053
14556
1384
16110
1227
32
5925
2649
12351
16237
3636
12109
11169
72
8476
2091
13192
597
15750
8060
6731
1421
12509
12290
10119
7735
13932
199
11058
8761
2931
9997
3415
6655
7615
14632
476
9868
4860
2920
8340
8895
379
14473
5050
2323
6721
3497
4801
15387
14083
8245
5960
13518
6366
4350
13829
10364
10533
11496
10023
1226
15223
407
8627
3036
11598
9838
13428
3474
9223
11694
12963
8122
12010
13281
2067
12472
11196
15963
12539
1682
16340
2097
1107
4329
2229
11057
6908
4668
7853
690
7394
10028
14848
276
14993
5300
12650
7375
14139
6797
6410
7423
386
3156
9763
2741
13231
10598
7917
6517
410
5891
15246
10992
2191
10945
11174
16357
2606
4021
12398
11948
4133
1975
1286
368
11530
2482
9958
16308
725
9682
6613
12358
12543
2722
8709
5521
15617
15191
13114
13019
10440
13176
8368
15373
13243
11910
2491
7243
13963
14757
15204
7246
13771
8181
12888
14919
12480
3714
7436
9438
14012
7255
8595
10503
13631
4686
4008
8521
13235
12550
404
8039
4593
1327
14233
15623
2472
9033
12687
6563
1920
4694
4268
11032
9802
15786
12482
5515
5304
12078
15671
13970
9310
6090
1851
8985
472
6970
12458
482
6947
10775
8453
13855
6296
3991
14821
1862
2502
4497
16185
1595
6138
6231
9739
12496
11566
8481
8576
15609
10134
4431
6966
5374
8745
15311
7450
13860
12602
3337
1230
4758
2659
3814
9305
4726
1706
9197
11177
16300
14158
15848
9519
13197
3362
10713
12725
13547
866
14117
10986
11065
4221
15386
805
2352
6258
5733
3414
8145
4483
15232
6544
1069
12898
4479
16287
10538
340
3675
4313
1245
7832
5038
15897
15943
6898
7989
5135
4075
1598
13193
5577
4295
1949
3327
15340
2259
6712
3851
9991
9170
2850
2717
6402
1412
6182
14106
5539
9141
3900
77
5415
5830
5673
7817
2439
800
5359
2453
6865
9650
16254
13219
5735
71
16250
4187
4929
2698
3307
14875
1755
15228
7433
4420
13010
13941
8143
10950
12291
7143
494
14339
11114
7412
2780
2432
2617
7767
16342
1516
1977
7366
10875
15591
14533
14377
14617
13966
7608
9764
7257
10733
14672
2467
16219
13570
177
14265
8006
9352
8362
9776
15625
6260
10901
1152
12206
2022
7933
9249
9377
11959
3090
11448
3398
3344
8298
5265
837
2570
13276
9723
9806
13777
15501
296
6018
2576
2922
3862
1738
8509
12081
5316
4757
11943
4754
13826
3370
7417
3137
2474
13401
3610
4215
9054
4877
8363
427
9529
15849
11516
3654
13557
13643
13094
4640
8586
2821
7067
6800
13437
11084
3384
7788
9974
14082
116
6570
963
12494
11252
4604
4385
955
10468
5378
488
2176
2555
2565
3874
1685
10859
5311
8957
15531
4450
10492
16309
14750
1876
10258
10291
11563
7442
9135
3081
4586
1601
5815
12221
4288
2275
10012
10087
16093
9586
7030
2648
5122
1386
5421
9156
3705
1825
7824
9973
1358
6978
10780
358
5045
3875
3111
1848
15490
3685
10958
3032
15864
2037
2274
14674
3624
9199
6228
8286
14903
8135
9666
9642
12474
2889
8431
12317
16292
15637
15064
11129
8375
15151
4540
11524
4024
2667
48
5936
10618
1896
12928
14136
15157
6324
13595
1116
13195
3680
8539
13260
10909
11753
15411
4869
12775
13989
9089
1185
7015
10899
9515
13452
7961
16072
540
7032
5104
3646
15014
11854
13386
3744
5362
13540
1295
5751
14243
12816
15658
6342
12929
10831
1561
5749
15794
14467
9688
6836
2764
365
9760
858
6688
10107
11181
11842
10882
12512
10489
13838
10888
10670
7428
1995
13909
8992
448
6868
8538
1812
11092
9533
8906
9334
1613
1585
9257
11435
10050
13808
7845
8567
4069
12156
12807
3235
1797
11500
686
9892
4819
7496
7713
11593
11107
6534
1355
3383
11504
4881
13180
6160
15606
69
13239
11631
343
14341
13581
15798
1867
7443
9814
10292
4616
10372
1438
12262
14198
13350
1458
518
483
5551
12272
14374
1475
8475
6206
12573
7335
4810
7947
11912
7457
3963
7566
12547
10049
7822
5589
6849
3634
573
4461
9238
9884
9418
6468
12619
13993
2172
16111
1439
855
436
440
1279
7823
13948
14975
12827
7431
13429
12328
4274
82
12113
12354
14926
9242
2923
11692
2885
15208
7922
9235
4297
7810
13950
9879
15939
2034
9386
16175
10222
1188
4537
10088
12412
748
900
7852
10234
15333
934
5692
12694
8446
15825
2262
13579
6648
15079
2847
12585
8723
3584
6188
3076
7633
2473
15110
9254
10980
3114
7854
3120
8986
5368
14215
5240
11466
9270
393
7799
7092
12099
10060
6912
15096
6569
4494
5322
7563
9425
14450
15906
12443
2344
1852
15553
9926
16288
5612
6602
4495
5834
13194
1446
1987
3241
14512
14943
15517
2877
6818
15886
5787
2131
8905
14015
13264
14067
3585
9042
7901
15508
13996
4636
2737
9966
7062
5956
2449
294
2703
2359
12895
129
10104
1603
7887
6166
122
14950
14288
225
2166
8293
13256
10211
11497
1937
644
15528
957
10257
12335
11248
15403
5361
2182
7199
9408
4251
10302
8190
4095
16125
8569
7426
13960
15306
15447
9208
16052
6278
13514
14797
2486
4702
721
9061
8522
4195
3673
15100
5106
13760
4039
13669
3575
14025
12912
2956
13663
8640
5639
2647
11655
3792
16184
13876
3021
10637
10070
13157
1447
10573
4670
14769
14261
3274
7174
6118
2039
1254
1629
6429
8784
7125
10934
13234
6554
9014
13613
5345
2795
11465
13681
15539
5020
10158
14155
13872
7274
5431
4716
12685
12874
9322
10306
1853
4548
7405
1687
2734
1579
8668
3679
3616
4049
15564
7675
14897
775
9986
10165
15835
5018
8275
12749
1743
14860
8719
6611
8333
3193
8305
15956
8617
3038
10092
13749
8789
12597
4872
4180
7207
14300
1856
3101
13117
190
5660
9514
11440
3923
16004
12104
2858
873
4849
7198
5224
3758
9583
15209
8226
15033
11112
13374
6838
3579
16320
3797
6645
7177
4724
843
7556
4045
7837
676
2040
10124
402
10548
13163
11499
7144
12692
4101
14921
8277
8026
2805
1847
14770
3247
4591
11228
3779
9607
13538
5904
14116
11269
3262
3512
1707
12421
14096
13939
2935
6975
956
6329
13457
8400
274
12925
3470
14164
5535
11759
3140
9365
3048
14925
2650
2428
6453
5259
15383
7498
3614
7346
5333
12424
263
6890
4997
588
9102
3807
13543
10214
1452
6659
5233
5835
2304
8562
12875
6257
1000
7439
14492
8612
6592
8766
15106
5188
1558
3928
469
9248
201
2488
7693
5510
339
9176
14730
15836
7780
15873
7985
11338
14731
7594
8473
5402
4303
1285
9375
171
11529
9631
7771
5363
15690
9392
7124
15592
484
10970
16166
181
10996
16122
15646
14636
13700
3387
14620
9505
13478
16039
3842
2030
3985
2006
12708
3897
5486
7288
15643
6779
6609
4625
15395
353
8283
1179
11479
4319
3369
6907
6851
10889
11449
7385
5237
8457
9699
5757
2316
9367
6380
8727
917
4689
259
14213
3473
11839
14856
5102
2558
7725
4923
5632
12617
6573
15589
9487
2620
15169
14702
3908
6295
9049
973
335
10788
13317
1359
2095
1026
8354
6479
7829
382
2808
3329
1818
10410
997
10031
3167
10914
4680
8456
9110
5457
3481
426
5418
2853
14874
5065
15054
10475
9601
3284
3548
2153
1648
4678
11612
12035
14703
12714
13790
5195
7352
3901
3295
2695
13274
11803
1663
14992
15633
8781
1644
14613
9026
8600
15492
3476
14529
8688
11852
1117
5698
14517
14935
15570
687
9571
10264
3588
1197
10596
6940
3148
14207
2043
6630
15705
8377
11761
14557
5584
11714
13158
9600
11657
6103
11863
62
9795
14282
11562
11733
1883
10101
4656
5816
8042
15854
10195
6030
8424
10456
12683
16370
457
4025
7979
6381
11150
3536
4928
12283
7061
11436
1291
315
7081
70
7301
9011
7338
5684
10692
8608
9894
11478
6317
14816
10281
1652
12254
9025
5427
10812
3084
7703
6899
8012
5428
3954
14424
12862
3615
7727
4168
4777
5631
14280
603
13188
6671
15547
6125
5555
12700
6971
15050
3527
5103
12787
10350
16090
5085
1085
13470
94
14451
3029
13461
12981
7880
9279
12971
12015
11577
12178
579
2122
1846
7074
16186
15392
10030
10660
10771
9326
8605
5226
8472
9232
9610
11009
24
8977
14330
15397
8132
11168
3619
16205
11320
16002
4566
17
6634
16035
6052
2859
7807
13842
13303
16334
1970
12416
5360
896
4690
10754
4538
10191
12461
12922
15408
7093
6498
2709
176
5179
8634
4022
1551
10002
15769
15183
4968
12799
531
11712
15511
14107
5098
16306
7389
4276
13226
16136
11445
2594
5204
13585
849
15911
8451
2036
1709
10960
8192
12794
12695
13959
7022
2820
16239
12036
7627
10787
16181
6724
5090
9023
8939
4994
1368
14877
4013
1934
12422
3790
8146
3903
10479
14011
1160
16119
11968
9652
2732
11164
6485
15179
8785
10329
4907
6332
5482
13418
14005
15302
1097
7504
3165
9068
15236
14301
5327
6967
8683
12075
9559
840
10795
10437
7448
4713
4858
9082
10524
9916
14430
14884
6483
10784
9843
7089
5250
15282
15012
11184
2385
4291
10730
8818
7958
1619
15935
2911
1329
5694
2253
14818
14267
9860
9275
12863
7396
705
10459
6405
4523
10324
2421
100
10106
16075
4342
219
10488
5420
12047
4481
14676
14972
3059
11334
4458
14303
2819
11385
12182
7162
4398
16268
7766
8437
9162
8808
12435
374
325
13177
425
16367
13723
14853
2372
4899
9125
3706
3982
9521
8215
5752
1646
10290
6283
3927
7240
15398
6576
6455
11576
6941
4952
11148
13364
8555
14041
4504
699
7094
9004
9423
6829
8318
1166
7105
2187
10276
10589
8556
13642
15158
3168
7291
15965
11962
15105
8530
3046
1662
6874
9398
5256
8517
8462
3495
1346
5465
11413
8923
10897
14864
10115
3535
4987
8260
16041
11025
6458
2621
16107
10431
562
8131
1282
12752
1525
13441
6313
13137
710
1722
1769
12384
11816
9348
15647
9369
2164
9024
11933
10013
16139
11225
2776
4050
3664
13588
5634
3873
6119
14893
15417
9434
3868
590
12902
8278
1528
10351
8285
9850
13267
15991
8502
12689
5845
1515
6285
5232
5269
4822
8009
7962
3456
12636
1469
10248
12658
9094
7171
3514
1320
10109
15174
1599
13904
9630
5410
2871
6097
7082
1985
11237
12312
1337
7851
7863
10966
9658
15751
11396
7968
9183
4302
11584
13622
10741
9012
741
4867
13497
9569
6481
13425
8464
2716
15648
2514
4644
4609
7603
5089
9458
337
2723
2220
2201
15456
15629
512
15124
14122
516
876
13052
8235
1321
6597
7362
16297
15410
6710
4866
1263
6864
12503
5297
12411
2577
15446
2939
12017
14256
8914
6948
14051
9526
6115
3759
15371
12442
1267
1312
11957
9333
14219
3513
1643
15973
14491
9709
12209
3434
16097
12361
3539
3461
703
5916
8588
8831
11487
9770
1930
1624
12013
13524
9785
13023
10167
11836
4351
15632
9889
12020
8596
8597
13533
3266
10979
2410
2749
6210
191
16165
14138
8892
11302
11262
13361
60
3423
12924
3333
16379
3427
6626
1721
9433
1366
694
8866
1165
11392
92
5744
3480
11506
1591
6047
10701
15024
648
1390
7797
16042
4673
12175
13577
12334
7732
11220
3006
1101
14166
8346
3079
6105
11456
5221
15134
13278
12171
14549
305
1795
5984
11536
16276
10121
5833
3841
16281
2807
1463
5951
10887
6652
10838
3087
8342
15627
12844
2708
11249
1174
1645
14251
1817
466
9584
8084
10045
5756
14551
5146
12559
2035
10758
3298
10761
6566
15104
13329
10892
5483
14965
1503
13658
15575
8863
15902
14440
13092
7925
3889
10129
9128
14453
13099
11613
13878
3741
6878
6245
10785
11171
6039
10567
5165
8679
11073
16299
14548
5790
5270
6414
6443
15273
7694
12555
1236
5083
854
12686
15154
12795
810
3097
5440
3299
9330
3372
3323
15587
4781
1356
11283
2892
1032
15290
16059
13345
534
2893
13459
870
4239
1557
11778
6207
16025
14102
15668
11061
2070
3762
145
7001
3715
4565
15423
9237
8074
6416
9574
11982
10591
5993
302
12997
1750
14510
6623
13990
8370
8304
5200
12833
12726
6726
16337
12463
8357
8238
13957
6684
7256
12678
5898
6464
8269
9497
8134
14182
12308
10506
14862
3977
10537
5497
4150
5846
635
4543
11628
5918
14916
9531
14986
8136
9074
5875
8445
10924
5453
7435
10469
2139
15986
1534
10173
7251
13889
8326
204
6075
13372
1194
11314
11653
9124
12102
9146
13191
4448
7402
13569
8267
7176
14499
8937
7244
12468
1331
5934
2643
429
2578
657
11521
6059
11721
8495
4875
9060
8403
3697
13618
2206
2493
7656
2718
3401
15639
12452
4780
1489
4768
13294
8287
136
4457
10827
11764
5811
14060
2068
9662
394
12634
9207
12487
6809
2205
9917
4493
10375
16071
1982
9779
928
4437
2878
12420
1884
12628
4914
1793
4603
14153
15642
4727
2433
10891
8907
10062
7617
15536
7097
11014
7011
655
12958
5982
1202
40
11006
1916
9366
5451
2822
10493
14032
14428
1423
8230
307
569
9844
14345
13064
8792
5677
8630
423
11881
5681
12839
7815
11346
14589
4209
13914
8610
15454
11215
10915
12666
12906
6148
13901
10564
13869
9627
12983
12891
11996
5081
12091
13250
5969
14611
1655
6176
6821
2123
5780
1229
8310
7145
8795
4281
65
9507
6949
13704
1370
16179
12920
12066
2190
4920
7814
9350
9690
3185
9931
14137
3768
9265
669
8753
2628
3545
10354
15476
6391
278
13763
2512
14382
11238
508
10811
3571
2663
11717
2294
13154
1334
3230
5805
9448
2194
1731
13172
12226
7339
13927
7986
5690
543
2015
174
3269
14949
5788
4576
8410
8529
10517
1047
8700
14523
8011
5280
1339
12163
16220
14200
12498
11640
1108
345
2857
14132
14616
4873
6965
5419
3306
15638
15704
8428
12137
7676
3220
791
977
8046
16218
6834
10941
13209
15801
11786
11998
5742
8337
7185
16003
12213
6184
9761
5990
5837
12575
15117
1996
4205
12481
8383
4592
2130
910
5980
2450
5914
13406
15450
577
5820
51
11270
11739
9147
6113
6663
13779
13290
4578
9719
9407
7680
1232
9332
15094
1715
14305
9535
4596
9998
9675
9833
6418
8035
7184
8705
6686
15257
8037
10273
6212
9161
11490
4300
4277
2501
10502
933
10917
1997
10239
2258
10480
12569
4730
13073
6995
13275
13846
10601
7490
10355
15426
978
15404
7250
15440
1805
9149
14118
14852
2916
13688
9772
4026
9143
15895
2675
3770
5283
16085
5626
7802
13440
2200
2601
4989
3620
2938
12366
9384
7479
9872
3567
11766
11777
7103
16193
7161
5176
320
318
736
6334
12301
9442
13743
13342
4486
6667
8611
4723
7553
6873
1115
6783
13836
2756
4090
6840
16329
13047
15926
7876
1266
6226
9182
9181
9933
3776
9799
10330
13322
1815
993
6549
7505
8330
6557
6844
8066
3560
11143
14462
8819
13602
9680
11646
12261
5829
4207
15422
3400
10198
12901
12259
4893
8624
420
6377
1594
8618
5727
15509
10773
7012
152
15324
3138
15279
16063
15369
11126
7902
6365
15072
1653
1407
1747
8097
13686
8015
3091
16213
1112
2564
3709
13719
12106
1479
4513
12133
6038
11847
5466
119
14402
4817
8741
926
7585
12856
11165
8764
7588
15855
10466
763
16202
778
4950
9612
3746
11926
6558
9452
6316
7527
15097
14675
2495
8105
10233
4077
6857
14865
9813
7926
14227
3311
14585
12797
3838
16324
11218
11931
3083
12949
13045
5851
13499
15176
10207
498
12531
13994
3917
14403
15264
1397
2800
11335
8125
14342
15048
8402
6275
15758
3289
10982
2809
2652
9536
15375
12038
7913
11649
16256
9831
10802
11558
13770
9962
3023
11441
15200
5843
2866
14131
412
12774
5504
5318
15540
14105
3726
3478
3716
11859
14772
6590
3129
4086
11123
242
11726
10007
7606
12500
15729
1959
8910
14120
161
12845
9670
15527
15621
10286
8765
3373
5948
3606
10615
11882
13107
6678
16369
8692
3644
15967
1042
6892
6656
5838
6255
4345
4421
8821
5884
4549
9547
10499
7170
10321
7579
12605
13754
15165
4145
3196
15300
8359
12553
11330
11857
1382
9568
692
14062
5079
15496
13513
211
7792
15656
9122
6163
9138
2585
7217
12460
5541
4222
4447
11986
1068
8118
8857
12665
12478
8311
8843
13657
1571
15372
6213
8093
4474
3158
14605
11637
12493
5042
7757
12819
15080
4735
9796
493
15329
5326
13801
3435
8096
15917
13149
13351
12587
12864
7999
5461
8155
10878
7582
8585
12717
4238
15692
5282
14269
5792
3147
4947
4815
15367
3086
12397
12220
11841
14212
13646
7821
8027
5261
9910
8466
9741
2627
9929
8978
1444
4809
16196
11110
1013
15791
12455
2084
12521
11403
10836
10238
6556
11831
4003
104
15358
9890
13812
4214
11471
2679
15679
5172
14335
1333
7194
3341
9171
13098
14176
10723
5974
15255
985
3219
1615
7892
3879
9816
1314
1096
12
2102
13432
12185
1735
14550
13316
243
10333
15461
14081
5267
13228
3964
12544
11763
3463
8602
15893
2751
13713
3824
5073
9258
10580
8904
13943
1650
14968
10768
6524
68
8147
11003
14089
790
12817
14323
9321
5503
424
14802
8715
15670
6367
5381
11355
7044
11553
4202
333
7859
3719
10747
3259
9052
11405
10546
7898
14358
5253
9455
1928
3980
5201
12970
7943
16117
1782
5641
2930
7878
6901
8547
15604
12639
4441
15524
14768
14516
11592
12364
13313
13301
5708
11900
13438
4426
3061
11280
12913
10820
11427
288
11325
7276
4354
11619
2991
16010
10977
15342
12859
11824
13042
1290
14946
16338
3505
8659
10137
10720
1522
12724
8345
12201
8284
11880
4715
413
8563
7109
15270
11124
4193
16120
2423
10902
13775
11046
961
4888
3358
13041
2561
3482
12096
13392
6271
5676
12157
4119
8494
2127
16037
5387
6225
16245
9502
332
5518
1428
10839
11312
12576
15407
15687
16177
5009
918
2048
11541
15863
16347
1012
1451
3169
10182
15331
16131
4044
6459
4527
10448
9064
4894
5082
13340
12668
8248
2961
9358
12304
1580
9347
3832
1395
10669
10688
8262
12392
9865
5409
7046
9116
8069
3444
15875
8661
2537
11781
5169
1388
909
2989
15247
13097
4535
9640
10452
4220
7120
14514
2087
5449
13393
11234
4507
4646
14394
15099
1765
12642
8007
14161
13205
12165
6151
14045
5779
12395
14332
1751
5031
10359
15074
11324
12831
7166
4675
8728
8173
8164
7982
9564
9578
3556
11103
6181
1942
4131
3018
8782
4237
16044
14660
15797
7323
14777
16361
3288
10370
4853
5395
9634
12533
8216
7626
1373
12024
4232
6243
15443
1670
13624
11771
12450
2546
4949
9614
4805
3582
3422
15940
5786
3686
13530
4840
9815
2713
6771
9664
2884
2860
5763
14289
361
1098
2849
6261
7535
12784
7873
5030
8934
976
15548
11108
15842
13637
4842
10666
8944
16109
14422
8511
8273
7647
14372
148
363
301
8638
5560
14185
13529
238
13312
806
12652
4061
3343
12735
8159
10504
7872
14435
5765
12937
7299
4550
16284
12451
894
13728
9692
16094
9308
13668
9190
9714
10201
6748
15428
7916
7004
9035
10040
5349
10496
10926
5999
2856
13311
5952
124
10868
5647
9510
3279
3350
13924
2434
2914
8533
14928
12897
11463
13837
15555
15006
5949
118
10870
12044
16058
11634
16000
4282
4252
5279
10476
13272
9663
16378
8850
2163
5467
9268
11070
6286
7201
3472
15718
16255
2711
5981
4459
947
4844
14631
15352
10572
4629
5709
5153
12299
2025
7610
5702
7760
8507
5010
5979
12408
9778
6638
11568
7994
10056
9277
7689
2637
9840
10420
6445
10151
8856
12425
15083
7573
3937
2355
8704
6082
3254
16258
12590
11913
99
5568
3891
4643
4051
949
7974
3464
12776
906
13144
14196
8391
10416
167
9605
13336
10855
11467
5084
10332
8183
7937
1596
7369
561
15091
4785
6460
406
11464
2350
13273
5385
1126
6719
279
13659
8663
4916
14889
7690
14057
895
14203
9542
15147
3214
3265
6999
1378
6152
10347
595
5620
10178
4571
7789
9829
14172
2943
1235
10225
13818
4526
6465
3011
15493
8315
6061
203
16222
165
1064
1276
9953
4059
10360
4346
4930
12530
3870
4664
5640
2882
8274
2497
2848
13809
9331
3056
11697
11681
3845
2060
10984
1396
15073
4030
9099
14171
11956
15360
3777
9736
11508
13870
1477
15838
6703
15651
2937
6208
9862
4123
11063
6956
9613
14448
2696
3645
3047
13482
13435
7283
2633
2243
2158
6875
10399
11119
2775
1005
1062
367
10599
10185
5215
13314
6235
8355
10102
3559
8621
15466
3825
16298
8796
15385
4410
15391
11885
7667
15857
8150
14531
1519
6172
2481
5289
5800
10467
5287
12057
9656
6872
12120
15293
5544
782
5286
14931
9615
8757
8557
14068
4143
12676
10085
2391
651
4114
6596
598
7661
3108
14159
5655
12644
6301
4828
109
5006
8535
7381
11020
14519
15703
4500
702
1223
15919
336
3603
12803
10610
12134
6618
5644
7329
5854
7591
8637
13587
4164
7848
14272
390
14087
3988
6149
14807
2948
9508
5425
14607
4983
9187
15948
14457
8197
128
14429
13650
16224
826
15770
9667
11949
3692
11492
1049
7737
1114
12045
6823
5549
14695
15152
2706
5209
7847
3767
14228
1758
1176
1874
2755
4423
5538
15572
13744
2788
9306
15644
13142
6583
16271
5365
6628
7604
4980
7150
8636
15487
2727
2704
15289
9899
16161
6351
2170
105
11200
14396
13104
6895
1471
4972
13199
5775
13717
11944
7315
2759
1807
15201
2761
5908
616
6612
2787
4628
1308
16263
9103
7687
9928
3391
8993
9421
10037
10307
11560
15725
2909
8082
5866
16362
4567
14058
7581
11089
14532
13925
3992
15472
5826
15498
743
9544
9639
1038
2838
15712
4912
11144
10315
7072
13792
8949
7623
12419
3354
5630
6054
6765
156
15500
4961
7684
7467
8982
5396
4743
13511
8106
14659
15568
14101
2906
13733
4655
321
5332
1850
4720
9015
4028
14733
3921
15827
5505
3207
12495
942
4696
7401
15207
2725
7597
3162
11142
1021
8917
7918
5915
8553
527
11567
10777
13847
4687
15455
11878
4613
10752
14311
2887
13165
4484
10995
11780
13853
15021
3146
1309
9083
14111
8797
12646
10433
6375
2427
15763
9008
15485
4411
15503
6056
4058
12761
11062
6811
13692
12249
8926
5314
222
11152
5143
11969
9484
10853
12245
1688
5686
809
5672
4941
7659
9444
14383
15028
6094
5227
6219
4688
5016
1964
15140
1800
3352
756
3979
15516
9951
2468
3261
29
9296
2463
14471
9618
11994
4365
10366
9337
550
3658
1901
12517
8412
3104
10983
250
16083
1247
13328
36
1237
517
14337
4116
5954
2950
11259
1530
4782
3159
5177
7018
9689
15620
4582
11652
15717
2790
14270
6327
5462
7528
14293
15840
13873
12030
7522
7227
12050
563
4741
15989
5576
9133
4383
9811
7058
8334
11027
15019
7210
9721
4884
10938
3710
10298
6666
6259
3489
7801
1092
4463
2516
6859
4660
2999
10627
3815
10570
5354
7813
14063
9867
7215
8036
5002
11594
15759
2880
10386
9573
1466
3630
15789
8477
11940
2977
13402
6802
14070
2370
5724
7688
2021
10454
11539
12176
10313
8747
641
12292
14664
2020
14071
8990
3095
11094
2079
9483
14160
10658
9737
15288
11443
15303
13567
4068
359
10635
81
9204
14653
2641
8698
11024
5697
15205
9194
12653
4635
15357
14148
523
1051
13008
1630
15141
14217
12528
3144
7507
2280
11770
11321
2818
3492
10539
5930
11835
9307
5478
7685
2371
15846
6813
12277
12903
8365
5942
3910
8406
14930
1310
2120
618
13640
9881
10259
9481
5615
13371
14996
12623
12709
6714
6044
13247
8676
3378
1467
13737
308
5086
7374
998
5041
14376
3487
10473
12295
7263
6952
381
10144
14490
6134
15148
3439
13346
15194
1500
7741
3722
15557
11813
3110
1297
2886
247
7934
11832
15563
884
14749
12767
7752
9775
15952
4574
13093
10039
2330
5445
8045
1203
4926
443
2375
5096
16365
13501
8080
4917
3221
7051
15767
9340
13130
12972
2031
611
1552
8352
12319
11402
8930
5352
4764
15296
14859
4940
11121
3667
6033
12200
15624
13535
12242
6997
5636
6702
15042
2786
9555
3547
13287
9577
3869
8686
5173
12996
8732
11207
1078
418
9705
3623
15811
13821
9686
1589
14028
15932
9278
9625
5230
0
7010
3748
3290
2424
13379
11093
7518
5625
3609
12368
5971
9898
12508
13964
2184
15047
13032
2590
11648
2092
3810
10232
1761
14635
291
6266
10742
14157
5822
12757
495
11760
13955
9727
5008
2083
13129
4323
9381
2185
7734
229
437
6279
7595
2687
9211
1072
7358
4771
15319
6959
7367
5975
16149
9077
280
12159
1612
10180
12341
14235
2292
15856
3635
7446
1014
5563
9291
2242
12850
1127
10501
6073
8806
15890
8222
8829
15824
2665
12346
8219
5734
12626
261
8584
2398
8353
12966
9164
3332
12363
13004
9912
7542
4138
8110
8921
15636
8077
7909
9139
13391
8200
8718
1742
4473
5242
7655
7567
14090
8299
2571
15085
10749
13986
11545
2160
9154
848
4278
886
6116
4082
4327
4832
10093
4162
5737
6120
8394
5260
14040
13187
3303
1905
11939
3013
13893
11929
10699
12479
11675
11117
3698
10916
9592
7625
7342
722
3143
3409
14985
7114
992
7704
14552
4031
3672
779
12762
5667
11383
12980
11724
2336
8809
5847
8379
13831
15103
7653
10825
6003
13469
2272
9221
11362
6954
5696
7497
1529
14095
14761
1045
7418
9694
3248
10881
10164
14286
7035
11202
15037
2801
13244
8455
4639
4169
5429
4525
5051
11791
572
6171
15055
14910
4033
16289
7279
12635
2813
8882
2581
5136
12117
592
1872
16380
9722
14094
14393
7996
7578
5567
12074
4356
4117
12680
602
4466
4834
13742
1060
8898
5967
13498
13399
16129
30
15742
11315
14642
14959
5191
6357
9066
409
9401
9716
6632
2823
1845
6695
3500
12978
11707
16029
12340
388
11828
511
11864
11295
10091
15828
1531
11920
12821
12952
10988
2981
9718
11301
15723
4322
7702
5858
10562
7213
6254
1020
4253
4012
14465
13907
938
3749
14236
2915
6323
11154
5842
5719
11486
2394
15089
11585
8869
6756
14056
4890
3694
15795
8126
1556
7508
3345
347
2324
5836
7066
3587
11672
5263
9995
3471
5299
10943
14021
4671
13905
503
1128
7756
3043
3055
7825
9557
12114
14873
9989
3976
4827
9360
13841
15102
6010
1891
1335
12264
4622
4517
15650
12338
10577
8421
11411
9550
12789
14909
14572
6346
5056
217
839
972
7678
4818
6988
6197
15556
7014
4547
7286
16168
2812
9746
3183
5272
15923
11583
4698
5499
935
15695
1720
640
11217
4791
3305
2208
14981
14489
8435
74
13890
6654
13528
3880
13048
1675
6881
601
4904
591
7474
13798
613
9006
7059
15720
3621
12540
14074
11787
349
5380
1717
14274
10557
11272
9412
2965
803
5994
10122
15435
1855
3932
4296
5665
3933
12195
1878
12396
623
13758
3490
4089
12829
8389
7529
2912
8690
7060
14340
14313
6664
15871
15958
5066
10076
11705
11702
901
6493
3405
15469
7411
14726
3738
9809
2602
15374
10393
7921
5484
10161
6766
6827
10396
14715
1036
8209
9534
11703
5166
3012
5963
6689
14669
7307
919
151
13517
7664
1527
13412
9046
3983
2333
2745
12040
2925
14654
7312
319
1831
13058
2504
3798
11364
3871
8272
3445
15728
2345
11354
11625
1017
8102
16066
1882
7003
10937
10474
14419
11797
16069
9830
8518
3126
14150
3818
2622
2238
5628
5685
12181
8660
6767
7318
2662
8865
12423
11068
3998
11036
4491
2046
15380
7253
525
9575
9839
12365
16210
12352
12252
661
4151
55
10253
6335
15405
141
8489
4838
5741
10531
3160
13541
5635
15861
8339
6715
1437
6220
11819
235
16050
1667
596
2966
5198
2297
6804
13487
10133
5873
7805
13080
631
4489
2315
4693
2269
11095
3224
1736
5542
551
11231
11604
7102
1260
11370
6200
5068
3190
1186
7938
4266
10283
3236
8309
15025
16316
14195
12426
2177
5855
13141
1759
15308
350
4953
7523
4935
4310
5015
6374
3092
11044
5433
6496
12791
13483
3939
1634
8090
11343
11915
15788
3258
10295
8903
606
13815
15891
2106
6270
6474
11040
8095
15513
7729
8002
6306
14154
12224
14595
2059
10147
14736
6861
14511
6957
8883
11198
6463
16091
13940
4347
4558
12722
9985
1994
13974
2841
13236
9463
660
5414
4766
10356
15149
7027
6227
14370
5329
10860
1492
10450
7882
15977
860
13854
1336
1212
6128
9552
7599
891
7959
4564
7383
12123
9351
10455
10376
6934
6832
7113
6413
1642
15809
14693
625
15309
15109
3783
11947
12944
8103
11651
15816
12000
8438
16114
1672
10515
6701
7460
7320
6051
14991
3263
7924
13551
8861
3431
6551
10284
9193
15946
15785
13899
2661
6805
4074
1946
4627
8397
2374
13284
5599
3677
13366
15899
7782
15872
6521
10171
10668
5789
10128
3348
11185
6431
6505
3940
13791
13824
3755
12298
3745
12438
1371
4046
11615
6311
15442
2241
8722
15984
15521
14209
3591
10409
7471
8941
7514
4156
8855
16307
7607
9873
658
11002
5199
14781
13124
16198
12225
16261
3973
15362
7008
2783
15005
8343
2731
10003
712
2007
13537
10697
14140
4388
13995
7314
6251
11495
3509
1963
5892
13473
11167
11475
12007
11616
1484
14466
4657
13866
439
9325
11426
9316
3122
15529
6394
11580
8536
13795
8296
14906
6622
15934
7722
4585
850
3246
9597
4954
1222
11903
5422
1348
5339
13309
13414
12991
6049
14220
5175
10138
14238
403
11193
7208
6467
16265
12824
4038
3961
9397
9244
871
5712
10705
11972
9250
2216
8648
6508
6649
14405
10616
8847
496
14811
13787
12055
14832
8233
720
9492
14506
3986
4703
10790
1142
6362
15551
12005
15619
1926
627
5306
11886
1015
8232
15175
4948
7886
14216
14933
13126
2624
8664
11894
7306
11146
15384
652
9451
6760
8525
5650
3465
8166
13732
10918
14722
8076
9132
3052
12773
5033
11656
7007
178
7393
7532
4841
4845
11758
15569
15421
7337
7317
7836
5600
3255
1703
405
10869
14867
4465
7395
14989
1658
16140
13992
13184
10010
6063
7324
12804
14899
1718
9980
2286
16207
2267
4773
4402
13439
6293
9842
4895
11533
16073
15772
6751
7334
9129
15851
2159
2224
10613
9671
6877
11431
13139
16100
9821
15610
9672
13240
12904
14681
15743
9856
1929
8199
14901
4247
8775
12519
7232
11528
15281
15310
11575
1204
4315
12948
15220
13697
14398
11389
10391
5220
7408
7583
8578
2525
9474
987
4413
1593
1537
13221
13978
12491
14700
3896
13693
798
12054
15188
520
14857
15608
2400
16036
12094
11629
4487
13566
7865
2480
10123
14000
1319
12522
15032
7492
5158
3367
10413
13100
10760
4682
10447
5383
8696
695
15543
9260
875
4109
2343
3334
3488
3411
16153
1277
11424
2919
15216
12296
14870
2273
9754
1614
8289
7464
3542
7840
6193
8358
974
708
14420
15337
5266
11076
2094
7552
15135
2148
6187
10268
12596
15164
6543
8613
8813
13266
15098
5398
463
2976
10387
15982
2955
10774
9097
9178
2307
4681
4922
8415
15905
8568
11710
8963
2744
16304
7513
5277
5160
9112
8771
15475
5393
4183
9471
2542
15081
12854
7500
12194
6434
14483
2533
4506
5772
9069
16056
3618
12333
8081
1219
2490
14563
3626
795
15210
7744
10160
10166
13750
10964
6476
4099
10912
13387
14789
8953
2832
610
6058
2326
4
9475
6893
964
8427
8240
4159
10585
11274
14306
11236
16032
1326
1441
3970
7658
5860
12208
1753
4705
14318
4002
14264
5507
11018
16199
12663
8877
13830
11825
6110
3454
14146
8322
7070
8498
15222
1560
2609
13781
4672
8433
1130
12001
10594
11251
4391
16305
214
714
11517
6880
8550
5391
6344
6002
6223
1278
2478
15883
11313
10778
15747
10267
10847
1762
2608
11958
7949
8249
4508
10236
11340
8264
13421
479
15552
5114
15561
8896
8721
3886
13448
11784
15389
3374
15515
11017
12385
16238
10748
14697
285
12890
3217
11871
9341
12375
9393
12011
1084
4338
7226
11398
10145
14344
12931
8239
742
15782
16226
3676
10226
3812
638
15043
9461
14187
828
1425
1453
8217
5032
8083
1030
14990
9453
14714
7945
14649
1342
6195
6126
2672
12892
14023
1011
11952
13035
13827
13938
12170
8043
7485
2265
9750
8742
11153
15938
7399
12006
15574
6646
6230
14412
6933
4173
4649
1865
6815
3704
5370
10745
11309
5358
8862
11775
10739
11447
7041
2041
15067
16266
9546
2678
566
14592
10404
9738
2476
15697
13997
15862
1683
13973
14346
12743
6694
4575
13816
1888
11501
355
10073
254
1979
1385
4648
11010
11830
1741
737
14705
8984
6004
3863
13575
1401
6291
3300
13044
14381
7524
14787
8361
9010
9376
892
11187
12323
6437
2327
9473
7331
7488
7905
14805
2296
10672
7761
14416
4149
5156
1999
824
2347
15344
1957
7420
7786
13207
10118
13086
4634
15325
7509
7494
13389
3523
13507
15510
3605
1906
13289
2682
13617
6019
11812
8152
4651
2284
707
9063
13292
9003
11734
3839
12932
15616
10708
7160
13814
8961
6843
5123
2418
14285
10854
3314
14565
7826
16313
9595
5926
11494
6433
6830
5001
5793
396
11489
4467
3304
13999
8510
10949
15560
14526
6325
16076
4460
12282
7055
528
10645
4974
12270
3486
4171
11461
12022
6764
2298
6825
1729
11498
11477
7950
14528
15420
9109
14964
3736
4802
6269
7707
15267
632
14206
1887
2235
15030
10206
7971
15665
10895
14488
3622
12943
9414
10736
6145
8441
5947
8542
6561
7139
159
12858
9826
6492
6633
3743
10020
15879
10535
10401
12847
13670
16164
1604
15229
13769
4336
5078
8479
989
539
14656
12923
2531
4498
6732
734
10989
6021
14142
13358
5937
9635
14391
5171
15040
16001
7182
16246
3508
14073
3380
12693
15217
664
391
6238
12919
12953
73
3161
8469
5657
6924
16249
6005
9019
7919
2998
14918
9095
415
8109
9792
7827
14810
16013
15347
9918
16377
172
4399
1234
14348
14262
11551
