7146
7248
8166
12117
443
3027
3148
15675
8613
6092
7113
11
201
9376
5531
832
15604
3114
7510
14620
3833
7631
3164
1421
2560
721
5460
1217
12866
13553
6519
8685
7813
5157
15899
9499
6629
4311
611
2261
13030
9297
7488
1486
7076
12047
5158
14925
8805
15278
3328
12464
3473
11207
4852
13741
7376
13745
15451
6904
15101
3422
12798
8548
10548
405
4061
14977
9177
4557
773
3427
6981
3876
5005
14972
1283
369
4480
14947
9565
2623
15250
9167
7592
10331
13006
251
2462
10326
10200
14320
11000
8484
5734
7530
3914
3814
1011
11743
1196
3867
13731
11998
7341
15846
1588
5783
7720
5183
9537
1528
133
7549
12402
12288
12291
13051
3604
3132
10984
6008
6877
3283
9889
4358
7147
13956
1214
13580
10703
12459
7554
8765
15929
12106
5098
7635
6757
14685
13335
2119
6775
3229
10916
13245
15313
11982
2633
7266
1225
9422
9450
5286
11899
7829
11808
15466
15511
5354
12623
14202
12789
13824
5112
15301
11771
9933
7259
14955
9879
7256
1764
3352
7531
15438
3321
10649
13252
12620
5761
6564
2984
14672
9234
11616
1720
8052
9661
11596
15047
114
9117
9765
7649
14310
15909
5162
5300
8394
11974
13954
6864
12112
8647
7706
10903
4729
12282
16228
9266
13639
2268
9577
9250
9080
11575
4676
10223
2864
10368
11007
12042
15130
11188
5831
7120
14755
9341
12793
12730
3327
13361
15405
5704
742
12883
398
12386
9535
16085
3385
4731
15683
9618
14669
5695
10865
10290
932
1091
4878
6674
15997
6083
10793
6088
9471
6277
15387
10420
16064
15263
11384
334
15461
3609
1350
13541
10147
11328
9470
5269
10794
12986
15167
1028
13417
1654
6742
9041
4424
8302
11445
7156
2195
11984
81
6863
6521
24
5876
14279
4645
12406
1419
9407
15635
10740
9746
276
5122
8234
1849
12710
1157
11664
8734
13412
5114
16138
15217
3407
8503
1759
221
8894
8736
10546
15797
14249
6104
4271
9631
12461
15775
11523
1987
11172
9978
15993
9378
9437
10947
2224
12152
2439
7328
4439
5586
4181
4655
5082
13424
4593
8523
5141
588
5339
5699
10820
10470
5804
267
8759
13657
2853
1231
2550
4072
4518
6208
328
3873
7470
6897
323
10385
11872
14542
9913
5589
11086
2124
15266
15507
10818
12284
1908
1327
6938
2970
9451
8363
7993
1316
2411
7375
11278
9315
8773
7856
799
4620
671
358
12392
10924
207
3060
7185
8741
13811
13757
10193
4292
18
834
9432
3220
11225
2670
60
9983
16014
146
14281
1696
12665
255
69
257
2802
4619
13648
7151
2192
13638
4959
9562
14037
7755
13623
15089
2021
3190
14989
3174
6109
2495
6956
15756
13904
8585
3555
15516
1504
12810
16112
7074
10006
10362
5143
127
777
15784
10598
5457
6085
14133
15948
12584
3205
11145
5068
10138
7083
7629
14509
2420
14164
4317
12263
144
2936
2281
4621
8690
2209
2774
8963
11397
6935
2593
5051
14275
7542
3086
8943
8668
15235
6889
10489
5980
11611
5631
5942
14880
3542
3488
10295
9993
4009
13714
9133
8102
1357
170
8194
3681
2844
14746
9278
14308
15375
8586
6311
14152
15082
7292
9318
15134
7772
2880
7571
7562
15243
8912
5252
9149
11952
9860
667
10258
14206
4994
12631
15978
9989
12974
14106
2461
10632
8039
2564
3566
1816
1326
6336
4870
5406
21
15985
5532
6113
1321
7234
3923
7967
5670
1348
1322
10062
3204
11503
10360
1054
6447
5064
6903
2661
14233
3274
13550
543
2615
5652
15950
10545
8884
5215
1197
745
4427
13690
16087
12989
12159
11202
920
2525
6438
15637
14415
12454
9012
13295
13856
16338
11189
15599
15981
14720
4570
1246
6015
952
9475
785
5920
13597
4400
3991
13344
11427
9769
5720
9184
8633
10166
4951
8026
1885
12845
11832
4534
15554
13059
5279
1202
7178
5454
10451
10838
6680
6488
7971
284
2470
14345
8022
10700
6511
8930
3572
15150
10911
13384
1274
12323
6875
12077
8278
12470
11428
6632
8720
14884
2429
13944
1243
12923
2482
10264
9128
4966
8521
9945
4394
2706
13197
3519
11803
11773
8940
2049
1772
14527
12894
7140
16235
11050
13365
3095
14939
1574
4980
237
15931
10168
11149
14004
2789
10281
5580
4315
14276
9241
10232
8641
7834
2238
9570
5308
6160
4865
1489
6281
13314
12946
7655
10803
16317
4936
9434
764
13405
11041
11862
13199
10568
13268
4519
9289
3324
10113
5097
11671
12090
9273
15633
12682
8168
2619
4269
12717
12840
12920
2620
1123
640
4636
3910
828
13967
14978
11880
13257
12764
4606
10880
12964
15116
61
6970
15410
2431
14567
15015
6633
10498
5807
7085
8944
1723
3815
4157
4443
5074
16049
5382
16100
5976
437
9946
13485
8577
15980
6112
3468
5041
13272
8801
3954
13220
8013
10521
1858
3035
1435
11788
11651
15693
10279
3061
9797
6188
15129
15244
7070
12597
1299
16310
14216
12895
816
5965
9697
3272
15736
3708
7698
10409
10629
5146
15251
14413
1120
999
14199
12858
2839
5600
9180
3365
8529
37
9189
7721
4253
2154
2530
11535
9187
12036
2414
14127
4221
1401
11538
15120
11130
9640
7621
6855
10980
4495
2842
11286
1347
12575
14223
10449
12953
5165
9058
3564
3932
15481
6266
2851
7000
8919
6652
9791
12678
5105
3577
14
798
3530
4537
9952
14321
12343
15532
10964
9660
9168
12044
3320
14097
11184
2120
6114
9072
977
3445
6785
8082
1555
4679
16292
14110
11707
5865
3727
2339
6609
3017
4180
14936
1795
15285
5408
16289
16224
8483
13643
13537
5815
10095
1589
5061
1740
8987
6813
4486
6997
6700
120
13223
13004
5894
8047
4091
15621
465
13713
2000
14581
14100
12381
11930
14015
14214
12257
15519
1092
9836
5949
7050
3720
12592
1786
3026
12085
555
228
781
7007
8204
12380
9377
587
1114
5978
15956
4741
10150
11370
4798
3260
3680
14688
16192
6733
12905
13962
4209
578
1945
9795
10959
16113
14473
6972
8135
4207
13504
8680
12125
6129
6745
15013
15093
10826
7681
4082
8958
10966
13293
1863
2358
4595
7387
15395
9039
5075
1744
12031
2836
10708
12153
12203
11946
15634
1750
9702
9928
6644
11717
11001
4929
14444
3010
13020
10929
522
13240
13096
14959
1861
2264
13708
6417
9751
1792
15521
12996
4015
1867
505
11423
2925
9834
1570
13691
6202
14772
15409
14745
15455
4847
13688
8885
7126
9964
6688
9388
16233
1553
14426
2366
5997
15333
426
15097
1164
821
5276
11160
5361
3472
12440
6013
2359
11306
2511
13718
10377
12059
12062
9568
10925
15016
8152
9430
9052
13156
12222
12240
9835
5037
2938
8781
4360
15324
7159
7133
16301
13835
7700
15565
15344
1025
10821
6183
15652
1976
7267
14735
14553
11227
9354
11676
2045
11475
1468
7174
530
14928
13278
11018
2928
14868
5779
15366
14026
1791
15741
4252
2221
6067
11300
6703
5197
11693
9663
12637
7305
15154
15995
9031
8524
9998
6578
15098
1050
8035
2235
11168
4829
13180
15168
8745
6325
10396
10097
8925
11329
3170
448
12828
8049
15373
12075
964
411
5514
15622
8129
6683
6862
5523
10183
10823
2174
1462
15728
12201
3528
10534
6284
15859
12722
10287
2105
656
14920
6931
609
5610
8775
9876
8525
1221
6692
11464
10083
9015
6053
2637
6912
13243
8739
2572
6744
8323
8893
8847
1259
10259
6722
12232
6841
1472
9596
4673
6196
439
12193
6721
12875
15855
6394
3626
330
5297
14973
5857
14817
5396
2691
851
182
9320
3647
8331
10592
9200
2243
2379
10570
717
9869
11076
5163
13380
9394
4782
14169
13010
1302
9347
13418
9643
10528
3349
7708
8080
8653
6069
13109
14467
14336
6606
3346
5027
13937
13873
13214
2730
14126
10436
15276
5099
4617
11092
8421
4722
3221
877
9741
6587
6060
3792
15436
854
7833
13093
6992
3479
10219
10071
10212
7205
11524
14468
2571
16238
2517
4478
12478
11715
1739
14208
12409
2765
10834
11863
13198
7943
12535
3869
15852
951
3796
8767
539
4463
15484
12171
15249
7349
8382
15246
2924
11337
12806
677
8681
10523
3761
9616
11358
4188
13911
11363
4608
2436
10199
8728
15208
10358
15493
7304
14824
5126
9940
6604
9951
5184
11740
1469
2617
8109
7222
14054
433
11614
3429
12705
3201
7685
4208
11819
7675
12226
14724
5729
10213
8398
3151
9916
8335
8455
5466
4017
5035
12633
4558
14330
13126
11953
3810
12787
3998
541
14950
15179
5275
13130
9807
15574
12156
11102
1550
13698
11438
1514
12758
12673
4738
11487
11802
7204
15173
14842
5678
6244
9635
325
865
16000
3227
13269
14661
7435
7986
650
10305
6241
9004
1102
4866
13601
903
12270
11742
6913
10084
5192
7512
14931
8275
15491
2085
3334
12237
12433
6641
14353
10605
4390
15441
9571
10093
13087
15974
3791
9028
895
15199
12096
2846
12602
194
6705
102
5411
3812
6486
15500
8114
14784
6130
9205
5858
14221
13359
2136
10646
1305
15206
1441
5315
2965
185
13971
1455
14349
4654
4531
278
15045
12521
15381
6754
11949
9506
3250
13137
1940
12431
5020
15273
1031
10953
15704
15620
4238
7308
9094
5343
1398
8167
7905
8038
12588
7927
11666
13955
4097
4099
4872
5892
3231
462
2093
1447
8881
12657
12742
6706
4601
4704
15707
13808
9000
3168
1513
15004
8029
8887
13049
14061
3760
7184
15893
12669
7894
1476
5731
13017
8228
4607
15108
4111
3766
16237
10122
5790
6368
11154
8019
9281
2762
11972
1641
6856
10066
5665
11907
5003
16259
7666
642
12762
11477
12258
13649
5177
12607
56
4940
5895
8410
14686
12354
556
10467
10188
15306
4944
7117
12176
8498
10882
14502
15281
4880
10595
10388
8184
9823
3684
10849
2704
13961
8830
1372
5464
10203
12279
4530
13840
9131
796
7395
3756
15925
10267
12014
750
15651
2282
7437
16358
16011
5962
5439
2906
7806
14788
3996
5744
2407
13244
6481
1926
2012
11469
9966
12175
5664
1951
16244
14696
15794
1594
7045
89
8064
4465
7961
5615
15699
6491
2361
13324
9785
11125
13122
13964
4128
365
1493
4775
7626
8277
1992
5193
12619
11767
4176
14561
2738
7056
1240
8350
8243
2490
2826
2101
8772
15346
6979
12580
10895
2537
471
10919
12779
9165
9921
5707
15096
1649
15987
14052
14431
3938
2862
16348
985
13270
117
9249
9239
8764
10747
10235
3697
7696
12973
4418
5139
15564
13131
12145
15169
3692
2410
1111
12401
5453
8609
4060
3465
9882
11392
5136
16160
15084
7457
13994
373
16162
12298
13519
13207
7630
250
15090
12587
6132
13654
5776
5525
14793
16148
8432
15886
6717
10053
15685
7424
11884
5887
11375
3884
3583
5747
4543
10798
11655
12167
8121
8936
9413
5039
11551
5579
15325
13607
7021
12661
9781
9264
629
15947
11235
760
2971
10945
8684
15958
12981
2947
5311
3173
249
2980
2761
504
3711
2191
11877
14593
3973
10221
1129
6934
8192
3957
12400
13833
11957
2218
10885
2079
15419
1491
14676
1512
3891
11878
15062
3216
459
13841
1394
2099
2247
266
1806
11071
3707
1132
10457
4742
9902
491
12126
11810
12919
6074
10603
3181
5483
6868
4787
16082
1311
2876
10205
15768
10447
6749
1125
12834
7200
10500
14356
13445
841
7157
5770
11051
8882
5832
5282
9442
7958
7771
6226
5584
1706
419
3011
10472
11350
14653
14241
4339
13133
12719
14478
15171
5502
15515
12318
6388
14151
11564
14687
11936
14160
7513
1319
12186
8001
14114
6662
6119
7573
10969
2644
3175
15862
4501
7020
5597
4118
5391
3983
12245
14075
4982
15147
11821
15222
7334
8126
8737
14204
8565
571
13159
4536
7217
8396
10658
14377
9282
9491
430
2111
1830
9526
13114
14968
13019
15777
1433
13748
582
14244
8648
7054
12177
9137
4446
11631
13276
10195
7705
8244
4900
6291
4864
9443
80
6238
12054
3252
9474
11013
9336
2724
8197
13680
6464
12360
634
4479
8268
12179
9808
16223
937
11100
6789
12843
11528
4440
9908
2529
3100
13702
7167
14333
14568
15270
1188
5164
2645
15293
7563
12089
3653
10936
4818
174
8136
6194
15678
14012
13872
7244
11333
2219
5101
1695
6774
15952
7484
1135
11360
11142
9943
14078
3865
7356
5658
6269
2141
879
11273
8106
10692
14560
15629
15649
2074
6823
15566
13662
5566
6163
7885
13460
9057
14754
14044
10455
9818
6395
9309
1988
1507
1345
1105
949
11914
836
1379
4850
10815
10158
14459
14118
16012
6352
2612
11173
5258
14747
8190
10958
3751
13477
3628
8263
6414
3244
7867
1783
6159
13331
9695
16371
11774
1920
2260
347
1522
3767
9992
9545
4000
7273
2631
14952
15504
12849
15353
8467
10578
13434
11303
10554
14798
8276
1235
10643
14843
9880
14627
9255
657
5975
3496
12273
9948
2345
9627
6483
14040
11684
6884
7390
15964
8694
1195
1788
12796
4859
8251
13018
3625
16183
13759
9598
12081
2889
12552
13102
15724
5999
14084
11619
12621
1898
5811
4634
2744
1314
6635
668
8418
16174
5357
14878
6980
9381
6166
12486
5937
5902
11890
3897
7837
15751
3377
5861
11511
5386
10421
1699
13695
3521
12497
1337
3369
11029
3393
13507
3410
11126
3538
12467
16044
4861
54
7609
14874
15627
10428
5106
7228
12756
9391
7801
10452
8010
434
13907
15417
7353
5900
5873
11262
12453
16188
7365
16069
5618
177
463
12178
13984
15603
7683
364
11378
7539
3297
7747
9340
10655
13615
11830
8007
12477
1156
7503
1958
4018
3655
2747
14680
6540
9252
6026
1492
16016
736
8334
10132
7270
13578
6849
2578
3928
9630
2806
9156
6231
5421
9594
15913
5188
11624
14038
6508
4660
1911
15930
88
15738
7247
3832
15847
6150
5651
15921
3134
6608
11892
14902
6649
15767
155
14758
14001
6563
15662
931
14248
11763
15571
3018
3749
12970
8621
8816
4265
8504
11388
6501
5647
13080
4498
1956
10573
4171
9385
1813
11325
13267
3103
14953
10781
5430
15586
9458
134
6685
11295
307
16024
6154
3117
10233
5420
12367
10125
5377
6560
11518
2840
467
11317
10848
15125
1628
8296
1317
13273
274
9597
4420
13225
14443
3964
14635
13810
14619
4576
4858
2370
5049
7374
12017
8161
11670
9114
3281
9487
1356
2695
1942
13014
5264
6668
4771
9397
2673
9847
10307
870
6344
4228
14897
1821
9979
8956
14526
11720
3819
13988
10737
15670
7323
5078
15145
1971
7452
4671
9560
7821
13210
1685
352
12699
7713
6982
11665
6405
2051
10257
12751
7111
1385
7467
5434
15605
3944
6555
10584
1405
14292
13571
378
8703
5637
13141
3133
15348
2454
14723
8087
3615
2945
13917
2036
6296
8343
12617
16133
5954
693
12560
5326
8186
10819
11840
2591
4108
1875
3631
2176
417
2566
1163
11791
10172
3087
10786
6136
1526
11606
4610
4323
15742
4178
11811
11816
8610
12276
10811
2814
10869
10481
8318
12741
14250
13997
13413
104
15674
4943
3379
1070
4547
223
5358
9110
13928
11787
9613
2479
2502
10117
11573
2425
16356
7638
14098
12581
14518
10876
265
3834
15610
5851
6805
5923
2536
2357
10252
6355
12172
2828
11600
11430
10330
2474
6011
14188
7876
1133
8402
2848
9182
12473
10243
2228
2874
11410
14885
5401
10789
57
3347
12530
14091
399
15055
590
3494
7825
15070
6704
5908
1166
3746
13284
7006
5289
3261
15998
11522
16205
3821
8794
6843
10690
2703
9815
3904
9603
15309
9465
14176
15043
1949
2140
15863
9726
6317
1457
14351
12848
13843
11481
2054
15432
5878
509
15122
3593
7497
10220
1352
3224
4222
10505
10283
3894
12649
12568
1836
10617
8206
1710
7223
12732
10007
4830
12612
10118
12835
12120
14948
10406
9440
6426
2743
14552
8812
2682
1417
8802
8400
5994
14603
2321
10104
10696
15881
1032
7857
15051
11708
10962
5152
5909
12629
4461
14222
10742
12507
9170
2421
7284
11045
14551
6986
14408
5
5760
15305
8357
15007
6248
14855
7684
6773
15681
2080
2353
6545
4245
10316
1038
2440
575
9436
7064
14008
4910
3693
4763
10025
9414
2072
831
14691
2643
3233
14819
14911
5239
3441
3471
2611
13527
1600
11095
1045
7855
16184
14790
3838
12863
4154
5364
5134
14573
3005
11656
16131
3599
8790
1173
6663
4129
10087
1256
4903
5314
7466
4196
15907
14636
14368
15459
13883
8687
14184
13675
5522
7732
1826
7339
5808
6434
9127
13668
14872
4383
10926
10839
6782
16142
682
6424
12424
8890
9245
8496
230
10530
10685
10677
4702
10490
735
15315
14888
15748
12902
1470
12022
4807
2290
7065
14710
1711
10513
3929
5880
6627
11609
10602
3467
10985
1579
2907
7668
8866
2027
1660
15279
4037
11574
1376
12450
16171
13830
1585
15942
5372
12404
2263
9586
1330
2958
14324
13229
1236
9911
4475
15012
8461
12941
7130
16354
10139
379
11797
7186
1460
15434
691
4649
5998
13525
14692
662
15076
1288
5576
8367
11858
11069
11120
10407
301
9895
15737
9124
14894
4736
10773
2940
12154
9519
14476
12949
7358
3195
273
7866
15370
4035
10400
5748
10277
8385
13246
2685
7935
1234
261
10423
11141
9707
7280
5142
11630
7921
11500
11960
11995
12341
10438
4092
820
12146
4635
11977
13164
14375
3099
6619
6533
10333
814
11640
8119
12260
224
8949
14682
1079
3709
3580
11552
12670
12697
11615
4285
5476
11467
14105
705
1301
11701
8676
14195
10915
16128
10854
11343
13366
15337
12317
8743
6672
2887
4380
16035
10897
5316
4020
11975
14167
12039
1578
4955
10608
12065
3447
10106
16153
4712
15561
16040
15036
11193
10816
333
16084
6174
936
5515
11725
8738
16119
11261
8040
4727
1755
11399
793
16327
4437
2112
4435
492
11057
2713
99
8030
11243
4093
38
1627
15919
10443
5423
11833
11540
4264
8886
6024
12101
7648
16168
9520
13074
11513
13676
12076
660
14024
6808
124
15258
15092
7890
3646
11201
5257
4274
8572
13577
11760
6654
7963
2809
10585
9363
1276
8472
4644
8553
4458
13145
4938
9775
13308
8780
714
12538
11014
11353
10989
14863
8965
9428
3006
2065
9100
9692
10904
7624
12174
15557
9049
6440
11886
13963
1946
10699
12812
9637
8173
7988
2555
5743
3531
16215
14829
11290
16047
9656
15069
1952
13464
3854
3993
5645
6857
14434
8537
6021
1428
11148
12148
5890
11866
3863
3154
2963
8615
10312
2464
6494
1177
16150
1291
7034
65
12632
3085
2784
4459
1407
16296
8828
4102
12861
15102
7578
2714
2504
14128
5038
14749
9996
4716
11297
7046
3141
3576
8658
8021
6681
2977
13338
16017
15891
15406
3706
6797
7913
5964
13842
13782
13992
11157
7781
8626
14769
8360
15545
195
9786
3803
15895
14150
11466
7664
15569
14392
518
7882
12109
14768
5745
9018
13801
6543
3119
5433
4391
8695
8954
13283
6962
5435
10301
1212
5412
13202
12131
13922
11074
14485
516
13858
969
16253
744
3290
2382
13818
8111
7082
13529
2885
14751
449
2721
14433
4901
581
11636
707
6198
13511
9191
16093
8715
8239
1853
8265
3723
4046
15721
5917
5500
8716
2266
564
2034
11683
10355
1265
10386
12247
4404
2103
14849
5497
12788
1888
5429
13069
8980
8416
10055
6739
1062
14319
4614
13844
13555
11324
15467
720
6333
6872
5006
13715
10971
11775
4444
14348
9011
4707
7210
5904
4728
15654
4278
12448
7354
14060
6736
1044
13531
10111
15027
7394
2803
10284
8175
15769
13265
6220
101
15389
15798
10049
3199
11031
15282
15001
4685
14519
5459
5970
5470
8125
10843
624
3989
10389
12195
815
12827
12753
15826
6594
10754
12157
11838
4199
15470
6867
6908
11542
12646
975
14643
9026
13973
3768
10890
3295
6366
9593
2070
12385
16007
1303
15113
973
12210
11943
9554
900
9662
10391
11443
12613
1828
6214
13732
16247
10209
11549
14005
15850
9346
8096
1403
4678
470
4410
3885
1017
10365
8540
94
7380
12610
3270
8630
12836
11177
7669
11022
4421
10910
3575
14020
6924
3776
11829
14397
15453
2458
14462
9042
8247
4596
15203
11841
14153
5059
350
4988
12844
986
4198
12141
7831
198
666
12460
1174
10877
11618
7863
15799
2629
7780
8354
12368
6650
3951
12204
6400
15039
5219
9299
6023
15593
12160
11497
6840
10727
5022
4413
2116
6892
11658
2857
5953
8226
3742
7192
4147
12850
8515
14615
196
6550
12158
7546
535
13618
1969
6356
10783
8661
14211
68
5088
6638
3730
5583
7552
6449
5850
12352
6171
9019
147
15321
9575
788
13321
10424
8907
684
1191
6046
232
4296
11731
7060
15527
9484
15271
14677
14585
16248
2455
13236
15949
13968
6329
2506
11442
8820
9984
13866
14442
2316
4790
9103
5750
15219
13849
12824
11268
1450
13058
14388
3178
1325
15262
11064
12561
4812
3089
4669
3809
3335
1592
2011
6182
15900
2900
9855
4363
5492
8241
213
14882
5125
9529
734
13032
972
4234
11571
3476
2636
6526
7737
10469
1014
348
12846
7068
7944
11171
8097
2396
548
4145
12873
1145
9228
16269
4667
11380
14838
1387
10644
474
4493
7751
16067
11793
15302
8281
11752
2231
6791
2005
15999
3329
11593
5814
13103
9116
10771
12865
16120
11169
4004
15820
12119
5209
12979
1211
4125
15077
7330
8552
1822
13756
8393
12320
1569
5397
7231
6249
4322
15367
258
14067
15339
14363
13851
1939
4810
12233
16346
10835
6443
2929
7550
8068
4230
10733
7143
11905
4225
6430
7791
8906
5835
7575
15054
15153
11902
1725
1121
12265
15973
16066
11011
5277
14226
4962
12738
14270
12555
3094
3108
2151
6276
8634
8170
9711
8782
9729
4297
13861
13117
7315
13168
12058
2229
12250
11806
10000
12551
12511
6168
11555
8036
8105
1722
4533
15073
6588
13095
3548
15379
12832
9235
3716
15983
7922
9941
12890
15544
5838
3920
3777
15509
11879
12744
1825
5982
12412
8364
16163
610
12975
4452
6286
12023
5677
7230
351
6322
4393
15448
16058
14555
15376
12860
13285
4979
5432
10938
1101
2363
73
14055
10914
12228
3543
442
5234
2711
10101
14949
15905
13619
8527
6251
1812
10174
7115
8970
579
9817
1186
5046
570
5898
13388
6676
11607
998
838
9578
12084
12129
15882
12856
496
8107
1320
1572
2392
4301
12043
8017
14656
6433
9814
12715
9181
10671
12542
6499
6911
12817
13860
11276
8628
9243
7388
8203
6645
5588
10314
9210
7409
7803
4227
16202
12881
3507
9747
13918
7246
11119
16137
13062
8989
4139
7800
844
3487
1916
787
13189
3301
12917
4559
14309
8672
15885
4997
10194
1573
3311
7722
10635
9215
1877
2982
6583
12339
7241
279
7463
3882
12147
5843
2570
857
5167
12757
553
13940
6255
1970
16347
14633
14999
10439
6572
11063
3597
3637
15717
5009
842
12727
2538
12822
10063
701
10824
12016
4135
10990
4950
12030
13120
15932
3247
9163
16151
10065
5399
5710
848
15074
15049
7371
960
2067
2729
14287
13035
5649
458
2994
2060
1103
13700
16212
2057
725
3067
11541
9071
2362
39
6950
2541
9633
6467
9415
12086
11562
15468
5574
11732
2110
319
6713
7865
13081
976
1709
7524
6711
15691
13450
11776
8249
1137
7433
10376
15914
12364
14852
9186
9323
11698
15343
11176
4781
3605
16088
15632
16032
7536
10661
4551
12500
4575
7080
1912
11352
12316
14698
14083
13106
6459
11591
2923
13322
10324
8133
6076
7434
16141
4468
7973
2908
6254
4914
8913
1161
3070
10361
6625
10244
4554
858
7160
15318
14472
6559
12991
4224
11962
5347
696
11107
5415
1127
12961
15700
2534
5451
3032
2496
13290
15591
8904
7383
13809
14071
4989
13909
2135
1728
7196
3381
9459
15782
6408
9794
14350
456
13613
5733
3299
4258
14265
7557
9657
8902
2404
4381
4816
703
7095
13500
2342
10583
9619
12346
6378
2325
7558
4785
4919
5765
2150
6996
1473
813
5945
13854
5383
11242
8707
15162
9326
4945
819
3287
4408
3193
4242
12004
1206
3616
654
5845
14023
15559
7161
14701
13556
6342
704
15025
3149
8627
4689
4611
4932
14314
244
3419
1059
13650
11746
538
14572
6529
7745
421
847
7749
7379
12739
6879
206
5939
13119
7235
4874
83
13309
14212
11595
415
8587
7044
16278
3240
16341
4279
5052
12310
1800
3217
14103
13357
9871
14421
12807
11557
6460
5913
12026
9828
11073
6865
11678
2849
10537
2444
10581
8747
16156
9990
2987
14064
1187
1670
15671
7410
934
3053
1413
11992
1333
15338
15814
6078
137
14646
12379
12771
30
12940
11113
5176
15838
14077
7265
10185
11468
5440
15081
15928
5329
7444
9029
5719
1765
14495
10760
9316
3787
8539
3007
6648
14384
5034
6359
6761
85
15522
16209
4299
9395
3425
97
8530
14992
9138
2310
9147
6699
5690
13703
13208
13784
10485
7279
15976
9392
12636
7110
6055
9767
12278
825
12326
1960
8292
14028
9259
9258
12916
12097
8740
4250
10164
13013
1686
6306
5903
10230
1860
15595
8776
8213
10162
11488
8154
2508
15033
11532
10977
11997
5116
13296
6339
2910
5906
4834
3978
5972
10249
11814
617
3650
10612
15823
13875
2374
9563
11780
10748
10590
6035
15589
6498
2781
762
72
15968
11269
2397
14361
15530
217
15364
3515
8347
10670
3198
15988
7723
12630
12641
3021
1915
3824
7049
2078
11133
14528
4026
11782
9175
13468
12545
8218
36
9023
4589
14451
4749
13582
3356
16193
12572
10229
9115
6943
12142
2207
5933
12694
2688
8982
1691
11602
6256
12928
10414
14827
5045
14257
9171
7320
5607
7612
6469
12061
11692
5242
2126
14017
6279
15
5844
7509
9864
13540
16305
12658
6010
7093
6854
10499
8841
7285
4514
630
6319
5568
10116
14929
16196
7619
4130
6386
16381
16061
12823
3028
3622
11798
14539
11496
15780
10641
3568
1343
502
15327
5173
14670
93
6990
11502
4206
6118
14753
327
13863
13009
7155
15210
2063
9738
15817
12370
4739
1832
11162
14395
14063
2100
1009
15080
9961
3211
337
3390
13750
13625
4114
11577
13813
1152
13227
15555
9644
4612
12814
14586
7985
11047
7962
551
2415
7257
13777
16146
4622
3913
11264
8696
3188
3498
8625
12924
13979
689
6622
10527
4076
16041
14129
16219
9304
13170
12490
5780
3686
11400
8240
16287
9433
7445
5216
10808
15028
6898
15423
11033
6605
6022
14805
11687
262
6816
6839
4652
13644
9059
7268
5121
15848
14625
10127
4507
13215
7777
13634
6185
1684
6568
15192
10589
12110
9773
14811
10802
7039
11569
14201
8199
9288
7902
10453
5488
16214
8784
13148
971
15430
15755
1138
15362
7392
8953
2723
16268
9220
3277
4341
4879
7022
10501
5509
3172
6975
4792
7767
5910
15059
9212
452
14339
8280
4329
8492
5109
5539
1811
8976
11056
6346
16350
5149
3039
15849
11424
11178
41
14002
7591
2394
1087
3635
4542
5609
13428
8853
12548
9541
1671
5129
2401
737
16330
15396
3009
8095
8921
6770
10634
512
12672
12342
10374
13052
12418
16239
8616
12481
2046
4584
1409
1597
82
6544
15496
14850
7158
14594
11492
15837
2279
7271
2561
9033
4662
14479
11534
13387
16282
14961
5318
15730
3420
7647
6743
4509
515
7170
8513
13139
7195
15898
13758
218
9457
6971
8864
14675
13496
1018
15334
6764
14666
10197
6845
7061
5250
5730
11465
14438
4388
2886
6470
15785
14513
6783
9248
4946
14634
10495
9410
4504
9664
15845
11025
13539
15040
12731
12958
4746
5008
10494
2486
1803
12070
16197
8689
326
770
13008
10780
5021
1431
5834
58
10840
10255
5065
12285
11894
716
9335
13213
1963
2993
3514
12736
690
4579
12253
16251
2574
1986
11009
5455
10151
6128
8479
11897
13440
9173
8463
5520
1530
9929
7739
13933
7348
141
3144
332
9141
12168
15727
2830
6111
10941
9104
8501
12862
14859
6723
11704
14998
2739
5914
9106
15483
9456
13330
10574
5820
14247
13480
2056
16264
5862
11904
10061
3890
8031
10522
12716
919
13867
15359
10743
13720
7783
10979
3008
6427
1007
11559
13736
5805
14245
1708
15558
1245
13174
10920
3271
5211
9622
12389
5111
14466
726
3493
6725
853
77
12960
3669
1117
4846
15355
12509
12772
12
5971
12447
9557
12574
6523
9174
14858
7598
10822
7580
9101
14731
7026
13158
11967
5594
12212
2922
1774
15268
11420
15989
14787
9073
5528
8458
8905
15294
13196
360
6222
10444
12708
955
13343
11688
9856
9629
9508
11476
11554
13423
2569
10514
9122
8257
15207
5313
13605
4083
1989
5014
2501
11416
16098
1659
5081
758
9935
14115
14402
5053
13569
2523
10130
14470
13086
12088
606
3002
10142
10198
12939
8437
8595
12462
7426
14039
8652
10768
10080
6451
3740
2927
1567
10227
9915
14090
4975
850
12347
2751
9461
1994
12474
601
3045
14367
13029
14540
8420
7693
15923
8422
7891
14679
10917
3237
16095
14382
8252
4640
2890
14816
418
12718
3482
5394
7193
5145
2813
13241
11847
13045
142
1396
14702
4337
10767
8858
15237
6219
16125
11049
14795
1619
13028
1222
12391
6829
8444
6379
1351
14429
5426
7847
6664
13721
11726
2212
1748
9496
7838
14981
10038
3397
12277
12138
8895
2978
11093
6556
5812
8051
4054
12874
13642
9402
15140
5792
10615
9536
4666
8865
2205
4034
13546
10480
8059
2125
6280
12537
5253
5569
15412
2512
10575
622
14210
8384
6044
9439
7351
14427
1704
9441
13152
8957
10247
8645
5317
14430
13300
16097
16230
6647
597
12734
1425
15274
15697
3962
8456
15142
236
6282
12219
13396
12876
11643
7483
14984
3350
8349
6623
13140
5592
12589
1238
4289
48
16326
2391
1681
295
15715
7255
6298
5180
1278
8495
9684
13111
6479
4761
12590
14420
5367
6384
3606
615
12363
9130
16013
8972
13372
513
8559
12725
8142
11817
2788
14976
15892
7063
953
6800
6173
11265
1907
6579
6278
11453
7347
5541
6077
6509
1465
6786
6844
5548
6032
7342
13047
10107
5821
3375
1019
14865
5402
12543
16022
4935
1074
12388
13415
11852
9848
3808
7608
14997
10311
3023
540
11284
1341
15513
86
2025
11299
4464
4346
6960
6404
6293
16331
14112
12184
11848
8358
9623
1272
3793
5212
12259
4104
4014
12571
7443
7421
8578
9585
7615
5883
15057
766
166
11486
2236
1601
14796
12990
3374
14159
10114
5172
1220
7940
14230
2423
6391
8827
1241
12721
16158
6667
6039
7430
16353
6257
9230
6484
310
16106
10918
9066
10155
1084
1793
6031
13530
5854
15304
15044
2441
10405
5595
3948
13626
12266
15063
3184
2773
2754
2255
10005
3744
5137
3206
11736
12663
8611
16342
10887
5244
4379
10657
14391
11419
7797
12432
1020
3729
11308
15382
5011
15791
6122
13579
4126
554
15630
13952
10075
12747
11429
1262
10777
13461
12948
12740
14338
2810
3484
14474
5303
9699
7208
16306
14260
7492
14326
947
14876
11491
5968
13375
10224
9899
1672
15667
7136
8752
8710
2367
8624
14673
918
10018
16262
11260
8593
9207
14092
10668
12286
1831
8401
7381
1666
3607
4240
7297
2526
9555
5578
7792
4706
4075
16291
13722
5825
5296
7378
749
3905
8306
2298
5565
4970
709
4112
16316
13038
939
4877
12049
13249
5755
6794
9772
2472
6411
8034
5360
11312
16080
12293
14246
15264
8202
6175
14104
4326
9271
7545
3986
2833
3562
5676
11739
8605
15581
12207
8353
12121
8293
5467
6994
12666
15194
9507
12005
15623
1046
15287
929
6341
3062
10160
4711
15460
10032
4993
5228
11197
9609
8246
10559
7906
4370
8316
13173
7916
2607
10379
2616
2106
14946
241
16094
6441
2143
2782
8094
12563
11413
808
14487
7665
11246
2090
10512
718
11599
15487
4651
3634
2213
4356
15331
12422
3318
13288
14996
4566
6951
3732
13696
14243
7338
15286
234
14873
12614
1501
9782
5128
600
9185
12918
1548
12229
9418
2398
9634
2059
10491
5570
14575
7703
10884
11450
11002
10411
8964
2381
15260
9579
9368
9801
2601
8441
286
4764
5182
8771
3438
14530
12559
7519
9061
2649
12624
7627
14738
8849
889
10934
13436
14405
3495
14709
9473
8939
7898
11634
4267
8311
14942
6149
15996
10563
11927
5168
5763
14329
8506
6091
15963
1568
16147
5248
13370
9198
3509
14283
15861
9567
11180
16070
7490
13897
6061
5718
14396
7321
2340
8157
14261
10339
4375
8623
2641
14170
8207
2040
774
2528
9359
8514
11321
14493
14727
12111
9201
2346
4473
13610
11495
15676
1897
7896
7640
6334
6524
12224
7561
11156
4270
2029
10309
165
15212
8320
10948
7219
11605
6570
11204
14583
15019
15497
12680
16114
16334
7610
11302
14418
4721
2230
13376
12434
15289
13186
1841
3187
13091
12765
9502
13226
2497
10297
13989
5332
13352
9356
4561
3644
10963
13112
6294
11135
3613
1143
958
4748
15489
16321
9045
3931
10937
3316
6066
621
5996
12079
13672
10036
13287
1142
3995
10544
7418
6303
6232
7864
11213
1647
14861
12608
11993
3754
3433
3623
3847
5496
5079
4260
13041
8538
290
6552
1040
15444
1777
13394
10541
10037
7773
912
4956
14987
5818
3790
4229
11115
5251
414
11637
12287
5087
4124
7691
16242
13143
14671
9021
1544
14239
1918
4765
14967
12194
13007
8012
15901
10337
6541
5015
12818
4137
10967
11920
7276
5208
4502
13660
11795
14386
8230
3738
14252
5679
11536
8662
648
7919
9162
16314
963
8468
9268
11919
2763
7498
10349
2161
14165
4856
6658
13761
8417
6181
15663
1703
14883
15440
8878
11958
4920
3541
15648
11024
16345
5437
14506
429
2033
5872
13304
199
6375
4776
12302
11205
8682
5108
13567
3415
10841
10862
7716
856
15716
7293
7949
10842
5604
2588
12366
12944
8725
12439
11048
3621
9937
8753
13828
2700
7785
1535
13891
13253
3830
14565
2352
14562
13473
7816
5442
8575
12892
8706
4019
7555
12255
4294
10991
1835
10048
10348
8560
5728
2742
12197
4350
2378
2203
13535
12332
8829
14956
4132
5591
9254
12093
3455
6612
14119
5473
14183
9078
12600
5636
8310
8130
7731
6636
15656
1923
6628
6837
9877
15743
15227
12867
11985
9878
8535
14190
2480
10047
14895
12935
2115
2022
107
7819
5711
2337
686
5232
1661
9308
7473
8412
7453
2157
13711
4321
9752
6420
1247
4290
15735
12566
13048
13501
14771
15298
10058
12092
7282
3131
8137
15815
10178
8719
3490
5236
9917
5096
3155
10124
13232
1336
2686
9398
3464
7650
11604
10580
10159
321
12983
1878
176
4162
10161
2951
8372
15839
12308
8871
6512
13340
8099
12365
2841
3935
1039
16270
5110
8260
12523
9118
11206
1653
11368
15393
152
13976
4574
14414
14602
13730
260
3806
12118
2139
873
4814
15594
7283
15180
1218
12492
11272
4247
3687
7954
5534
5449
7359
5230
12475
5328
3332
12198
15607
9283
2992
14050
7345
3719
5294
14123
13923
14718
9327
5882
4372
5249
7763
1377
9546
3057
565
12724
8345
1580
1414
15792
1874
11908
7514
6890
7191
10805
2769
14706
12567
6999
4215
7752
3169
10913
15802
5428
2998
8342
11103
1924
7340
2696
10766
2894
2973
2217
11576
13987
7033
15225
10353
14789
2066
8519
12361
14857
8198
9393
9866
14803
4291
6084
10750
10442
1485
8287
10724
7994
3818
14490
7836
4248
5852
1635
9843
11366
4448
5680
4699
8761
4677
2676
2227
4582
1889
8138
9231
15011
2657
13685
10170
7589
14120
15514
2360
281
10299
16181
10870
2668
40
7784
16089
2048
1664
1767
15829
11685
3976
12541
13204
14559
3076
9757
9160
7088
5392
6448
14590
4159
10975
454
11529
8196
14988
15779
5227
12819
4967
7889
4766
1049
13783
3030
2306
6702
9362
6147
15843
3639
15400
1775
1665
14074
3856
6184
1921
4688
4045
5235
6090
8392
10019
13628
2568
16229
14186
5673
11412
11446
9976
13857
5764
4638
4835
5062
8724
8570
14901
5094
16382
2893
14821
859
11963
3470
6079
6125
14289
2520
3338
3214
10898
5373
8322
10879
10466
12748
13037
9277
15332
6759
11163
3359
9196
2201
13165
15095
8911
5551
6345
6520
9512
14465
10652
5351
10526
10614
5778
11418
150
6940
11691
9812
9091
4890
6082
8933
13762
13656
13044
9718
16104
9209
3969
5552
7931
2449
293
7329
2498
14921
4193
2986
13429
2791
1292
132
13484
4696
651
10228
6599
930
10215
15383
3534
15781
862
700
16081
3782
10090
10993
6156
9321
3752
14601
5090
9750
3254
10461
7881
1194
1168
5629
13016
7290
6927
2911
537
5983
2324
10976
14719
5559
1284
13326
7417
13804
7355
10726
1169
118
4695
2690
1938
4513
5767
3670
1203
1680
7644
5018
9986
893
9854
7301
9435
6127
3267
11939
6984
13538
3176
12458
2242
9113
7465
14708
8688
2297
5393
1602
13260
6768
2793
13306
11391
5083
3454
13974
5511
16336
4643
7142
14826
2272
15502
14303
9898
7504
9047
3970
591
5132
2145
14460
8675
9190
7051
12211
2206
3208
296
11868
5043
6777
9092
15299
14111
11215
8151
14966
11403
15954
2114
3282
4307
901
11340
16194
2102
1634
11373
14938
3294
6910
9419
10334
1846
15149
5650
7169
3358
13271
2262
4416
11166
9169
11015
14425
12041
8264
331
14689
1148
13151
3737
15226
11498
5689
12242
4628
10999
6828
468
10631
153
7058
9665
339
3775
7585
13724
13345
9621
13316
11976
4815
4703
9868
1690
12382
14877
10096
11706
14733
14219
1021
11068
885
740
8909
4922
14021
13573
11572
11099
8450
3439
14284
7402
16369
12033
16275
6453
11426
9885
1354
8373
9931
5911
6902
12045
6836
12709
14963
9840
6987
8795
4362
4414
15869
1910
5545
28
7618
4273
11055
1688
3862
10304
8282
10807
2164
1110
2237
14299
1639
3663
6151
4550
6097
5823
5930
7313
6731
15501
712
6926
1762
4899
10487
10070
11934
9547
5262
5950
8502
884
16297
10653
5788
1896
1503
12994
8453
13083
8870
2152
14637
12899
10832
14145
311
14251
7456
5846
3934
5660
6407
11482
9334
2338
15119
5941
683
9229
1892
16152
16051
16164
13806
15772
8946
5353
11639
4219
1172
4664
12322
6905
3405
7182
7322
7888
2565
14312
7778
8208
13682
372
15641
12035
11219
11669
669
6002
2487
3594
1663
7291
1324
1929
13585
3898
5376
1136
7314
4320
4086
4030
8305
14122
2861
6969
10749
14831
12565
9010
4670
5161
9478
10875
11721
4573
4308
338
1010
1008
5782
11161
11845
1868
4254
46
678
1003
4210
13374
16136
9088
3813
3658
6287
7419
12476
3780
9874
11938
631
12909
2622
7077
14847
4930
7676
13651
7460
9825
7796
5048
5344
14770
10662
13934
11728
11355
7859
5362
11339
864
12833
6401
14138
13561
1057
2050
2199
4898
4029
647
12037
14383
1741
12698
15213
3098
7399
5055
229
15908
4376
12314
15842
1957
12524
14269
2149
5007
16195
11686
9914
15991
3072
5352
5866
3517
4969
11531
15066
8308
4012
8614
3463
1883
880
8366
8667
14616
1518
14374
10569
5684
8974
11567
1315
5957
767
2899
9013
12373
7226
14360
1310
2797
7842
11565
7980
11925
9371
10265
4023
3448
10050
8774
12776
2581
2948
10872
13881
1702
14576
9292
15442
9873
3432
13279
10216
3105
15061
5990
2355
10851
652
10465
71
12934
9267
12677
16155
7220
15935
12241
7188
2513
5981
5605
10045
4813
1115
10752
8763
8843
2435
13228
674
10245
1732
8778
12028
8405
5656
10654
4675
15614
43
2838
8171
4490
11505
5255
14177
2892
2448
14365
3104
1966
3403
14945
680
1073
9176
5507
3829
5901
11508
8711
10878
9558
13614
14135
8431
7198
13348
2597
3225
9060
1798
1521
13612
11187
14623
12256
10952
7677
2061
371
5295
8078
15238
314
4366
13919
8091
2269
5801
4925
11948
5287
9311
5587
5374
15148
11256
11371
1207
7730
14554
3966
4305
4387
4926
13064
14379
10363
1130
5000
8236
3264
13242
1655
11867
9089
13734
6617
309
1656
2658
172
12251
7811
10110
7482
6515
8969
2315
11764
4300
7030
2505
11652
12519
498
3764
6237
8273
5771
843
962
8445
9632
902
1294
11346
4212
12107
8732
10476
11918
4691
13443
11096
2678
4658
6230
6240
11144
13397
10572
497
6876
3901
13712
10190
12965
15765
11198
13673
380
5284
13552
12443
10293
1124
11950
8448
3431
14642
12553
15368
6466
9449
10329
13528
3733
6548
11766
4277
2256
5563
7052
6108
6099
13602
9809
9811
12324
9396
8286
7742
13263
9070
9126
6211
13876
2602
664
3853
1959
906
16157
7915
12013
2148
3645
2416
2941
13589
2579
11546
8735
15018
367
7027
193
16272
9735
8532
6425
5674
1726
12267
10619
12662
5703
16339
12790
4947
8383
3388
2545
10347
14832
8081
2471
8043
5231
11828
6265
1107
14774
1270
2646
1997
1843
8551
191
7925
9805
8951
13957
10176
15990
15645
6218
2795
974
2210
2888
14728
4515
6075
2979
14994
527
11480
3331
1131
14927
16057
3952
5810
5298
888
2542
13438
2777
7849
13902
8959
6639
9766
16076
5199
2749
15888
6539
139
6914
11709
3353
12301
4113
14325
7436
14574
4917
5089
2669
13393
9587
10571
11584
7227
5410
14712
4160
9420
8582
14116
13075
13149
4902
1804
7977
6995
15369
8488
15377
8702
14458
3757
9355
5956
3570
6215
5331
9612
13217
14068
8046
13070
6012
12654
2847
673
1705
12295
10381
14259
2032
3788
11713
8317
3875
14846
12334
3197
12199
5619
8424
14258
5969
5278
11406
6504
10663
5732
753
12189
12603
3918
12604
6295
8077
5029
10715
1263
4825
7623
12868
2313
7015
5226
9647
12378
16145
7875
9788
6643
14278
1807
2447
8979
6678
15616
12825
4863
2855
1901
3906
13630
3586
14423
7654
5371
5868
8644
8423
451
10256
9276
8787
10136
2639
5723
7928
1595
6925
35
15687
8058
4205
4650
13778
11117
2503
5947
3120
1754
10672
7596
11663
3523
8541
12878
12971
3435
9777
4648
7712
6803
4263
11316
9146
10648
9628
860
15104
10551
8941
2722
1022
8419
2735
12420
14482
747
6223
14729
138
16048
8067
6274
12188
6948
3124
12794
15744
11865
9576
2308
16187
16274
6795
2518
12882
806
15994
8027
14144
12115
7861
16271
13547
9667
9894
5603
6489
7841
12244
1815
4991
16143
4545
14439
7952
1382
13900
14549
10375
9197
10208
8224
4239
1081
4541
4633
12879
16210
8477
15386
8977
7688
11191
6206
727
7038
4395
15303
15714
12408
6250
1426
4275
9953
10023
8671
11059
3016
5553
17
9522
10010
8085
7485
6349
3878
8132
4535
9550
13946
495
12886
13878
14058
1746
7992
7918
4442
15465
7029
730
10064
2459
653
5886
13023
9771
14741
1090
15214
11869
12651
1150
12615
506
1623
3511
11289
16367
2253
7628
14410
3846
12674
3987
7579
13110
4226
11234
4430
11836
10852
11824
8254
12562
14082
4524
16252
10278
3559
14985
4343
79
5932
11463
7215
6490
15879
12353
45
12706
13082
13179
13188
1012
7264
345
1543
4646
7106
6258
13024
5327
9779
8497
4831
11978
8808
11104
2559
9974
256
15143
13930
14486
12628
5271
4571
1866
11237
4663
5517
3800
9844
13491
3
6
15636
14521
1729
8536
2867
5546
10094
11257
12564
13950
16260
8487
14662
1024
12289
15709
3795
3503
15426
921
1575
7955
9920
5506
8955
10225
10459
16004
7037
14762
8573
2443
1678
3453
5921
10086
15563
8995
1778
1809
2792
1598
4434
14522
1515
2783
9246
2406
1446
7782
1167
4949
14412
9069
14517
3450
8023
15215
15719
13821
13596
9139
1076
6580
14185
4241
12528
15472
6907
5480
6263
676
15864
5806
2030
13513
16010
8123
16319
12752
11898
10336
12362
8156
4405
6666
15528
10432
12689
4918
697
14501
7477
4344
15536
12050
4523
14140
11036
2850
13099
2245
32
8608
933
7481
9417
3717
14578
7429
11682
14538
15975
12304
12640
10825
7240
4532
10705
15800
13001
15341
15824
3361
3982
2679
11835
5995
16116
13470
1622
5292
1060
8222
13254
15825
8814
1712
9523
15684
9733
4609
2087
11097
11729
5200
6337
2598
10013
1658
14957
9538
8469
2172
12857
8926
11844
1829
1296
10240
12829
14232
13517
10954
514
12634
4116
1887
12498
616
15520
10564
6621
10656
7548
10328
7653
11895
12213
1618
1785
2393
5268
16198
2369
7172
11094
5169
2492
10812
445
9810
14964
2628
406
11550
3584
3357
3778
15653
11937
12707
1893
1925
5380
15253
11979
14791
9559
9017
4090
5688
10076
5881
10323
9829
3937
11460
5738
2665
11470
15526
227
12582
12622
1974
9305
27
15474
14913
5555
10273
8261
12711
5616
6372
2466
4232
12294
14205
5002
4368
14909
12051
5675
14922
13431
15099
10473
13560
8011
6030
1013
12759
8896
9884
5092
2137
2595
3107
14436
10510
316
12926
13727
7173
16221
3902
13481
15034
13171
6939
2038
15247
11218
9749
14422
9007
15764
9589
9178
4406
2705
5305
8269
4059
9351
13938
2320
15204
6741
11390
9224
3501
10939
6600
6916
14113
16027
4319
13462
7218
3804
4963
7053
2167
946
110
16365
4833
15937
7661
1536
13399
7794
14059
2390
14887
3579
10079
9980
11581
173
8755
6919
9034
12647
12484
14031
14760
9658
6921
6285
2328
11217
14837
9006
4625
786
14995
2648
8315
4429
9032
534
6958
6205
2659
13910
623
13356
11744
5791
111
1738
7775
1937
16368
9488
5550
11194
4591
11146
9238
11440
7406
10997
3263
12792
12993
11028
12851
8660
15638
13003
308
7695
16121
11118
9109
4063
4080
3638
9062
3278
4361
5772
1733
3811
519
15312
12921
6646
2296
15079
11434
10799
1884
6457
10519
408
9452
1677
4340
5859
1973
12350
13129
7726
8181
14033
6778
4106
7287
7969
14923
13834
2018
4281
4934
13000
13301
8238
7016
10412
11323
1820
212
3396
6740
14364
15216
11081
16191
9574
9513
13474
12598
12826
6207
123
4770
866
4529
10317
8657
5031
7197
10927
7553
2640
8165
15955
7013
11694
9447
8378
3452
6531
1374
16054
10988
12243
2872
5490
2408
8062
3449
7544
3677
7254
529
8200
4136
8601
13765
15805
752
10165
12648
9213
4415
13353
12930
5077
1789
204
11404
8746
11122
12372
5422
8127
10741
13454
12667
1082
3551
15619
15650
13315
8155
12283
6476
13203
15706
13693
13392
7306
11131
15556
6340
2220
9674
16038
6514
3915
11945
10638
13211
11478
10043
2759
11457
7541
3044
15290
2728
6313
13426
3953
3765
9076
7238
13769
15248
7824
2870
14644
8807
14739
6801
4522
1113
15170
5023
7632
15401
357
12074
9975
16288
12778
1478
6288
15708
10419
15524
10994
9693
2868
5336
7746
10896
9543
11134
1932
16298
10440
10855
1034
8599
14162
14488
1180
1904
7010
6307
6634
335
16227
5849
5178
2693
12234
830
1590
15961
2096
16226
9606
15163
2017
13334
3054
887
6949
15398
899
9962
2627
14638
7956
2684
3666
15939
2968
12180
2117
2996
2252
15518
6212
9540
12149
1358
4793
13515
5224
15402
7572
2974
1757
9988
11754
12268
6243
9745
10394
12999
8
3866
9981
11248
1386
1397
9016
7975
11203
4882
1562
2132
5293
29
164
1063
10464
6236
7072
13701
11398
6730
5837
5683
11620
6380
11672
1651
7501
11473
1162
10684
8508
10425
2307
619
9154
8859
2638
9067
3827
7221
14525
10001
10956
15912
16173
2293
11479
3215
8101
11961
1599
14694
580
7040
15056
6369
10035
12780
13182
6170
15941
12884
14558
11831
6944
4700
2939
12417
10211
4167
10471
3185
2664
10335
10957
15109
11856
14954
2285
8440
5494
1456
3917
11659
14447
7168
16102
14807
15449
2726
16127
9423
15223
318
12980
15510
1438
5530
3446
523
1392
10549
3456
9551
4007
10933
7795
8693
2155
2168
12501
3066
13699
7799
12410
7997
11077
11896
15350
2916
2600
6590
14684
13050
12052
3079
3652
7710
10804
2845
1471
3675
11968
409
5028
7062
10269
6790
11761
7982
8754
14840
5746
13775
5766
927
4964
1494
3394
7899
4173
8217
6176
2878
1694
13545
7024
15904
14013
16074
10029
15151
13414
11320
15876
5907
14132
807
4838
49
3992
9553
14822
4744
10285
3370
7412
9842
9968
5596
4328
572
11956
12601
550
12963
14407
9973
1400
4470
9324
341
6392
14800
1689
10561
16299
5643
13665
4050
13499
710
2284
11285
775
7511
14918
6135
1001
1876
4971
1484
6710
5786
4283
9646
9991
1854
11499
2527
5813
1271
11060
5830
9727
4568
3855
15860
6042
13328
5056
3284
2082
16375
2750
11485
2368
9134
10765
8664
7729
303
13793
2187
9891
11871
457
15830
14358
14740
6806
10504
4006
6866
11703
8014
8110
15031
2835
13057
4544
15992
14935
614
4808
11351
11458
292
1534
13467
10978
8356
13767
7639
5113
2481
4990
12626
2026
8344
592
8465
7642
849
14315
3136
9561
12978
7989
3968
4698
2863
2632
363
10558
4760
13885
9925
1250
6095
800
15609
336
8336
2767
3137
12143
7702
12300
8731
254
9821
1254
3959
3956
4333
6535
9477
6585
13635
14065
6270
3773
5475
12082
15535
2055
9514
3266
11999
11588
7397
4324
9932
2672
8856
15252
6167
3364
7736
9293
313
13339
10031
8546
10973
8327
9001
11641
6435
9867
7262
6542
242
7760
911
8705
706
8253
10625
3907
2465
2650
11374
14166
6758
15655
6193
8817
3458
6318
14187
12127
12048
8395
13076
9333
4931
116
6162
4751
855
14242
7171
8531
4581
4887
11807
1814
12854
14295
1505
12839
7154
11067
4005
5922
15903
13463
9203
1459
746
8947
9025
10371
2047
4354
9827
10678
8285
8314
6631
13190
15525
6221
16033
1160
14781
1353
4316
14844
12583
15924
11230
6965
13486
13101
9262
13209
2291
2259
11266
9907
2823
7725
3360
14607
5977
3911
599
10893
7613
7636
10262
1801
13536
3753
15576
16111
3573
3183
6403
4013
7945
13191
11112
1002
14372
340
724
12554
11369
10909
10622
15259
10779
13717
1872
13497
2303
8352
15624
9776
8656
304
11054
14993
2267
5102
8083
186
5301
15408
11017
2983
14833
4187
7212
4355
7964
10415
7468
9372
6121
1840
4605
12191
9862
12800
4450
2832
6659
8115
10231
4487
6788
10640
7123
13925
6811
6383
14864
1824
4089
14630
827
569
11601
3110
9453
10008
1596
15580
2294
14782
3520
10702
7738
1170
5700
2725
9195
12512
1833
8726
7346
13916
9511
8229
14344
6271
2305
3926
13512
1
7148
10736
9725
10683
12235
3963
154
4062
14288
11298
507
3293
343
9053
13401
14587
14704
1977
13136
8646
6312
4033
7003
75
7451
4200
12957
4008
7551
12436
14390
13437
10180
2843
8406
14027
6825
13865
9085
607
5350
14683
7590
14650
15499
7535
11111
5345
8124
15734
950
10250
8948
10764
10553
13592
2819
13710
15759
11190
4456
6851
9678
15209
8931
4352
1947
5447
14094
3642
11734
7991
8788
9051
14965
8826
2197
3682
9748
3701
4774
3300
14317
7643
644
2681
9306
16053
6178
2343
8389
11893
3799
14087
13224
15141
15172
10357
7300
9472
13939
4027
593
76
4756
4553
5272
12510
15111
13341
11436
5207
226
4236
6225
14566
16343
11167
11066
2580
16129
15103
12686
7809
298
11876
8176
7840
8655
12925
11484
4912
5809
818
6968
2548
11296
233
7517
9645
9342
8149
2274
15517
8066
1384
15399
12784
13735
5148
13521
7277
6005
11223
2437
6087
7137
4734
6973
219
8341
4828
7707
12151
8330
9339
12671
628
1112
5047
2477
14417
3128
435
7754
4965
10004
15201
15291
6746
11834
7900
8983
2304
9272
3286
9954
14191
6684
14076
9837
2748
11330
10689
7091
613
3565
8840
499
646
3330
10713
14639
9148
7788
15877
7114
9806
8271
9216
376
14480
7252
490
10214
8670
11613
3207
2585
9404
14854
1784
349
5693
4109
5217
6850
12931
7605
12985
14584
5387
1267
1289
8803
12021
1998
13817
15690
6456
7317
7534
826
5468
3624
14907
12312
6326
269
15114
10175
1724
8942
11253
4705
7920
1266
9500
5974
6398
791
13790
9768
3474
6814
9723
6396
4885
13959
11138
805
12055
13289
1608
3600
3080
728
5875
214
9608
368
7129
1524
6546
6602
15506
3143
2332
8730
15189
5717
4334
7715
9790
14915
4133
13725
2216
3817
8326
5033
13433
7521
14492
9035
3567
11183
9330
2450
10587
3171
3291
4510
13154
15473
13200
1369
15245
6878
15548
14582
11319
16256
11644
11935
11915
9223
3690
10429
10732
13564
9310
10814
44
143
8783
1052
16283
1890
8975
14229
13317
4081
8388
9087
5561
13432
375
10729
10398
11383
14937
11327
2736
4897
4218
6748
16313
8211
8493
13646
10701
2088
10042
16344
16372
12611
14306
1779
11209
16006
12755
10515
15856
4053
9145
10366
15960
6210
11870
2165
549
11681
13789
10108
14629
15740
2651
14979
10992
6820
7878
983
4001
1542
4928
6861
935
1094
14743
6316
13256
4131
2531
13088
4528
4494
14640
1531
16144
5848
10479
4687
11900
14148
1146
10867
13590
12196
7957
11301
1900
2821
13336
12988
3731
6941
2976
2181
4143
7449
7622
8288
12306
4331
98
7559
12122
366
9642
9096
4384
13292
9744
8549
11983
1171
4981
9155
9099
852
5365
12319
11988
16079
3376
1500
9605
10567
1030
16335
4261
13797
6452
4484
14142
795
3747
14256
8961
11560
3549
1905
2211
1529
15064
1667
4843
11932
7335
9556
4043
12275
2003
15821
15776
14043
15068
247
15866
15625
8833
15345
6671
2533
4432
6235
7350
2270
6528
3139
15112
12516
8751
6065
8434
8216
9724
11150
282
2926
14253
1964
469
10776
9590
1332
15229
1047
13796
4602
6360
6507
980
10320
7416
627
13978
3116
4717
11580
14491
3486
8889
5388
13476
288
4105
243
11274
6406
804
4048
14906
3469
12340
3887
15646
394
8796
8562
11452
7357
12733
12864
14385
15631
13871
1252
2577
4686
6765
13402
3547
2184
7179
586
7309
1309
15857
2138
9501
3816
3802
15241
12311
11822
4718
1083
5727
823
8566
14971
7946
1216
10681
1487
15695
11612
5254
6014
11679
13108
14537
8108
3212
7959
5118
10241
13641
731
8999
4720
4378
5668
1048
7529
16364
9401
9460
6003
8098
11240
12327
14235
8721
2373
8159
11040
7081
10550
8985
8835
5495
9360
6516
6148
15144
5773
7910
4795
15918
10395
11315
14035
15115
11275
7032
14940
13798
12187
6133
14658
9054
14571
2081
896
8321
12659
5190
489
925
15490
4306
8128
2873
2467
11152
3323
5702
8584
10599
11254
15352
9183
11310
531
8766
5751
3774
16211
6592
14991
4948
5342
984
8279
8898
4916
15429
15698
4349
11038
3296
6871
3840
9617
13794
2258
6538
15394
14131
8935
13709
1773
7071
4841
6967
10300
5501
3232
13609
3344
13802
1378
6842
9703
5427
7508
6920
8380
12472
12775
4172
8004
1626
7566
6835
13205
4604
15733
4371
9132
14369
2476
12797
16003
10675
9079
10044
8028
11021
7206
1551
8846
6708
2015
10458
8033
15573
4526
2756
2233
10
3248
13234
7547
14632
1899
397
12202
5899
16159
6626
5456
11322
4141
8748
10986
8178
14086
945
2618
10682
8607
5288
15146
3888
11128
13523
9380
13124
4436
10289
15356
14370
10873
16021
5713
11052
11855
9050
3949
8874
1016
10565
12403
15486
9531
4909
11159
6891
11667
4454
1190
1215
5445
2241
1233
926
6661
1391
2677
13459
16161
4973
1416
9758
9204
11379
15257
16091
15613
6553
8426
11778
6978
12429
5438
7004
3001
8332
1458
14441
3750
6429
4036
2170
9424
4047
1982
7970
2590
8174
817
13105
3025
6576
8834
5395
7489
8470
9999
14818
3745
526
3994
3536
3004
3784
2799
7066
4672
10829
672
4723
5170
4840
9677
14808
12068
5916
7976
10128
444
9105
4107
14155
10647
8245
12479
2981
15317
542
2344
2196
15966
10759
12078
4280
9466
5659
6382
12712
7577
13389
2737
13508
16318
1936
8612
8225
15354
10131
547
8016
12526
5140
6004
14354
10535
12660
12185
8355
15951
12956
432
5741
15471
9009
9858
13303
924
4293
8361
460
6389
1581
5013
5485
7401
16249
9732
4506
7584
10191
7495
2709
12463
15602
12208
1230
5627
15397
1269
2494
16029
14146
4396
14378
772
253
14455
3659
6847
16107
4875
3150
12449
6478
5443
12704
3314
4101
15003
16068
8855
3203
1674
12760
15984
15873
5510
5757
14181
13664
13310
1891
11435
157
8104
14080
9345
3916
768
12533
9958
4886
14748
3209
11727
12558
3942
6283
5237
3480
7261
4954
11987
10624
11361
6304
3031
67
11422
14213
136
63
14399
10950
14494
9454
13723
15010
14717
6947
4482
11772
3115
12150
13669
8113
13144
2997
12305
4822
829
13262
6262
10126
11139
511
5543
13118
8050
6630
2610
6063
14175
2399
11332
769
13425
2302
9690
10665
11510
1481
15926
9754
10613
10508
4474
15307
16240
9763
13066
6172
7505
2969
12872
13677
15803
7827
10687
4747
13307
362
11617
10831
283
5407
294
7214
10907
13568
13880
16075
14700
4085
4195
8209
16309
9208
6584
12955
4683
1436
2937
3526
3770
238
15953
8666
1769
10367
2674
12769
8284
6390
7533
15182
8992
1106
3056
15439
15404
1244
425
9294
2446
4197
557
447
11864
2277
5036
11837
4184
4217
6480
9602
12435
13040
3550
13744
5482
9939
13060
897
6124
15480
14477
5817
11812
13012
9382
3619
13233
8466
16293
5503
15133
13983
14207
10393
7835
9411
9783
16308
7425
9887
7938
4562
12394
10774
14393
3253
12995
14178
10280
713
5486
2334
9495
3152
10883
763
6224
16059
16086
12166
10387
15035
711
9270
6807
6397
16383
11931
4065
4002
8381
10864
15233
12034
15178
1181
3525
8337
7362
12638
9344
3694
6229
13452
7260
7871
13524
15139
10351
4438
377
4138
10902
12816
1749
15726
14101
4056
2510
9369
503
11098
9696
13212
13155
9408
12393
7520
6824
4169
3052
11770
14649
15660
4243
5181
6354
14304
11376
479
14452
6591
14047
6209
13483
9409
9792
4389
1509
5477
14032
2818
6955
3380
16332
13652
7183
13002
8505
13444
13853
14958
4820
12192
13755
6918
13379
16255
997
10359
12737
3798
15702
13633
5071
6192
12438
5781
12959
16333
12885
1366
6810
4871
4642
197
7932
3578
13291
979
2856
11044
15597
15029
13194
1645
11387
1962
4837
4548
14970
8005
5416
9714
14814
8333
2834
783
5912
14371
8374
6000
10308
13416
7031
1255
8938
15269
562
8818
4668
5487
6859
9944
4412
14690
3683
15943
3305
3598
15754
13185
3416
8141
12411
1257
6199
867
9971
10242
13826
3083
15725
5340
4953
16241
835
9938
10380
16110
2069
2785
6377
7028
1312
685
14914
10721
3418
8301
4192
8899
1927
9784
10769
2500
7
4754
13814
14507
2463
8821
14267
8006
15809
722
11110
8838
12907
2771
13719
15390
8779
1955
7869
8932
2485
7454
10177
16055
8561
4895
12128
7947
9257
5874
719
12455
765
6694
3317
10960
13410
4144
11657
3034
4894
5802
8300
7079
9140
9831
5186
14520
7166
7438
10894
15220
3366
15588
8369
10345
1318
1201
4203
3592
15126
7152
12942
11364
7656
7118
8760
10660
178
14508
16284
7757
2689
7420
4563
1842
10932
8620
1085
11954
4630
1587
5223
5796
15575
3047
11281
1609
7779
1453
1199
10157
2522
944
501
3222
4937
11699
103
771
6784
10620
1335
8918
3249
10210
5905
16169
12786
252
7854
12896
15046
12891
10607
994
16149
14019
7296
10828
2553
13382
9930
9942
10691
4286
11078
14174
3789
13015
5417
15165
5321
12977
14298
129
14589
15469
7633
1449
11318
14380
11827
100
5131
15308
5127
7917
14892
14810
15492
10809
6437
9626
7671
2666
5856
7043
15123
10478
8425
6964
13219
4641
13855
12313
11010
6818
9024
5573
5474
3843
739
892
11238
13903
6689
4255
7762
1967
6189
6059
12668
2904
16039
3424
13563
8700
6410
5366
13679
11800
13686
13667
3373
14341
4148
938
3868
9400
9421
5323
3836
9778
14544
661
15014
8650
10253
6894
9455
12072
4303
9822
8205
11818
1610
7853
11843
8908
12982
5662
13025
15479
3561
15962
9592
14454
7078
7461
1697
9977
10173
9084
15590
7005
8057
5067
16206
6058
3700
12216
13837
15783
6832
3413
7637
6446
11233
14524
9102
4740
10859
5869
12801
13763
3234
1679
9446
53
6577
7475
6906
14109
695
2177
7494
2469
1984
14699
15834
2764
12653
13489
5919
2146
3029
13611
8518
12230
10322
13862
5884
8934
14189
10327
10863
3859
8053
5479
6957
14657
15478
2422
7263
7055
5019
14926
9426
10905
12223
2741
2786
9244
6812
16207
3113
10072
7862
5799
14156
12795
6610
13603
10341
12358
5692
12325
10201
9383
12503
13926
7965
14194
5370
1328
7327
1306
1499
4477
9799
3000
7408
5740
14285
11959
12336
12655
15546
13355
12134
3158
4386
4367
6656
8799
6442
6640
8219
5606
7455
13221
6611
9922
239
11382
10456
1423
14456
10186
13395
738
5925
2089
13068
9142
7718
14545
8093
14752
3936
1445
6729
3337
14053
12754
14093
8386
1698
6350
10234
15065
4084
13621
1213
15372
13570
10704
5012
16073
3265
2699
11035
16254
6348
13982
12556
8777
15384
991
6874
5535
280
8476
4407
5060
13089
9090
3828
7968
13364
12008
11981
7998
11857
13838
4231
8844
10858
4693
1224
874
9370
14196
6763
3945
10059
16031
7651
7892
11251
5100
14756
13901
7312
10484
2491
15023
13846
1914
3735
7679
4353
6428
14117
9285
2426
14511
13999
13899
7532
13251
13071
782
3699
8003
15579
8836
1307
11598
11280
14025
2409
2042
11805
13787
181
1662
9307
12337
7660
3325
15094
1870
13367
561
584
659
1930
8618
3162
3860
1395
7761
14750
16034
4256
8708
15240
14453
989
702
12813
7493
15475
385
4174
10955
13637
7298
7741
10068
8576
10601
10474
2275
687
10352
11751
11762
3235
5431
10069
9489
8558
3146
14435
10688
620
13492
15915
1545
2064
14293
12423
10039
10518
2319
7090
13786
1411
16222
15197
10542
14713
658
1817
11129
8869
9624
8879
16218
5206
2223
8079
3779
11249
6267
187
13792
4347
532
11472
15677
15851
1192
10755
5929
3596
4374
4757
546
11964
13275
12163
10539
13073
11926
905
15972
15275
1611
5160
11493
5463
12906
13985
10103
11258
12976
11790
9361
9030
7377
5107
291
14018
15067
5222
14982
6041
14464
8797
10770
14264
9588
14011
2950
8991
13807
10881
6756
3003
4848
4998
1178
2335
8798
4743
10163
8543
7336
14069
8054
8583
6331
1847
5124
2606
12007
871
15085
8478
8564
3698
9367
3304
2175
16281
1408
11170
12170
6977
1439
12726
11633
3306
12087
3679
15174
16036
12997
956
11356
4745
11700
4724
2349
4077
12515
14302
13562
14804
2208
3091
4860
8534
1360
9910
1756
9317
2179
1300
2827
14366
2076
14608
10426
883
10757
4055
14322
2895
16285
10974
1467
16312
11212
11922
6571
9679
5547
10908
11627
8839
10261
4783
14504
12303
755
9107
3399
11185
1155
11966
10618
7937
6709
13466
5042
11385
3101
4615
4
15205
9524
6752
10636
9816
15682
1583
2613
12020
15185
14424
12599
4156
3696
1848
3539
11520
9503
2635
4817
15884
9955
840
3401
7996
8134
10886
12578
5518
9682
12292
6432
10796
13181
3078
1454
12809
9959
7576
6017
13222
12225
11136
10591
9225
13671
1006
2041
2961
5117
8449
12272
3988
5194
4862
16311
1429
13608
5642
11913
15747
6726
16056
2484
2130
6738
7116
8283
11342
7175
2473
7101
14778
2333
2914
5346
9098
14215
9527
2790
235
15385
2582
210
6966
2543
10716
5979
1794
9097
6793
8041
248
13908
7096
8473
4796
2372
8993
12701
8880
3785
1644
11839
200
15596
8791
5499
2068
7368
14664
6145
10268
1208
4629
2954
12027
7422
11158
2173
9905
8927
9296
3313
7939
10686
16025
14730
10892
7759
1950
1502
16352
4040
6613
11090
7872
1539
10483
6200
2239
3563
1277
16290
7057
9710
5469
11527
11660
8489
7740
11547
7789
7343
14900
2289
15763
8250
9236
3608
8717
16132
2702
1714
3844
14716
7966
422
5879
1359
4839
9534
1448
13773
15186
2386
14891
14440
5800
1349
1451
10383
14896
15407
1557
15166
11910
11561
15106
13960
9202
9924
11053
1229
5283
1444
14944
1205
6260
4583
8522
3656
95
12489
12425
14003
13632
6259
12691
11859
7138
14744
10837
1373
1687
6697
560
11279
15195
11432
751
12169
10206
2752
108
50
3228
3239
14610
4674
15488
1072
6945
13184
2972
9493
15323
4992
15482
5104
14051
8061
12972
12713
8163
9668
4511
4028
16213
10390
10511
105
4327
15445
8526
12398
15626
5602
12103
6089
9040
14535
3997
4497
4398
3585
14282
12745
7667
14469
8162
3560
8639
13953
4087
5715
11955
15021
6527
12056
16266
12802
13441
10718
10167
62
3831
3065
6566
10871
5330
7907
6253
4170
1758
10040
11646
11906
14411
7652
6450
10105
15326
13932
2592
14041
10272
1051
9199
11421
16002
6179
6056
2614
7108
12871
11860
477
6817
6399
6165
6900
11164
3226
10889
8596
5644
1902
15503
12943
2515
259
8433
12853
5187
13327
2053
12618
9068
13239
13704
3574
10089
2871
14779
6057
14580
15703
10067
402
1837
811
8683
801
13176
4603
5775
13780
10517
10507
9159
2383
11750
1630
5337
6991
7974
1823
9701
14898
13305
6019
2921
15211
12947
9875
5798
7233
8500
1100
14277
10015
7593
3748
6086
4365
3925
2428
7289
9919
1293
13534
12791
4578
14792
13746
15606
10850
15265
8045
1640
10810
4750
9463
10109
12821
6468
2384
245
7367
14286
907
4802
7790
14483
7018
8454
2946
7236
13600
9994
9676
1565
2903
13247
9074
14225
5334
8891
10560
7199
5915
12006
11483
6942
10315
8294
121
14266
13749
6444
11986
863
8089
8669
1383
9269
2990
3516
8516
13238
431
16307
3588
585
7086
3502
8436
12012
297
13132
12053
7540
1760
4152
2755
1210
3063
14300
10497
15986
10707
14157
7474
6670
11901
8750
1873
12577
13892
10081
14238
3147
1273
2716
13927
6961
12218
3428
13420
2104
5893
9509
8950
4016
10054
15612
7428
1422
1701
9
7972
10392
3068
6001
5201
5863
9298
6045
122
475
3771
15718
11515
757
15786
6471
886
1648
13377
2214
6275
14990
5493
3156
6036
15320
16108
2202
8602
12842
3554
15568
9706
12830
12803
11537
992
9222
7843
14815
14096
7042
9237
8923
5721
13297
6767
1253
589
15582
12357
7502
428
10697
12348
15688
6755
11123
14764
11545
2095
1023
15731
6335
13951
11610
6693
13493
7569
8914
12644
7830
10343
13772
6787
12239
6064
8967
5418
12414
11650
13125
6361
15664
12549
2812
9144
2630
12396
5590
5213
5758
4471
4330
7815
78
6858
5214
11362
7073
1652
16060
1931
15037
14917
14311
6454
8435
14448
3280
923
16018
14007
9037
2215
1041
3695
1297
12113
10923
7587
5032
15659
15739
14125
52
10482
2562
10792
14301
466
11155
1869
13781
7692
15883
211
8070
11714
9486
9390
15427
11165
4066
1624
13526
14496
12164
11211
11929
7448
13421
16005
12397
1852
374
3477
9853
8550
2180
5891
5185
2347
11006
2326
11088
14813
1882
7953
10728
10946
15261
1808
7332
7069
10944
13788
15428
7035
8556
16046
15157
3892
472
1122
982
9903
6376
14514
16363
16020
9753
6822
11622
16377
10254
2687
8365
1078
11127
1282
16134
5413
10217
8544
8100
9533
5267
16179
12774
6601
7874
521
16170
7886
8723
2883
12616
11556
12384
4600
10731
6246
13588
11252
6422
13993
567
4999
15435
3157
9373
11749
8824
6821
839
698
4216
13079
5335
10594
2107
461
14595
5988
3426
14029
8825
5484
5871
302
5450
8606
5824
8329
2779
1669
7097
9291
3362
12248
10226
9516
14737
6050
5095
9804
9950
4251
9949
15543
15319
4626
370
6595
8460
4884
3315
8507
13237
11228
4656
3423
8486
5086
3303
10156
15452
7176
6802
7048
7103
13411
1862
14624
11395
450
10372
7415
13506
26
2419
7002
6027
9591
2098
2667
15283
10606
9287
3611
14297
4869
11179
12413
15547
13522
6007
8485
13670
2708
2796
1864
7948
2859
10078
1718
42
3129
3351
2031
3382
6102
15357
13606
8409
5120
12002
6557
3903
3660
6201
11367
3820
11182
7487
2901
8984
11702
9046
8413
1175
4803
14014
2915
1000
1603
10207
8861
7216
10477
1434
1033
4122
13627
3835
8439
14088
2715
11359
1737
6760
13791
11307
11590
11973
14102
8981
13274
5404
4411
9036
11108
15128
4657
11933
10674
916
12908
11711
4070
4359
9985
13739
9715
2540
14605
7709
11085
14523
14342
10140
5739
13435
11544
11853
15463
5963
3096
9796
9517
5654
7364
12904
10402
4555
11882
10179
12220
545
12998
15239
6094
3837
9301
2865
15365
14797
4385
15816
2656
4873
1280
3895
13281
11661
225
1713
4491
3540
13490
13026
1941
5973
8088
3946
3443
12457
34
3400
12369
7025
11697
8462
5135
6006
11504
15137
1818
4268
15531
4447
1368
55
2327
2365
11923
3404
13453
15567
13655
2912
6575
8637
11695
3081
1179
5819
3972
4336
8191
11089
1077
4142
16201
3268
11474
13177
5991
8024
12969
5628
10488
10642
5044
112
13803
2299
10291
13839
2020
2509
1968
11030
12032
13167
6473
11705
4684
11365
1118
7595
168
15297
8978
6502
2250
14631
1673
4364
15380
8598
3082
4189
15757
9284
14357
14577
9329
11270
1511
5363
6716
675
5270
14879
3927
5724
8876
9580
7658
9863
3919
3801
7131
8086
15388
1258
3533
11267
13381
3924
8259
1751
1629
12496
6177
5793
6485
14912
16176
6707
9669
4220
7565
2535
7704
2254
9219
4401
7286
7616
681
5648
12416
6985
3074
13692
90
2775
6343
5508
2557
2013
6146
6436
2092
9125
7717
2377
6233
8758
10115
10463
15403
2356
5115
6513
4302
16250
1393
4431
11850
9845
2317
9851
8146
7903
16177
14398
8076
13966
6297
3167
14343
12987
14016
13747
12399
5076
1857
913
15692
11087
12387
525
2350
15808
9918
12869
15236
1780
4025
748
15617
6936
2913
6009
14828
3093
655
14373
5582
3392
11801
11137
16001
11996
6416
4276
9774
15053
15812
480
7163
13958
6518
10586
11792
12652
3022
6463
2817
11628
5554
15446
6852
16178
11965
7525
9179
8071
2576
4853
5663
5575
13455
4539
2770
3712
1430
5069
14705
5557
13510
3436
11386
8845
12664
5138
10906
968
3050
15374
7614
5359
15618
2475
3457
16045
4488
13868
10785
8571
13318
6439
8793
4525
943
9462
3783
13520
15032
4472
1158
9652
13681
2603
6776
6537
8569
10152
3492
416
3363
6309
2804
7135
2198
4778
5967
1065
779
14628
14000
13895
9256
1406
1637
131
7150
3219
5993
1802
2932
2942
16351
7670
7818
5955
2232
16279
14869
15689
15539
5016
5150
11214
11558
1029
10026
8990
3967
13617
990
4978
6830
15680
4616
12428
10935
9366
306
10676
3861
15322
7414
13864
9075
809
14570
4121
15009
9172
15644
7758
5225
1475
9610
5245
3841
13311
13419
670
9548
5319
7333
14346
14695
14139
6038
9956
11372
2001
8235
9525
12544
4708
5632
16
16175
13192
11654
8832
3491
11861
3674
12183
6351
5841
9595
3408
14163
1527
2772
2731
7805
14853
87
1479
361
13975
15272
2858
6123
12133
5299
7787
1361
3251
11357
188
12703
14387
4713
12517
7237
2575
3958
13575
2128
13175
6554
16361
15832
13494
3977
8258
10017
10020
7719
7883
15643
8227
6581
9056
5259
9681
14767
84
4546
12951
3279
1799
5986
15661
8511
8756
2364
15787
9904
13449
10430
9358
14592
14437
15310
13591
6071
15749
741
2453
9654
1790
14056
10788
7337
15002
5526
9286
9601
5931
7776
14830
391
6769
3275
5754
12534
2023
15052
13832
13924
15833
3451
2720
9780
10077
15075
11326
13195
7017
4996
14432
10433
13852
4039
11456
5661
427
2604
1614
12684
10146
5233
4094
4653
9967
4120
583
8642
5218
16083
12650
8792
14057
15746
2286
8144
14529
5896
6080
5384
1461
4313
12815
4508
1308
6620
4455
6522
10218
7224
16050
10462
15810
8179
10899
7912
14777
3981
5057
13097
5306
5491
6016
483
7372
625
1577
3186
4827
11377
11106
2626
10340
4140
1342
3389
7008
8231
10102
10719
15875
15583
6798
15642
15418
6245
803
2960
14404
11539
7901
3513
6047
2016
2780
4460
7281
13572
4823
3822
846
12073
15292
7600
1917
5701
7295
8065
12929
3640
7646
1965
9226
7122
1477
8177
3308
15967
1338
12217
13913
12328
7699
15916
6029
4752
2009
10189
14609
11079
7744
13409
12359
400
15349
324
11174
12642
15416
8665
6033
14881
8210
11777
4587
3126
11075
3610
12518
4564
8545
1763
6675
2652
13947
13138
7574
14124
1209
8008
6799
7302
13684
2884
6928
9481
7924
3051
15795
14668
9716
10303
7431
15710
5333
12355
5026
3685
7868
9705
15512
3289
8289
14783
1442
8663
16366
3460
7471
3088
5672
12098
9687
396
3238
4164
2400
8415
13398
6895
8590
356
6574
3442
13990
2556
14886
7391
4538
649
8139
6696
12296
13072
11349
1935
9464
3069
11347
12083
2621
954
13320
10082
11394
5238
10628
11407
5084
743
3367
6103
14899
2295
9694
5822
13259
8015
14905
14416
14835
9611
9505
12377
2746
10930
3794
14611
4119
12729
6974
533
10577
10135
13153
12569
14776
2134
3940
13250
31
15770
5855
8304
3478
12132
2516
15865
15017
15335
16231
1346
158
12595
10397
4598
15234
14969
4462
2489
3839
5927
4560
3014
8233
13896
1540
776
7274
4896
5325
15585
16182
11291
11514
4096
9569
14604
7023
4719
8810
2860
12702
5390
910
12783
5759
5687
6461
15456
3417
8678
3309
3872
171
8117
8185
13584
4100
12927
15280
11563
7213
5630
10246
8897
6409
16378
3395
1066
6190
205
8451
11414
5536
9761
5091
641
1537
11645
7373
13678
13981
15464
8140
10369
8397
9521
15705
6431
13870
8044
10693
13054
13812
5897
8494
13248
4585
6191
7528
7001
15549
3965
13100
3075
14134
6923
10129
8727
882
7243
11909
16245
7269
6954
13042
1362
2028
2002
756
2801
14073
3886
8169
3933
12309
16023
1035
1165
74
7727
778
12782
3552
4921
3322
12888
1693
4166
271
11091
4889
10057
15184
16204
4163
5322
6315
6582
1538
10052
16276
4134
1286
598
14622
15701
12290
6618
10664
1717
15828
3387
3714
15801
7361
9290
13056
7141
9300
6558
1566
11489
13391
14548
5961
277
14851
5202
12000
10853
2943
679
6020
14659
12100
11585
3106
2024
10968
13559
12859
5191
12114
5599
13457
4824
10536
957
15720
6772
6098
8712
2807
3930
6655
9934
2122
11735
8187
10148
15008
12596
14531
8631
1237
11292
14503
15156
11116
10659
15811
6917
6289
15523
6180
1533
7515
8651
4737
183
16373
14867
13977
11889
4665
9438
270
6227
11804
13312
11875
11196
3648
8622
1546
9082
2837
3703
9480
6873
25
8438
3590
7764
2166
10725
14654
15300
7951
14674
10384
13479
148
9119
8638
4942
16340
16208
7602
1805
4182
14809
3038
8399
13622
2086
1093
11455
11525
436
3797
15694
3165
5452
1219
4773
3880
16118
5623
11080
7560
10669
7440
9265
9211
13347
3743
16261
5948
8491
917
5560
16323
13598
536
6105
10024
14693
4758
8512
1304
8831
1365
8520
4351
5265
13264
7299
13687
2933
6679
12547
12804
2322
9893
792
7478
2014
4377
4769
7983
6213
14547
13039
14904
15732
15971
692
12246
12749
10413
1961
2330
3384
10778
11409
12344
6888
1745
10313
3466
6766
4457
563
268
12693
15105
6413
8452
3210
4259
12593
11903
11594
13565
3984
4500
4146
8242
11785
3230
1141
16140
3430
7389
13827
13586
6268
70
2778
1787
7386
15970
5762
1026
9337
7316
5752
10099
10761
3569
3627
4855
4211
11647
12936
13776
2043
15831
8603
6197
577
13948
14866
12723
5617
5686
15598
5505
11941
12831
12104
6273
16190
9838
7162
7411
8851
9849
13123
11241
5324
4049
7363
4800
5119
6883
7506
1140
2084
4697
7748
7564
11454
6143
4521
5147
13949
13986
10192
3259
2820
10576
1996
9957
2583
424
9253
15411
7914
9188
6364
7242
10922
11250
1944
9721
3246
14149
3721
16320
12003
9492
15668
2727
16349
13898
12591
11411
11783
10370
14812
15686
15267
8459
8867
15584
14030
7930
12057
2035
7682
388
15672
15560
8842
13836
2280
4801
10943
1516
6445
1488
13740
1615
6993
12808
7059
8232
12579
13116
7942
12932
7180
12415
10137
15392
2745
3857
8009
6475
11888
5989
10282
11757
4569
10041
401
3630
3702
4701
9303
6831
12750
1517
3256
12426
4974
14618
2953
8929
4915
215
7701
5229
5462
9892
4489
12130
6062
6853
3960
15944
15933
3689
9510
14355
8090
8379
16273
9221
13169
3557
13362
12015
5705
13446
4127
342
9429
10187
9888
2962
2935
9263
15361
13378
2240
346
898
2430
5263
13640
12200
6043
1452
14484
9584
13422
10532
2949
4298
15578
14773
11632
6715
9193
15088
15196
4058
5389
9468
3736
5714
12116
5341
5379
15529
7472
4496
10847
2222
1480
8873
5657
7711
10756
113
9083
8112
16359
2438
6115
1043
4190
596
6724
9077
5756
7663
2300
2655
6308
3312
8567
7979
7641
14871
12820
908
11101
6465
552
4961
10846
8475
15152
10566
9153
5577
14943
4732
13046
13488
305
10356
3741
12914
14732
14924
11313
8966
9698
940
11151
4419
13929
6203
7165
3544
11065
2869
4968
7187
10762
10401
8474
1099
3255
2147
3842
5281
2710
6561
5414
14801
8910
5171
10970
3414
1490
2521
1727
14182
2816
3058
13134
494
14951
11441
2811
7400
9022
3182
5785
14613
14450
16092
4153
2966
603
4024
6131
3298
10817
14617
6614
13980
5204
8769
9352
11608
10996
4204
6846
1126
6712
8375
5471
9572
6138
14234
5795
12690
13889
12773
8900
14489
9416
10149
8201
11471
16225
4851
14678
8643
15889
9620
3662
5017
7294
15600
13107
12683
5156
2413
2204
15363
15804
4893
11891
15485
8962
11061
13098
13576
11851
1069
6462
12938
14294
708
1844
5220
9683
6144
2185
6496
5540
5722
2589
12889
8915
2019
11989
1287
4155
6110
11677
12695
15005
2478
2964
12025
3191
8118
4123
12585
10651
10418
9111
544
9689
4952
11459
10119
392
7845
12351
11506
4715
3243
13941
7462
3870
7232
4647
5633
455
14173
8307
5063
1736
11433
13754
12766
11425
10772
387
13624
5867
11747
11020
4631
15766
9136
3258
8901
5260
13548
5828
14697
13768
1275
1109
7904
9649
7124
66
4794
868
2798
9232
7538
3955
6152
15083
10332
14290
10901
13683
1850
5959
3475
7384
7909
595
14006
7432
11570
4466
3999
15868
4594
11008
2248
11282
13043
8429
5425
16267
3437
9607
4995
13785
4095
13820
354
14262
9374
14641
1906
12269
1747
10845
635
5691
3858
5787
15938
11649
7352
1495
12767
2193
381
812
10030
11309
10609
4540
7507
5446
11566
12811
10753
1943
15666
16078
3326
8073
6495
11578
7860
14034
1909
12550
1782
6328
4483
12345
11507
6052
4445
12897
10364
135
3546
8922
1781
473
5626
3444
790
10298
128
2514
8822
2608
9063
11638
4958
11994
6929
12696
7848
15965
6302
192
9901
2169
13472
967
12639
12480
14596
6049
16337
203
5050
784
11263
3461
15533
7987
6506
10610
4690
9014
12155
3678
476
6937
11396
15316
12781
2314
10408
4836
10639
1978
5280
9573
11402
14066
9364
7620
263
15378
7447
7607
5725
5348
9357
8542
9043
6116
4927
3140
1607
9302
12173
9712
9625
10730
11759
7802
10942
9353
12067
5966
5403
802
13031
1313
1399
566
8074
7887
8148
9379
14557
1226
500
1865
5620
2539
1260
13161
8223
14725
12231
13142
9564
11305
7839
6497
14481
12514
412
7099
10022
558
8042
11121
13404
7604
11236
15534
5489
3213
393
8892
2551
5614
7369
7817
6332
5601
208
10009
4714
14362
3722
190
7253
13738
8952
2153
1933
14218
13383
1752
1838
3755
14154
10540
2127
1232
14934
626
7107
9673
2039
12335
4369
2898
9800
12395
246
8298
4768
12331
15608
3852
15071
5622
2091
5777
8069
15328
12841
11016
4868
6330
5273
15450
9709
2097
3111
2109
4960
12182
