11215
9619
5596
3295
16337
5770
570
858
11775
8512
3742
14437
4838
13900
1854
7403
996
10677
2256
5890
10994
1241
14603
6647
10501
16220
6445
9978
6142
15575
1878
13272
14114
3749
6153
5705
12226
4167
9268
15203
4555
7396
13207
1703
4136
976
10081
15215
1258
8152
8553
12260
12306
5226
8347
3215
1568
5711
14705
1542
16327
15941
13060
4210
10793
5710
3685
12992
8393
7146
14064
7794
4618
11659
11525
4399
281
5524
3127
6662
8444
2531
11044
12268
2310
9250
13593
8548
520
15732
12726
11371
3312
7853
6719
10423
11141
1704
11058
1982
8685
2972
8182
6246
951
14547
8805
3437
4691
5546
7709
12462
15422
3633
12834
8154
9383
7470
11975
11201
13715
5878
3593
7453
9466
11083
15738
12624
7494
10874
8419
2237
11017
14183
11650
14465
15311
5311
8713
5326
11647
14381
1855
9541
12159
2075
6614
8876
5604
3629
10597
13660
11321
2851
3922
1497
8477
5528
8396
5695
12887
5335
7027
7520
15066
11134
9949
13862
9645
9804
5390
9555
8781
4317
10540
11593
15292
12985
13937
15389
1163
14302
13362
8367
6211
5287
7153
11671
3643
1939
11796
5082
12944
14219
3653
223
14541
15582
59
79
15314
8667
3622
2740
3676
4044
14532
6405
4674
10917
11315
7362
7859
882
386
4225
2420
12997
10483
8700
8948
14328
3372
7495
7006
13398
5381
115
1946
8528
5872
12732
15451
9826
10541
16213
3233
8179
1930
7163
7874
7283
13564
2764
15689
11543
15527
10855
12016
12235
11726
8005
3
8508
3528
16113
10301
16098
3738
11743
2231
5398
6311
14615
3982
4577
7486
6594
15067
11929
82
10873
1281
3322
11876
4857
8967
15216
14644
11341
10688
8852
5605
13045
15160
7117
11613
15366
7511
2471
9131
1306
11401
9700
7135
8839
6691
3120
5160
681
14158
10729
15659
1045
5825
15258
1591
4491
9322
12532
4237
12882
3430
2748
1764
4813
4593
10313
3620
5677
8398
526
14263
2874
1050
10504
2992
7518
3243
2805
12885
8147
14314
15516
1594
10217
2160
8814
9794
5629
4458
4495
8181
1928
690
11599
9912
9677
12986
4330
3474
2159
6041
15982
672
505
14973
15248
8793
15777
16292
10973
330
10946
13083
6209
12840
14923
4937
14417
2349
8727
10730
13211
15520
3786
614
23
4874
4939
13532
15820
11206
9473
6004
11464
6658
8070
112
11718
13444
1176
3652
9157
13304
7969
12696
1416
8491
1784
962
6768
15731
7003
2293
366
14382
9958
6518
1974
15844
5301
3113
2779
9090
15967
13229
8646
316
14753
16071
289
15225
9000
15493
7621
11095
7180
7513
14440
2796
11419
10160
15840
9112
9160
14660
2585
9013
8356
12655
2571
9024
6019
6435
2374
10376
1567
56
8974
16345
26
13163
5130
14452
8836
8263
3945
9170
13385
4114
12366
11547
9115
1802
3360
5191
1525
9777
4588
15536
6597
2737
1868
10048
14279
10834
14772
12923
12111
7190
2683
11572
11527
2252
13061
6137
15933
7547
10033
8560
2302
15657
12608
9657
3411
9963
11870
10968
3661
4265
5691
10571
1845
4224
5920
7214
15156
4333
3383
315
4722
9267
1627
796
6945
9359
8136
11490
691
9735
2959
8021
10202
9333
13619
8110
12588
10279
1830
3204
12199
14292
3946
15442
4493
14003
3459
13636
770
16202
10938
11833
8189
3562
15101
13581
4238
3426
14531
9627
9987
12288
3702
14800
11678
5793
6242
6016
3670
12730
12731
922
6382
3355
14423
7433
7367
9341
4979
16043
6259
4351
10007
2520
9669
1884
6544
5714
13836
8256
8460
9297
1821
3479
6317
9476
15646
11865
15846
8407
5653
8455
4997
11760
6257
10964
6322
3921
7041
12076
2845
4714
1078
10634
9426
4118
7782
12413
11184
10047
7837
14133
13192
132
6838
11767
14770
14332
3472
2861
15014
6842
10853
242
8501
2388
4275
659
16074
3565
15171
1808
12618
10029
6357
15056
726
8867
9121
878
2719
13675
7356
7936
15876
1102
14622
897
8432
12702
10954
9675
4514
6478
13451
4287
1397
4802
15558
7032
4761
392
546
10166
4335
8011
1828
6821
14607
10741
10952
11293
2081
938
8025
5494
11339
15076
16106
10156
16287
2114
12994
699
6912
2389
2512
6860
15766
10532
15979
12721
1156
12715
2755
4050
2760
14671
13279
6331
8563
11195
10937
7745
2695
3672
3626
6524
10145
3650
5245
6841
7962
5382
5343
4672
8108
12417
11387
6396
2099
15807
6409
15397
11834
10718
10622
8691
5896
2270
14710
13107
53
4906
14127
1632
11366
8014
789
3939
14123
1236
9187
8884
14349
6791
2152
7363
11306
9192
14281
10614
11380
5921
15446
10475
1174
7802
3610
9972
5153
7412
11563
14895
9233
10430
5363
14995
2478
12073
16163
467
5968
9172
5913
6173
15092
14520
5600
7216
10181
3763
6279
7360
10857
14685
14001
3739
12406
1272
5606
7792
2219
4728
6230
2080
8214
12700
3354
2382
15367
3002
12475
2635
2100
8941
2853
5516
12894
13776
8451
15170
8306
8657
12489
3350
8909
4552
7944
16022
9462
6713
10980
1984
1152
10930
10819
14938
645
7768
2422
11241
2649
10921
2911
6232
5481
10515
12902
12582
2893
921
14875
14500
16285
12346
1937
14799
3056
16077
12775
8697
1687
8374
2672
12758
8008
11368
11412
14828
15201
13757
4344
10174
7198
1208
7697
14269
11719
6087
12372
3594
7941
15074
11319
15821
4092
5574
9270
16280
2331
9814
12049
13065
12522
10846
12197
13220
12875
4907
937
10167
14912
3792
5068
3649
3589
8549
15244
8754
3584
2025
11806
4056
6096
7059
4062
6780
1998
10005
16158
13775
1100
11551
15096
7076
9996
7349
720
14156
27
7034
10379
15672
10304
683
7333
7989
4085
13513
11388
1630
9946
12184
14081
8784
980
9957
12768
3183
3012
9123
15257
12303
2430
4355
5133
1576
4803
7005
2083
12644
8247
5321
14134
14118
7329
9658
4507
4459
15467
11851
14739
9919
1188
15716
5925
7248
12542
2318
11427
2963
10700
7046
2690
13920
1824
2271
3933
2069
12470
8397
7409
4213
12828
12440
1205
12690
7400
4081
13418
4887
9188
9981
14152
10624
368
16200
4783
5912
57
10947
13515
1225
3121
14662
1951
7290
4276
11301
12682
6380
12045
9598
16089
8847
10207
12233
1024
13024
7612
13810
15181
14434
5577
8930
9506
12311
4842
360
5364
309
4488
11908
15265
13164
1304
5760
12086
10872
5113
2038
4992
1674
9325
10235
8536
4862
4066
12179
13436
9816
13075
15597
15224
2261
4230
12360
3201
8107
10864
10755
12961
5434
16342
1349
5576
13552
13684
5940
1505
3035
3773
2941
15654
15650
9535
13408
3196
10943
7928
10806
14706
11945
15745
11008
1228
5043
8003
14095
5496
1886
847
9030
13020
4130
13046
2325
2052
12113
10748
10059
8420
1975
8118
7861
1521
15601
5425
3413
4127
14141
1407
1850
14460
11237
13404
11637
2767
9997
12095
8471
15465
9243
3684
11536
15624
314
6050
14558
10529
5393
1805
7206
11285
12170
6472
12128
4305
454
11279
13314
4820
2775
9392
11284
9611
10645
7803
8935
6700
11424
907
60
11638
10564
8848
5752
16137
11513
8594
6563
15577
3211
10155
712
12115
7254
10568
288
11350
12204
9529
12345
1055
14179
3822
2110
7851
9387
1221
3389
3381
9327
1652
7650
5529
851
16131
10321
6057
15492
3234
10495
14889
12261
4667
8799
4977
6481
2393
3578
5185
1669
6618
7341
10382
10616
4190
14981
149
11629
10394
12498
6761
14897
15497
6858
6399
5414
14365
10124
12639
4193
4194
9465
2868
8634
169
11826
15409
2601
4925
15633
16000
14853
5144
11254
4474
4791
11123
11574
1698
9054
2534
16065
13174
4721
12862
14116
8072
13907
12048
13255
14069
10749
5428
4990
4382
6105
15039
9092
15620
6513
14303
14250
771
4468
6381
1286
905
3119
13182
15289
9616
5049
3494
6531
684
2087
5538
246
10001
4699
3603
62
2419
9319
13133
7966
16162
1820
1977
9715
11778
11791
7202
4616
4072
14917
15027
4223
14463
15218
2558
16086
7079
7220
14055
5083
10671
9168
5740
12258
565
15782
10852
14377
2711
495
13089
2495
8430
10046
5644
4378
399
5086
12024
15636
14257
12800
2602
5763
2842
6273
12341
10884
12787
7444
13203
9520
5353
8825
5413
7505
772
13535
6292
12283
13644
15874
12762
13319
9554
9300
536
5841
3488
5172
9064
12315
4016
3564
4469
4765
4944
13670
11590
5514
15246
6360
12865
15322
8007
12041
744
5639
13834
5103
12560
4589
1512
985
1197
5117
6164
13069
11970
5026
4134
13246
6260
10831
13332
16159
8425
15278
9857
13576
14450
4985
15165
9104
8111
13859
10659
3359
2447
7119
10588
11800
228
4638
11453
4518
9151
2847
14913
15063
5551
4435
15826
913
6457
12428
8387
10152
6540
11924
4901
1307
15757
832
2345
5923
2640
12622
11406
7314
7651
9091
6562
15869
12900
10882
12108
5197
8299
14468
11087
15890
4274
5679
353
1483
16226
4760
9235
11259
12234
15699
9659
9065
16055
13964
7961
696
6432
11777
10328
5999
16366
8922
7902
9717
12452
9307
15995
637
11981
9194
4533
14241
6456
1136
2666
3106
1549
12984
14740
16123
14789
9945
7415
484
15947
15496
11904
2029
7916
11625
10856
1470
13121
8018
10135
13921
8647
5928
4158
6018
5545
10339
50
13210
8066
1498
10344
3433
16109
3761
10438
11927
58
7401
4965
3253
7760
13493
10758
15715
15279
1031
15478
7007
13604
896
191
4033
14747
12177
14537
12478
129
5832
11167
6108
8776
15852
2278
14568
11287
465
10111
16127
3863
5125
6319
5009
10170
4181
3007
4739
13607
2191
4174
15873
1309
4352
1565
8055
13331
2232
15194
7599
11758
1375
6673
8213
7564
4706
5411
3371
6811
13492
1817
6094
2873
9694
8731
5195
3713
6109
12750
11918
8838
7493
6154
8448
1524
8787
5651
11011
10324
13030
6981
8939
5108
12647
10325
807
1867
1243
11238
10221
261
870
14578
255
2948
2623
6610
8202
10311
8463
2376
4913
9050
8763
11007
12189
13227
15118
11042
8219
7113
7770
10343
7111
5344
13605
6347
5048
120
16168
12109
10800
7252
225
5331
3628
8027
5735
13886
12412
13302
12355
10809
5626
7184
10584
2267
9624
15951
2517
5244
14497
15477
3006
13254
4851
208
13800
10953
11827
7527
13213
990
15927
6982
5659
3315
5823
7130
1550
10841
2750
1466
5803
13076
2604
7498
1881
11809
9741
5732
1864
15959
14504
2741
8133
6971
1799
6413
4314
9861
13371
522
11913
7195
3859
11839
825
5332
1242
14388
11745
5355
582
8845
6418
7410
5324
7459
3016
15643
12686
3743
1131
9216
11978
15192
12448
8833
3591
525
7474
13230
6190
13289
16142
9872
6065
1774
13473
5946
7907
12497
16309
519
1238
3810
11965
6408
5474
568
2971
799
10738
6428
5764
5460
10798
2630
15943
4971
705
5578
15969
4542
7468
6426
11792
10291
8827
13038
8131
1233
5486
3827
11132
9791
9274
12294
14383
11033
5709
4682
1522
3318
7282
1478
282
6641
2627
9145
9745
8908
5565
6877
12757
10403
7047
2140
7072
15682
1092
14898
8562
9171
10083
8408
14249
821
8315
4361
7542
5180
6878
15538
1462
10829
15172
13499
358
14802
13724
15748
7559
5953
3523
11112
14407
15625
11510
3222
745
10146
4666
1436
3519
4504
14386
7556
286
3216
10298
16350
11529
14418
10250
5948
15129
13176
16231
231
12606
3514
13748
8217
15309
15949
5347
4391
7100
2691
2772
13918
7208
9822
9352
8372
12432
15286
4853
4623
13464
8148
3752
8030
12864
16091
6067
12691
9691
3104
11912
6299
15545
11145
4088
15249
49
15735
14151
15588
8918
14044
8554
12967
7101
3111
9181
4197
12848
2059
3336
7081
14447
2134
626
13101
14231
13402
9551
12058
1969
15372
9731
4418
11280
186
11075
11620
12981
7136
6136
8527
9445
9763
4285
2867
6986
14793
8245
5597
14964
10577
15804
10299
4398
8067
11581
12351
8761
10470
3936
4476
4794
15408
9729
8626
11938
2402
1970
7014
10826
8627
11949
11377
15418
2449
1473
12754
1139
11892
9491
14340
2162
6697
2030
13606
2054
2400
13085
8924
54
10661
7372
8966
11269
1516
7028
4517
3019
2807
9088
16097
4988
2085
11704
13281
11597
6179
14305
12687
13613
5510
10933
8813
6505
852
11996
2646
5762
564
1119
2222
10744
6747
6258
4273
3840
8669
10885
7304
2982
5969
8531
12625
3811
2643
6804
12964
12411
6867
10410
1569
5429
15371
12281
2254
13610
14431
1319
588
9719
471
8613
15453
2454
12310
11202
13264
2709
11591
9125
7525
8524
12889
439
8865
3800
8405
5475
7169
1889
13572
14971
2605
4380
5621
14656
11619
14601
14925
2076
7156
9864
3665
1813
9654
8332
12307
7773
8120
14476
14268
9011
15720
10589
6110
14600
1988
6494
11710
9021
10115
11645
3872
5024
3842
6722
5138
4343
11384
3550
7720
13727
8251
13129
4621
5842
8857
3139
2226
11984
4338
8268
12540
5090
15369
773
12455
13458
8292
1697
15647
11047
13510
5219
10237
2960
12386
12674
2397
7483
7783
6515
5915
4421
2513
16075
14885
13791
8875
6600
3856
3125
6801
15304
13184
8568
4357
1103
3666
10774
6943
3675
10716
9002
11345
4337
3425
13683
814
7112
662
4236
15664
10771
8608
10439
3890
13027
4522
5
11370
10988
12676
12314
7746
5170
3775
245
13741
14046
8758
6951
3793
2197
14364
1729
10789
2506
3740
4767
733
9581
6339
15591
187
1871
16171
7435
5154
3686
11663
14312
14286
15305
798
8686
8656
12670
12434
6659
11397
13754
4655
4325
5058
1240
7176
8530
6199
10681
3457
10274
1181
3887
1075
4509
8649
13844
9893
8539
2759
3265
6318
7338
9907
13737
12255
15463
15702
443
657
8128
13150
10035
12756
3391
8753
9449
1581
8178
10080
1625
7996
15786
6608
5247
14368
16184
12017
8388
9364
3555
12565
3726
2238
199
9412
1348
2154
12921
4626
7870
10534
14533
15609
10850
15217
7883
4503
9161
11312
13374
4841
11146
14135
7704
6001
6250
8602
13871
10374
6547
801
3540
15842
12767
10358
7876
15700
14900
2112
15283
7689
6336
6994
8097
10625
6324
9344
9080
14157
3000
15262
13067
1372
4444
3625
544
11902
9232
1851
11569
12592
6270
1313
15082
9647
14102
6425
2101
15394
2392
14321
6103
6102
2799
4654
7535
13555
14262
267
13001
14139
3344
2918
9371
2926
2180
12476
12139
13443
5498
11769
9540
14289
583
1533
1699
6156
4384
7906
12207
14482
7334
12558
15896
6630
7244
9269
1733
1347
715
10824
13301
15983
10272
16328
15893
14058
11466
7601
3078
12169
1229
1837
9497
3669
15989
196
2355
6043
4914
9239
10412
5258
8124
3511
9158
5181
1027
15443
2464
10939
396
6576
14242
794
12377
11400
4436
8954
12585
15308
7260
9310
3807
2290
10817
12940
1670
2833
2758
16030
162
12242
7143
11980
7094
9251
3449
10910
1085
13357
4891
15482
6847
16289
10123
1822
11636
10745
2003
2677
12954
4709
3080
10054
6451
15060
7469
1831
6627
8487
211
16093
14657
16084
5572
15073
11781
12323
15122
11150
4658
4420
7110
6008
12359
10878
171
15799
2718
8355
16031
6894
9966
13726
9688
12394
8002
7258
2900
10959
13897
13973
364
173
1648
6438
13348
2230
7337
10493
8515
6617
12019
9142
6940
11774
16235
1806
14665
2598
13991
4461
276
5380
4539
3756
16176
16057
3046
7811
2034
11578
1650
3470
16334
3867
2056
3071
7934
12563
3655
14733
3509
5887
10112
8009
12710
5031
16201
8705
746
3152
8415
2814
15888
9615
10201
4848
9394
13528
7126
12567
6648
1605
676
11322
9844
11752
1080
13575
10280
12502
5947
8699
6217
2183
10888
5151
15098
12418
4703
4771
457
2535
12999
12808
451
10897
10693
7232
7480
1393
11725
179
4835
15944
3577
11492
13372
12278
1467
3750
2165
15013
6276
14400
15238
9183
5333
5152
14333
13633
8846
7318
4986
12605
13790
4288
3825
15503
11311
13692
12190
5450
11346
1579
1437
6657
8978
1742
12292
1600
12247
3611
7693
8277
5467
183
339
13042
15528
1153
15739
4919
1722
7735
11208
12203
9182
13204
10444
11964
8552
9620
9472
14248
10053
7233
5111
8956
2675
2525
2702
11143
11789
230
3627
2098
13268
4989
3992
118
16333
1215
10066
3754
3223
14186
5873
5654
8534
6076
2443
11482
2391
2306
16301
8383
2922
587
3948
7857
6645
13002
2148
397
16273
2205
11451
10650
11573
3134
2634
5775
11703
2211
14978
14598
9711
10715
15836
13401
12344
997
3164
5433
1204
10692
15437
7089
11300
14443
12566
5367
8063
9563
15280
6510
7838
13209
9995
7013
6987
102
13243
9196
12955
8606
4231
14571
13594
5586
10036
12535
11916
11403
11157
9410
3415
14899
1532
3631
14680
16302
9678
10912
5624
4068
1374
13328
609
154
5312
13344
8972
5939
12290
13461
15522
737
3794
4529
7124
9071
9964
12832
6919
12336
8597
8816
12343
9469
2727
306
12920
1427
1486
15226
13983
689
830
12593
7830
6216
10451
14432
3760
5623
14826
1200
10025
3772
5989
15973
8869
10105
11666
15937
4670
8523
329
11472
7186
5517
9245
6869
12146
8931
4856
13350
14599
6803
7246
6964
15532
7678
1504
11114
4247
5880
3848
2213
11931
9236
15473
8004
7641
12025
13643
4462
4677
11212
6320
3202
1689
5140
7427
1121
10781
1079
11107
8013
272
11700
13519
9295
11957
11331
7428
13976
11600
6906
8417
9734
2970
11233
1278
9289
8450
5582
7780
10935
6491
12378
8812
3084
9278
11567
12907
7185
2055
7315
15940
4133
2797
7644
11369
631
16059
14421
2749
1788
9209
1490
6942
6605
11491
12899
7804
3806
13082
11500
1014
10434
16246
8241
5894
2569
7787
1429
4946
13796
13930
2548
11727
10400
3733
1631
13074
1624
10582
9547
9349
504
10967
14716
7504
9498
108
4904
7465
4272
5431
16206
4004
7464
6978
7990
5526
8461
6861
205
11411
302
14816
5671
16194
11535
6848
16092
6809
2917
6935
6516
12855
2662
10640
14709
7624
11247
6290
10184
8514
925
14953
15079
4441
7287
4332
12168
2079
16349
5951
1481
4912
15499
15208
14892
6340
5645
1392
2020
2348
12055
14336
3515
8665
8061
10485
15912
9265
12499
14718
11376
14201
1803
2655
13403
9242
10285
13971
11716
6897
1149
12229
13454
11443
13584
9255
1782
1965
13053
810
14942
437
6509
1647
9884
10802
11036
5891
13944
9607
13367
6552
15660
12569
11575
4922
3101
13232
11526
14189
5619
3673
111
2412
10259
11580
2045
4104
303
11275
15581
1023
6616
377
8399
4433
5408
13835
13242
2149
2416
15974
7456
13936
6893
15706
363
14639
12764
7278
13119
12376
13770
4263
11056
11951
13456
10034
10714
14020
13717
13539
3862
1082
16367
256
8229
6939
4117
7207
10476
8114
9759
2341
9681
8888
13985
10696
12642
8088
6731
579
3455
12838
12621
14113
11151
1909
11939
12835
5818
2909
6325
9369
13345
10213
7904
7877
8821
5040
13300
1269
15297
14527
15576
3557
11474
13659
7070
7661
7084
15960
8000
4196
14395
10936
717
12645
10893
10127
7900
4362
6545
7390
15758
400
518
4591
12939
5697
6642
12564
3015
14704
1618
13399
5631
6904
8572
6749
7733
11967
4308
12638
1801
10079
12487
4175
3568
3077
14873
10757
3766
4956
1464
4067
15972
5416
9480
6961
13611
7182
1128
15825
10602
6412
9103
2201
3431
2130
5966
8323
12952
13497
8504
9305
3836
5856
7929
5354
9589
12087
4982
11420
4994
16352
7022
5053
14398
2094
10122
14611
7211
6859
7145
14372
5828
2529
4928
13676
13480
11012
8995
8841
946
12544
1616
9708
13049
11088
12774
10004
9256
14673
274
4954
9226
14511
2407
8100
12039
1572
13366
2688
296
10209
6770
13425
7836
3978
4524
13369
9702
8679
10990
5797
8185
3705
7919
6715
12548
7825
8168
41
2109
15180
3464
15570
13902
9423
1920
1186
1441
3729
8357
9567
11456
4961
10058
12040
2618
14313
5439
8177
3244
10141
7570
3327
16210
5259
4485
634
16082
15977
2778
9749
9133
16094
203
11261
13365
670
12603
14338
16061
10876
12612
2795
11428
8325
15970
2809
4717
4585
6924
5548
4229
2579
7430
8987
168
8137
15725
15029
11168
1301
13007
2372
10737
15936
4387
8744
15631
8198
9484
6854
5635
13512
12485
14849
15174
9427
9446
14807
8194
1040
15537
3730
957
1477
3417
11333
10404
13420
10949
11807
13560
6080
12614
6131
8985
8733
15484
7673
13706
12733
14091
6606
12744
3293
3403
4569
11079
5137
6684
13602
6532
13534
10216
5918
15316
9093
8313
15711
3785
7424
11518
14868
14663
14939
15885
6787
11582
1663
11817
8735
15087
13587
14309
67
3251
1872
3995
15458
2819
6255
9757
13029
1076
16104
4687
14593
9351
9199
9501
15433
838
10579
5296
13747
11562
12468
8965
13913
5438
7219
3915
10719
431
10342
7157
14813
11863
2715
5047
12671
7161
6944
9886
3416
5641
14830
1042
6469
10314
4131
12857
8172
15494
433
7589
8654
10776
9755
7910
15095
8687
7881
3662
7568
15077
6497
6950
14979
2384
1335
10231
6055
2673
10297
12817
2000
11023
13813
2269
5252
12149
2573
5945
13529
2542
14844
12956
6501
567
2886
12802
12254
14684
5235
6134
14324
10020
15263
16211
103
10466
2385
11174
15189
13635
11686
10294
16155
1973
2405
3536
12384
6234
10911
10044
14194
5557
8622
10312
456
10963
5062
290
8936
6937
13537
5706
12995
14282
581
8203
2289
16056
3918
10833
2730
12333
6776
1006
3093
6353
11360
3393
10654
11200
13489
14919
5207
2731
9034
13778
16115
487
8225
12912
244
16233
11051
6581
7893
12753
14111
7818
13767
1185
2768
7235
4741
5046
6422
16322
16182
8635
4260
14023
10211
3317
12551
6437
7139
10907
12067
3869
6932
1636
10924
7731
11214
12928
5788
6066
15382
9549
1098
10545
6931
5193
15574
8156
6782
4316
13518
15003
9764
6158
12609
5286
15997
4478
15746
7848
9808
10656
8116
12580
9869
13136
1064
4171
15112
15424
3197
7668
12054
2104
12868
9552
537
1896
4836
11423
10675
5523
12143
7688
8220
11084
4639
3280
10603
13582
12604
652
11672
7722
2304
1320
15334
8267
761
9542
6948
6218
14908
9843
3206
13467
655
1022
7700
8831
3361
7831
8986
5647
8386
13359
7217
9227
4933
1047
9438
4911
6370
1162
1391
8423
14163
13056
10929
3207
7247
8024
13857
2553
438
7706
9525
11943
3808
5687
8933
3335
3570
279
10843
4700
9882
7321
10137
15281
11925
1804
3221
1833
11534
14947
15487
7767
9553
15602
1454
3866
10119
12198
2921
8883
11367
5105
1911
12571
7016
2441
15894
3169
4425
10284
1720
9664
15882
163
494
14896
2203
15678
1996
4984
13453
14741
7891
9224
586
13626
959
441
11766
15059
10803
5922
5469
3376
15486
14871
14379
15600
6542
11605
1046
403
15929
14837
3220
9029
1659
11853
15400
209
6827
9179
8729
8661
9346
14274
8314
592
9417
2505
2172
1931
11454
9679
7682
6123
15961
5473
10635
11477
7868
15629
10258
8633
8628
15264
9338
12145
8478
12846
16223
4688
1739
16087
10667
5319
6914
128
11735
15618
13730
13720
11923
9276
16296
9078
11631
4879
901
8682
554
4076
14519
12009
6823
11470
8907
14402
15260
6017
3214
11450
12568
855
9952
87
3445
6875
11180
7295
10559
355
14169
2265
2088
15569
145
9025
6044
10472
5607
11966
15111
141
9633
14010
14970
15653
12790
14768
7632
12717
14774
2692
10302
8276
14539
11188
8473
3530
5559
5278
15917
7168
9309
2041
880
6829
3305
11274
442
7728
8191
5726
9455
15339
8368
14922
15834
7104
860
4053
14529
16258
7610
15543
5060
16027
2253
1842
9781
868
13468
4385
7353
884
12132
6575
7407
3586
15613
7171
4889
13830
14276
10810
165
8653
11417
7786
16339
8480
3716
12270
4176
1685
6374
2700
4547
15055
10045
7147
10816
752
5579
15332
14573
15734
886
16269
8734
2486
803
3606
9587
8324
7965
14473
4897
8036
382
4497
15768
5407
9840
1308
1247
10163
2344
8458
9703
6585
3795
11915
8551
13032
5472
865
1218
2895
1404
13249
4749
11519
1597
10997
12240
4445
9855
11679
8737
14430
5738
7578
13405
9510
2850
13201
11299
11577
16215
10295
7067
5122
8879
15946
14203
16232
11286
2945
1992
15236
13938
4447
6068
5847
8301
10735
4187
10927
8226
10812
2473
6569
15919
2827
16338
13946
8547
12321
4413
6386
3599
5908
3320
3502
857
12776
14545
11426
9287
10214
8113
14907
8977
6337
5602
4865
16374
10782
9363
13066
7160
590
11753
126
14107
12369
2143
9887
13848
14291
574
2988
7954
7227
5727
6254
5986
4334
14748
1341
7946
15640
4184
13598
4903
6475
13716
3330
13817
6009
8062
4773
7103
5550
7148
12299
3693
13909
11587
14812
4915
8868
11560
133
8854
15914
1584
4656
12325
16212
3917
8339
13320
15480
5809
14153
4949
13068
5870
4083
13853
10736
14961
6941
14551
5844
2065
2931
16138
3261
3964
3439
1566
2466
11594
3892
9332
12129
5465
4477
1957
7330
14575
4307
9301
1726
10041
13842
11794
1500
1746
12597
7806
16019
6764
10162
9415
14254
5821
1460
9877
4696
5489
15243
1458
4637
9343
5637
10653
14149
11880
1935
3646
5454
12829
12051
1798
8129
8573
12598
6911
6862
14536
686
16242
4098
1008
1297
5214
14610
1502
12130
5810
15120
13556
7545
9109
4579
4496
11061
10350
11877
1655
8751
1207
9916
14320
9007
84
5508
10458
4825
16216
10902
15638
6615
11634
15615
562
3281
6305
14325
1277
7116
14524
1025
2295
15050
6035
4097
291
4366
10578
2369
14084
9716
4716
6266
9828
9914
4833
12003
11156
10944
14142
14567
7421
9806
13566
9623
14048
3908
3181
8416
14796
13527
13558
10365
6555
8040
2555
2521
4575
1557
1641
10110
16143
1561
7384
14311
11444
12381
14546
2986
11862
7350
2600
6520
5291
8624
45
10554
11133
15377
2167
5553
6779
11907
9419
13906
12100
10253
13779
12965
13342
4797
7958
3250
5779
1873
998
14074
804
3440
6639
5608
1213
8192
16172
14583
4993
7795
912
5165
1173
3306
11176
9283
1273
16378
3057
1493
12496
6202
3920
9543
4036
9132
2285
15396
16347
8321
2233
10500
11283
12610
10620
10623
13812
9429
12574
10263
653
5907
4125
6301
1770
14350
14093
8904
1737
3025
644
11295
11779
1316
13055
4041
1380
13134
5933
10617
11104
11213
7993
16191
406
4528
1323
2967
10823
10303
12158
13723
9835
9037
9698
4298
2855
4151
8465
8085
11568
10002
6966
1835
13856
4592
12194
7025
5780
6182
15692
13470
490
10425
1343
5436
818
4738
6557
11438
3987
11544
7230
14999
9180
1841
7502
8496
1196
4052
13152
8718
12870
14845
2904
1718
14619
853
9782
1216
9483
12280
12572
5493
10282
13708
12211
3066
10768
3264
13565
15444
8369
15849
14086
2614
257
6765
11383
5345
3358
7994
5500
15755
12641
6704
13377
11442
9114
7645
10518
15747
13139
15233
10346
15187
7289
8032
698
695
14888
3219
10845
2609
6580
4031
6680
2652
3110
11738
4257
4408
2453
3913
7298
3579
4536
11459
14477
10189
8538
4606
8808
12780
13434
4753
11086
15798
4475
5504
5488
11713
14467
1491
14820
2255
8616
12183
361
6224
11142
13033
14458
90
2549
10651
12065
2714
9799
14756
5598
7174
16153
9992
961
5854
591
1423
8443
2126
11239
9612
11576
3942
11936
11030
12518
8106
13925
1967
15857
16225
3075
9454
2721
19
11968
9234
7566
11183
13816
6714
11352
4630
6748
2705
8096
15271
3805
15549
14711
63
4875
3132
14063
15548
4605
4311
5156
11864
8361
15234
13180
16050
8127
4766
2857
2147
12367
2250
14363
6828
11861
14730
14609
1275
7769
2049
13837
8887
10986
555
7222
9061
3517
13982
3935
11102
12214
5119
94
11506
14797
4487
8585
14636
7799
6665
2342
4870
2010
9545
7922
11124
2328
4479
8741
8544
8287
6723
122
5230
1912
7826
11988
9217
9852
15956
13120
1151
9859
13339
5149
14543
4751
15713
16135
6356
1350
16038
2019
8505
10596
10322
12631
10228
6061
7550
4250
918
8373
15854
3146
8346
1882
10169
15061
10858
4182
6671
4448
13271
3897
10019
11768
5875
3613
5591
9096
15387
15179
9097
10610
842
4434
13189
4292
15040
6901
15880
2451
6406
6188
6521
7939
6248
4669
13672
6085
3313
7178
1338
13919
14554
6742
15239
13457
8273
6045
9732
9991
1664
4821
13214
13305
11349
11001
5755
2938
7485
15126
9726
8684
4868
620
2119
5879
3912
3045
3022
11523
11276
1199
8134
6341
4929
5782
2337
7873
3292
9838
9457
3270
8250
5876
6332
1506
11209
7667
6176
11431
13361
3960
14597
10903
1370
12509
2658
3168
15851
10538
5497
13957
4481
7075
12066
11661
1189
413
91
204
5837
14224
11093
16040
10555
3976
176
9727
6416
16044
1403
2216
1305
11714
14928
12057
7150
4401
14124
11607
1482
13705
2539
5871
5773
9809
8779
12959
7200
15321
460
9014
6753
1415
14825
5480
12711
11416
9796
3065
14664
5983
15485
13961
5769
16151
14075
9752
1717
13714
9441
11327
14120
9793
15905
1330
12013
2581
3544
5055
14243
11148
11699
6517
8142
5895
4607
9249
7189
12117
15250
556
2859
9618
1858
1421
10442
5893
12354
12308
15560
4377
12629
4047
10320
10093
385
7630
11934
16308
10246
1325
10636
3971
3310
9281
6101
6099
16119
1972
6786
2170
5938
9523
6215
577
8738
13411
12819
11496
11680
10435
6285
2736
4135
365
1426
12445
633
219
16268
1177
8077
13221
10609
11515
7267
1661
1829
3965
8488
685
2136
1385
15714
1293
2964
11110
8614
2949
13953
8651
14843
14966
7611
7729
15610
6071
2011
3362
8996
40
6511
12405
12845
11273
12869
3975
8474
10699
7551
11843
5081
4455
10535
11262
9853
1587
15231
13287
14165
13427
16266
1088
5748
9409
4511
13992
13596
15717
9367
8706
4253
3228
10861
8278
12541
8223
14424
3874
3435
1875
3682
7305
15069
11855
3082
13940
6856
10877
6111
14137
1026
8452
7713
15634
15053
15425
14701
16303
6820
714
13138
3721
2919
5595
15345
13738
13911
11674
13785
754
15413
2863
1539
608
13431
11974
13583
13343
4530
2444
8526
4259
9479
10989
4069
14122
2195
763
4790
4781
5648
11932
5223
9116
8378
4573
13161
797
11317
14428
6251
748
8747
4160
14814
4227
378
17
12327
10266
2771
7575
15765
943
9213
9396
15953
6623
8139
6890
5633
12822
4695
7015
11857
14494
3117
687
15161
13240
13381
1165
3174
15776
14125
15137
4890
14126
9303
15401
5426
9107
6442
14267
15457
5227
10631
3051
7165
10345
3405
2414
7758
5359
3068
16185
4684
14530
15992
8242
15206
2176
13760
802
7614
6797
9790
8890
12794
5358
15501
6566
7695
9288
3833
9361
10032
9888
6069
629
14067
7238
722
2784
15080
2046
2053
13481
4570
16070
13850
3135
14576
4177
15391
6882
15899
7009
8575
2557
10848
5991
14581
578
1339
3269
13437
3148
11999
2717
14540
8293
7478
14146
1010
1489
15652
13585
9562
694
775
15719
7503
13819
7541
8068
2659
1373
12820
4556
4321
15043
4871
6064
6407
3783
3587
643
14446
1598
6523
8012
16025
3429
7281
5066
9298
6352
759
8058
16103
1695
5954
11391
8522
1701
2801
11473
9833
4550
6379
12677
8042
1444
326
4964
815
3210
2108
15352
6703
8778
7099
1658
5456
7957
7093
11979
15046
6663
4368
9902
8071
8767
6613
12975
444
603
13698
1528
16348
15680
8641
14028
10420
3828
4109
3039
7209
7255
14699
9184
12084
7234
8044
16015
1013
8830
4005
8895
11223
15356
135
11342
15319
3370
3353
16147
14612
8079
10323
10193
15359
13962
1738
8962
7948
13761
16274
9550
1800
9450
11323
3727
15855
4203
7814
11122
1450
7821
7699
800
14640
8611
9198
5781
6643
2829
6038
6907
5126
2641
8663
5909
14461
3882
8275
6824
3621
1769
10248
8739
3506
12494
12769
3765
15621
7266
12765
2410
8880
2532
10808
4732
7416
1962
10039
16307
9903
707
12989
9430
12501
1839
8099
229
15614
2974
7862
6506
12559
2168
2526
1314
2913
15158
7737
14987
11392
12302
8017
13158
3824
6993
13000
9858
13280
14103
1936
6070
1724
6049
14769
11318
12484
15626
3984
1846
9099
507
1371
12202
5743
311
14686
14525
11498
15971
6223
11755
6328
10900
2173
524
12698
13094
402
5003
3660
14480
1159
7243
7393
954
10315
10977
404
207
10139
2047
3485
15097
3637
9329
8195
14991
9108
4673
15779
8402
6996
6746
7797
4775
4147
3031
476
14544
4608
641
1168
9154
3175
15448
1087
16247
11356
3642
2523
2686
6241
9228
6850
979
11860
15276
3700
6825
1094
12435
3492
2776
11711
16248
14330
15302
1074
10720
6429
13329
782
10629
9290
1938
14096
16
7997
15205
1791
12244
11566
5862
6345
5455
1381
15606
7164
5461
1310
3326
13624
15378
11960
14523
4863
4558
4226
14466
7351
4872
6178
2321
10091
1016
11635
10338
2902
813
5700
8927
840
7986
14486
16299
13557
13622
12042
14661
9385
15045
7835
15191
14495
477
9684
7669
10722
2084
4185
7197
13307
12481
13702
2706
15789
10797
9106
14863
4392
6783
12231
260
1749
13718
8772
11410
10521
8569
10190
11020
5294
7300
15616
6633
12587
14602
384
10028
3087
8001
7291
9969
1052
3567
15612
8034
11842
8866
1715
678
11016
7371
1263
11761
12044
12562
15110
1950
5843
12005
8580
12187
15630
2035
4940
4978
8565
5388
7701
929
7497
5238
2207
1035
13052
14566
9057
6355
14903
10672
13351
7454
12433
1980
3656
15386
9632
8495
1964
2460
10128
11995
3974
4614
13655
13751
3300
8632
12778
7800
12209
8913
4563
15867
9668
9247
7938
7523
2245
9744
12223
1409
13864
9538
5564
2754
10558
6698
1814
5754
1434
6991
4396
1344
8176
12186
6998
5289
13994
7626
7963
7685
16160
9433
7517
13657
9591
15504
3566
7719
8851
3476
4543
13600
15662
10406
2117
9377
10918
13198
13618
8789
16165
6619
8289
12723
12589
3343
6644
10969
11963
14833
13852
9424
6196
3699
9801
11
9119
12373
3616
15168
13147
12365
12416
12027
2395
14594
10765
10383
15088
381
1430
1355
3283
3664
3816
615
14453
3829
741
5814
11460
9584
6163
6121
5163
11694
10136
11695
13428
12853
3877
2622
10563
11190
7065
15964
4554
534
2981
16096
6490
5662
1548
931
15115
16146
6548
5302
9374
9503
7898
10792
2086
10327
2297
15349
15355
13236
4649
11024
831
14921
14117
10713
7062
15796
14416
13839
2524
8493
4093
6167
11386
10723
3187
310
15081
1929
2332
298
2679
478
3079
13165
3575
12510
2583
14342
15338
6462
14968
16294
13316
5900
7445
5850
12903
6934
6184
3857
8146
9028
16364
11282
2958
15034
3147
502
7627
13530
1488
7514
15312
15519
6359
6880
9599
12324
9072
197
9016
5555
4538
1942
4414
8642
8193
9336
13388
1900
3996
6632
8507
13433
1298
12729
13036
1020
9144
1671
1191
9041
4168
1642
3826
14857
15589
4967
12917
4037
3683
11469
3623
6424
9001
7218
6588
1360
3767
3991
3527
13805
3428
16035
3969
7398
13746
6371
1171
4675
14839
10038
14265
4165
11763
9285
1709
7515
2428
4402
10469
3678
2014
11658
15728
5269
7383
11347
7609
5786
8719
15153
15093
1340
4246
682
14509
11248
11504
9231
11856
4032
1266
13827
13725
8087
4935
3014
4248
13503
7414
1927
10426
11050
11585
9373
13814
8577
12514
11721
14755
448
8570
11069
11486
15488
795
7420
13015
13200
7286
12971
1170
4107
14713
541
3696
70
8707
2864
15476
9951
4726
7684
9020
7368
12933
372
14079
6595
6056
16003
7479
7087
844
4364
1115
8599
3788
10405
11006
6467
12134
8163
16177
1244
11034
10348
10290
13400
12486
1810
14940
1274
7404
5092
6484
11813
11378
5350
15099
88
9141
7638
6169
2198
5483
8391
6831
13603
12154
8925
8244
6051
3708
15287
9665
7945
1257
4916
7448
12763
4633
12515
12391
5617
12239
965
14556
4019
10702
3074
2166
9622
3680
6885
12552
7885
5375
8858
5675
595
12852
4711
14090
11414
7280
16250
10837
4070
7010
2568
5731
10587
15508
2288
76
14972
14902
10505
4189
14454
15204
11994
5190
2576
11439
5713
15546
12663
6988
86
2427
877
14030
12545
332
3368
12293
9682
4792
2907
2490
1419
15623
8260
1634
666
2670
1017
14595
14958
5338
9421
11871
6672
4953
4163
7142
3133
14782
7242
15303
8698
1818
6774
8453
15084
14623
7829
10281
13804
14829
11944
3571
15666
845
2206
8119
13616
14073
15128
13409
2699
4648
4840
11039
3180
341
0
12520
9643
1628
8533
453
4780
11959
14355
12175
4054
10710
6032
473
2836
3957
1386
11546
2533
9650
3053
2510
13432
1315
11602
3719
6546
9477
13330
13296
9101
9666
13567
14185
2294
13580
3408
12163
6237
13187
10875
1061
7418
8231
12035
4201
6947
8364
9850
5095
793
9375
13247
549
9206
1368
7932
2107
13680
271
13806
7043
9252
6620
8798
3047
2765
1672
10095
7772
7725
14522
9400
11682
9468
11734
9042
5835
4397
13285
8445
2239
14712
11409
5693
15357
11116
3291
101
1164
5013
3888
8696
15593
515
2221
294
15850
458
1012
5141
1735
15966
13731
11693
3163
8101
8951
9970
13772
16053
3695
15741
6958
15931
2872
16204
6117
5201
13205
14083
13442
13687
3774
5000
10232
7754
11838
4374
10628
3764
8543
11109
7828
2476
14707
5088
9500
7051
9152
11171
1367
15182
3789
9601
15065
12577
9395
11728
16080
13824
4957
8029
15419
12399
5927
8015
15468
11780
8756
5543
11155
7378
7801
9947
10889
11937
2983
11493
10220
15673
12886
4867
16368
11548
14404
9775
8796
6537
12504
5374
2582
13438
5268
8064
37
7102
12789
9175
16382
7740
8290
5733
8130
9948
14047
1379
11260
14006
6572
571
5664
14725
5979
8928
4286
13538
9130
13224
2929
8617
14145
8016
3109
13736
12910
1474
963
3731
6314
2636
13235
1290
9975
9436
136
3597
13972
6022
2132
1252
10006
9416
14630
8870
16052
2228
4523
14019
10131
9460
1932
3037
10101
4035
14251
11776
13462
12287
338
15336
2844
7391
3131
3195
7956
7529
324
1251
10860
7927
10377
12362
867
2783
1256
13855
6891
15209
939
10100
6286
8591
15295
11297
727
10076
636
3592
7983
1902
10570
8639
14986
15644
10665
4540
8882
14175
14969
1106
5701
12922
989
5977
3547
489
8788
8820
3098
15539
13099
16068
4390
4108
7259
1635
3614
6271
11928
15816
5924
6772
15510
3852
3008
8885
14005
13545
6667
11633
2027
10561
4544
10827
1945
7933
11508
15892
862
14956
9876
13743
16033
12320
6262
8769
15908
9222
124
11958
6033
12988
4156
13768
4818
984
11688
16326
2597
1214
9746
16140
8446
8991
11097
3881
14585
9326
3770
13521
6549
15901
11882
15902
2887
5383
2889
13860
9190
5100
9862
5826
14858
11164
5570
12257
3919
14072
4116
9027
16167
13086
12876
4405
6344
599
3419
3050
8257
14937
11103
15347
9617
1859
4930
15495
9432
2537
16002
131
14331
4571
11514
11389
14448
6398
1059
3324
5525
11129
9818
11849
1448
14177
8135
6983
7292
11271
11054
415
8643
342
9524
10530
11762
7532
7387
3648
11462
4268
2260
4737
13608
9437
8084
10360
2319
9089
15770
12505
7573
11630
11234
10704
5109
278
5004
12043
4220
9988
4829
3531
6282
5539
2315
5248
7091
3444
13789
6488
3585
14836
2403
13479
14184
768
5115
6960
14485
11698
2530
4245
33
13998
9482
4810
7011
15887
9040
1562
3151
16284
4995
6155
3639
12904
12083
14278
8264
3746
6078
9569
12896
7656
4283
16234
5018
14345
13551
2820
6977
214
14143
9931
1719
6460
7106
15760
13106
4966
3901
8262
2350
557
14221
8370
6727
5761
13640
2804
10422
12068
14261
13116
2980
1611
13682
8652
12883
9165
9273
9660
7935
12925
3572
14422
3624
5614
5298
12633
9906
5216
6699
14570
1691
12801
10760
13298
5642
16203
2987
462
5232
10161
12664
10185
9943
2141
7864
1432
12930
13063
597
8303
2879
514
14013
14822
8188
6334
2572
8795
9122
9102
7307
297
833
9865
13561
15800
13559
15889
1141
945
15553
14517
14788
12799
3060
11881
10000
7757
7964
7455
2865
8889
11255
13995
5652
8353
8174
1918
15036
14528
12693
14934
3308
15256
5182
13151
9989
16021
16381
2856
1958
2632
8655
2018
10527
15272
15139
1492
5295
7984
6342
10957
786
9723
7364
5406
4864
15228
10663
11545
1836
12684
8912
12151
605
14503
7548
1394
7982
14378
12968
1848
16117
15141
12507
15515
7585
10087
5167
4301
11052
14283
6769
11328
625
6818
200
6235
14228
11788
14211
4808
7347
5568
16359
5418
948
3518
1101
15502
4878
7975
7947
9060
8964
2259
4349
4096
13821
15506
11302
12977
15571
933
4365
6651
249
739
2462
3073
3790
15229
1329
3460
3821
4657
3482
6139
780
5305
10229
982
2843
182
6706
6354
14614
15853
10143
8187
10972
8716
16018
5386
14018
1556
3406
9961
9444
9942
5087
859
14501
389
9905
3870
12978
15414
15990
11330
15235
12217
7325
2654
12860
8759
2999
10709
7345
12667
6404
7890
1359
13478
295
6876
1716
6011
11055
8333
15812
920
7813
10037
8490
11708
2603
1068
15975
9962
15197
972
13666
497
15754
12533
3238
3636
11198
2182
5128
1981
7775
14762
8489
8886
1288
6883
8506
8054
12032
3813
2892
8949
6458
6724
1276
3781
15863
3140
15875
16024
5501
11983
848
11243
10223
14246
2756
5199
9358
12085
14176
239
6709
6482
15150
4490
10305
11798
4034
10171
5888
11067
7484
2953
12241
5584
8911
13097
6574
13849
6720
15157
10428
2937
9098
2227
10759
7937
1678
5949
12795
14689
11973
1994
13155
5904
3465
14933
9736
11092
713
15791
12627
9565
6694
6533
7681
9356
12409
4303
10380
1966
9572
15568
10601
2199
9580
125
4000
8817
8349
12601
7718
9474
6590
2426
4799
7555
11073
16008
14734
14057
15677
4662
9124
5349
5217
5802
2135
5676
12421
71
1637
13248
13072
15607
3903
1825
10329
9913
221
9035
16145
5532
5116
14590
14959
3694
13157
1133
12123
9443
3929
15360
9815
6653
15942
10906
3990
13934
11540
3029
2497
418
10607
8252
11552
538
9204
14717
9831
11608
5537
15785
3018
2742
189
5237
8802
12137
5611
879
16221
1955
14396
3237
11402
461
8675
6030
10140
13313
3619
6708
52
3930
2284
12395
11627
3436
10567
10265
2821
10243
10547
15402
4040
9128
15130
12983
13504
3605
6929
4369
4209
14197
8447
9834
9823
13586
13815
16042
10516
12623
10799
11502
3427
1414
10436
15002
3630
10300
9210
3617
15772
10441
8441
3116
7847
3899
9452
4255
5023
9839
757
7552
1496
9750
14376
1399
11224
13375
4254
8459
9583
2826
15123
89
2215
1183
8384
14066
5352
13334
13445
9391
16351
3911
2975
15317
4395
5771
8233
10178
2663
10820
9901
9528
11909
5681
10196
7271
14847
4707
357
9214
5655
3815
1517
15221
11111
12252
1554
9537
9284
13861
3450
16343
7536
627
12521
10197
10811
2910
15342
12491
6470
4668
6495
6443
13004
11771
6265
12851
8768
5798
4743
6015
10230
5076
5795
13282
12804
15771
11268
3860
8143
3173
3255
6455
5638
11177
6678
6441
2680
13774
4926
8224
2732
13025
14011
11329
1041
3923
15017
16245
777
11626
3278
4876
9539
1021
11090
15293
12837
6778
8159
6450
4406
2268
11121
5131
14760
12675
1232
3751
12275
1778
12471
4123
15922
9930
7036
15383
7822
2308
13228
2193
5129
11203
11952
3858
13787
12112
9293
10901
1285
224
11896
2951
10574
3452
1485
5492
1917
2883
9129
15167
15724
10887
787
10513
14936
994
14115
1438
10658
5470
9407
1108
10481
12101
9575
14105
1346
6002
7846
6696
2518
6003
1783
14606
14985
4635
4049
6527
15932
12453
9068
14557
9609
14150
7381
8881
5736
790
4620
11049
2022
2097
8280
14589
16356
12106
5478
13877
14239
15177
6177
8212
13759
1694
3776
15083
16205
6027
10839
14767
7358
5848
7322
509
16047
13023
506
2628
4063
8073
6872
13927
5824
13508
13244
6114
8102
6210
2561
4729
16375
15712
12002
8075
13088
15313
4924
10180
11850
12007
1425
380
4012
7960
3247
8206
13140
7447
9856
4568
14754
8082
13122
14842
11895
2475
15764
376
13697
10247
12446
12424
6369
421
3373
10398
5813
10277
6910
5033
2001
706
13509
2138
16336
1747
12426
15783
15456
4417
6756
12279
7199
7557
1757
328
5300
16169
11723
11304
4079
10107
13500
13873
7776
6077
9526
3596
10890
12781
14170
152
8561
6489
22
15439
1665
10591
4162
16036
8421
2380
14708
1352
1941
9511
1439
15434
15102
6717
5804
2122
8050
422
13974
12969
11741
13868
9504
4720
5423
11724
15872
1280
10849
9306
10256
12634
30
9244
14290
5284
5264
8905
6362
119
969
10814
760
14101
5045
5702
170
1331
5310
5400
14794
10464
7151
15988
15051
7275
15669
11191
616
10261
11495
5162
6946
1617
1457
7001
5075
13691
3003
15392
1745
2811
14253
1667
14236
1337
387
9531
6487
1623
13
6685
1442
4772
15585
8010
13756
16332
8842
8390
2174
2936
4376
4852
280
175
3332
930
16219
243
10057
2438
16076
15106
1787
15459
3282
14337
166
12467
13186
10951
7343
7049
15709
11407
10836
9922
3784
11538
12266
6267
9318
9909
9514
15981
12450
13039
11555
15259
6389
212
12200
4789
14931
4786
14982
8317
580
1883
9637
11615
10871
5670
7173
12906
1431
5200
4065
3602
6321
1411
3855
8819
3516
10712
4782
7998
13016
740
6785
4383
8285
284
9944
11669
337
259
10147
9331
9015
13354
11889
9451
3185
11550
13031
5409
758
12980
2993
10686
11136
9641
4768
16370
10401
12094
6302
8392
2763
649
3020
15980
12265
6705
4645
890
7376
1527
5490
10740
11905
5034
7666
8979
14110
277
1585
13109
5580
6203
1262
13384
5430
15116
11707
3453
12766
5124
2479
6116
1723
2985
6420
11458
1140
4296
2716
1201
15763
5536
3986
6288
9414
4465
5451
2743
1452
9636
2258
10652
8659
12300
7395
14608
4483
10840
1296
3489
4532
11258
4740
12803
16354
7692
6419
8809
4905
10296
8282
5978
5742
5620
10886
7679
8740
941
6938
6249
1145
5800
8288
5505
13989
15976
1451
5561
13763
8078
16170
8826
7018
3461
10630
2263
5669
1084
5801
13260
9738
8254
9680
8783
3925
3409
5243
6954
14238
10851
11235
4644
134
3609
349
10916
5712
2145
3831
14244
10129
3737
15761
5930
3142
14935
15955
7742
14955
12746
11432
10251
2482
5297
8576
12884
12062
11398
7451
5630
15230
861
11785
14413
13177
2806
1443
15428
16028
3717
3873
4091
2698
488
15871
13734
9431
5203
16362
4018
13947
651
3351
6220
4601
1395
8433
14326
1398
8952
11847
3484
4603
14992
8105
1453
11685
6104
15808
2678
718
4671
14347
7131
3906
11822
14205
3023
14502
12136
10415
7492
3997
6304
5389
15587
3893
2590
1396
13081
4419
12506
13266
3723
4805
3745
9568
15605
11246
5656
9139
5485
13391
991
5263
4089
2266
3456
14627
3085
16335
12215
6679
5571
238
4489
2638
6465
4348
9032
12512
9629
2969
14803
13579
8468
8997
4082
4484
16383
1862
935
15348
3999
8422
14411
213
1518
5173
10386
12218
12012
2300
10269
2606
6718
559
16311
11197
7543
13270
8690
14367
6315
3333
4100
15565
9458
8472
10478
4346
5665
4908
6635
1514
12458
10411
14514
15070
15674
2064
9558
14977
872
11005
16101
15427
4121
6839
10919
13382
7141
4660
5459
3086
697
446
13273
12120
8990
4492
15938
8167
11139
14280
7419
15214
3601
10309
3595
5996
10996
1712
6440
11336
9758
6269
1570
25
9509
10528
6383
8810
12361
3390
3556
14037
12576
13695
11623
15578
2745
14678
5176
10542
2151
4319
172
7033
4339
8871
4416
7604
9810
1342
3418
3092
1406
121
12273
1383
9405
849
15691
15048
2188
5963
8710
3141
2543
14193
10706
15253
11987
10074
5274
2396
9259
2082
13253
3501
7152
7299
14053
12797
12783
8844
3762
6788
5613
270
14491
6592
15681
7270
11624
14426
15471
4678
15676
3469
9205
10222
10550
6541
9505
2500
3580
9355
5981
15351
8662
8076
6303
4020
12584
8083
13185
4500
8743
5563
8269
2816
10904
14252
11772
4625
336
8377
15509
12037
1816
12469
9939
819
12185
3339
8442
7710
1239
2846
15861
7815
4350
7380
4051
14233
9713
5970
11332
9784
13079
2415
5225
3091
8673
10769
7311
2594
8558
5327
5260
237
12538
4370
4628
7397
6681
7788
13597
13422
14327
14478
12124
4866
7223
13387
529
7849
9956
13786
12061
3535
12077
6757
2896
15934
11063
1210
12243
8279
8227
5976
10090
8291
13631
5694
13327
4482
4562
785
14304
3463
11138
13459
16290
139
6570
15466
5150
11554
5084
6367
919
14588
11595
3782
5569
2187
5739
10553
5783
8680
6751
2869
1852
1919
1033
8327
13729
8938
12157
12688
12152
13685
1361
10264
3690
10519
2708
9690
78
2477
10961
2957
15147
7823
346
13156
2631
6695
15696
13707
13295
1410
1129
13423
9442
5318
3208
16005
6126
12114
15544
1686
7640
15421
11108
7489
3588
15987
7707
15726
14819
11541
12531
16277
10590
16321
8258
12811
4559
13926
13035
4073
10606
7871
2903
4702
3205
1051
5734
9936
6020
356
7399
5101
600
6864
12060
13632
728
3871
9771
215
5917
14872
2153
4632
2587
2912
13711
8308
9649
13452
8517
13379
10293
7712
3952
9918
8982
1480
9582
13010
7789
14438
107
5445
16190
7127
8338
15
1005
12615
6384
8330
12103
16078
8497
12976
14667
14298
12530
3399
12661
12651
4755
2876
13967
13745
1530
10164
924
2177
899
10508
10089
1002
3937
1832
10908
5990
15529
21
14786
5649
12805
9238
5521
11844
1535
4595
11662
16346
14410
791
12654
292
1940
15507
11160
11926
5960
11053
11074
2830
351
12665
14877
11361
15904
15859
12692
12439
14586
485
6530
140
1354
9428
4515
10267
15131
14579
1519
3640
4429
13599
5080
3778
14565
8341
3410
16116
15037
4698
15138
5778
4017
10086
13014
9453
8726
6395
13838
8221
13549
12740
14552
12334
12425
8824
13013
9334
9439
116
8376
9056
6664
3412
9390
12479
8329
4567
1198
16156
4586
986
10863
9710
8409
4289
13195
12602
15627
9490
11308
2363
15024
16010
395
2994
6423
13440
15916
7446
6626
4763
1268
1673
10732
10524
9262
14025
8921
15078
445
12938
3038
1727
3170
7408
7531
15907
15315
7023
13700
2028
1261
5817
2316
4086
15596
9897
15071
7162
8807
8898
8695
9940
8117
11879
6296
11080
2155
9117
10361
334
7008
1400
15592
1267
3114
7060
7620
6564
1601
3868
6674
4428
14112
7257
3356
5189
2574
10387
5660
5044
11891
10367
143
6874
15145
1321
5666
16013
14508
13130
157
10468
7443
4798
6107
10491
13884
6649
13057
6397
5717
4141
1311
7170
12908
13178
8259
185
7413
14425
15020
1424
9917
3638
12658
13662
2338
13693
12272
9646
8688
4269
3190
11353
12856
4815
13484
12926
3348
3533
7705
9778
16278
3226
2888
6625
432
11313
7120
13474
15175
7385
3674
11736
8038
7653
13917
14703
7603
12150
6640
11859
5618
14795
8620
6058
9075
709
7842
11305
12735
14439
2751
7245
5417
11874
16249
4800
283
15010
4132
13699
656
13141
10369
12398
5415
3607
12666
11759
2077
1057
11270
7959
6193
7921
426
13914
1780
2439
7856
4785
16360
106
5463
5995
252
6090
13297
14052
4705
15455
3904
6965
15432
11837
2681
16066
14451
7236
1510
16264
8381
13828
4215
3157
390
15155
3880
9076
12474
8046
11452
2298
4375
573
9910
13668
13064
7979
2489
1224
13257
3224
4583
7436
12909
8298
5789
12842
13641
6762
2066
9148
11962
9890
820
11425
6086
2781
7316
12030
4844
2976
9470
5815
10615
585
419
3268
13241
14339
14723
10449
15298
13337
9695
9051
1125
2409
16239
7664
7226
1501
4015
9701
13105
15684
2564
4697
508
10392
8255
4124
9381
7639
8546
1877
11559
8331
1447
5747
10043
12751
11731
9959
12897
6417
5136
2968
2480
7560
5592
11644
9004
6920
2674
14216
766
14996
9110
14642
9082
14670
4564
4824
1376
4294
7892
4139
14259
14162
15552
8132
8456
6812
15333
16129
3543
5751
12285
11216
5029
16373
3812
14932
4927
3864
8625
13355
4756
14719
15957
226
15737
11835
15222
563
5267
13115
4101
9311
11185
14726
2979
13112
13368
11057
13263
4619
2103
7753
1463
4249
4126
12444
15375
9253
12970
6603
14521
9448
9147
15464
6263
1608
9785
16297
621
4078
623
12000
776
743
1602
14119
9069
3534
3508
9879
1081
6607
408
6892
8394
4400
13234
12553
7058
4899
16288
2423
14605
11522
6100
1545
10056
15154
12742
1790
4629
18
8023
14677
13661
2105
12946
11643
8476
2092
2467
13531
5806
11986
10685
5583
10326
1030
1142
4973
8969
14078
3634
10077
6181
7158
4793
1613
11512
8240
13258
5741
11697
15405
13627
4664
6307
9365
14360
5932
9994
14592
15641
12554
8469
7194
584
12854
2458
69
869
5196
6112
7912
15184
3944
6810
8968
1302
9570
9150
12617
10767
3537
9522
449
13673
1692
993
11677
7702
15622
15104
8170
8532
4110
14077
12441
4112
325
13960
10955
11982
5041
4968
12786
12549
7766
3768
4358
12196
7738
11668
2746
2072
10859
6125
9176
12473
9670
700
10384
29
10353
10225
7778
15008
13592
4312
7355
4256
1487
4537
9047
7457
735
6212
4221
13866
10583
6436
8724
13450
7092
13710
6976
7149
1508
3854
5148
12174
15792
9312
6846
1004
3467
1063
12318
1036
9045
5015
5135
2825
10496
11281
6477
1711
15667
5309
11505
10233
13533
8923
9077
14916
11292
13674
3052
16069
9100
3241
934
1526
13469
11683
9220
13577
14559
6025
12916
1860
15388
611
6781
15135
8556
10522
3345
3178
14441
7177
9689
10731
16178
7897
7183
14258
2739
7708
12755
8201
6655
2995
11773
2752
331
3054
7726
4266
5169
6554
9892
16067
14821
12456
5686
14168
14648
2051
4690
9177
13630
639
10560
4336
15542
12523
808
10195
9087
14225
265
5530
6174
10120
2747
4596
1132
10548
1328
7342
14572
1472
10292
2301
9594
13854
8984
3267
10429
4232
12703
5973
5452
14393
12205
11196
13798
14736
8412
2362
14869
12586
3844
15005
5405
8910
1898
15704
12430
12950
11914
13110
6187
3524
11732
4624
12927
4119
1649
1978
14329
15364
5720
1662
5808
7097
3954
9982
4822
10055
1713
15085
5401
2620
10701
6283
9401
8586
6955
16355
2063
6252
12397
3679
7665
6916
12125
15837
3009
16329
15163
822
15525
7365
3004
7432
14792
9693
12874
1943
2469
2667
11066
16251
9863
7261
8511
1113
14202
8645
5628
9229
8048
9471
12274
2006
1054
6865
12304
1161
3956
2057
9221
3366
6175
16064
540
3323
3212
755
142
5204
11516
1688
15114
7317
6229
3834
7475
16175
8762
15407
1660
6391
3001
14635
14722
15361
11027
11917
13466
15856
14984
5558
8389
12216
2504
15923
5540
5965
11277
10978
4363
10018
14808
10517
1390
11094
8950
10883
5457
7449
6496
5509
16179
4963
7379
9737
2734
11446
5513
4846
7809
10992
5063
3309
16261
16341
2923
8917
11115
2589
13941
8033
7020
6578
14358
5194
10733
13103
12014
14484
2592
6149
8971
16197
15300
3724
7920
8039
5958
6702
7429
11288
15767
4557
6421
2648
3096
10416
14851
9248
6
11263
15288
2722
7296
7109
1933
15993
12364
16217
6493
12093
3231
6701
10440
14390
15521
5725
5816
11445
13410
2120
9709
16152
11670
14975
6189
16154
13894
15687
16241
15921
5495
16130
12653
12824
6492
2516
15403
12176
3573
10536
13137
7507
1904
8041
8541
8790
6046
6213
6596
7024
8140
5384
3414
2835
5064
3064
2952
14214
9033
9934
14131
15749
7423
7354
10898
9136
1651
5313
6113
13651
10962
15727
12246
11433
7901
1255
16365
14700
13188
5208
5378
4895
6447
14805
13846
11524
4860
16262
8749
10556
5112
15136
11722
6079
7914
12284
4574
10447
2645
5503
6377
13645
9724
3099
2043
6007
12492
14867
8942
3394
14681
14034
2102
14016
7301
3558
13315
6535
4023
12447
2
1169
6427
16016
9339
1924
1160
9464
10462
3545
10940
7596
15721
5790
9286
15632
5340
4129
10928
3276
14097
11533
6985
9167
4801
966
1417
10391
6815
9603
8304
10192
14763
227
13540
7925
2915
6392
13080
13689
1461
1728
1032
11032
4471
3993
13037
2612
9571
11845
8205
9990
1192
9389
1292
9768
14469
10549
190
16236
6995
14272
2984
15883
14967
10094
11343
9440
14240
3115
7850
10750
9067
14015
13771
7115
6486
11921
1097
1809
1619
1779
1767
15390
3691
7054
11404
5464
10838
8975
3112
12993
11135
5021
5812
4270
4243
2264
5534
5027
347
15491
12249
2279
11750
16004
16054
178
11355
307
9590
9532
12422
15185
12429
9434
5889
2738
10210
3959
4240
8840
1609
10182
2498
8849
5399
7546
15113
13709
7303
7021
13740
15354
11040
13896
9478
3167
367
14721
12069
10662
4920
11162
14693
13733
9560
13908
1351
2436
14878
7882
10276
765
6133
3400
15324
7138
10676
9517
247
14643
12935
13870
7344
3715
12524
10200
12701
5998
12945
8080
736
863
13901
6029
5616
6844
14646
11729
8537
12656
12806
6124
15839
12579
10514
4105
3232
14865
11379
7055
6410
10490
12815
3846
8350
327
3287
14038
11130
6473
8020
8980
5395
463
6636
2651
13891
6707
1766
8605
5051
8671
589
15353
9197
14138
1543
13226
7336
4983
16099
12859
5419
14621
11606
2217
12374
9880
10168
892
4494
4521
6800
313
4861
8
6790
14962
2429
4415
4106
4597
7926
5303
13653
3235
8874
8864
16166
15490
16340
13783
4948
9573
958
10999
14380
2607
14021
12250
74
16132
13981
3714
9340
10621
15978
2661
4359
345
7798
7335
3103
13414
6579
4064
2753
3126
16048
8902
15911
11125
4310
14827
7588
10390
12716
2966
4003
12550
2411
13811
13833
14293
14414
14854
15877
15144
2703
4099
1792
5962
10773
12363
11751
13650
13310
15954
1246
7276
2817
1190
8437
9960
753
10756
8382
16228
6918
10357
15251
11549
1428
10471
6034
6298
5011
15685
12402
13874
3374
7717
2657
1990
10117
10637
11899
9380
12934
5756
12649
16256
10275
299
6431
8265
16198
7048
3569
809
430
12269
3069
7646
2291
6026
7908
12734
2247
6323
13216
6514
3028
11256
15670
3123
7417
13629
7606
4969
9403
2317
4009
5721
9398
4323
12248
7918
2547
13275
10138
8449
1289
1815
11489
8829
234
9219
10242
14493
5716
2137
12236
1364
967
3539
15500
14406
80
1693
13755
3635
7558
12958
12206
11478
5121
11942
12059
9772
2015
2924
2798
11021
10641
13135
12659
11872
13750
12792
2157
8566
6168
5934
13050
3688
1034
3884
4758
181
14743
2432
13108
11702
4581
7521
14628
9384
11014
13865
7727
11408
3289
6274
14534
14457
3458
13943
14387
5022
12488
8059
13393
6852
9837
8122
1592
11013
15159
5811
5147
1037
14164
9212
7756
2361
2068
14322
11240
11883
6689
9044
8498
9321
1158
6794
13292
14682
14217
823
12023
15164
9557
4502
10695
15057
9163
7039
12517
816
1303
11119
4506
13863
10698
8960
10388
10133
8774
15242
4354
8595
2791
3334
12529
11740
10027
10649
11954
9049
2565
12096
13048
9059
3994
4742
5722
16319
11786
11487
14952
9868
12706
16029
10815
2204
394
11601
9817
15452
12600
8093
10050
8715
5110
13615
13347
5184
10307
9052
6295
7240
8204
4774
7648
2541
12830
7698
3896
1093
4043
1193
13522
10747
1230
10060
14232
15918
1952
12724
77
1905
15809
14294
2036
2050
9043
11337
11358
16276
150
3983
3753
688
3905
15183
11210
5667
4252
379
258
12960
12138
2303
1589
11640
6498
6366
15255
10132
9878
1690
8944
9330
9225
11955
10334
13395
344
7955
598
10931
14256
11382
14159
10835
8970
12090
10763
3538
13124
10680
7268
81
12611
2616
15733
12350
4008
7434
1507
4371
721
5059
12893
6807
947
13019
1284
7867
5168
14230
836
7642
3548
781
750
14809
516
1666
14366
15952
13895
12973
241
4947
7574
10569
7583
9932
7605
9899
1968
10746
10150
9282
13876
16305
2377
13646
5858
2024
13269
34
14874
12590
16083
15986
9335
6349
11558
15913
11289
10103
6375
7887
12004
14645
4999
9347
4153
8843
12335
10413
668
3279
2726
4452
427
10088
13665
8722
1614
2484
11144
5643
4886
6280
4304
2200
10480
16283
3692
11819
987
6093
10520
2299
15841
6997
3513
14634
1495
2928
1963
10072
10948
15998
6611
6098
4048
10199
12836
2831
7264
5952
11232
7366
6165
5099
11178
10063
5175
15533
2978
3380
6411
10611
4750
14638
2161
9592
15926
5554
6083
4531
12689
2275
3067
5861
10177
8903
15223
535
14204
12947
32
5213
12996
3422
4233
2925
2196
7053
5306
7863
5911
8266
12142
6185
9867
16007
2009
14080
13669
7950
3349
14629
11696
10600
15001
5114
5202
7691
7607
6089
7213
4587
12328
13782
11326
12337
13175
14776
10674
13681
2060
7915
12192
13058
13265
12289
6881
1253
13511
4029
14804
2676
6221
5085
4140
9985
2399
13825
8540
12839
8253
11100
11746
3559
5304
9630
2536
16358
14285
5120
673
13915
3968
6967
16108
2352
16110
2639
9411
9350
5625
10332
15469
7634
9980
14449
2878
10644
15742
16124
14815
5187
11823
8049
6798
417
4843
5864
11320
3898
7077
148
10880
13073
13765
4440
12704
2339
15817
14823
5704
9534
2955
12953
2854
10991
2540
12410
669
3325
7508
6963
4816
5767
3701
11374
6816
13373
13117
15690
5599
1773
14653
6840
2897
6312
13386
15566
5575
15436
2860
6037
13335
13980
11509
9402
2761
11618
11830
335
14694
6710
11840
428
12295
6430
9751
8704
15016
13637
2494
3526
7909
12001
8792
12685
4527
3843
13543
3443
4814
5361
7880
15062
1531
8210
9062
632
8607
9883
2788
14783
14690
7253
9354
2455
6157
2766
14980
7154
12368
195
7392
9929
9756
8609
15903
12220
12034
9257
6343
3972
6308
12423
1249
1529
8728
11467
15385
13199
8872
15415
14341
9463
9685
8612
13318
2142
4103
5549
4685
15701
5703
10612
10203
5827
15326
10052
1195
10198
11236
13390
4208
971
1270
16331
14354
10599
6403
6817
9597
2894
14834
8856
14161
5005
5050
3137
14209
6843
2281
3819
98
10013
15416
521
751
5820
1954
12018
7889
9495
12387
9314
16295
5515
5161
8678
3347
9
11511
4931
5723
14445
2330
10330
11557
15370
13546
6889
3285
2235
12427
2017
3835
11028
5466
13416
12348
552
9748
8322
6729
1588
7460
6225
3710
10073
14735
6902
1318
6466
16081
4411
6172
8045
2225
13217
12263
4525
5684
3468
352
1640
2871
2373
4170
14375
8166
3962
7696
8352
12340
9950
2368
11616
3340
6373
3397
10289
8320
12680
6183
36
512
2560
6444
12936
7221
6446
5336
10525
12107
2093
12770
6277
12873
273
7633
4991
5929
806
9854
10432
6949
8748
14669
15523
3451
13945
10598
15412
12813
10687
8559
15671
16222
10594
9073
8525
7913
4551
8109
14234
9674
560
9328
11701
4212
15440
3275
8467
14801
2838
4159
9113
8053
4011
13446
13429
6587
3902
8943
6795
5308
5166
9976
6670
5985
1668
8588
11435
9166
14941
9156
6622
9039
13490
3042
2118
15146
9933
1879
320
14050
16320
4594
6119
2611
14930
8873
5171
15950
5502
4386
5346
9788
9986
6512
9404
1090
14901
6028
14442
9294
10012
12791
10395
11499
5533
9467
8359
11799
12089
8914
12148
8916
11267
940
14989
13463
3955
15291
4945
7225
5849
5719
15376
14489
7943
16380
13170
7406
10351
10016
15619
7052
12527
15858
11147
15843
16046
13784
2757
370
7035
11825
2885
13159
7389
5157
2091
11977
1948
8086
8141
12118
10023
12662
8411
15481
2106
11265
16134
1456
11675
15759
1921
11257
8777
1144
7600
8945
2515
1137
12534
13153
13041
6031
2671
5396
7567
1065
11484
8237
1333
16181
13169
5707
5134
16009
4847
8801
15900
1997
13773
7952
15058
9397
13252
16214
3735
9765
5188
4754
7310
16224
983
8342
11660
8736
235
1574
12537
7069
10899
6936
2908
14924
13890
14548
5102
8215
9496
14199
11991
4154
12443
12697
7346
8197
9829
13012
11953
3158
4858
3747
3909
1182
3252
10691
11520
2704
13090
15275
1626
13722
13634
6503
12116
13639
2961
5819
8959
12872
14891
10183
1681
14295
12942
11821
5365
5547
8232
1959
15273
7649
8797
4663
7774
4142
7263
9544
10822
10454
5482
9279
6461
9706
10941
11291
5007
15884
5491
5164
3365
2626
3328
14226
9053
5330
2884
9223
3172
10905
14949
16014
12286
2023
11641
4322
3496
9127
3549
2619
12991
8582
4902
10804
1405
9697
73
7580
14866
12739
5699
317
8894
4553
13614
551
13826
14198
350
10752
14459
2792
44
5581
647
2461
1083
11485
8619
4404
14951
6543
2595
5387
6245
15787
7576
6453
13987
1001
6233
2660
14323
12759
11897
8961
7716
13132
5984
9925
4727
232
1894
15864
6054
11940
4326
604
15562
14035
4580
8863
14299
8162
15595
12253
7297
10726
5964
15909
1209
4731
15149
5042
13882
1095
10173
15044
6194
876
5447
6808
15328
12914
3118
5366
9546
13277
11357
7657
16238
13966
1971
4636
5039
3612
2687
10633
640
11828
435
9200
10585
14490
13168
11648
10619
7019
7031
11782
7759
10446
1731
1761
9026
3758
7140
9046
144
13145
9602
13113
1503
5198
6758
7471
10509
15935
8180
5919
6830
7617
5730
883
15703
8765
15778
13340
15075
13321
9017
2812
769
13690
193
13222
9707
9614
7613
14359
4080
3927
7903
10613
4241
14631
10572
14876
2272
6917
7931
4146
14191
8815
6333
16150
13832
13569
8281
333
667
11253
9699
12219
2353
15948
12591
8720
11831
4001
2346
6228
7839
6219
12652
14128
11888
13649
6887
742
15531
909
14229
7563
11085
13999
7422
12777
1422
1827
13317
3677
12784
7777
15744
15611
1680
14561
12771
359
264
15740
4058
15219
4936
3286
12847
3030
12092
4777
13149
8803
10705
12745
9536
5518
15195
13495
14054
11494
936
8899
7549
1167
2234
12438
13421
4599
9513
2503
2785
5442
5449
269
11437
5632
13441
9489
11692
13595
3477
13267
15963
16041
3160
12831
15011
13696
9604
15868
16079
10153
15489
12895
11031
9911
6122
5552
16174
5276
12596
9640
3143
2095
5253
11570
4689
11621
15420
6508
9533
1203
14742
8766
542
9241
7040
9686
12807
12403
3879
2113
12006
4394
4516
9487
3777
3977
6092
11747
14492
15695
8906
8305
2599
13475
10227
12358
13283
11166
10109
14344
10790
5325
4200
2939
10288
12370
14683
2214
8692
11264
3144
10552
1089
11041
10867
13194
7229
3718
4218
6905
10779
15301
11252
13950
10
14582
1148
9935
2456
13026
9519
9974
2965
14778
7763
14474
9937
14909
5590
11334
9747
15483
3541
11479
15710
13671
9313
13483
11250
16133
7790
5609
1657
3581
11556
4432
1127
14275
11854
7988
8173
14099
9900
4449
68
5718
10399
4463
4198
13047
10510
2463
254
10825
9264
12015
8660
14307
6866
2071
1440
12880
11676
11639
15121
7743
5689
5228
5392
1903
9081
6151
11655
66
12543
8752
10215
6775
12779
266
5846
16209
14094
9556
14027
8211
14790
13276
8414
15470
13929
5052
10359
9304
6582
679
3263
6777
8806
7382
12099
13652
13704
12437
3505
9178
10772
11468
3787
14247
10539
3861
1499
8286
12262
3191
11081
6974
5522
7269
13589
3076
4719
9193
839
3274
904
2502
4681
9345
7012
6358
12102
15429
9895
14173
7506
9118
1736
14569
4318
6759
6348
6208
12826
13173
12210
12225
11455
11373
1892
15860
16243
12635
12581
8470
5069
15994
3299
12929
15140
3647
16312
10116
13154
8228
9671
14171
3552
2378
4752
3590
7187
480
8439
5397
10684
13349
12620
12319
6721
5852
6733
8574
12238
6522
10106
12708
2789
2194
2488
10306
1644
3943
7088
13548
13415
7590
6239
12472
4566
15282
8897
14506
16252
7824
2769
9656
15780
3236
14213
5037
12707
4873
13883
9683
2567
8550
10226
6999
15188
6053
13419
13407
13491
192
8207
7755
13703
14129
6957
10923
8693
5281
12222
13430
1789
13114
619
14051
4834
7608
6073
12557
12227
14385
7686
10869
6144
7377
14384
8319
15337
13719
14943
2333
9378
15269
10870
5017
6900
8545
13922
15797
15207
15299
4796
9146
12477
15556
12380
9696
16230
5791
6388
7750
13070
9725
1857
8328
8051
3798
6896
8462
7784
12224
14255
2684
8640
13721
14415
8238
15227
4199
4898
8379
4909
7394
15344
2244
10626
5868
7179
2596
469
15091
5749
2665
9979
1077
11010
6284
6329
767
6989
10108
14884
7512
14929
7544
2074
6814
11035
14496
8581
14526
6214
5851
10605
14140
11365
10102
1856
14351
16157
12091
93
2474
2178
1956
16034
5865
13612
1893
13975
5094
4030
978
5853
12031
12072
2728
15594
14838
7711
11812
15698
14641
9728
3063
854
177
10062
8270
1558
4893
15210
1408
151
9208
8483
13889
13970
8284
6198
4701
13648
100
15012
10254
15021
8892
4987
1265
9315
2169
14479
11816
3910
13780
13022
7677
2406
7042
3331
3574
4431
15335
14824
10958
2664
6060
7672
6884
15555
9672
711
7029
2710
10648
15028
3088
15663
6690
3958
38
3338
1000
6735
12752
10909
4148
2061
1537
5696
4347
6306
15031
3663
15722
7044
6634
13323
6819
10445
2669
10879
10503
4061
7675
13766
3998
10179
8615
2040
2327
1823
4938
14954
4027
5992
16125
10523
732
2359
12747
9211
7714
16286
5342
9368
3989
13166
11884
9055
9797
12119
5097
5337
3799
11463
8031
14542
2545
15847
14758
12400
866
498
15811
8648
2559
5766
4932
6683
1849
5025
11307
340
10805
12121
4665
13389
16279
11770
3755
9456
14374
4548
14155
11395
7619
1222
1901
14352
4324
6244
11029
9308
15441
6796
3769
2839
7108
14196
8828
12809
9162
10960
2770
5988
2668
1044
3377
13262
7841
14391
12683
7749
3803
2481
13954
15290
4084
10393
7595
10786
4613
12536
14060
459
10448
9593
3342
4205
13799
5668
4733
6692
304
5688
2116
5143
222
16011
6434
1583
5091
12987
14920
16183
4859
15395
12556
5421
8484
15603
3560
5673
13179
2544
7204
10068
11199
14306
11596
15920
3048
10643
11344
15898
501
575
6534
1509
891
903
409
1475
16188
7082
4745
15343
2950
15100
4831
9548
5231
15736
12648
533
6231
1540
15125
3748
7017
4150
569
4145
4216
12379
6716
6084
11245
14433
10134
6973
5288
5057
8261
12881
7090
6141
3938
13054
12931
784
12181
13333
9789
1019
233
12657
3521
14879
12679
7159
1596
15004
4549
4884
4659
4450
11790
5123
675
10092
373
2164
3847
14370
12843
8694
15806
11553
12628
9447
12849
99
7172
5206
13171
6822
11681
7899
5674
9802
8348
9079
622
5159
1066
13910
16207
9655
7896
6186
2343
15832
10402
1377
4744
7539
10482
4120
1785
10069
5838
3757
12212
11617
13496
105
15211
4328
7643
12841
15284
6082
2129
10097
14026
5073
12712
9769
1781
470
1180
5936
8155
3853
16265
7256
8375
2808
1710
8300
7761
7000
4137
16314
15648
11126
10084
4172
6346
2287
14301
14870
14560
11820
635
9792
5971
11440
3442
9766
8410
2367
10537
11542
6740
3907
1356
14512
13829
6138
10642
2849
4609
14856
1336
4055
12153
4962
5980
6593
826
4211
9579
2005
4651
6573
1760
10030
9502
5145
8065
8786
7791
11421
5535
9492
12796
7472
5805
4138
3698
9260
4534
4077
4427
6834
1217
4219
4809
3466
16323
4281
1752
8947
8834
3703
8218
9825
5759
5242
4499
5373
14780
15151
12924
3294
703
14674
9705
1949
7045
14343
14373
16039
6730
7554
4769
12937
7340
13788
6161
11739
9894
13488
7373
9023
8900
8022
5035
6835
5560
14676
7854
362
9999
738
12064
7572
7438
14818
6736
14997
8413
15651
13502
5897
11705
510
4183
10498
11471
5275
1038
3089
3725
6502
4204
10932
11338
10915
9720
7628
14195
14412
10347
1754
14000
4578
11351
14817
4546
1922
5967
10762
3385
1157
13623
4267
3651
318
4576
11375
1559
2828
1646
12695
5233
15559
4046
13306
12329
12578
15450
9692
9521
2357
9847
15475
9019
4784
13396
15965
15176
7265
3704
2608
14397
4704
10868
11742
8094
6256
1049
6170
13739
7658
4723
5867
16275
4582
4960
8311
6180
1227
2366
12833
6135
6668
932
2934
11588
13924
3130
7068
1069
7976
5874
1130
10995
13904
127
14698
10766
13146
7615
9564
9740
12221
65
12415
1888
3297
2365
7647
1925
6888
1840
12760
8295
4710
6836
13259
1544
7038
5715
13286
7332
5931
16306
6609
14647
14727
4214
12888
10218
6656
263
11868
6519
15417
13797
5899
3049
6385
5357
2229
6059
1326
9135
10149
6363
8746
889
1604
13126
14187
15906
11205
14846
1322
8057
24
9653
13801
944
7237
5270
1547
10914
4827
7911
9721
6589
14182
1126
7405
7509
7306
617
14695
1259
15358
14911
14419
15801
8149
15107
827
10335
3542
3454
13028
11025
12575
9813
2468
3346
6468
14045
16187
6863
371
9848
13686
12033
5477
11858
5807
11564
1853
4157
5292
927
15449
14624
1237
6712
8479
5446
12901
14538
5906
6024
13303
8362
3878
12673
2933
4217
14470
12036
812
1643
10051
13476
374
5834
6879
10993
7762
13424
1960
1700
13447
8345
13988
7524
12282
2277
2997
5610
1007
16199
14043
8089
147
3817
4970
650
14702
4356
9366
10821
10443
13308
10370
8438
8358
7852
16254
6150
8246
671
5339
7458
9153
6200
638
15833
3402
15910
16315
4442
7388
4819
11091
14697
10098
9819
13284
3156
15814
2834
6792
11649
11169
1363
13104
6990
12913
14210
1028
11814
14300
2459
15018
12613
5589
464
14887
13051
5479
11128
1653
5210
11941
3448
811
8196
3179
8485
10212
4057
15878
14749
8521
11586
6732
4652
9652
7875
9275
13406
10024
6201
850
13250
8818
15526
14687
15025
10459
6898
9174
7369
7212
14651
1595
2062
14692
12357
7352
7663
11430
8074
9561
4381
9481
6014
10742
14773
9507
1552
11072
3967
11919
16032
5019
4262
15668
10657
6666
14637
7703
11476
1870
8427
10506
7569
8589
11651
4179
2615
9435
2514
8503
14288
6091
16026
6268
9577
13753
13392
8436
14106
1622
6293
8973
4234
3520
2810
11901
9302
3507
35
13413
664
12342
10682
5950
9246
15517
9908
16173
13127
10754
3667
3033
10456
4981
6147
5427
7327
1913
2394
3891
393
11077
13887
14208
12962
1179
15617
1914
14855
13439
7063
8584
14004
1009
7328
10788
7561
6316
10489
4278
9733
8668
3013
15410
5192
7274
10244
7481
4712
14427
5316
16255
1926
5089
2511
9086
7125
15133
8555
13034
7629
12957
3177
13688
10031
3818
5272
4952
14811
16045
11194
9968
11475
9316
14154
3363
15373
1099
6140
3499
201
8773
10158
5916
12480
7591
3258
2588
2570
1455
13781
5420
14731
2624
491
4894
9353
9783
6925
13948
12816
2877
3311
11947
2179
12738
10397
10976
14200
12208
12459
8804
4329
7584
5360
15514
481
2905
3802
16298
10764
12050
12878
10118
15162
4021
11170
4612
3504
702
7026
2128
10373
5765
7066
4661
13536
6853
14852
3217
12650
7118
14562
13642
8755
11060
1983
5650
5863
3150
11712
15472
4880
4313
3203
4423
9399
3551
6075
4144
4113
3155
5961
10407
11539
7942
5972
9621
14335
14859
13364
8664
15212
8520
301
3779
13363
251
2977
3420
14990
10488
16196
13062
1202
3608
1887
14604
3290
10255
13356
13517
6236
9063
1599
3961
11911
12388
7181
2927
7917
10830
3230
15824
11159
6115
7978
10474
12
4832
7991
15661
12135
9983
16304
5394
6654
5883
13990
12312
6661
977
2890
13777
10419
11488
2146
2398
4598
13744
6476
13059
15363
8721
14720
12599
1212
1976
11756
13017
5239
4892
12160
7496
3947
10104
12298
9845
895
475
10896
8674
2026
236
4360
10317
13111
8464
10966
8708
321
9803
4006
15564
3301
14260
13793
1223
9512
2070
10283
12867
7865
10061
16192
6291
13465
1838
10942
2336
13426
7635
1015
13888
12513
9126
1283
424
8239
2870
12056
2243
8457
13093
9254
4976
11866
4746
13520
1847
2552
13326
9159
7528
5177
12749
12511
10113
5240
960
16121
13043
10011
4470
10638
7884
7057
5370
15240
898
719
16112
1523
12442
10318
11848
10142
628
3973
2171
10985
13885
7581
15769
12782
5348
5283
6895
8926
7466
12526
13979
12420
10795
2509
4869
3654
14994
8992
8709
3382
12074
1226
11691
1578
6006
7845
7228
1003
15567
16148
952
8043
55
7510
16122
2613
7348
16281
16300
11836
8440
9376
15015
5329
3396
3885
3741
15252
39
323
10639
1062
11971
4823
3900
16291
9164
15270
1793
12396
6539
7122
12313
3644
12052
7288
12640
2175
12267
2048
11211
1843
7309
16186
7357
3384
15199
14271
10064
3563
5566
16161
15794
566
11165
12390
9860
11565
5869
10828
7840
1934
15103
14220
5437
7751
1797
10581
11441
3928
13694
3337
9083
548
9134
1758
15049
2650
2773
5588
15512
1986
3934
15009
10832
3732
5585
11340
6992
1575
1112
7462
1730
7785
7312
8502
2787
1235
31
9005
9638
1073
594
1358
1891
11163
13568
16361
5371
9973
14218
5061
12404
2242
3162
12296
888
14880
2465
15773
11815
6364
15830
2418
13378
10703
1166
6693
4641
543
4422
6160
14148
1987
5680
16060
12911
11665
11689
15406
13223
11230
13554
7819
12110
10708
3298
2021
6459
6330
293
7860
5453
2899
2942
9610
4686
14160
11507
8112
6036
483
12166
14613
8354
4424
4013
4457
5127
10970
16090
12974
15928
12788
1294
10473
3165
12823
3090
10065
110
14316
11418
14174
4762
7730
14831
1250
995
15573
13996
3801
3242
4692
15072
1211
1365
13181
12414
10502
12022
7203
5341
167
6725
8590
13664
6148
1795
5636
9379
9085
9926
10580
7526
15697
14737
13008
11869
13256
513
8955
1043
9022
8150
5956
10511
11175
6013
3329
12104
13225
12264
10926
7461
10971
14905
14362
8091
9889
9058
2125
10734
3176
4510
11448
14409
13095
146
15751
5322
10049
1807
10191
5622
12078
11099
13274
11335
11989
12291
9291
14587
5222
13553
10010
5724
