691
10117
14468
15405
4825
15531
10572
6146
327
15974
10327
15322
3943
14157
12642
11693
11374
12307
10083
11089
3482
1655
3295
6678
12317
11486
14574
9255
5210
7580
2702
15457
10046
8508
1872
5159
5362
3747
5367
14299
15103
11644
15795
7444
7487
3681
12887
3091
4990
16038
16141
4106
2437
3749
5313
3173
9316
2960
14873
14125
6347
6688
7953
83
10049
13297
12410
4942
7341
12667
9622
8685
11862
6226
14808
6587
9932
6677
4633
15517
6668
1421
5770
2416
2245
11424
14576
12100
2425
11002
678
11325
9802
11111
10355
7410
2886
3192
7434
14097
5648
12662
9175
12210
313
1851
6921
3457
11317
8997
5721
8670
6435
8153
4739
11632
13195
5962
12600
11968
5456
10916
11633
13087
12837
11439
9603
7707
2751
12166
14542
8094
5212
9152
6915
467
12139
14725
8552
8620
10384
8342
11057
1933
9302
9786
3737
11506
12211
12035
2386
10358
9509
13349
3952
2691
12134
4148
10268
13798
13674
3380
2904
10021
7113
5300
8089
6883
24
3984
5007
1943
1281
10761
706
6456
13466
13303
1568
5051
9365
2675
7631
10469
7156
1860
5029
5587
9541
8008
11059
15627
3476
3504
10455
202
11776
10032
15187
5239
14666
4590
10966
1310
6323
3854
1460
8880
892
3451
7030
16187
3871
4277
15501
8184
13354
7862
12682
11211
832
9931
972
8980
3102
206
8037
833
2765
9453
16175
14464
7977
15992
2906
5851
5875
11615
3846
8931
8314
16051
2448
11339
9844
7468
1424
9729
13361
12237
5803
15956
8135
3319
1617
13920
5285
3230
1605
9355
16310
6209
4389
652
803
14114
12720
2995
7775
14706
16014
6690
15607
5129
12311
6628
14233
6275
9167
15189
2730
15838
3873
2724
3355
12782
6828
8256
70
8390
7696
192
4812
11433
15042
12804
13050
16161
15327
15345
4505
11038
9499
9373
14047
2746
15756
15429
14802
14039
11177
4518
11446
2735
3996
8594
8733
3312
2099
9372
12661
8181
13694
9291
11977
14889
14458
14261
6699
1588
12189
7005
15540
5470
14282
3592
16239
7689
2183
5565
12042
4335
2168
2593
13099
8957
5272
5945
4623
8745
13147
7214
9677
3052
955
7778
4621
9479
5224
6516
12398
11784
3401
11202
14239
4228
5948
1475
1764
6800
185
6153
6396
11943
13489
15038
5146
6987
13345
9015
1527
13970
3851
4118
1512
12135
14798
4649
11578
14316
14523
7987
13244
13675
15145
1567
5396
15137
13721
6411
8564
7360
12850
11667
11380
15503
7956
4588
13824
1000
10527
4305
10323
3083
13392
13220
13358
11384
14241
8906
2575
3000
2803
3899
4016
13760
6412
4992
8578
1631
5463
13098
6722
4404
9089
9993
12406
4108
7914
2535
15689
4310
8418
15128
2355
3750
14285
14851
11913
13745
1829
762
10369
9696
4677
1143
10947
555
3859
10238
512
2426
9203
6981
9233
14308
12974
15759
12755
8492
759
10740
2775
10589
5853
5653
13725
6436
12399
12117
15846
3707
5628
15160
10236
13577
4327
7848
6992
5846
15446
7894
3342
636
15372
15261
15341
2563
4154
8399
14611
2400
10176
3804
10616
9433
12397
14228
8624
4911
13172
3708
9377
8261
1077
9925
8702
8291
10230
7186
4483
15643
7673
12693
6015
8871
12537
12175
11161
9824
3539
3205
682
744
5873
231
10794
13740
10892
6984
8141
14974
12088
16272
4547
12833
3627
6685
8857
7985
13519
12300
9665
14231
14072
4909
5544
6154
1913
588
11863
11679
7207
14961
11936
29
10929
1743
10277
3477
2346
2008
541
13112
3519
1247
8897
12169
513
7874
4920
6181
9816
10807
15578
3267
8075
103
11307
12172
8189
9642
10818
7475
3201
14397
13197
44
7927
15936
11953
4493
9966
10007
14433
1550
15358
1844
10193
14398
11773
9397
6890
10235
904
15601
4835
10731
15928
10456
3367
12629
8483
11455
5821
1033
8459
7296
4593
13698
3680
5831
15867
6462
11567
10898
1244
233
14017
4204
12095
15742
11725
4869
15979
1648
12551
13053
13443
8255
465
113
11870
8466
7252
11707
1740
13561
12387
8246
4622
13714
14152
7095
14112
8345
6034
578
3568
2619
2663
12089
9754
15511
6624
3107
13861
1919
4616
8397
5967
1855
15876
5639
8894
14703
15763
6588
4568
11041
11443
5753
12884
8820
970
15871
13892
4592
15401
2630
12871
12193
4834
11005
8996
3020
14486
3817
6666
11811
9712
9140
15484
2403
14037
5185
12878
4387
8482
3373
11833
9322
3043
12490
9108
2135
9902
16013
15214
170
8220
8422
14229
497
10687
13199
4938
12727
2239
6266
13555
10224
1620
9204
161
5807
14014
1941
2567
6510
10977
10444
13971
12441
2163
47
12983
13310
2892
11742
8898
11810
16358
6484
1343
8307
7688
8203
8304
10949
4416
14842
4085
6724
178
4943
10937
848
12920
725
13176
6607
5400
1243
2447
4461
3260
9230
8874
4090
5140
3530
7792
5956
15579
14321
9598
10498
3866
11300
9528
13695
7923
16378
7435
3064
13343
16179
5183
1254
12491
7572
9343
10252
13752
2320
10556
15437
1697
14605
10353
9414
5180
2047
11277
11652
15329
6830
15976
8293
14222
4101
314
12318
6464
9171
5000
6136
16351
9445
7883
16093
12402
10281
6892
7909
16158
3140
2325
14931
10799
16300
9769
5113
13688
15017
4098
13009
10683
4577
5046
12588
9779
6071
7750
14519
4247
3771
14415
1411
8560
5650
16269
3466
3788
8070
15651
3046
10738
3881
9070
2959
7850
6563
12891
11886
15526
14559
11764
9330
142
14227
12394
11626
4363
5460
6473
10873
14767
14426
10055
7680
4033
8168
10885
11582
13556
625
12969
2766
11262
5619
3754
3534
13991
11166
5135
6488
11966
3632
1718
6424
11981
13207
16024
11218
9916
10657
8717
1487
4881
258
15684
5594
14518
6095
12253
4078
3993
5496
6511
7234
16314
9801
15629
852
15899
14654
12177
2065
15810
5522
13004
10229
5799
16271
14569
12787
13036
8002
5856
162
3580
7060
15120
6292
8848
12050
13804
9258
6129
16027
15474
2763
7551
3515
5354
2242
10403
8951
3035
5079
4614
11960
9809
1738
11991
3407
6977
7008
8025
3842
9036
9659
15702
3940
15766
1862
6822
854
7548
9702
14074
572
16061
3117
9160
10132
8904
8744
1553
15765
4751
16330
7597
1440
10788
1528
1425
6189
14360
8769
16082
16247
4959
16094
14543
4788
15135
2014
12392
3861
6163
10806
14911
8723
9981
4875
12585
4061
1032
1102
1877
1579
1178
8338
10972
3543
14439
15647
11696
13529
8777
13015
16203
14420
1836
7000
14250
6831
11808
7494
7841
9168
5616
1932
7790
9823
8166
12411
12970
2550
6682
4674
2531
13108
3184
2422
6938
14036
12051
13582
10789
1626
8157
16350
8688
2866
3697
10628
9394
2942
14915
16087
10175
2428
7052
2167
15811
13403
15473
6849
3365
9909
6947
14461
12045
4372
14292
12514
16286
8049
11366
11324
9071
2058
7111
4828
21
10649
2078
4249
7940
9081
11869
15698
12961
3084
14094
5074
6442
791
10547
15981
3664
14719
10733
1462
13145
4917
13471
6796
13818
2131
9067
16045
11184
5971
10436
10643
9207
10644
8474
6284
10895
7242
11237
14098
1905
5038
10964
8410
1677
10987
8588
14712
8484
10237
13709
14553
8171
5941
12313
5311
3372
495
3573
10886
6036
8677
2199
4132
8279
6502
8962
11922
13093
12929
3427
15513
4762
16164
15584
4315
13513
3729
5211
5209
864
1314
10299
2278
8469
4642
15334
6754
2390
2827
16124
7386
147
1090
3609
4654
9795
4857
559
7872
11212
9882
865
7624
15977
15997
9389
2275
8114
14075
10537
5683
9615
2357
12013
15073
2038
7957
13609
13860
9507
2063
569
4182
7989
1482
4533
8593
1398
248
4844
1607
4562
10730
10757
12705
16123
11310
11745
829
8023
6595
4955
5141
1174
1457
8300
2397
1484
310
3701
9383
2360
2721
2340
16306
3650
10233
7228
1251
8503
11487
4356
10192
11390
1268
13544
2472
7889
781
14413
4365
13741
4842
4856
11315
4446
6960
8956
11868
5206
5222
7697
995
3028
7653
9259
6477
11228
15730
4126
937
12608
1195
15478
16215
7293
7975
13138
6777
4662
12191
2413
4668
5605
12742
2992
8292
6687
335
15387
6819
3262
11694
2669
12965
4874
13934
2816
140
15699
4248
12622
1066
7241
6716
12369
12695
15043
1650
14438
265
1150
9406
226
2628
12417
10988
2016
14489
5468
11793
9410
12864
1930
13536
7958
91
2742
8527
8027
7423
15677
3906
1504
6765
5788
5193
9529
371
15179
3932
14658
12948
15254
218
12048
9808
5601
11988
14545
9646
6922
14988
14950
5003
56
10953
1616
9856
8959
12712
7951
385
1083
5684
235
15693
14496
10459
2749
3601
8747
7492
1947
7365
15153
3275
693
4294
6320
14757
11837
14065
255
7130
4865
16193
4200
12069
149
6975
5715
6555
7391
11871
2791
12820
11328
5178
11770
5063
11465
2940
11245
12993
15231
13305
14940
16028
4328
12952
6260
1105
15887
14010
11878
9930
15077
12532
12385
9524
6681
15564
11011
12876
4858
15654
12806
13693
12478
6636
12339
11106
7010
4269
3096
11625
2395
12763
5888
4605
2405
7635
1438
7743
7217
9072
14552
6911
2657
6391
12559
14800
2249
9804
2304
4997
10310
11021
6123
7161
4769
8152
14819
4589
5635
1289
15250
9288
6172
15339
5700
3175
5879
15752
14791
10570
3989
4574
14422
5252
5229
2625
1638
11579
6441
8106
13875
5343
9762
4821
1297
15435
5750
12880
15122
11736
4414
14884
13478
4667
15691
5510
4162
6875
426
9315
9300
3470
2497
13974
5626
1725
11654
262
1152
4147
13965
5575
3236
16112
9219
7073
14843
1046
3328
13144
16153
721
13926
540
8710
13718
7669
1942
2882
12921
12323
624
10261
4850
886
7900
8413
12351
12762
773
15507
11589
11843
2821
8577
9501
4637
14399
506
14467
6045
1199
10322
8637
6703
12835
2914
12144
4586
3669
11823
5631
8429
5090
11337
7781
1161
14163
13722
15393
5655
2164
11249
1775
3893
2419
12341
7759
1732
4976
14274
15025
4500
6366
11292
5438
3665
1377
9793
9145
14521
13387
5713
8680
15851
12700
5474
6337
15506
4260
11552
15823
8607
13668
5518
4978
8565
486
9174
12605
1114
7582
3446
4795
11316
13831
14002
15194
4988
12874
3060
8361
12918
16293
13567
1869
10774
4415
6968
6301
600
7195
12747
13048
4299
3079
8158
8178
6841
3374
1774
9933
9398
3661
5760
13094
8514
13619
6986
6780
183
9791
15738
10901
7059
9012
4010
6980
3706
3981
14601
9926
12353
13065
13973
15084
8330
14048
9293
6324
608
14572
9146
866
11893
4318
16231
1264
13769
454
5743
14532
11939
7610
11946
9895
7431
9551
9324
13351
6520
14479
13180
4449
7761
1050
14918
4628
11481
2410
5897
461
8360
12992
4979
9894
1335
1218
436
14670
12690
5351
5344
13720
4785
8331
8323
12639
13957
2784
12751
8268
498
8884
4140
9534
13791
13380
6348
5603
1052
10357
1581
4014
5572
6370
7566
7383
11657
12176
10056
11364
4163
15583
648
1258
5160
6912
3776
10273
137
15
10926
10446
7530
11019
4055
11402
8088
817
12393
6779
8632
8656
7460
5449
11097
14440
2511
4891
12352
2076
12456
334
14356
646
8265
11864
9891
16015
7853
11331
6621
11809
9444
8729
12620
13670
9471
4951
5397
11024
5500
4224
15773
1156
7304
5429
146
3565
10559
9835
1051
10099
16088
8767
6002
6345
12870
1407
4117
4485
10400
4763
11559
5108
7603
5665
1627
8885
5990
7026
2958
10633
14315
1750
1255
16355
6964
1240
6328
14369
14350
934
14481
15028
6305
6629
1014
3009
4282
12347
13061
4435
2572
12683
9080
6704
4510
2087
11377
7646
15681
10311
14012
10234
10954
4216
9847
6507
12302
7238
9697
14693
4502
7611
11387
14882
5110
2061
11720
12788
16011
15224
13659
15631
10695
15837
900
9095
14649
14820
2710
10362
2597
14646
10001
5805
10447
5996
3597
13452
5535
7507
8026
9922
12123
12278
3347
12947
1820
8556
8226
13678
14325
13610
1381
12271
11062
10996
13395
722
15615
1703
15206
1848
6950
1213
3975
11302
3484
14206
2170
2453
5372
683
16171
9274
4309
9273
11699
14723
10184
10293
8579
8244
13617
13274
8222
6099
8294
11039
14349
9868
2832
3106
13750
9339
8741
14061
4398
14427
5887
13928
11641
8689
3284
8924
1005
11800
15002
2709
7302
16043
2846
7545
13559
7521
12980
7705
15491
65
15256
9968
4817
13975
15391
2752
592
13925
5714
3406
7721
9020
2838
9252
7835
10872
9797
2807
7331
11046
11618
1495
1946
951
6787
7326
11183
7637
15995
13998
14769
11797
11882
12631
5291
2809
10867
2190
6896
6839
8357
7719
10089
10557
2198
4927
1529
915
7851
8346
12575
1969
1513
4746
10448
6497
4304
16197
3832
15376
12085
393
9267
13770
2863
11363
7441
3678
11327
610
10607
10676
8973
15884
11305
14025
13539
14635
10808
14078
7917
9059
1988
16380
12798
4965
2003
350
1501
16311
2028
7208
14857
12792
3970
15381
16119
11299
214
4973
13476
6871
10298
5061
5748
12863
1315
1596
14059
12895
8402
4648
8421
3614
15308
11920
7878
13535
1961
6208
8389
9777
4645
6447
4008
8086
12427
11535
8748
12617
8403
14989
5576
15895
10258
12796
8485
2802
455
13662
6429
4672
13494
7246
2229
4617
6478
6564
15353
7349
11613
13886
4669
8382
7102
535
15892
12854
12024
13751
13949
9002
14275
11543
963
15522
2211
5561
4570
9045
11754
4391
6826
4737
13109
9250
7067
3836
2430
10391
12025
5515
16282
12305
12059
1514
7662
7204
880
3593
6649
12273
8004
12378
11678
195
2715
4283
6838
15436
2385
12899
2518
10803
15671
13767
5889
4421
8241
10645
6243
15366
1630
12310
6711
10329
10632
12675
9730
11216
13995
8013
7041
12851
14212
10390
1674
10163
701
6957
3740
13562
15996
13976
16180
1464
4441
6769
941
703
10796
13285
13124
13023
2794
14526
2024
13279
2792
12598
3468
15791
14637
13333
3551
13229
1804
3503
15880
1117
15098
992
2018
8122
11596
13425
7922
14465
8703
16046
5973
14018
13296
4180
7944
3855
15780
2812
3364
11473
7202
3876
15492
12733
14563
1394
3927
11828
11079
12408
12724
482
14240
12736
9896
10690
5923
7278
14891
7082
11190
717
6535
7323
15582
13623
15777
603
15585
6281
15602
2588
8667
6521
6389
620
10124
12708
14284
12262
7424
8409
13927
8823
556
15533
15268
11824
12255
13736
446
5813
5353
16227
1274
14630
1716
2082
8739
8317
2596
12503
6808
1542
7843
6671
4011
12073
11822
13896
10186
5704
6908
10028
411
8308
9552
12160
3038
4447
1245
15617
10816
16369
5804
6118
1378
293
16191
7004
13940
13047
4290
5735
13604
11980
15253
6783
6003
12866
14139
9921
13467
4552
15935
15570
11188
15315
2208
16030
10879
14185
10160
505
12416
5656
9035
7503
7849
3884
449
12453
8587
2132
12882
13968
10105
15636
10603
477
8948
15455
12997
4088
15278
3513
9320
1176
1992
14829
13271
1661
12205
4110
3789
13142
12061
9004
5302
6242
4210
2844
12852
15534
8259
3473
15799
4440
15390
3912
3489
11805
15081
7771
12202
13909
2353
14823
10512
5262
9992
11030
15940
5905
6836
11908
9690
16276
13158
13954
15243
3138
12260
1739
5504
3727
735
11355
15852
6571
6906
3723
12444
5625
545
12098
3270
1668
13849
14443
7249
13836
3210
12571
5483
3883
15398
14110
3143
6042
9385
13045
7457
2829
14640
2997
13405
7876
2315
12143
6914
7358
4397
8318
15127
4267
503
5013
7579
7223
8589
8875
15102
12671
13413
13095
5767
6271
14567
6789
13449
11143
16278
6990
14084
12960
10688
6294
4130
13159
7736
7478
12163
14571
11934
4569
15905
8288
11682
13598
10388
15001
6504
14032
7731
15158
2783
14046
10602
15184
300
14294
1719
4922
12922
2301
9159
8830
4284
5874
2654
15609
15719
5645
9470
12446
3042
5255
2102
13173
13390
11395
2281
1330
434
11546
10481
72
7875
3183
8233
10240
12937
602
3917
6368
4767
9469
3311
13885
8020
5203
8964
1426
10780
3994
14515
13578
1282
6326
8665
3443
8790
4417
10145
7355
1858
15036
13459
11883
4196
10108
5761
11112
9111
6609
4040
1272
2697
336
15348
7408
5430
15523
13217
9257
9545
11420
7536
2421
7871
16142
9124
3880
1866
6926
2530
11023
946
4779
8211
8660
339
11959
6152
9686
10786
7013
13764
13664
15212
11037
16166
5047
7674
15961
10034
11834
9290
9417
3931
11464
7512
16252
12722
12611
13755
3784
12222
3247
10457
15433
11817
12816
4830
15586
6256
2978
3683
12666
14969
7320
15402
13264
10468
268
3126
7737
14180
15520
7824
15263
1257
8194
274
12279
1104
14849
3888
12016
3149
10048
3653
7470
5687
11025
10545
15235
15181
13897
15427
6188
7561
11304
5839
14881
13260
7525
1857
4157
6561
4359
1012
13868
8822
3992
14362
7554
15882
1790
7936
2001
15714
15482
9934
9105
10479
3167
4961
14154
11854
4288
452
11608
12526
15573
3065
11456
6633
14173
3127
5383
15574
10866
8666
11738
3877
7136
1693
14973
9245
16259
14900
5326
7901
4053
6360
13783
7121
1125
13956
13903
7918
12412
4747
6055
11729
830
4559
10203
9865
7763
2080
13528
15735
9109
7616
13117
16185
4122
1468
5199
11807
9758
12110
13357
1311
8989
4394
9978
10870
2431
1107
6182
2338
6016
676
2292
4454
7852
7952
9063
5604
12199
13948
10790
12694
11907
7839
10210
9384
5742
4344
1956
119
13086
4712
1101
10289
470
5358
5228
3728
12849
7753
2789
14709
9833
11561
14485
9961
5757
13989
5674
12614
10904
10528
7378
7967
9104
8908
8551
11120
6031
2228
13266
12664
6270
7570
6159
8743
8028
1749
7565
181
4985
5099
13657
15653
14937
8180
3114
14622
5308
4541
4512
2973
10054
8332
6672
12257
7446
15138
14448
14167
4782
8972
5728
7819
1667
5906
2160
12789
10246
11507
4005
15234
12925
11193
16071
7488
10749
9368
11314
4373
16162
5759
11258
2512
14311
9785
15980
14754
1249
6837
16040
12660
7398
1445
12152
13988
2246
11372
3956
10473
6756
11631
13939
10581
15557
10568
7692
9106
330
13016
3570
11842
15302
9609
4704
6241
10170
10650
2019
12701
12930
10890
537
3160
13797
11600
543
14568
11071
2399
6501
2482
5647
1103
3186
10776
6419
4253
7809
14610
2533
5552
15703
8240
7455
3528
3778
13181
14924
245
1615
14938
11565
4597
6143
6554
11763
9630
9262
8446
7813
3800
4567
429
14786
11760
7577
4348
16233
12355
2976
4134
4428
1565
14975
13682
13642
14671
4065
11904
13324
14093
14587
12942
10838
719
16156
8698
329
9701
12634
14058
13789
3951
6130
11724
13245
6239
2677
11449
13398
4234
4124
7200
15508
9825
5341
4871
6897
15544
10290
12274
12900
10686
7550
815
3907
9092
225
3090
7256
4695
8796
4473
2569
13184
9794
2043
10350
151
16135
13114
9498
16163
8766
12678
8718
3251
16195
6410
10615
14406
15067
2136
14272
7907
7417
13967
4555
6509
11673
4611
811
581
1351
10938
15893
6900
14991
907
13268
3475
12136
6018
1746
2768
10151
9740
2259
7966
1132
11441
12322
3249
5274
15746
14805
12433
13014
6548
9516
3934
9732
5088
12376
1390
3947
362
3919
10146
13768
2438
9367
14645
11259
8238
12907
12702
10414
11233
11034
1968
8381
5585
13703
8301
7034
15471
3144
7784
4307
6845
514
7049
1890
8916
10182
14276
14337
7266
1373
6004
6085
1259
13013
8873
521
14729
6371
8592
4504
5453
5909
7170
11558
3438
14288
15442
10172
6300
11051
11410
2191
14441
13017
6020
8575
2639
9361
6232
5298
9268
10339
6160
10601
12859
16238
10174
11419
5769
2130
4384
925
2267
14549
8077
7096
9402
13120
6717
316
6263
7786
5907
1392
230
7315
9195
7929
459
14190
4772
3946
6529
15356
2234
14213
1624
10648
10797
9563
4233
8803
8800
9781
11225
14854
851
7742
11232
12689
15365
8395
484
4846
10342
5919
5773
13501
8146
1681
12036
8838
9692
5637
5286
11491
14617
15898
15468
5454
14606
11031
4131
11171
5439
12584
15202
8118
5789
4038
1179
14043
5112
1293
6815
807
8807
3554
15014
1458
989
12188
9574
8050
3857
2640
8525
3321
7505
9907
7844
12529
13309
12709
9462
13221
10869
7934
14338
15134
15890
296
14998
6638
15784
14716
2310
13209
6568
2834
15634
6861
11230
14359
9660
15273
1483
4275
13624
2243
6615
1207
8713
8953
16364
7903
8780
7506
10999
5287
4941
6414
12186
1454
16155
11974
958
16373
2369
16299
14182
11517
5395
9959
15039
15361
3017
4374
11704
4652
1737
4226
2486
10639
2389
14000
11404
7159
14682
1187
6866
158
10427
820
5445
6190
10179
5902
634
1543
5391
12142
5737
10199
10801
7600
4153
15068
12438
14055
16134
14702
4838
15088
12847
10694
12020
5838
14756
1470
11521
9040
8600
12381
1149
5722
13020
15581
7416
5295
1127
16230
5073
3886
10751
11689
11375
16243
8913
13298
786
11234
2332
14460
8787
13001
7307
5077
12068
6616
3523
10529
14044
5997
5459
9913
840
5685
14888
7527
10396
7024
6814
15346
1856
6879
10120
6797
6060
4050
6884
2645
1341
7058
6054
11516
9908
2161
2222
15375
1326
10475
16205
12063
10997
5698
15241
10871
10359
14354
11477
2408
5271
12287
8242
13964
6454
8610
1823
16375
8400
3056
7816
12567
582
5407
11695
7149
13972
3429
11338
15217
694
11636
7271
3142
10490
2554
4072
14747
2658
15950
10351
7001
7011
208
9107
11923
7501
7560
102
10463
10781
16219
4867
12275
1976
964
9831
9138
345
3203
10138
2526
8227
3293
14720
11796
14899
14246
93
12263
2667
2877
14083
10538
2801
5338
15426
5600
4575
9477
10009
9048
10883
3252
10423
3402
16044
11012
3187
6652
12038
1854
7301
12618
3712
10451
2717
10526
4103
10656
160
1208
9016
10092
9392
12265
2727
5662
3655
2056
8995
12249
12168
11803
15176
368
4498
2835
6867
14102
6001
15591
13524
1459
12229
14825
14303
13735
402
13491
12209
13607
870
1072
6762
15744
2767
15841
12778
5384
12674
13890
15859
11391
7831
5547
1053
6407
10858
4892
4413
13520
3839
11294
16042
14081
1442
1030
196
5297
12473
8865
1623
15062
15831
14797
11928
6417
15538
6357
14922
5325
12291
1640
3113
14643
5675
3304
15532
4619
3929
7589
14262
4070
3418
10759
5489
10335
2674
6910
13026
13560
7626
9519
5022
6869
7219
11110
12343
10020
9703
10520
10198
5380
15701
5081
8864
5847
13472
11286
372
5083
13776
3862
978
2830
15013
7150
12268
15324
822
13030
14585
944
9977
11133
8922
14638
2773
13200
1532
809
16054
12367
14169
5823
12591
4289
3257
6087
6738
4713
11418
6567
15430
11429
2513
10306
4496
12062
9757
14814
16298
15313
13859
8468
2887
14517
2612
6470
11247
15255
7614
15881
8159
14052
2650
2785
1136
11996
12691
13257
7028
6373
3548
3174
945
1016
13433
14434
13201
4371
16009
13355
307
11416
16365
8799
6562
9906
8984
10341
2770
10383
8042
8187
11440
6862
6434
8639
16167
14522
15659
14890
7834
13713
66
4191
1153
10854
9748
10843
2252
13054
10062
10590
13069
5028
14383
12284
12258
12294
4049
6249
14312
757
6929
9251
5911
14244
3315
12216
887
2595
6810
9536
12765
6532
6528
3299
13046
12489
12463
2929
15984
2394
11241
13469
8012
1034
6230
11821
12659
12407
12179
4545
9451
5065
5984
6176
8041
3868
213
3639
3066
10201
13326
3594
7720
5426
409
6278
15595
12656
6223
2673
8987
15219
6379
5150
13226
8366
4507
2646
5106
8450
13115
7619
10073
10760
783
10727
583
1830
778
9362
710
4880
7691
13328
571
8811
9473
11994
2924
9189
15379
6956
14423
4744
3715
9249
7789
11884
14146
4032
4393
713
686
15942
10026
15349
7568
15477
15185
9440
4781
12316
586
15065
3013
15802
11605
5947
15914
9431
11151
3063
16089
5652
752
3969
8963
8762
3195
14021
2799
5935
8319
13646
1813
13122
7318
11426
10973
7762
1416
13961
1054
14220
5418
9845
10227
1518
1985
16204
823
12454
12587
4215
12543
9358
15715
6019
10180
3783
13680
3381
13022
1549
259
12182
3796
1118
4749
11992
9711
363
12217
8585
6684
9436
8550
8017
4895
10665
8396
9553
2192
12377
4111
11460
4581
7131
7359
3735
6549
8932
6161
11047
12869
5939
2317
224
1575
9595
59
2516
7007
5413
3310
10813
4601
12619
2048
7942
13820
12075
16067
13318
11708
11786
9829
491
8480
11731
2368
13164
9623
7181
758
4583
10315
6630
8654
924
12502
5621
37
4409
9983
7776
679
15552
7814
2899
12400
14990
3139
5978
1578
13990
3282
5848
6168
15606
7172
3498
5933
4855
1239
6559
15642
14026
7845
4063
15695
10622
14452
101
10250
10036
590
1973
8572
8812
9348
3488
6813
6235
5336
1873
3263
1189
7267
885
2476
2256
14929
2861
2750
8486
8147
13150
1787
685
5462
10097
8601
6178
15409
7220
4208
7581
9103
11145
10304
16237
7546
5922
13397
12914
15037
7612
3987
7291
3008
9370
4043
8531
9090
5720
6150
769
6499
11778
209
11856
4198
1806
15337
1666
1698
1720
12881
767
13912
16113
5775
7898
11027
13817
4947
5089
5710
14620
14776
1694
5680
3577
10830
6444
2705
5995
11906
5120
14189
7212
7881
16372
13508
15271
2312
8641
13846
9503
3077
666
15686
16133
3540
12745
13615
8537
9457
2148
793
3819
12775
2514
10200
3835
10076
3613
152
9870
9821
3818
11623
6445
8782
2725
15133
10521
7388
6201
14411
11406
4015
30
10318
9151
6066
12413
11753
1525
3556
154
412
5927
5177
1598
8462
2077
816
6384
749
9592
845
14389
1082
10652
3879
6156
14187
9155
1397
16121
5192
2376
8612
11879
12609
2197
6932
15836
13771
2729
13822
650
3044
13111
9580
193
14953
3583
11335
8870
4482
14902
201
6378
289
6518
2262
5998
6735
4876
2446
9924
1129
4129
4529
9247
7735
13404
5320
1727
14306
10332
14669
10068
2999
6904
587
6296
16110
1336
16192
1210
2434
6237
10617
7116
15771
6096
6252
14634
4934
12549
8452
8850
15613
12108
15463
13348
10346
3998
15953
11839
9506
8007
6693
11054
1024
14678
6513
15247
8663
13673
14045
8198
5681
9221
9218
12984
8224
16221
15713
13650
228
13216
8788
4469
14038
9597
8036
4576
9357
13951
5810
742
1318
2969
174
4523
5339
14333
3132
5592
7361
11916
16291
12344
8946
9442
1405
7206
148
15319
15188
15136
2092
15144
2033
10295
4556
5004
5043
12748
8562
9334
8886
7143
9652
13628
4660
684
5494
2348
10379
8847
9716
16322
6597
2989
6185
10775
732
2589
10577
13800
8266
8082
12889
12325
9058
6739
3279
12577
6346
11978
7999
14580
14384
13228
12030
5189
4174
5331
9027
2780
2253
7713
10518
5752
6874
6842
6542
14029
4000
2498
10960
10595
14159
7664
5303
7336
13448
6811
3287
7027
4564
11655
12624
12808
8633
5404
11342
15760
3867
12109
1863
9314
1686
16053
3070
14698
13460
15930
9673
14404
7484
12448
9651
9341
3852
2294
1603
10743
5128
16077
15861
10018
3833
7368
15990
238
10670
7891
7390
7375
11187
15803
8179
8714
4487
15539
9631
13761
14172
8058
3616
16333
10720
1493
5296
3831
12904
13634
8868
15466
14561
5256
4543
6572
15400
14916
518
4708
1404
3248
6064
6321
4287
13916
5586
6059
3436
14880
1659
874
2509
1690
12116
986
1294
13537
14603
11273
13796
5414
6670
5965
11214
14482
7473
4765
6139
11775
14076
3550
9714
839
2244
8519
12919
11550
13012
7798
4418
6114
3808
11063
3055
5726
4644
7671
12128
1056
12779
15514
3420
6076
3442
11185
14945
4797
1154
3432
2590
15558
13592
9720
11840
9994
5301
1261
3069
11917
3111
10659
1045
4673
4323
257
4755
10328
7108
16149
13171
2124
9011
12401
7387
6944
10915
15593
9505
13127
12686
7231
3954
11321
14387
14955
13905
6383
9586
15926
10906
15172
6514
1935
12589
97
5642
12530
2875
11130
11365
11397
6191
14183
13781
4059
6046
13882
3269
5268
6166
4801
15740
13671
14865
10846
13132
1783
10821
9843
7681
10702
6075
14168
15301
15009
12266
3353
11029
8833
11852
1145
12000
1450
8958
4219
5920
8021
8852
13660
8690
10121
2611
9942
9504
10373
1241
3318
7175
7590
14232
4430
15453
11942
6335
14216
3693
672
4139
11394
9461
4490
3162
1
11847
15826
13249
14156
13393
1940
11014
8053
10510
14586
125
5461
12079
7489
2737
11703
3872
2819
1419
2510
10276
15343
15342
6683
15943
5182
16073
13602
10654
3829
4553
1900
10534
12569
6374
8809
11137
15076
8939
2488
15162
4478
9734
7629
10470
2798
6215
12906
1089
7333
7885
3050
8060
16241
8139
5806
16266
15303
2700
397
898
4620
3826
11921
12574
14847
6788
2856
4160
737
11083
14016
13502
12646
8789
14396
11180
11179
9224
3725
15994
4983
4322
9628
1586
3935
5231
9494
10122
2848
1288
949
614
67
5747
700
12499
2227
14594
10050
9276
6319
9610
6812
12250
15079
13421
54
4375
2891
11512
10969
15611
914
9910
1078
969
7978
8657
4125
4998
15922
11069
13719
6534
9657
2010
4848
8208
11761
13503
1471
1444
5792
12181
451
9166
10935
8191
8711
982
7
14199
11070
7209
8125
11930
16125
9282
14430
11018
9765
3869
5509
16083
12977
5932
13243
831
9708
8856
16275
3334
5101
612
7640
13707
2743
5541
11519
13701
14243
14425
3682
1481
7908
10585
11360
14077
16346
13790
5872
9618
14850
4432
8813
3889
3238
2381
8855
3939
14451
3209
14142
14903
11088
10841
8915
13227
13858
12836
11287
14475
7911
5774
7656
7698
4368
10932
6863
11199
1370
9172
3105
7305
4766
14253
288
8982
698
4094
457
3913
15712
5506
10394
12830
3317
13862
14528
4740
8040
8405
11846
6458
16211
15596
1273
7803
14491
7799
16308
736
10831
6351
4066
13301
3027
10367
4684
10680
8329
14537
10978
5002
6367
3625
282
11525
10877
7638
5966
3362
6996
16250
4898
8971
14593
8941
3823
3686
15745
11454
808
2041
3049
1559
6917
8212
9510
9917
11577
8102
9803
7686
7218
13566
7335
1413
4308
11756
13557
12744
9851
13165
11520
11603
1522
6423
10897
12913
2583
6259
14739
9158
15670
8664
7639
13531
9601
5359
11157
2414
1971
15332
12422
10591
12834
14836
1133
3651
5138
11819
9283
1949
11022
15933
2661
9525
13363
8846
11726
8544
5570
8156
9599
3422
5484
9658
7747
3025
3944
4497
7970
14131
63
5048
15959
14367
5668
3178
10750
15481
3702
3516
10347
11665
3383
7613
8961
5195
14947
7541
7169
2964
14866
11192
5058
1393
7461
14254
10336
2050
4152
6858
4458
4515
1339
12853
9127
11398
6081
6953
2085
3101
6322
2417
4401
10853
5550
9210
15006
8775
10222
6303
11000
4230
14368
9625
14087
5495
3032
189
13232
12990
1704
16005
4989
5608
5968
9514
31
14501
16216
5137
6713
11962
1138
14573
13091
8806
2255
8774
9305
14874
4064
6611
13738
6224
8370
9243
2138
9699
4742
2712
14105
3207
15580
9579
14779
5703
14273
5244
4845
4093
9423
6009
11915
813
139
10611
2537
8926
11049
7440
15991
241
9593
7377
1428
2935
14986
9842
13571
768
9271
9684
13474
10575
6067
8426
9041
1536
16108
1717
5232
9211
4901
10171
6877
8661
10578
14424
3430
8793
272
14680
8388
13043
10376
14446
2452
12004
5347
14009
11201
12738
8858
6640
8044
3122
3853
16270
14445
15945
11574
11330
5487
6184
8430
8149
8204
7051
9705
1523
6667
10078
9806
2391
1962
9567
12517
14487
671
8129
724
1797
322
14280
3834
15952
13906
4206
3121
12032
2070
9788
2549
3085
13463
8386
7284
12224
1219
9019
8267
13525
10150
10956
5908
13666
1779
6748
10254
1861
12507
5949
15853
10980
15296
8549
5540
15915
12
2760
6405
4051
1095
3154
12949
15451
7938
6741
14457
7733
3748
3274
6973
4663
1555
11522
10533
1069
10878
328
15529
10139
8496
10004
12482
11224
11204
7094
12766
14792
3549
7897
9495
5762
1859
13829
8895
2345
14336
15874
16267
11495
7722
1991
7282
6428
14320
2045
6743
14762
2936
309
16289
11791
12767
6969
15496
11274
13419
11643
13907
2380
1874
15733
2852
7785
11536
299
13391
9893
8273
6395
11524
14304
14724
9123
9683
15115
11750
6333
12112
2495
12039
6791
11741
7931
12382
9467
4319
10638
13377
6206
9693
2119
10675
730
9512
11108
6715
7118
4279
16078
15199
379
11399
2831
7140
13063
7050
8423
12015
14623
16169
639
14219
6728
1214
12495
4967
4784
1678
2828
658
3617
9411
7392
2587
9135
11602
13710
2097
2993
14837
15657
9097
5019
1324
9535
6864
6465
9522
10840
9194
515
6375
7836
12349
11616
14514
338
2305
4292
12872
16283
13599
15026
645
9905
5974
13055
1800
2036
487
4916
1316
12976
10565
8903
13475
1709
8942
5994
15282
1443
10754
11972
13189
5399
1456
13418
4786
7167
2928
4184
15839
260
15029
10922
6643
4584
11898
14812
4100
15000
4506
9751
11091
11728
14930
10805
4099
2117
9880
464
9604
13174
3626
10828
13242
9051
11252
609
11505
2477
7413
6246
14050
8436
5589
731
716
4679
14817
15828
8045
15921
8385
15140
1906
16341
7895
2200
15119
7994
13130
6149
4609
971
5991
4925
7330
9938
6216
16080
16303
9799
11957
11445
82
3820
802
12726
6027
9478
14963
1658
2318
8826
5526
9953
8205
15310
14205
7514
8043
8952
12533
9613
6218
10848
3518
13370
3767
14840
4333
5849
271
10433
8210
4729
16327
9666
14784
2871
3153
10678
10755
8548
7769
5486
511
9192
14846
14408
9739
13936
15320
6005
7146
9903
15023
6823
11139
1006
11453
884
2330
10487
12610
10223
4671
1492
8384
15291
2952
2273
13101
11588
14897
5835
13070
959
13465
1203
7699
14625
11095
9446
9960
6515
13548
15542
7129
5164
10044
6707
3382
4376
15717
1085
15567
6647
2354
8079
8615
770
828
10910
285
4886
14904
7157
14092
6047
7955
7495
7481
1163
14197
4573
14147
14968
12841
10549
3827
1265
911
5579
5783
12197
8151
9122
5569
14941
3494
11350
9407
6304
7405
2035
11735
3170
1124
6750
15148
11253
4548
5764
13223
16056
10814
5697
12828
6605
9872
8363
12506
11614
5294
8900
5086
8851
7645
15815
9675
8068
12714
14877
16251
1027
2806
1589
2088
6094
12846
15944
15258
11352
5583
7758
14117
6593
1915
948
1734
13605
7466
2521
14090
9069
107
10058
1437
6948
11586
16235
3421
8252
13454
13206
5718
12902
1331
1826
10319
10042
16002
6719
9351
10081
11723
13002
9266
13160
3874
2850
1499
5852
11721
6077
902
12527
8605
4931
9876
11912
3674
15086
2444
7418
3606
11147
14690
5036
3155
5123
7310
3960
13568
10464
5802
144
8616
3115
10320
9877
8130
3623
8817
14127
2205
8631
7981
7089
4295
9073
16336
5549
4935
9078
5883
14736
16248
13203
16168
7381
8260
14737
12515
481
1875
6381
9241
4807
15267
9818
4378
12810
6623
15112
242
2581
11639
15877
3562
5458
8109
3006
3458
9284
9039
10924
8627
351
4982
641
12732
6527
7729
2610
8009
4863
5511
6204
15407
3330
3694
3403
2970
14370
15063
3177
2100
8642
12658
7009
10285
1039
11150
404
9223
9538
8411
13137
15764
11475
12541
26
654
8720
9133
16095
14211
15399
3169
8673
3793
15382
5319
12839
9260
16115
8668
9429
1169
4612
425
12572
7230
7879
10301
5363
9125
14861
4399
14166
3014
15130
4933
715
16240
5119
10216
9217
9854
6737
13263
10005
2500
13732
9309
435
5896
6601
6585
69
6043
15420
15770
2756
1710
16208
15236
10251
9725
6349
12028
13724
6577
4759
5263
4864
5663
2501
7741
9587
10283
3561
3802
8538
3738
13148
9955
13211
6665
4238
8225
11044
3394
8155
12557
11989
12773
7806
3030
11931
15470
7562
1061
3351
9655
15053
13545
13765
4730
5558
6761
9180
5999
1771
3075
11256
8120
2558
7289
1461
308
6924
13550
8771
5031
4423
8368
14892
10770
1463
990
7274
10826
115
9112
8104
14864
2688
538
7165
5332
2439
13442
3467
6718
1180
2600
14175
13480
12497
8467
11771
12644
14694
5606
11795
10106
883
7965
4756
11830
950
3125
14278
14027
751
5403
3258
4698
7275
7710
6746
2851
317
9136
15736
4932
6165
6264
6961
14268
10862
14657
15732
12717
15064
10209
8456
8218
8555
13321
14144
9852
7225
1094
6872
9689
8303
3385
13308
6090
12797
13865
10207
15988
16349
6962
15090
4009
1825
9098
16181
11874
13289
7982
15812
825
2643
6399
4681
11952
9819
7198
15045
9775
9074
9741
12003
12865
12372
3290
15294
7537
8398
660
13488
11591
14472
13319
7046
8328
12548
8263
4526
12469
14583
6758
3563
2679
15480
13618
10406
6285
6072
11173
8709
10260
4007
4158
1431
9608
2027
12649
14184
6180
3071
2051
15554
11841
1583
15588
12082
5321
2123
8394
10387
13116
4383
2566
5798
7433
15625
1904
2571
12860
12562
13089
13586
7534
6203
750
5892
11474
9638
5651
6354
8164
9726
3078
4150
8264
13052
15467
2469
877
7655
5049
10385
8341
1112
14971
10442
8335
8918
10215
7690
4429
9102
13088
8584
8737
15559
7578
13190
8797
13336
15317
15789
14204
14073
10253
7988
7259
13192
11313
4778
13362
4689
5981
11554
10563
14839
4809
13883
10552
4155
10986
10217
182
11210
12752
5111
4971
12638
1936
10480
10544
653
12768
2072
15171
15856
4542
919
4306
14245
4121
2556
3294
10619
2786
16129
10936
4829
7976
4427
12244
11572
7072
2911
10074
9861
967
1986
8455
12336
10421
11944
16081
13219
12340
7137
3925
664
7362
8553
13958
10331
1344
13411
6733
7754
2808
10982
14516
291
1696
13699
10038
9555
4056
9672
5917
15674
7684
3739
561
6198
1822
2764
1837
294
2492
16297
10497
1897
10606
4890
15807
8735
3848
10713
5084
11873
6307
4700
7047
14242
4803
4419
1026
3769
7833
58
1415
13665
14463
12366
6202
7797
10149
9486
10579
1062
394
12370
502
11624
14151
10287
5936
4501
6965
14429
6809
14773
14755
9979
6225
13005
12235
9972
14419
526
4796
8929
8001
9857
12523
8464
12840
14238
10420
3433
15095
13205
8490
10131
10426
16012
599
14286
7077
3885
12813
10294
1031
3197
2690
7451
14279
15964
14708
7066
7585
1951
2297
8137
295
6416
13523
3428
5614
1167
7854
5207
12673
11345
9698
2062
11948
2822
7430
16265
12426
3222
8057
11283
7226
15445
2120
12568
1835
4444
1477
11060
12056
15610
12345
9303
3358
3985
9468
2189
5528
3815
1308
1292
14099
6408
6331
15779
12252
10297
11450
14447
9492
4826
9052
7863
10948
15075
5191
9975
14283
15553
562
7588
9000
15855
2074
7906
14951
15546
8235
8054
8119
7227
1594
2547
3112
14226
9724
3611
2740
14768
13019
8501
2155
3408
3719
5218
9248
7021
6490
11290
7171
10917
8420
10970
2436
10625
13447
12214
5393
2837
998
9017
12106
1927
16234
4960
8776
13942
10812
4513
11909
5012
12794
1634
9518
1540
5986
8277
2180
2982
1327
11270
12760
8705
6030
7184
2949
13240
9085
5629
13894
12713
11444
1354
5801
3953
7856
6782
1684
2055
16055
1212
14741
9489
9539
6219
14906
15875
9165
8177
523
6344
5360
13369
15305
8684
6298
5466
5021
4195
11276
3485
14150
8163
15676
6736
11671
2545
9681
6061
1768
13118
15510
2150
10116
5497
14492
1557
4805
4164
3560
1246
2113
4499
14459
4910
4952
6659
10095
14409
12729
11593
12657
11362
10588
2112
8439
15035
60
3755
9554
7343
13924
3964
10566
14013
14949
15008
164
8056
2106
15680
4551
11163
10219
841
8478
2796
847
7717
14374
5133
15716
7396
5536
9396
16000
2534
3816
12333
2154
15804
1795
3479
7609
6943
4023
14483
5622
7535
9937
15286
13083
5871
6155
3392
6679
8722
7346
8185
6834
7972
7002
12917
2479
10208
6038
11844
9043
2206
16338
15925
12436
11965
12248
7015
14417
5389
557
3448
13359
9513
15316
1453
9237
3505
10513
16260
9021
5490
1711
13212
1521
8190
12017
7652
11540
11947
15389
4178
10202
12946
14295
13037
3296
3219
2561
13987
9380
15444
7205
2375
2762
13066
6074
4833
6589
2578
3612
15568
622
10491
4080
10337
15666
2902
3480
15960
15325
11790
7986
11385
10573
6092
15870
13658
6450
5812
15857
10515
4027
726
2279
11098
9418
12161
9951
10902
4670
12415
15840
8523
4037
4293
11768
11096
7393
9148
2629
4811
9427
2202
2538
3703
7412
3527
16229
10345
14392
15521
7928
3544
7042
11291
6794
3764
6537
10324
12057
859
8087
10489
10672
7672
3716
12312
12831
12633
17
4343
12238
3805
13900
558
10666
10065
306
2620
13959
6194
12230
207
7760
14322
8854
14952
15007
7269
7960
5893
15485
9333
3300
3387
344
10333
2378
5167
8599
8280
4083
11400
2020
11100
10771
10882
10485
5686
4146
5964
729
8243
923
9099
14581
12443
2458
8437
16065
16340
4291
10107
10734
3074
3709
2893
6062
10454
11435
14293
1021
9996
15641
6261
9077
7701
3517
2258
9848
6766
13208
615
9229
12492
12803
12981
485
9617
2986
3039
410
13626
12087
6998
7800
604
7055
20
3157
2873
4651
13946
4827
8337
2502
1879
14948
1113
5542
9400
909
13161
9459
2373
5562
9619
11642
8580
5988
15865
3711
3647
2473
13526
15173
7456
1206
2224
5545
876
4337
11513
1834
4638
7846
4324
9437
9371
13787
2981
281
5975
6317
9345
4317
11073
10096
14629
35
4494
1673
903
8920
16334
2364
5335
11388
11035
6111
6971
15794
10477
13394
11910
10974
14785
7715
9496
10432
15218
2919
8491
15796
8701
9667
11207
1576
4241
11857
7523
3687
7258
186
13384
9100
11995
8463
4439
5060
2778
14497
5671
15131
5870
14287
12651
13329
14265
2308
15394
1447
5865
6457
14364
3916
3224
13056
14558
1276
14186
7497
10204
3936
7438
13681
2637
9863
3775
11235
11502
14927
3389
2217
14256
9378
6988
141
16379
11476
7943
4632
3176
13256
930
7406
2562
15338
11877
1554
15786
1882
14234
9700
6706
8755
9889
7932
13834
910
7012
15019
9327
893
5279
0
13569
10231
14111
12234
10190
3022
1840
2881
14258
11129
179
1385
4314
1621
10103
5719
14932
651
8427
9859
12146
12628
7745
9641
15646
6413
649
9150
594
2592
10037
15820
4832
14377
6580
11392
4650
15318
2990
12321
9116
3646
15817
10079
10023
7968
3322
15560
340
14510
1209
2456
7930
9177
4273
14086
13507
15201
3856
13591
16146
3649
2480
4893
13772
7973
5890
15798
494
15849
2263
6361
2334
4217
3675
11382
8375
14270
1558
2800
5428
12309
7549
5421
667
1003
11497
1474
2311
7996
14919
10779
9962
5328
14531
6705
4773
10555
15289
12315
11250
4351
7463
9460
15226
7158
13376
16302
14734
3692
14942
3002
13910
11421
4276
279
623
6174
1896
168
15462
11541
1791
8101
9261
3596
5660
9647
7085
14302
14748
13784
8069
12159
15154
2974
5171
13169
10245
4296
1332
6466
7913
3302
11955
11061
13690
5746
5979
4265
6807
873
2365
5318
596
11329
14608
6991
5401
1939
2454
7190
10291
10167
9500
7847
2706
2903
4046
4067
4102
5260
3619
5863
7954
9079
9588
13241
738
8494
7429
16183
9639
7447
6844
5825
6506
7838
9997
13025
13515
4091
6673
431
8383
12334
4341
5624
12480
8786
11123
6051
10574
662
2361
12534
7105
15705
7283
12296
9205
4587
10039
8336
143
13267
6578
15932
5410
6594
4897
176
14770
11103
4
4186
13439
14633
3520
14480
3012
7682
13049
10752
9568
6253
6709
6164
3486
13597
8611
6244
5937
13773
935
4903
3567
13902
14782
7243
5845
579
81
5087
774
14713
8322
1819
1365
1497
3223
16285
12130
121
3684
1546
8150
13177
13156
1753
5425
13631
13182
12739
7141
10747
11087
14992
13378
7334
7919
11142
8451
11732
5416
4615
4635
14259
1383
2470
15901
15500
13261
5580
4950
12405
11246
1439
7746
2401
13606
437
11938
6448
1190
8506
4877
3546
9581
6132
1847
2961
10228
1141
14675
10706
13962
879
1333
10714
15422
3574
12935
5092
9264
13436
16025
3499
7276
3673
5649
6889
14188
7777
6770
4243
12206
6455
11492
14358
16222
13522
14030
6803
2777
7295
1660
6768
6653
9057
11206
8699
3151
13794
15207
7516
2496
10168
14057
997
6433
8568
1587
14095
280
619
311
5928
8783
6772
9957
475
13153
9049
2451
1924
14554
9449
1020
3018
6614
13021
12856
3331
12052
11257
5130
10532
13870
2560
5980
1574
4758
8165
1236
5696
6306
7491
13307
1612
2769
3920
11804
4255
10539
14201
14257
13103
13601
15548
7890
15509
8536
9428
12354
4281
11162
2485
14082
2094
6238
7264
14001
370
10155
699
15475
7950
7675
14249
4367
15434
7415
11318
3734
3636
12672
1494
3777
4711
7783
15257
12905
13290
197
8391
7403
10596
9101
11911
5190
14247
5131
13914
6749
10903
2854
814
15750
2457
3147
12988
12190
7837
12950
14664
3924
12966
11767
7080
11571
9060
9860
500
10504
3241
6556
2868
15170
745
15983
221
12403
3938
1895
2442
12924
14116
16256
2141
12486
11389
15216
3974
5929
12612
13423
9376
216
8808
6037
3645
7414
8344
7700
10952
6650
3159
6050
8373
15425
1342
1892
10326
326
15323
11903
15758
9773
943
10187
3621
95
7910
6158
408
13280
5375
8840
4716
2897
9914
74
3526
1580
15863
5156
1954
5158
4205
11341
2152
15335
1441
12232
5269
534
11858
11102
14525
15999
15778
2382
8441
9408
8653
1503
13018
14878
6806
2520
10912
7643
10368
689
7439
11152
13655
14126
4172
13492
13126
8016
3622
14171
7257
10218
10307
6318
6958
8127
4913
15204
456
5307
14160
14192
12772
15328
8719
12014
1843
980
10968
5117
3397
8724
7039
4177
9447
5488
771
4822
9656
12194
4107
1907
7739
13188
15072
960
3531
13876
1300
10519
2000
2931
13029
9110
8107
15141
6882
9481
11737
15052
6000
9664
7558
4554
10701
10321
7820
5085
4987
5946
5082
3533
4539
2591
7459
6907
12303
16367
11282
10823
12359
6007
11640
4815
13196
6876
13064
16321
4213
15621
11470
15300
6821
2460
10080
15927
12655
11194
12632
15386
12425
10482
13367
13340
6489
2030
2815
5824
5442
14345
5273
2507
1198
131
16376
12350
7254
6404
3713
8424
9162
10292
15056
10918
11354
12606
11933
10981
2011
14790
15854
6200
3119
8835
6931
15165
2233
6576
10880
13639
3608
14655
1977
14538
4861
12809
1754
12280
14833
6759
12731
4538
15512
5216
11601
8606
5546
2527
5435
13008
7575
11523
12934
1140
7949
585
5725
5707
3959
908
544
15195
3948
13445
5983
12844
13097
13317
6193
2220
1845
1751
1348
14106
3182
4034
15412
16284
13000
14879
13234
10822
5096
173
13630
9344
15537
2574
8005
5921
3648
8887
9976
5555
2489
6541
12476
5794
1955
5237
2111
7544
10758
10614
6880
12488
10851
13084
11349
2359
10399
14101
2127
13901
12516
8824
9484
2165
3459
2277
8532
13482
818
15721
10777
1353
8231
12596
15347
9970
15439
2548
11442
10618
12468
14339
11457
16226
1267
6058
14795
15396
7180
3837
15139
11260
12465
7618
11674
2143
2616
13574
6103
3676
13073
1723
3313
5717
12338
3089
15452
3945
15369
2536
9184
15418
7718
1363
9750
419
479
8981
5005
9359
10064
10274
6205
8758
15755
1637
801
10900
3864
1230
4225
3188
4411
16007
673
14121
10102
12512
16037
15465
4558
14289
13919
14831
9353
9982
1480
10976
10488
7428
9228
10
4630
15626
6538
3256
6279
9295
490
11215
86
11836
11774
10576
13854
8434
14615
9137
4946
12386
12669
14751
10441
15963
6403
5433
4720
5105
15448
2289
10411
8257
9904
13857
13981
16339
2885
9419
10025
2966
7933
5275
5166
15860
7070
13096
4889
5926
11553
14539
9743
2926
16049
11174
13823
4790
1910
11127
2776
12358
9308
14165
15146
9265
9022
8591
9543
3481
15192
2059
8356
11785
8052
711
10040
772
6135
4725
15487
9717
15357
9531
15644
1965
14031
567
12058
9520
7825
14869
1776
5446
16102
3093
7946
9420
4702
3133
4380
1741
4860
3962
10925
10226
16079
9238
194
13629
10844
16262
9441
3128
15411
1816
4412
3226
15633
14435
6398
4137
8695
3809
16196
14844
15150
9888
11531
13774
463
11288
1815
15287
13872
14529
4370
2662
501
15951
2372
4839
11013
2771
10211
7347
9301
1165
5485
6627
1864
11835
3040
496
7782
11297
14221
5059
13747
14644
712
1653
5970
8343
695
11496
14053
7533
14365
10052
4168
13388
13504
2758
8990
1181
5118
10514
11072
10035
10592
888
8449
13999
12679
11196
8821
14431
10530
1839
5658
2508
3410
7123
5188
14954
7529
12326
12155
4029
14209
14477
6533
10829
7464
897
13446
3308
8270
4048
12090
1041
2226
16347
2522
2293
3794
16207
8513
6622
8186
1372
2910
10279
6167
3995
9129
9945
11340
11629
1171
16198
3426
5215
6388
9783
8425
5738
15754
10767
4128
2181
15535
629
4382
8406
9980
13119
14794
10741
7409
1931
10405
5925
5732
11528
4193
3198
14068
14371
9956
14108
9582
5198
11564
7726
14020
7870
9687
10206
3988
14745
12991
1759
14103
13331
10128
14456
6276
15565
14760
4013
10449
1780
10401
11208
4325
14845
6110
12582
10312
8998
630
2298
10735
5582
11468
15107
15918
6097
8504
1226
13806
122
13838
15519
3086
15156
399
14506
22
12883
13687
613
11818
6302
13455
8522
12793
14822
11719
5277
12097
15524
14804
1516
5202
6340
5559
6299
9810
12501
7135
9950
11985
9236
13799
1302
10536
2184
3710
4683
7270
13552
3510
16326
6108
10685
9867
2927
11580
12677
10562
15352
7677
7372
794
2247
9435
367
8912
10939
13451
2895
7666
13788
13842
857
9130
4666
3698
3774
11762
2377
7990
7937
8493
14003
8350
7037
1025
1794
5669
5840
4311
15364
10933
10753
9269
11532
6469
12115
13306
14300
14841
9948
14089
14828
9840
8907
3305
5693
10991
14329
6325
7599
5958
8571
11787
5304
11378
13468
3958
9188
71
5749
6785
15262
2040
10658
1593
13374
15947
14787
1628
9584
14987
5226
9974
12213
8195
14453
11889
10958
16292
16103
2415
14759
6023
1313
10392
3822
227
5134
2745
13932
1570
661
7075
13891
1262
14207
11409
11466
8647
5776
15637
261
10610
1909
4424
4400
8609
10161
1455
254
387
4312
11648
8487
7963
5249
8965
9455
11607
303
1511
5451
3644
6942
15678
9491
13621
2975
15377
5617
2983
10164
8286
3185
332
7867
1982
12958
6868
9310
11714
7090
5867
12576
15367
13292
8511
7117
6569
9570
4377
6625
12220
16305
4608
1186
4511
2870
12288
11411
15550
9869
7229
5467
16126
10094
11680
15724
9940
8182
8219
6702
3453
438
6471
11122
14051
2817
14599
2374
784
2555
14982
10381
5498
15975
204
7445
264
5094
13808
4994
14816
4001
6227
11423
598
132
6721
11973
9920
8096
15087
8798
10651
14498
12579
13706
3297
6656
3991
6269
6142
10434
10256
14717
12227
6356
4884
1298
1164
14503
6420
15161
4285
8845
4701
2046
4852
10366
3390
13943
8067
12138
896
8176
8299
3361
3211
637
10196
15083
13952
9995
5596
8138
9244
9497
7553
49
10425
15726
3204
1699
11272
1307
16190
16366
10243
3265
15106
13375
478
15518
13302
8499
111
13060
8458
14414
6804
2553
1270
15937
9009
10409
16018
4750
14907
2951
9087
4486
12332
5523
1285
7924
9139
11436
11001
5556
10849
15709
6999
9196
85
5329
8223
13511
13763
16151
7615
12648
2210
7100
389
13222
7395
11937
13785
8539
2002
6207
343
5690
9220
692
10769
7757
6658
15060
913
3813
13100
2286
11482
2484
7426
15809
333
3628
4019
2858
11431
16050
10280
10721
10395
13186
2946
6133
12972
6603
9753
12698
5480
5364
8921
4355
4563
16254
13250
13969
15555
1221
10889
13464
14225
16353
6229
11469
276
16337
13839
8161
13414
11597
1010
11407
1505
3067
15665
12033
1984
5844
14557
11493
8039
4336
4731
3557
6364
3469
7003
13085
16352
13584
4721
11336
3635
1685
12487
6069
11621
12243
5447
6290
11530
7755
6793
15383
14449
9181
12357
16084
1022
1701
3759
11413
10599
2215
11040
4996
6664
11663
15336
9096
5408
7373
4144
4338
11794
2703
804
7163
5075
3689
7281
13583
4222
6084
5859
2066
7016
7647
2748
2185
11303
16383
14170
12954
5217
9286
14214
10272
16026
473
1884
6818
1978
15292
3370
16140
3281
16091
7723
1488
12472
14896
6657
5891
14661
5357
10636
14019
15082
10087
4396
6590
2541
6148
15428
15639
8674
3036
13136
6847
16362
3766
5670
849
11279
7574
1002
14530
11368
3887
2057
7984
6581
4843
15070
777
9176
11894
3942
10129
782
6927
15883
3095
5165
9887
11114
14997
2093
12314
15355
4887
5213
14023
2342
10509
5257
3982
6100
8326
8116
10558
7091
10663
4420
1912
10505
6498
1036
1266
2615
11672
16319
4757
12449
1065
14619
9918
12923
1321
4203
3780
1539
2260
5385
10725
5253
12246
198
11829
11381
3212
3656
9285
7342
8561
1871
12439
6234
15845
3844
12043
15069
10133
8213
9929
16157
6236
11427
13382
10316
14685
3630
15543
7351
8334
14566
2577
6694
12706
9807
4710
16281
3323
2968
15326
3137
12390
1349
12148
13756
2269
2455
1789
4491
15832
325
27
13408
4492
14763
2813
14803
11017
5248
7420
2689
5527
3031
9761
12595
4069
10465
5790
15889
1295
9632
533
2254
90
1013
15966
15972
14809
7125
9033
9037
1490
5103
133
15363
15913
8842
4170
10608
1602
6440
2573
15049
9752
1204
4743
9611
9391
3193
9838
8818
13546
14544
5067
7298
11326
8117
13851
1761
14856
9456
2122
13082
15333
8071
16047
5599
9782
14972
13042
5539
1597
5688
12909
10377
2598
469
14401
6255
10815
13685
5104
9083
10286
1286
2440
12451
2174
11081
236
4544
5076
9026
6192
6852
4116
6745
3721
12957
12192
6258
1177
10543
6646
7823
3419
13993
8283
7233
7325
1921
6997
1374
878
4585
14141
11213
7882
1599
15599
4212
670
9296
12665
12464
8622
9209
12509
16277
9530
9161
13300
6599
1395
9814
4407
5376
8066
669
11630
15094
10356
1389
13929
528
14366
6377
12233
14943
14662
16261
14004
6144
11620
15022
4201
696
12680
33
4761
1148
8048
1814
954
4388
6860
14727
15600
10689
3464
13386
15864
10135
15685
5657
16039
8933
13033
11351
1388
853
15563
1657
13573
14085
9915
3129
9173
10542
16370
360
9216
4659
15340
3695
16223
4479
1358
13837
3490
899
14962
12267
13215
10443
5992
16382
7120
5
11539
8595
10371
14191
4984
3541
16159
14600
7032
15879
15321
190
1688
10140
7203
3571
2965
4021
1485
8472
4472
5172
14641
9523
819
6979
7425
9208
11709
5323
3058
675
6480
6573
9329
1524
16242
1448
10002
8966
6530
3590
14540
566
6899
12777
6098
9235
2552
5837
11747
947
3483
2175
4591
13594
13677
5826
7998
2603
2023
5184
8140
11266
239
6359
4606
1029
7138
14301
10671
5052
3254
51
7748
11226
12361
11244
6157
13754
14777
4618
2232
14015
7728
12053
3164
2079
2921
4571
2585
9294
12879
8250
753
8461
10232
6940
1197
13237
3343
11545
7767
4607
2793
7591
10086
14062
1552
15464
1577
1205
15121
5208
4919
11963
3447
6642
15311
2757
12496
14145
734
6459
466
12164
10389
13450
6025
3026
6315
9738
4028
15177
4489
12037
4840
2772
2427
3584
12221
5246
13986
7471
7899
499
14597
12421
15304
12420
14631
13530
6608
16062
6131
13638
11128
2656
6162
12072
13381
2594
13613
16075
16368
6853
2335
13295
12826
7540
9839
3902
15180
4692
8046
5841
13155
1920
8923
536
4945
5855
14855
3961
6341
14391
15182
9827
8408
1724
12430
7147
10360
7920
15050
6430
1303
9517
7483
14648
6288
3501
10181
6196
728
5751
12251
7399
8313
7382
10697
4847
2108
5417
5034
15858
3657
13840
2648
123
8024
3978
10460
8221
11751
2129
489
11853
4360
8471
212
14504
9464
13368
15656
4831
5969
12513
250
12012
787
12757
2652
14104
9375
1279
12504
4036
7764
8617
8038
1360
12696
9502
15502
8911
5330
10623
14252
3607
4862
9898
13656
13178
827
8022
16048
1328
13758
16309
6363
11093
10259
4223
8742
7110
10501
627
4003
4940
9521
11650
13600
4908
15692
9476
10255
10156
9756
7312
12360
10031
1757
1679
6475
2044
2506
1708
13198
15047
5963
4057
4463
2941
5636
15536
439
1592
7997
10269
3875
15912
2795
108
5772
8730
1556
6026
3110
5864
12299
7367
3838
2481
3395
7791
11722
9046
9354
15808
9197
15824
988
3714
1948
12218
9952
13636
6552
9482
13864
4119
2449
11941
12137
12462
4456
14291
3760
9186
9182
14466
8669
8805
11322
13702
15741
10905
12842
2125
5502
13558
3733
5477
8659
3057
1376
9544
4536
1451
9352
6063
5450
10278
292
10157
2939
3605
10710
14007
14966
57
7078
6937
4104
10971
13564
16118
3309
6941
9117
10266
11263
11683
9837
8358
1379
4438
2579
14875
7194
2695
11361
3445
8115
492
4316
14789
4975
14944
14218
1534
10189
13918
14579
15005
11746
16304
2060
4775
4837
447
3901
12174
2617
8284
2114
13090
553
6086
1832
9663
15362
9275
5127
13432
8230
4218
8076
13032
1296
14683
6362
1893
11240
11971
6517
3983
14235
1233
3037
8352
6905
10143
10047
1671
681
253
6778
11662
9627
12821
14818
4165
3507
1974
12157
1130
15368
14179
9841
14028
8170
7788
6265
2441
5578
606
6282
6393
5014
14128
11961
14728
5833
388
1944
3629
14979
4999
3765
5520
15949
14912
12547
14556
11500
12995
14562
165
11617
118
13352
10564
6422
15931
3660
10393
3024
11346
10338
16194
2855
7322
10119
8902
6689
3918
2681
14550
3950
3261
4445
16033
6338
1170
4995
4993
2393
43
15737
2731
3731
7273
4534
5591
15395
4084
7262
1765
8707
13131
4939
13723
11814
12597
6613
15528
15032
12395
9709
2613
6720
4330
16052
9557
7948
5758
12593
12101
9669
2641
1472
8505
4450
6221
7221
2987
6049
8085
13323
10178
3640
11594
862
8209
1713
7623
3400
13777
12524
2888
13315
13010
386
12964
89
14412
13477
14153
374
3335
13125
3029
6634
15619
8051
2515
11055
5009
11118
3937
13409
8003
2943
14778
8476
5607
15213
13456
5957
3099
9399
7339
6342
10809
12553
16021
4879
12107
3098
6262
7632
12298
10317
5235
6006
9546
4452
4752
2912
15051
2605
2462
3699
7888
9990
12933
3215
11472
5168
9564
6816
6645
3811
104
3181
8727
6125
1115
12663
13311
7087
7313
7857
552
4675
688
16199
1220
9350
7142
7642
14149
9132
13663
8339
2950
15638
7290
7263
4451
4457
14140
5017
2922
10271
6710
10627
10653
14196
2722
5436
12261
12498
4334
3168
9713
5701
10270
2157
11547
4017
1778
11146
2213
12404
10920
11619
12167
1491
10476
7316
3896
15259
7366
2467
7287
11131
10439
7508
7712
680
5204
14934
16274
9363
11
13272
12006
13282
15618
10994
3412
11677
12379
12941
7153
2329
4192
5820
6919
7232
3923
10061
6802
13549
2565
6583
863
13805
1515
9590
11134
6343
7155
7941
13625
14939
15283
13873
5702
3320
5423
8773
10022
9721
12005
5144
2230
15003
9864
7670
8010
6482
1432
11867
4135
13848
7045
7479
12592
8608
11705
15862
4240
11986
8192
15129
11806
8092
13230
12290
4364
4258
12886
15108
3670
2649
7657
3782
3190
12564
444
5610
14138
11462
4639
15663
11090
8248
12776
7422
319
6680
5609
775
11452
11573
1633
4229
1828
14271
8853
15907
3314
11064
14534
7751
5455
4266
12985
4060
11334
62
855
7780
5623
11107
12812
7126
7706
1945
2049
3087
10517
9768
14223
9596
4462
15923
3977
11197
14326
3524
5132
14628
14826
2172
10640
10583
16290
2738
14692
14772
1091
12740
589
1887
7547
3250
3266
5877
16236
5503
3495
13684
14513
9409
11289
4471
14210
4006
5155
7154
13506
525
1434
15237
2672
3598
1959
14416
8516
16288
15725
3585
5613
16329
10571
4263
2580
4771
1526
8528
5411
11463
7628
4596
2017
4691
3131
1498
5727
10875
3576
13039
5514
15208
1644
7555
14970
2623
1870
4520
2739
1269
4508
6101
12635
11499
6895
12623
5521
9943
12196
16032
7151
1047
12843
8706
2026
53
10262
7152
8991
252
6631
8928
7213
5230
4476
9215
11320
12327
11369
9766
6330
11713
3268
1162
10919
9490
4254
4872
12996
8784
6985
2475
2272
2089
2105
11280
4882
13364
5505
3356
448
9014
9198
10127
7192
7239
15449
3843
13979
14042
10066
3474
9279
15016
474
12009
7830
5464
19
136
5729
8354
4105
15904
14742
13651
5694
2622
8253
11048
406
14753
836
15971
12065
5310
13110
3566
13327
5350
16086
12337
4403
9082
302
7641
3972
5584
13611
3232
1510
5042
11684
2103
8258
9849
9998
3202
16116
9466
2519
15833
4707
3194
8193
9796
5524
1319
14164
5554
1618
7019
10667
12023
15614
13832
15242
12419
9044
11563
8547
4086
12522
5676
7371
1672
15284
12437
13580
15031
2833
4926
4113
14834
10308
5365
1362
8306
3801
2095
2086
7436
4468
1068
3051
7236
14442
11379
13051
7188
9056
4703
1155
2857
4754
15244
12897
8844
14914
3360
3976
8621
12225
6795
11515
3532
11956
3454
761
11067
11744
1918
2193
14672
8778
14373
11295
9185
10626
2290
12978
11861
116
4789
14541
10739
2862
7380
6695
16122
7873
12022
10707
6380
15903
3243
15667
11386
7935
1414
8569
12198
5250
1996
12750
13686
4395
200
15275
163
3792
9526
2429
7617
13517
1430
13287
12435
13247
471
11178
5525
14908
5501
9053
2350
11080
8393
8543
8843
13855
9054
9164
15147
3255
7443
3208
13483
73
4390
7515
8321
4004
10661
10162
2250
9605
14033
6311
11293
12471
9206
5289
912
14959
5913
12027
11698
15260
9119
14363
3910
8262
15015
14695
5712
790
2684
6887
11691
13438
15281
188
3216
15834
13428
8142
4732
15873
13575
7842
8417
15415
10825
9214
9629
11437
6675
14403
13904
4251
1042
3666
15209
6365
3417
14215
12829
15566
6254
9858
3011
7563
13554
9776
13908
2542
3324
5170
10430
15547
11438
12428
5093
12432
3726
13371
529
11370
7038
15410
4930
11681
6171
12790
5259
9395
14686
13035
2820
9430
9668
3456
4918
2073
8416
4870
13576
9025
11254
3891
203
10613
4477
2302
9550
7858
5779
6010
9612
9318
3587
11332
12070
7598
13457
3283
9170
4181
14977
4256
11905
8475
10888
4977
14318
4899
13252
3785
7065
357
11872
9113
11010
13941
3652
10692
9313
13696
8524
8891
13041
2774
2956
298
16165
1963
11585
6801
10495
8779
8682
1217
1496
2570
3690
9404
3641
1781
10561
11780
5382
8652
3231
11494
6963
3217
3272
9694
12282
12474
5786
8573
14266
13581
9967
12324
12704
3172
4115
14342
1811
6606
14195
10029
12484
15469
10724
6312
2091
13672
9589
3746
1248
8746
10594
2847
2309
1824
10868
9572
1533
10785
3642
1975
6431
376
14598
11075
8529
12511
1938
3997
11281
10979
8065
12868
3756
12084
11782
10864
5780
9890
13373
1569
14202
3677
110
13275
2300
8618
6939
766
4722
3745
13320
15872
14699
16246
7185
8849
7018
7251
5006
16058
14535
6570
3045
9225
3965
14034
9374
5175
273
12440
10893
5816
5682
10166
2699
2169
1100
12857
12500
14609
3158
6173
5630
3858
3345
3253
6079
2166
4936
15569
3278
5431
8557
6825
3659
10961
4719
6024
10567
12374
13434
5644
6655
13542
14263
1928
15080
12388
11007
3326
3724
3537
15297
16342
9179
8251
15388
8819
6468
16213
8630
365
6651
4272
7076
3741
7363
10712
10699
6406
10148
5001
618
9878
3569
14743
8520
7912
3298
10300
6740
4231
6240
2319
15489
13877
9306
10205
6376
13210
6329
428
4626
16182
4386
3807
14636
15314
14624
12183
2963
9585
14148
11271
10704
15982
1808
7744
994
10314
16004
12955
6786
577
11789
442
4824
15240
15293
3
12783
7098
13410
3791
14011
2363
380
9001
14469
2934
5152
3150
3999
4278
11306
14711
2660
15929
1323
13982
10845
5469
10942
8019
16257
14335
13141
3273
1769
6648
6523
6592
9792
9600
11984
6
10634
7887
6522
10859
4718
10090
14296
11504
7119
432
11758
13179
8879
15392
55
14096
12483
9634
14999
13246
10793
12040
5124
11489
5985
15486
4232
11006
1881
5473
16361
13218
1950
5225
1382
918
1359
748
8173
8014
12963
16228
5860
10693
4459
15924
2980
2853
11611
6089
16313
15432
7884
11268
378
2327
12364
9076
3289
3021
2216
2321
5024
5148
11333
2687
3491
8174
1008
13485
7709
10502
6725
15397
4566
3814
9853
7101
7048
2177
5894
10100
1200
15954
14118
15057
15603
9028
12563
5098
9472
1745
2754
15998
11527
7033
4851
8640
10715
5121
7520
403
3023
2621
10881
760
1799
4474
12867
6309
10811
12147
8126
13402
2994
14054
2651
14193
11743
10963
6390
8353
12304
10220
7969
4133
2696
11056
9272
15797
6267
15276
8869
14376
1902
12442
2720
6805
2126
6870
15350
7542
1670
4953
77
4156
14060
3810
8296
7235
13632
8969
16150
3662
11687
10516
5977
2343
11549
7401
9650
13950
16120
10631
2241
9892
4303
7496
10696
14592
2104
10679
11136
13167
3732
1172
8444
14494
9390
2009
9755
4643
6949
2557
6966
15414
16307
14520
3280
5265
9281
10334
3120
7768
13435
1037
11109
973
10708
7356
13168
6747
8365
7526
5734
10955
10899
2322
16130
10783
1763
2236
10417
1766
12734
8954
2196
7606
6714
9812
1997
14418
14596
15813
10503
8943
15868
4058
13006
5377
13420
6013
6700
7980
15706
4436
14388
15359
15551
6277
11970
13140
15288
7345
6289
8558
8837
15228
6660
15074
5163
10984
5068
15078
8919
4954
15556
6920
15710
1427
6056
16023
12959
14527
6369
1489
324
12007
11727
6044
6124
15594
2955
1595
5553
3821
11160
7384
933
2265
3332
7421
2069
9985
14813
15220
398
4915
15225
3897
3291
3053
2384
5736
4236
8876
14901
10033
11590
6930
3109
11319
5791
3363
14732
13835
1625
1934
13844
11538
2584
797
11243
632
16343
7025
13076
127
8678
1093
4097
7584
11417
283
15888
3068
13825
8112
9226
1238
9321
15460
8829
14876
4138
11148
1966
15306
12203
10612
12761
5858
6773
16325
504
7859
1215
2015
8432
1538
10136
1691
8404
10766
14780
15690
10546
12723
3001
7818
14612
7961
12926
5306
14616
2396
12301
2418
13640
12636
8986
7905
15380
11772
12540
4089
3391
15516
3352
12289
16010
6138
10630
15605
10711
12154
13734
10030
9884
14673
12545
11099
4189
1957
5040
1253
15251
14120
4794
3369
13845
8349
15919
1500
5355
12240
6846
14928
2543
7633
2225
16188
3736
15472
10183
12641
15151
5373
15114
3506
7268
13753
8950
8018
1364
8878
13917
1044
6967
10364
7828
7467
14067
542
5214
12306
14177
11483
4878
7191
76
7531
11759
4723
8662
3828
1422
10354
12832
2149
7099
929
10142
11570
10111
1301
15483
7260
14710
14588
10492
6425
13389
8078
966
6145
11855
15227
1325
7528
15652
16264
16377
4244
14604
9919
7821
15616
9747
11503
12133
450
79
3496
10703
15238
2459
6495
12800
7925
2071
48
8938
13057
2602
277
826
5659
5406
1700
8061
1891
2266
11415
5264
2195
4151
4329
7877
14158
2067
13955
10010
1773
7660
8614
7332
3895
510
3679
7354
4406
13509
844
4300
11715
3462
12818
11880
9532
2179
5340
2464
12710
13744
14956
5427
4787
11752
12156
6888
12195
4657
5033
13486
551
780
8310
1622
6070
12380
5369
12208
10722
3339
11264
2153
5008
9088
15215
4073
3581
15718
5041
10402
2471
2944
13608
8671
7277
668
18
7493
5741
1898
8100
9178
9064
4495
10313
4810
12505
16335
5611
4859
9278
11954
10344
1785
369
1993
5532
7661
10288
15285
15635
4715
8489
3431
11205
23
6771
278
5654
7031
2907
15612
8697
15939
15848
10587
12120
11275
10835
2029
14351
3797
12001
1635
16224
8635
7079
4948
13733
14872
4535
15894
8162
7348
10374
13259
10600
13985
3894
926
4540
9222
14178
7148
1275
13283
8134
16063
2741
5819
2240
16101
1715
6989
16029
15497
4339
266
7921
11113
15018
4039
7678
13612
14524
5434
10855
4604
9432
3325
2979
7945
2633
7620
14290
11556
11078
3521
5869
13692
10746
6022
15163
547
15413
10435
1399
1420
11940
5317
3218
6041
13075
5878
12688
10093
1256
10891
1202
5169
5176
10019
1662
5563
16245
9576
9533
15816
12927
1849
7394
13811
9263
15024
5345
2840
2932
12026
6385
2139
9032
13816
10732
1277
8111
13780
10043
14123
4381
13641
14462
9566
14807
15792
7199
7519
1280
8202
10923
5023
16287
3048
11692
3637
10264
7915
13994
9143
4280
10554
12131
16127
13807
13538
11757
10662
8935
13453
15731
157
14348
6531
993
9463
16106
16359
3409
1225
14667
15054
5577
7210
5548
5588
9128
7224
11918
1960
4561
14248
11838
9421
8691
12799
7595
3237
3338
984
12055
8128
2676
14821
14983
11711
15312
12707
779
11125
9571
1347
10057
16072
11598
15061
8715
5517
508
4956
6409
16344
838
7133
10508
9616
6012
11627
4792
6539
3366
15700
8694
3685
458
10113
792
5025
13365
4808
644
7454
2523
6546
9583
2235
7411
2665
8438
12292
7182
6524
15645
3425
6669
8629
5817
13204
6764
15886
7804
15938
10992
10927
6467
1346
3460
15527
16294
15203
4448
5597
1651
4366
6372
1357
8978
2081
5834
8443
3908
7683
14815
7787
9326
6214
3522
5711
13479
11169
8148
10484
3631
15142
5312
15167
12894
3688
6109
8387
243
6170
10541
15248
3285
15814
342
12730
1338
14651
6820
5777
16381
460
15476
11976
13134
7216
14793
957
776
11537
798
4331
12823
12786
2804
1831
9834
13497
8881
1649
8072
13427
4734
10802
7397
13826
9800
10837
7022
16068
11267
10483
6494
12971
13034
14162
9855
15697
38
10221
1111
9387
9426
9005
476
8781
2524
1157
8760
15123
6121
3103
453
15973
5245
11198
5673
10624
15728
16041
8298
14721
3286
3465
7627
821
13913
15059
16280
1158
4866
3955
922
8866
2714
11945
8199
5595
12802
4738
4676
9873
3033
16201
13704
4579
9144
2201
2599
13342
3450
522
6618
16099
11860
13587
9154
4565
15986
4488
9969
2274
3730
13269
9989
1665
10637
13379
16085
987
13878
270
6183
8802
905
11676
9304
14390
3514
9013
9253
3602
714
7654
7485
14230
11914
2948
13163
381
11606
10225
8602
15417
5808
12242
7337
5386
13058
13830
7173
7352
14421
12601
13416
12119
1159
1106
7766
12445
3368
11376
16096
13239
3903
7644
4888
1263
171
5885
15822
5242
9862
13462
3990
15911
14352
14155
16178
976
15650
5200
346
3034
4179
15221
414
524
16249
10282
7449
15669
10674
2860
5091
39
4194
1366
11347
3757
2140
3773
11929
5327
12780
12365
11077
7474
10852
14832
1850
5187
8132
12719
2299
3600
2678
13238
15459
1317
9643
3396
12074
16008
12475
1018
11612
4362
3870
5951
4114
1352
13399
8197
6734
15830
7128
422
7306
6339
5931
5223
9789
936
7014
1952
11739
9719
8839
5095
8380
11265
12479
15299
16
11638
1585
10959
13031
7063
5543
126
8732
6508
9674
7029
13224
7400
10397
10158
3966
9292
10817
11084
8453
6945
5976
5412
13603
5402
1410
2303
3610
9939
6579
462
7513
14402
13683
11777
979
11876
14330
3905
6936
1278
4136
1173
9987
10795
11659
5221
12414
8289
13915
4949
6855
14687
14653
8985
12111
6210
9558
5026
8415
10152
15344
11238
5618
5420
3088
7043
5346
5078
92
8992
12552
9744
11827
13810
7569
6293
321
5205
11669
13341
8099
5293
10059
11544
11649
3146
14564
7222
10302
9900
5646
12855
12429
6493
4271
10343
13496
13895
5055
11191
13869
2884
13739
1817
4020
11964
4237
3376
3535
13649
5284
6213
15608
631
6851
7774
13424
2685
15525
10361
10967
16069
11498
10461
15989
5392
12029
1017
8999
3306
4052
687
12450
5154
11312
6415
7564
3235
15776
6881
3658
8791
9424
420
5371
6117
516
2420
5857
4297
16117
13233
13426
2356
9828
8369
15661
12604
11802
9999
1886
11542
1868
7866
13553
12319
12286
10887
2759
9547
267
11126
10496
5551
4696
1689
11820
11686
5492
9706
12684
952
11999
6617
871
3599
4262
2839
7668
12455
11478
940
7676
15458
739
9537
99
16332
15772
480
3968
2264
635
6295
1092
1108
2407
550
11298
2723
9548
10352
4602
5149
9465
8214
11998
8889
6115
16036
4220
7139
8582
3076
13589
10884
8892
10550
7122
12348
5866
11551
6840
4774
2223
13415
8442
1642
1551
12654
2653
11622
9633
14749
8379
13867
10348
9153
7807
1194
576
14978
14870
12640
3242
11396
2609
14613
6151
8495
14490
2147
10860
6105
7112
16154
10861
9731
8526
13643
15113
2632
3344
12570
3847
8734
9227
14161
1126
5370
12150
9556
2328
16057
8362
2544
1758
2916
12774
14788
2559
7160
12928
6951
6974
1541
7869
13705
6035
13028
568
9298
7587
13170
9062
8074
10684
4242
8305
15093
10990
1767
4096
10398
8206
6008
8285
5571
14122
8515
13495
2889
15004
4190
11104
9988
4678
12939
2478
13339
13833
153
7502
11700
14921
15272
10511
6775
7685
4018
12335
4981
4443
10944
5324
15747
8034
9949
14639
7679
5781
6835
5766
15597
11045
14217
1369
563
11066
7817
7524
1641
14476
4268
3349
7795
1403
10824
421
3221
3930
12602
8145
12998
10744
5787
2836
2212
7658
13152
5959
4717
7573
14407
927
12581
13565
7499
6582
6247
14056
1647
1320
6350
5602
15155
7288
8909
9364
1322
8059
3963
15545
12295
4972
15197
15421
14049
13081
9728
10709
13490
1772
12158
14957
2316
11987
8831
8113
9382
12819
14735
5342
8540
11092
15575
210
1356
2005
8603
10700
36
718
7793
13521
4823
4199
1146
14298
7069
8708
11094
5238
9875
9723
2876
10810
15265
2207
1260
14109
5916
3742
763
607
7725
843
10832
3790
8566
10416
15010
14679
5288
11358
14088
709
12784
2504
13080
384
16320
5491
15761
9936
12264
3003
546
15210
901
13149
12044
8623
8063
15021
13458
1853
1608
1166
13322
12409
10419
12711
13512
7057
1057
6972
7518
6073
2693
4905
9607
10762
187
8367
10719
5115
3123
9879
12423
13527
3508
3825
14281
15916
12795
13396
6859
390
11217
11526
13129
9560
1756
12293
13071
7995
2409
8015
906
4968
16090
5448
6382
13175
7596
8124
15590
3455
12329
2084
15279
2109
14251
10177
7552
12554
8716
3538
5800
10773
6850
3424
1396
7511
15111
14132
7162
5768
1983
7035
11065
16070
13676
15821
10705
1400
5440
3118
13637
7708
11569
6029
9199
14758
5378
13746
5405
8598
5122
9042
15679
1782
12986
6438
9866
15456
10063
565
11534
13253
1229
12153
7286
7124
11740
5679
3124
10013
9
15274
6332
15109
14343
9438
15092
8754
10540
14705
7465
16017
1707
159
4896
7557
13653
4142
1508
10000
6272
10263
5281
12599
9636
14319
135
10894
14176
415
15193
15424
1777
5915
15825
4202
4012
10756
8465
9901
1643
12781
12362
3904
15720
3444
11165
9118
14208
9899
9163
6698
3595
13843
8091
554
12518
4349
6540
2849
11428
15196
2797
13588
14733
10041
13596
6692
11175
5944
2411
15604
1306
10598
11685
8232
15967
10716
8704
12754
9141
11459
7321
11458
105
3072
14124
14066
15622
2173
2977
7608
290
15205
7716
5573
12814
5754
1175
8108
1547
6460
5691
13473
12676
14024
1191
13157
4907
14858
13644
7702
418
7802
15447
7861
1361
10985
1142
2635
788
12668
2686
12151
1733
8497
1038
2896
9644
11144
1714
14080
13779
9578
9695
15785
12885
723
1632
1469
9335
5390
14895
1436
15843
8217
3928
1479
6731
11514
13697
2182
15993
2864
4045
12201
1375
1865
50
7329
5258
10248
3525
14750
708
8613
8477
5842
15900
4274
3329
4022
8348
11357
8546
12204
11566
6637
2841
14507
13627
707
8011
14493
2337
219
1063
6774
4894
1337
13648
180
7452
14410
7245
9336
1446
12228
14632
129
15157
12132
15249
13
7353
4699
13040
11666
25
6392
215
8693
9771
14627
13400
13731
3758
13493
14993
6233
1841
8970
1998
11008
13852
1805
401
591
10609
8645
16318
10418
2237
9871
1721
2433
205
6116
2006
8372
15787
7064
12603
15264
11383
605
8281
12967
11734
15672
1433
5938
11645
14379
9443
2090
15917
7114
5942
702
11278
9346
14827
4431
4354
2218
10415
14119
14863
12140
11712
15660
2054
11815
10718
2894
1043
13874
15515
8073
584
430
11896
4313
10265
3004
860
2171
5705
15186
3559
3415
13067
9360
560
9911
15801
6817
4340
11227
8810
427
12184
5035
9737
11848
11658
4095
8047
3663
15419
7693
3667
7730
11154
2867
16148
6057
4656
7648
10584
8325
4350
13595
1760
1116
2333
6639
6082
891
9270
5493
13104
41
4484
10445
6217
8
14994
842
4127
8473
7738
10681
10410
14405
2682
8993
889
12987
4753
6976
13304
2608
2474
10247
5955
8590
9458
10560
400
7168
2825
2634
2283
6661
2443
9452
4636
10726
1970
9746
5843
13717
8721
11831
9883
3062
12396
11511
15239
16152
7370
5387
5196
14512
12822
15152
6723
3416
15896
5276
7517
4868
5482
2323
5809
704
15662
8435
15885
4741
3136
10474
12083
6291
9190
14691
3634
6481
6663
8247
3346
8649
15751
2347
7829
10908
2707
11052
1572
1075
9480
2631
15354
13146
12807
4802
9256
2505
10522
13344
5904
14923
14980
15488
3502
13793
8062
6612
6487
2913
8470
2614
5374
7822
11085
13105
3434
13847
8576
3359
1271
10804
5142
3624
11888
11783
6742
595
1994
8254
9379
7805
12384
11895
4030
1535
1964
11816
8364
8752
10188
9393
15711
6257
10863
8738
12467
8596
9540
7244
9569
424
11792
961
6486
4369
6231
8836
13983
6574
5574
14267
15504
1885
8772
9381
2025
2493
5452
3700
9200
15101
13437
14500
868
1821
13889
177
4912
9091
11509
12715
991
4682
10071
417
812
2423
5677
14607
12815
6334
12630
1609
6308
11209
5457
6543
10677
16202
10006
9621
1211
1888
16212
11851
8239
13383
5107
3779
6053
14355
3762
13922
364
11701
2843
12104
800
15962
14860
9066
5724
7532
14341
8521
4783
3463
16143
7865
10123
3423
5699
5898
4173
2366
10930
12862
10946
14133
6955
6199
2204
3337
3130
9323
1809
5114
10084
68
6127
2176
3615
12931
15727
13123
1144
10792
1309
7636
14381
5194
7093
3094
4928
318
2683
9369
1989
1235
8136
14307
4546
15941
9965
917
15749
11219
4582
9991
14194
6222
7385
3301
10729
14470
9366
665
9511
4572
15040
5234
2096
15058
4326
11467
8765
921
11788
2137
11343
4531
9727
7509
8828
12824
1987
4024
15012
16206
14200
10197
16107
15648
15044
11983
7338
16035
6397
1350
5126
2908
8955
331
1099
9183
11223
9935
12067
628
14677
10742
8133
9790
12200
12170
6427
14437
7314
12466
4964
6596
7448
12114
8229
4211
11702
10212
15450
7237
2424
743
2383
7868
3179
16360
4578
2698
13107
472
8726
1507
6898
8567
10429
4221
16268
7297
1250
15842
13996
11020
6686
3812
3165
15909
7469
7605
12653
13992
11050
1076
12578
13284
5037
8945
15687
10914
4379
640
3108
9679
10836
3882
3957
14936
5689
10109
10191
15174
263
13801
3393
14313
15370
7604
1196
10525
11301
6873
8216
251
2586
14801
1914
13828
5620
4768
3472
1656
10629
2957
4145
14386
16316
11902
6547
10957
3973
11016
8925
5220
3770
12645
5056
2626
2909
6824
337
12363
5352
7020
6314
8502
8910
13729
8460
11529
8534
16315
7369
11979
4594
11082
2787
6212
14589
11200
6091
4705
4434
8312
315
11581
6461
10015
1793
1009
14935
13225
5508
14129
14174
5143
1629
6274
8287
4361
8333
3441
1188
5069
11121
14454
626
3890
4629
3054
10053
349
