4009
3515
11796
5284
12347
16336
2487
16141
2830
1177
14778
14088
14606
426
1269
1462
7703
5334
189
13854
5109
14183
13799
343
6678
4548
7307
552
6273
14736
12619
491
15293
1577
13383
9908
10530
14745
6500
9597
1104
2948
13193
7591
8144
231
12199
4018
14425
5884
11234
14896
3286
10904
4497
5364
14284
1858
9397
11380
4273
2721
10316
2771
12034
3971
6374
7881
1746
15254
5628
701
7025
8570
2358
13319
8014
10416
8751
1550
3742
16240
966
13499
6840
7402
13098
12727
9925
13891
10319
4634
6274
14481
2022
8326
12802
1133
15169
3192
1148
2065
3048
13185
12179
13703
12698
14452
13896
13145
217
9979
7396
16356
12680
8948
13306
6701
14200
10667
13605
1277
797
13417
5016
9207
3562
7226
3474
9489
9304
14480
4643
11880
7569
10222
14303
7515
8164
1829
14705
3272
10896
4245
8302
11434
9464
8351
11311
5293
15203
3299
3269
7127
10606
6263
8405
6994
10563
4068
12061
5995
6334
7617
3039
4150
10546
5390
10984
3703
3403
11338
13227
2682
2608
11637
6770
471
6186
8990
9623
3465
11576
6984
772
1898
11680
9380
9037
3859
6293
8350
11524
511
4163
15270
3248
4924
1407
7965
15161
7111
9830
9664
1833
7329
10789
9951
16264
1838
13487
12383
318
1485
13256
2079
2343
4534
1334
14085
11761
2789
16179
10763
2989
3673
12481
11554
3915
919
5438
5871
4621
5965
1181
2375
1729
5770
4159
6753
3645
6559
6699
13141
13249
8155
9142
13073
822
9469
15371
1892
3305
10945
12880
6310
8654
7362
8411
11494
13131
4000
9000
3232
13033
13928
3319
4477
5872
13061
14925
2696
9236
6625
10250
11489
12723
13907
14937
7820
13240
14501
4470
12791
4987
5146
14901
3131
5611
12592
8852
15835
6178
11990
6991
13482
862
3096
2977
9131
2995
13612
1145
1062
13314
11344
3007
10102
11801
1239
9444
4015
13552
11733
6059
12738
10571
6827
9610
3838
10224
6659
21
14657
8346
5762
5348
12811
6246
1385
9053
7668
14567
4011
2095
8497
15784
1440
3478
10838
2372
3641
2025
7548
7918
5907
3223
12925
5403
16218
5154
6791
4650
12474
997
916
5914
1634
15553
8064
11787
15085
14158
14246
5672
5256
11971
6536
5697
7211
3689
14265
3340
5706
4978
9873
8420
12023
1801
11213
13160
11396
2779
5276
11508
7305
3774
171
1522
9102
2226
10851
8473
5533
12898
419
11925
12760
13209
9456
145
531
14061
13311
7919
3198
15612
1360
7398
10754
10830
10030
10303
4271
814
14431
10008
6473
4721
3893
1635
5291
4197
11474
10085
9470
2812
10071
10213
10808
13024
5118
12306
5487
8059
9855
3381
9506
7574
8071
577
6050
5292
3356
14339
10270
451
1811
2038
11868
5909
1136
7030
14520
15298
8404
9949
15332
9210
887
13389
12948
13533
4989
8020
896
8481
12266
6409
928
11177
6068
5560
8276
10591
13901
6338
13619
5745
4240
11678
15211
5741
9538
3481
14654
3528
8195
4122
6657
3027
7333
994
2670
415
8648
13538
13722
12117
14165
3174
15126
13323
6896
9720
12600
271
1366
6778
13556
7652
6772
22
5442
5378
14069
9727
7766
6275
4910
4307
16323
4010
8748
6284
361
266
7354
1844
16251
649
1626
12521
5193
16284
3863
7887
12651
2482
4806
13377
14332
10568
10658
8134
16194
7912
1341
10097
15034
6835
10276
12066
9797
9667
8201
1772
10651
1786
14471
6013
15645
13747
7542
13109
11866
11229
13075
11730
8661
9192
12439
9064
11187
3042
8259
12027
5870
7154
13587
12410
14388
5011
2479
14219
14490
10206
853
6227
16102
9401
14529
6153
3019
3548
812
1560
2047
9039
954
13361
9790
5664
741
7868
404
7159
1490
13480
1579
6230
230
5635
6015
14709
16227
7163
7167
13165
11273
5111
6267
15811
9548
13362
3108
6973
6585
5732
13888
14626
6522
10542
9101
5319
5205
5783
6077
13139
1382
10015
8542
6092
6166
9434
9047
1479
5750
5208
13734
2510
2592
4112
2419
103
10059
10043
10350
6290
1384
9185
8524
7899
487
1818
15945
14372
11962
9445
14482
11758
9764
265
796
5577
10594
12653
13430
13179
15673
11099
1173
9007
13468
16117
4045
8587
6022
9056
11140
12630
8997
3511
15361
13534
6838
12844
10315
10439
12962
15738
5359
3255
7134
9492
1756
8356
9558
11014
6079
11735
674
64
7084
7001
8
7642
951
15535
16248
6885
11918
16223
3342
9677
14826
446
10871
7525
8830
4789
8359
3799
14454
13546
5824
14
6146
7463
8378
13699
15042
12845
9847
7956
5618
4727
3554
8104
16191
13848
7072
7767
5062
9738
10040
5124
3904
5716
13372
14742
5564
13280
14685
4732
7641
3844
10928
1925
13041
1897
15228
3943
10241
1865
333
8918
4785
5412
7242
2183
6922
14672
1807
11558
1962
2014
129
1761
2606
5007
5731
647
9815
7500
14748
8159
6200
14006
13998
2971
1540
13050
13601
7116
14638
12668
11156
3229
2080
4175
7950
9203
8844
11771
10608
9678
11592
1591
13651
2438
7625
13077
8873
15778
9020
4156
6815
11688
7667
13392
1128
8002
14837
3603
12098
13284
4959
878
7313
8896
3182
13878
7759
5341
16360
5863
12658
8618
9841
3328
4547
14681
10346
12833
12412
14920
5550
3739
12528
12326
7231
5440
9633
14821
4755
13242
3887
4071
3506
12736
2597
15018
11207
11406
14686
747
7992
1648
4640
651
9775
4626
8739
12114
15974
2524
3205
5220
12887
4743
10037
721
15382
3897
14859
1159
14507
12813
4692
9381
14833
13175
1182
4855
6491
1179
9849
7379
6764
4382
2344
4253
1185
10245
9416
12356
14593
11605
4892
8081
7250
10400
9253
9312
10010
10449
5120
15947
6471
3440
7161
11168
1913
8877
12102
1418
15676
13528
11980
10091
1850
4388
3765
2747
8770
9325
3868
5122
3015
14790
9694
3045
3158
13443
13366
499
8786
12741
3517
3008
9707
1008
1541
6877
12652
210
2411
4077
815
680
219
9149
15122
15796
14182
10289
15579
12242
2657
3556
7316
8887
1252
4919
15583
6316
15410
11481
8702
2743
3866
8780
7580
1874
13448
3041
14488
11530
7719
3564
9124
11573
13320
8982
10159
7789
9822
2945
4726
11483
824
13934
5600
6702
5335
9762
12378
15214
11813
4381
12159
11532
2907
2191
12991
7770
13168
15567
1586
9006
923
4416
11030
11167
2824
14946
6987
3733
10637
1927
9502
968
12402
15288
2941
180
10481
8181
16054
12246
5498
5133
8813
10794
3199
2088
14318
3077
10618
7256
5033
10592
5086
1352
2957
16283
14493
11057
10786
5736
4686
15152
10736
4882
14669
11000
2314
13632
3846
2036
2923
6737
1723
6445
1260
7386
4630
3997
7341
3762
7637
15004
9237
2329
5168
14058
12463
15815
7363
4764
8691
5068
4185
12530
15816
2556
15381
12403
9229
9927
7068
15037
8358
10954
14145
10264
15217
3663
15219
5616
10172
6043
11986
11450
10927
13839
8829
6399
7593
4700
12485
15112
604
3585
13913
11756
15258
6566
8325
1
13289
820
1091
6785
1102
11697
3038
2776
3745
14713
11695
16014
10553
10464
14591
11945
10462
10661
212
8042
8547
15113
5828
16138
4396
5987
1595
5982
4904
13022
9992
8979
92
186
2347
7750
12951
6419
10644
14079
3435
4062
221
14718
8767
5539
7253
11673
12757
2360
13586
9915
4244
1055
11402
4845
1929
7266
6064
11138
12003
14757
15757
8066
558
5290
10101
15138
8382
9659
10787
8922
8550
11482
4937
11786
10919
12579
10048
3531
10078
5667
10527
6343
16144
16328
633
10073
2852
4377
5081
8427
15060
5852
7185
6725
3691
9089
13539
12865
15002
14021
8490
6229
16045
5455
2192
11223
694
9732
6695
11045
3200
321
11659
498
9875
3439
14344
6375
5199
7443
6405
4338
11613
13815
126
10375
9547
15473
2126
9741
9065
2447
2107
12
8537
9866
15142
15544
2501
12292
4123
527
14366
11430
13409
1314
5685
1558
15110
9339
15659
5356
5006
323
8367
7787
3779
6686
10938
5570
1409
1200
9512
2477
12959
317
12941
8495
12085
7978
2500
11064
3540
12984
768
16113
485
5306
2693
13411
9291
7522
13531
7859
11083
13810
5202
279
1745
2334
5169
592
11230
6557
7927
637
8150
6774
8963
12176
7532
8507
8264
10354
6447
4275
12149
1120
2540
700
851
3234
8322
5377
2981
16150
7095
7471
15146
5305
5803
5574
3993
1471
2189
7560
14113
6157
4567
16185
15899
11029
8141
10741
11781
12024
13415
4920
7982
10605
1163
6561
2303
15232
1547
13365
398
5178
9748
14536
10795
9292
4896
11326
13426
11616
10454
13038
3310
4104
2011
4046
12778
1489
506
9204
9565
247
733
14232
3520
2819
3093
8368
12004
4070
2773
16208
11446
503
13668
5802
6552
8512
5703
10778
10494
16153
5222
15030
1819
16257
11665
3485
6847
7682
12424
7660
1126
16008
13489
9140
13515
10650
3491
2341
679
12434
9326
1496
7476
15824
79
1800
6935
8241
14693
1842
12287
1113
7653
8182
16069
14556
13305
8138
2675
11905
10609
8307
7472
12011
4596
3358
6537
6647
10940
12699
13076
6460
6554
10358
15904
2179
6830
15881
7481
5693
11174
5255
10866
4035
7533
5954
4171
15331
7422
8564
6540
1273
1301
6730
3053
5860
2455
12752
11007
2644
12260
14666
5460
11816
10626
11883
4980
8679
5357
9943
13620
3010
15171
8394
3685
14123
8732
11767
11438
8848
1014
616
6466
13358
6091
15572
6327
10513
13405
3698
12706
8670
8985
13765
3025
5826
5425
14687
1771
4601
14985
16330
8964
9703
4494
2301
10845
14539
1076
5683
14832
1910
11154
2377
12638
2605
15620
4745
8216
1545
7718
10586
1089
7962
16085
6285
8771
8311
8407
7132
10210
9437
9441
6365
1021
3711
5313
14762
6605
14551
985
10725
5321
3324
1646
10267
12693
6640
14018
5088
1704
4417
3179
4625
12776
5407
12597
15578
10613
4229
1539
1553
8646
11979
10981
5622
2611
11388
11212
9172
14027
4424
1230
4530
15393
15244
16278
14674
2478
8178
6966
3945
4853
14363
1561
9477
6128
930
3175
2930
5063
113
11601
8333
15911
2917
14576
14505
7468
15840
15292
12294
14631
8752
15452
3550
2220
7674
13947
16118
9704
12227
15871
5540
8419
8640
16072
18
6074
1855
11160
1568
8018
1889
13293
608
12493
3494
6018
16260
13750
10975
10039
3046
3011
2526
917
1949
12205
8023
9636
2911
7630
5121
7383
1725
14867
3433
15345
4651
3460
13733
16265
11458
14418
10017
13721
10458
15188
11984
2619
8057
6801
3266
254
12850
9514
10929
3265
14737
11596
14792
418
10979
1525
11831
6831
600
351
4139
1335
10572
14860
4967
7202
2910
3694
14445
8377
11377
1164
15380
9199
4524
13300
5587
6892
9249
214
3344
12466
1715
14428
1716
8945
4775
13155
12407
5295
12888
15894
5848
9695
9211
3449
1494
7377
6503
395
10273
13585
13017
6242
12568
10890
5976
11040
13081
6004
14938
13211
4687
14771
11312
13645
14544
11368
12335
4584
4856
5252
13535
8244
12256
9248
2658
8688
10252
10136
13630
10501
492
3860
11373
5730
2889
16094
356
3760
11526
10746
11702
16110
3123
8933
14849
6682
7489
1702
16293
3244
14914
7300
13369
10383
4250
15940
9648
13003
4752
14001
2339
10676
9991
14164
2250
10633
9097
11346
11185
8474
7514
10849
13865
7809
2485
12091
11426
12432
13338
12954
12119
15637
5126
6563
12715
6480
7834
14899
16161
12446
10223
6425
1235
13614
1412
5298
14741
11825
8046
10161
12868
6650
14615
10120
7317
6513
6986
12644
15958
1280
8089
5955
12866
15333
5404
3289
4982
14311
7435
5840
15221
16051
4649
11934
11298
8452
14850
13206
11904
2498
8318
9827
3029
10069
11432
2982
15320
14559
12370
7730
4570
5304
15445
7871
13602
4995
626
1846
5314
14457
15405
8571
12084
15609
1765
362
13990
15492
4661
1094
6243
775
6258
672
11116
15629
10569
5535
4536
15686
7506
12110
4165
15978
15649
9004
7210
14141
7573
10782
7480
14274
13989
8867
11662
3115
1101
3078
15688
8508
7702
8136
5644
8122
7424
5448
11943
5134
4820
14566
8209
7101
3442
10487
11750
6829
13903
933
1039
16041
13355
11215
2506
202
11017
11876
4312
7042
610
13592
1886
255
275
1067
5645
9938
9426
13337
2843
4562
11611
10325
15842
6874
10129
11267
13229
2426
8611
5490
728
11780
15319
12387
1802
9522
8926
7437
11383
13196
14381
2000
14991
11274
15395
2979
14868
12883
1493
9162
9184
10428
8631
4357
12894
387
6469
4899
10711
5327
12942
15773
6789
10012
6407
12838
14173
6594
10180
15902
4270
2795
14459
3133
2198
4090
963
15185
15768
1607
12665
10525
3752
7715
3741
9563
15400
13914
13010
4751
4313
13060
9024
4195
8004
5619
6354
15476
10747
10630
9867
4604
72
9989
7744
11983
6903
2277
6121
9539
16130
888
14286
6196
8478
10260
3209
15260
6940
6485
5491
2876
14935
14092
14179
13089
677
4325
10653
5187
9701
1766
10719
8454
2723
12271
7321
7688
11183
5398
6241
16
14432
12737
6998
11603
7706
11727
13890
6000
14960
5413
11737
6779
1661
11867
15163
15952
7752
8696
10930
4823
15739
14478
7904
5869
5542
1921
4170
10837
4096
11158
8082
406
13870
1963
13212
14546
5834
7303
3457
8928
6496
4681
13437
11420
8941
9370
7381
15838
8910
346
9699
7204
6759
898
2150
14532
108
14073
1542
904
1508
14844
10211
1183
10407
8022
12765
2317
7562
10359
6174
6453
12375
12170
14216
14908
9193
15723
7143
4067
6849
10142
12220
2519
1447
13125
12708
2878
16266
14155
11921
7098
13521
8109
8250
3683
2400
5048
12686
12914
7729
10551
12416
6364
16296
8724
7044
5344
14417
7445
10006
9023
2518
12805
5031
6523
5785
6560
12195
16262
692
15663
13604
3847
10323
13324
11612
15105
1686
8200
3507
9919
12519
1234
10874
4365
8160
16229
688
1249
10821
13394
2217
12968
15139
13629
16112
2249
9173
12138
5832
4814
6706
16372
9961
5666
15418
12317
10229
10578
3270
2614
6133
2543
10230
15252
15582
4575
6826
10662
8913
5768
13940
14389
8509
1529
5629
3719
264
15865
8262
2172
6635
5387
8621
14037
9683
8617
10300
5230
15355
9461
1355
12390
2465
493
10426
12936
6352
448
4110
8441
840
4282
15259
1736
10880
15549
14275
9167
11331
6097
14017
13942
8820
5843
13816
14700
11364
12128
15377
8727
4460
9168
7607
12226
699
14912
11041
1258
3367
12202
7014
3816
574
13857
15125
14033
15556
11105
6750
13228
12711
11732
7571
7309
1374
1466
11143
2215
12198
2676
11056
665
9488
3657
4084
4209
5980
5998
15436
10390
7742
3602
1087
12973
3113
3044
12820
261
1590
13885
4953
2425
235
8839
7503
14962
3488
12122
15639
12678
7194
8664
10360
14110
4679
13686
1735
751
11513
2632
7830
2206
12814
10735
5837
8532
9545
9786
4614
4214
756
5538
11467
5543
9658
9259
2213
16211
9415
586
5591
3593
13095
15825
3072
15183
6921
319
4246
12468
5053
3385
12716
11923
12300
2117
16285
5759
1035
14887
13023
16197
16067
14784
8107
5027
16348
9731
15905
13939
3505
4830
13883
13904
14270
2792
8321
15314
5420
11933
15533
12929
831
4184
4539
1976
1849
13471
2786
10145
9998
12265
15467
3896
1442
8294
634
4138
6052
11403
4288
1017
9068
1030
3891
629
11834
8029
16173
10395
13641
8991
11597
4983
1726
5906
15670
2082
5504
5592
3066
4811
13344
6990
9619
2777
10891
222
130
8275
11746
15158
2629
8649
9528
1454
16092
632
4769
12118
868
9274
14803
13524
4662
11052
12849
15362
2336
6136
15291
4337
7452
7251
10047
12952
2157
3527
9691
1912
13127
5713
14078
7567
15853
3018
8788
7711
4108
791
11881
8909
15427
9150
12550
12879
11118
5429
12033
6367
15271
10171
3936
723
8726
8638
9958
9871
6857
7198
532
2837
12489
3980
14436
10418
11707
15176
7890
12436
5108
11810
6479
13374
2255
3125
7530
2609
6464
11130
5239
13723
7743
7907
53
6958
8500
12932
15481
3429
10634
15072
15776
1446
981
6119
11799
6795
11026
5820
13555
3806
4412
9890
15657
10165
12264
6098
12770
4854
8414
10788
11568
9427
4128
15282
6256
16315
9680
9853
15919
14871
10022
13066
15529
10695
9430
9780
6796
1214
14050
6363
11464
2431
15191
15962
12394
16071
11496
11013
1362
7287
9363
8706
15437
7550
2674
8249
10748
2051
11220
12475
10771
15761
13294
4741
14011
2020
5718
2253
15720
5346
5235
12316
14138
13525
908
2423
1820
2508
1325
15033
11381
14841
11544
7601
9899
7135
14761
2111
3653
2073
14373
6304
1977
14435
803
4512
16017
12562
12576
15685
15712
15391
8811
15460
10355
9242
795
15526
15313
9865
14977
1106
2232
8799
9766
14936
1578
12060
1146
3639
16299
1242
4316
6501
8800
14068
3659
2173
9395
4476
6577
5164
14683
2388
3714
14692
5200
10923
6358
8120
5345
7455
11269
10192
12039
6062
12910
6710
11518
9729
15423
1733
14878
15118
9092
11043
886
1168
4619
12852
4884
71
9778
15341
10327
10522
11672
5799
8123
6164
16349
1616
12882
3541
10061
12980
12635
8996
553
10840
607
5800
2952
7828
1770
15274
12873
11440
14455
11844
12005
14664
7343
12949
13633
3254
5505
4265
713
6997
1839
15608
7825
13991
860
15201
1192
10062
8598
5243
14605
15921
744
3888
11606
5286
9836
13566
4648
11754
9335
7339
16201
224
819
10557
8289
4151
10378
14703
11339
1841
1835
2085
13972
2415
12725
10964
15574
5119
9842
11292
9041
5851
5562
7721
14578
10380
11903
8280
14357
1171
2365
3364
7357
1261
3020
13312
15715
1495
4760
10445
6723
9409
5721
13530
920
8133
10368
14310
274
5951
2924
242
2546
12346
10714
3097
993
5948
5080
3143
5567
14342
952
2969
12510
6808
10187
12740
11330
10442
5796
11306
13142
3519
7059
7726
5772
3068
1877
6747
2436
7823
10104
13915
15263
4510
7546
12862
305
12977
10149
5659
111
7527
1582
7431
1376
4903
8585
13213
15192
16216
13851
16074
7875
15668
10227
14048
5515
6615
11371
9357
15408
1233
16057
8523
12099
7687
601
15966
13399
11560
16333
13416
9625
3104
9948
6135
15147
882
6459
11137
15868
2268
1548
11144
14993
12233
11806
5944
2236
9214
10760
4132
15886
11869
13357
1019
2397
7822
2196
6670
424
340
3583
14063
363
7054
13959
3124
15449
9446
5112
14948
8644
7938
13577
5436
15859
3767
10081
5262
4232
7827
5450
10191
12713
9863
297
1270
10882
12076
14818
7276
3620
14105
16163
10156
5503
7987
9033
12296
11629
81
9973
8699
6360
9081
9673
3959
2960
10367
16034
759
15728
8263
12151
7543
6046
2077
14474
8240
9753
7130
15618
13774
7709
3848
8332
13927
10932
5665
6016
1174
12631
13176
3557
15159
9954
8956
6633
10049
7227
13259
9638
12001
7323
10897
148
8227
2176
13260
4086
1504
16103
13285
3536
5514
15744
13709
8247
6911
389
7793
8129
9833
9957
12853
10934
8095
5395
14392
10903
10654
10126
76
11819
7071
11376
12409
3026
10188
10011
14932
507
9511
15741
7413
141
5125
10727
2628
10622
1909
11914
6859
8019
3911
9924
16255
15360
3258
14521
14661
1166
15224
1906
14921
7741
3260
2053
8034
12641
10699
11392
15632
12591
11053
2240
2690
7870
9414
136
8970
13607
10817
10321
1968
903
469
2332
1069
4247
6427
551
2210
13647
858
15573
14341
13640
12211
4894
6468
11679
13575
3825
7535
5104
10305
51
208
15621
2262
14750
6132
12781
8669
14439
13746
3829
14194
6890
9283
11247
869
2089
6088
9015
7803
6655
3016
7913
7446
15068
2649
14927
883
4208
4190
12761
4807
13588
14221
5250
11671
13370
6420
13693
4330
9072
3280
14367
15426
5260
1813
8599
14621
15354
7628
143
10363
12874
11714
3841
13775
6182
9966
11640
5551
8744
669
6754
7540
7614
3186
14368
5919
4874
16239
14880
4834
5681
504
11642
1372
9011
8379
3781
1944
3600
13239
13046
5069
11519
7694
12990
11540
10139
218
8655
5197
1706
1914
8898
517
1253
63
2535
15101
5147
11763
2160
3099
9714
14137
15135
432
9353
3988
15575
3024
8337
16097
14111
10907
2564
10780
2932
8853
8528
10936
15771
11278
9929
4835
152
11994
8593
1510
9777
7430
2835
8001
4073
10884
15936
7949
7998
13282
3022
11186
12660
16180
12614
8754
15385
1854
15056
1804
2794
1024
14024
1073
1592
10688
14804
7666
9238
4941
9459
5615
6573
6574
7894
13574
14283
8410
834
6985
1498
14285
7576
10372
15237
10379
3021
484
11725
13784
7842
12516
1754
9178
5743
8450
2483
7940
14691
15737
14623
12998
3867
2071
3035
4072
8643
14897
9789
15350
15731
5709
9435
11046
10625
12538
15348
15580
1283
2403
4849
15166
5463
16345
5466
9487
6923
9346
1098
5726
6521
160
6555
8876
9298
5396
11599
7106
6324
1738
11590
12921
7539
174
13950
15942
15250
6396
11466
14057
3473
13729
7065
12547
14034
14028
12989
338
4368
1965
15538
15304
8769
10103
5035
709
13273
3850
5325
4540
2285
12158
15202
15622
8436
559
7412
10960
16022
3679
3215
13794
13884
9182
10106
9499
8033
15774
11968
4216
3917
880
8381
16080
13751
16205
10800
9475
15717
6239
13581
5953
5263
12875
12413
7774
4566
8980
10029
9082
13849
8812
3233
15586
4616
16311
3353
2031
4315
15829
7954
7264
14377
6920
11782
12847
15627
11738
16280
6765
12272
2248
5447
10707
14869
2881
15861
1722
9300
13624
3499
2138
1221
7258
3468
9408
11950
1028
9166
15760
14340
14336
15908
11228
1663
16178
3622
11804
25
2761
16363
10742
2834
5405
13800
4631
1780
2647
764
13872
9110
84
10026
15718
7518
12275
14989
13170
13876
1971
7023
14250
13423
4642
6217
4545
192
11050
2567
4178
6156
10844
9003
1029
1857
6568
7426
14659
8074
15053
15844
13065
13702
15289
16268
11681
12007
15121
5161
15709
14385
4694
8338
3075
1589
9881
8183
16380
16093
3983
3306
8527
879
3106
11792
1523
13446
15746
7087
9614
12835
13059
11770
866
4557
10537
8929
11580
13491
825
4443
5525
408
4857
8051
11184
13910
6992
7864
9996
13286
8975
13302
5446
4318
15241
15519
1936
1798
12934
4389
3055
11944
3067
1817
12178
7578
3929
10353
6463
3101
6069
1657
16325
4347
12763
4342
2946
2384
2745
4373
9040
8207
1681
14714
8194
6674
13265
5773
14039
9094
2919
5608
8062
15186
2159
16035
12414
2238
8235
5376
5201
11941
4179
6788
6377
541
5026
4928
2099
8578
4885
13906
5213
13526
8422
14016
5748
8343
15790
15357
2642
6317
9552
14510
14706
8310
9279
5572
6631
7203
11790
8757
1305
14941
11760
1172
717
13832
15468
1902
11711
1697
13898
9216
14707
1884
15302
13276
11852
6401
7699
1309
3161
15588
6852
13628
1787
725
16132
8282
4715
14496
12460
12309
3793
545
14918
10916
14099
12057
7994
13931
877
2315
13852
2152
2316
2420
13221
13483
11146
8254
2289
470
11667
15272
14462
15982
10550
11078
1901
2195
13513
2497
2774
776
1497
6740
4669
15412
3188
12769
16089
3153
14987
9145
7813
10170
4149
10424
10680
8040
12203
10842
1948
11692
16213
2005
7740
591
11148
1065
9223
11452
4819
8268
7983
15509
7249
14401
757
15227
5933
8992
3811
207
12190
1121
10988
1129
13439
4097
10588
10005
14531
86
7209
15194
11115
1531
13318
6412
13573
1806
486
10262
15001
3227
8750
13706
5780
14767
10306
6309
9479
11001
964
4143
11163
13755
13223
15165
11929
4461
2607
6240
12924
5422
10326
6800
13650
14329
10777
12574
572
8949
8462
9622
3167
15088
14720
9189
16334
13251
8361
16324
2817
13049
2371
8827
7272
12684
4877
8236
16105
1823
12707
15991
1796
1631
1191
7403
3190
1351
11927
2537
16217
5991
6624
14503
8295
9782
14360
3965
9752
10941
5179
5740
15787
14995
1517
7246
14810
14248
10623
2762
10261
10627
1988
11034
4599
14472
8857
3865
14820
10332
1170
8147
15324
5974
10384
912
9869
2124
9682
9960
11981
515
7924
4393
3744
5456
6870
7090
15366
3632
15788
10472
8393
11947
6470
10833
11928
4479
9773
13666
11320
4936
1023
5333
3444
15682
2247
7556
12008
292
3651
11734
4264
11121
1710
74
10164
3613
8423
8008
7716
8203
2868
13889
4107
13920
12848
4813
10492
6251
4666
14040
5677
3638
5655
4900
104
4376
11884
6799
5139
14109
4492
359
9800
13962
8783
8588
4933
15016
6122
13420
7390
15929
5141
3392
11202
9950
911
13796
13603
8940
13007
3543
2396
3558
12683
12688
1778
28
15807
13793
8248
16303
2405
15833
7240
11317
8052
2202
3495
1883
12841
6887
4133
10921
12443
8553
3086
6895
3978
6144
8428
6063
3278
15690
5311
7819
645
9882
3953
444
14525
4881
6271
12244
13728
10926
1666
6578
309
4508
10668
8058
13262
13669
7557
3279
4742
1951
5249
15969
12514
8130
14981
957
13078
6611
14402
599
12408
9046
7581
6082
984
5568
14010
13501
13786
6188
12213
4451
4852
10448
14907
16143
2943
9365
6382
472
6928
13290
15577
16174
14335
8880
6477
14889
15059
13084
14545
6444
244
15517
11870
3591
10247
4817
2695
13545
13114
2190
14838
16228
4644
476
10060
14352
12567
8383
6413
14915
12551
1470
12249
3126
2163
11476
9611
2361
5864
2842
5375
14022
12399
16226
7942
2640
15029
872
13879
15849
2972
6272
13072
11153
8430
7781
7677
190
10912
3396
8549
14926
4224
9910
6486
7374
4137
4268
8559
10670
14456
13564
9988
11018
8825
15487
12484
4586
14430
3349
13670
15086
15625
5259
8206
3484
8575
16115
8169
13764
10246
4670
6389
10909
7051
6731
2809
7353
10430
1788
4
8925
8705
1742
10862
6767
5435
1379
10969
10054
10158
3918
8539
3409
13653
14808
11824
8601
14125
3715
6117
11349
7460
15503
5351
16058
14103
2541
11198
7947
7013
65
4386
14394
12581
6346
550
5096
5896
1907
13682
16156
1358
1576
10589
8743
7017
857
7902
7008
1932
7060
15411
11316
15734
14643
2626
13069
922
10349
3404
4992
6095
15602
10739
7840
1026
7263
11774
13111
14617
15057
5149
9596
1983
10992
16196
11759
1022
11003
7033
14193
14819
7193
8900
3510
7284
16188
15054
4242
4413
6841
14005
9671
12840
14627
8256
14695
13329
9793
5792
8003
533
8843
3268
9689
12438
4720
1673
2643
5385
1748
144
10174
15666
6602
12694
6416
4466
1763
10092
6512
13957
13866
10399
15172
12511
12996
191
11716
3180
8376
11002
1947
4296
1262
7583
9497
565
3065
14770
13955
4968
7906
11586
11791
12905
2662
5004
801
14056
8402
8692
11170
4472
3776
11010
12612
3323
1480
2991
330
8073
56
12821
6035
1196
11069
8729
2699
2703
11047
3619
13726
14453
8188
4177
5632
12148
12080
12743
1160
9050
9030
678
4459
3496
7945
5699
6410
11752
4861
10718
10775
5190
14259
14012
9812
4972
9654
9917
752
13871
12193
9342
2851
7438
15564
165
15162
12467
16340
5322
1218
6315
10948
5893
2448
15823
9179
15957
1266
3225
6544
379
7491
1220
7140
14316
7880
10152
15903
16065
11334
7200
2870
6120
1245
7003
8424
15413
2796
4947
10701
6842
12870
8212
4125
4774
12773
14177
6298
16306
7458
3678
10352
15922
6493
11110
6925
12207
3771
9321
14291
2936
10575
6665
10240
6527
4538
13850
12654
4561
15862
14898
9438
8681
12310
13776
16236
9100
10087
4804
3321
12907
15486
11551
14876
11974
597
15607
8053
12748
8291
1569
3555
5746
5747
11793
5003
10554
14696
2185
13154
10093
1677
2450
4134
15749
8603
77
13727
7176
13406
1930
4213
7247
5394
11976
5492
14032
1203
14660
14894
9058
2707
7289
15569
45
13830
4749
8860
10074
7262
13339
12441
5793
1998
9978
15843
11589
15671
13052
902
10600
2302
11741
970
3384
7967
4405
9946
1955
16101
9901
3909
15386
4292
12018
10655
12645
4795
11087
6075
253
10144
5989
9652
6269
16310
10869
13208
1672
12881
2650
10141
14652
1018
4622
12305
10127
16028
12603
12794
11836
9462
7267
1654
10228
11694
6761
5172
6086
3347
4962
4543
8955
11902
1333
1937
14611
15662
11922
2056
6291
13147
11453
12187
15441
14581
4890
11102
2744
4098
8118
540
12744
4341
12965
12127
13895
6167
14331
1343
11171
8850
12134
16374
6003
6181
10057
9745
15638
3923
16083
365
7773
13831
8903
216
7225
119
12188
4703
1370
9143
16091
5940
6244
2988
3345
1483
12171
2748
6526
11600
15994
8538
13438
2466
14982
5261
7788
5131
2555
14634
2335
11655
8760
2254
2579
12808
8013
13882
15684
14321
4065
12943
3723
15552
4816
7900
11400
11505
6820
6579
3443
15693
6009
5576
2260
14398
3989
5198
6794
15430
15605
1816
3037
3262
2218
13783
2530
14864
12909
3747
3256
238
170
10596
806
4272
8242
15995
6090
15786
12935
1866
13424
11547
12286
2109
11195
6846
4329
9163
2921
15726
15500
2381
311
4081
6878
3514
15973
1274
3307
15346
7474
4519
13224
9612
10920
6762
5805
15387
7179
6118
2730
13322
9613
7760
2326
8686
14787
4744
10414
6137
15941
403
10995
14658
11935
12373
4514
4111
10328
623
4711
10910
5899
15624
10752
13002
8172
5022
5034
2231
948
5938
12332
10593
14877
5967
13771
1908
8063
10295
14565
10292
12704
14588
9383
11553
15841
7903
6158
6843
5569
12816
14167
6021
15968
4629
14727
9252
3842
2733
15698
3524
12191
2638
4708
9926
9364
13862
175
7549
6366
6349
2294
350
7570
14097
11297
1139
13565
3858
15245
5245
2017
5156
14744
11422
13952
14516
12618
2319
3122
13126
2759
2135
8708
15234
8595
3856
12090
7720
4518
14140
10602
4327
2116
543
4671
6381
12602
467
10385
1785
1397
6208
14300
11444
9109
11418
15383
12086
6253
3743
7174
4215
6101
3734
10130
417
3369
3486
90
1899
5605
6474
5522
4961
15513
9934
8456
9816
7088
788
13458
13453
7371
13606
7
8600
944
3459
9952
1845
4475
2137
11675
12174
1603
2669
9809
2700
11409
10457
11620
14644
15672
4444
11350
336
9074
1339
6451
6823
13923
14408
12608
5024
8906
12473
2133
8815
6514
578
10617
1444
6704
3082
14964
816
7568
15798
12299
5155
4298
4973
14188
9880
4659
2533
4028
11562
14304
991
9757
1140
5887
15206
2186
1405
10994
513
5282
5165
10755
1940
5559
1606
11500
1966
3782
10850
5928
1996
3076
12759
10944
13037
5610
8506
9995
13421
9504
14663
8916
3277
3472
14843
12448
6531
16027
153
9679
11151
2538
2
2072
7475
5268
10560
5051
6456
7061
3882
6149
12000
13690
1110
2416
16342
15817
8953
2849
6288
9653
1557
13204
7152
6889
11966
8190
15832
15783
5075
14622
3351
14242
14522
5920
16297
6184
2167
2858
8335
16168
2793
6201
14458
1141
5419
6936
2027
9530
3878
4254
3240
13911
6426
13112
3284
6223
4066
13166
13014
11632
12697
70
8959
10408
4200
16286
5680
14406
7125
4427
380
14351
6435
14847
10556
9311
12911
10333
2490
8319
6495
15240
15378
10512
1075
4702
11677
10693
3237
14903
3725
15327
715
5811
8548
5599
11753
6964
14548
2613
9233
12702
14003
765
9730
4135
11253
6565
12395
2472
14305
14978
16351
15532
16220
12966
1938
12854
612
703
7114
4095
12162
2342
6658
4060
16108
6408
2955
10768
11408
11359
988
14227
5274
4241
6722
1830
12426
14625
13199
10846
3706
7661
5901
13861
973
15697
6173
7184
9107
6124
5596
3454
4003
13398
16021
5764
2665
14528
6848
8847
4287
11063
3191
15379
5145
10769
6760
12617
1693
12392
13941
3028
2410
11417
4411
844
8794
6729
15705
12509
8396
15488
14602
3966
2667
3916
1600
9932
441
9045
8327
12823
13705
1762
3877
6461
8700
14682
12732
6029
12908
7459
3341
5656
1492
16368
8477
11504
10258
13470
9585
2385
1044
13522
13742
13745
5410
6294
9245
1585
1381
2734
5626
1918
16050
9974
13563
14768
2352
5354
1992
1724
9224
6957
6592
11093
7816
5830
15303
13163
4825
3102
15329
12505
14616
14449
15089
12185
1814
13200
13523
14170
15356
3060
12972
3753
8766
7040
4055
3671
4565
7280
2895
12938
15023
9273
2656
12240
7120
7142
12435
5040
14230
14306
14802
6498
11800
8634
2916
8037
8406
5209
7559
3339
11847
3919
4399
344
1178
3857
10848
16003
13248
11623
7277
13016
2890
13088
13015
6017
10001
4977
666
9198
8768
10329
8683
6292
521
10278
4563
1228
14620
9999
12858
10879
5489
684
13956
4203
16029
4398
13613
10827
3298
5862
14755
14278
2737
4006
6758
1487
2389
6956
3845
11938
9151
14014
5817
9594
2055
1025
1077
15870
14829
4793
13494
4799
3139
10998
12262
11375
13488
8446
12163
3559
15571
6821
982
258
12029
14314
15286
457
8773
12731
10440
5494
2717
8470
16231
11108
667
13841
6688
1186
495
2562
4611
8660
5127
4490
2933
6506
4306
7888
7633
9495
4141
13451
10520
14881
1100
10369
11437
3990
14264
3410
4130
14382
14583
4384
10835
12115
5767
11216
10290
6238
10581
12531
9206
10757
9316
5621
810
9650
12025
10115
11469
3156
4236
12045
13621
14725
16186
11342
9750
9175
10114
3081
11092
932
14913
4335
8720
7616
16155
8808
12527
7735
8158
15525
10508
13971
13646
3545
11310
3241
35
3084
6721
2576
4869
13731
11399
10119
3569
9152
1549
421
6411
11967
6955
5475
5661
10642
3565
3646
11691
11335
11777
1231
9781
4391
1614
9657
5128
8717
10427
12307
7733
6818
3380
8960
15184
14905
14562
636
3662
2666
4441
8761
758
6333
4172
2722
14688
2760
11516
8878
7075
13055
5825
7265
1373
14353
2050
13202
12779
5287
12657
2379
3428
11011
9767
7595
14100
799
3631
11812
11797
8433
12714
5835
13085
11899
9554
2783
7933
13503
13349
2927
9402
4155
15640
9578
10937
5602
12861
10167
15914
11893
2283
5929
15913
12385
3463
269
16181
15851
9644
3948
2354
10558
918
11135
1717
10434
9120
10443
5558
8531
8577
3884
7755
6255
7473
13020
6924
4831
437
11296
11036
13263
15827
10243
10099
10133
4551
14924
14441
2926
16314
10679
16355
14958
10764
5969
6680
3962
14240
3114
2866
13391
9721
1953
4592
8252
15187
12095
4328
1520
15342
10514
4638
7786
1984
15489
11832
7700
3301
4036
14749
13687
5039
14354
13493
3220
6206
5937
4812
1625
6311
6511
3890
11546
8380
3518
3792
14800
2571
9568
9251
11225
8204
2481
15358
4182
13984
9468
9629
564
603
9556
14628
9843
9520
8907
1211
9959
6385
10381
1562
11610
15215
4863
4202
14564
8469
12055
13096
10496
11173
455
14492
15464
8038
1872
1895
7806
9484
13151
11840
413
4724
5101
11475
12796
720
13373
16056
6816
260
6941
8215
10294
2284
14118
12464
1638
6403
1227
2421
4446
1900
7747
2545
16012
4828
3647
7935
13743
5765
6636
15706
7664
3797
11857
10647
9478
849
13219
6066
673
9305
12922
3218
11690
8889
3456
5384
15781
11397
15953
14461
15035
11263
14475
2970
11926
7229
13983
1834
2583
1437
15766
14975
8279
6183
1685
10003
13214
3170
15915
10027
2331
8108
4571
13596
15530
101
4401
621
9592
11309
4029
11912
12609
4609
950
8261
12363
13758
6219
12374
11626
6616
4608
11227
9859
15852
15130
5506
2279
590
13113
3458
13932
10205
15907
13654
731
4158
861
5177
6836
7131
315
5449
4685
8828
11193
5529
11439
3750
11582
12054
4646
2224
9330
16046
7996
3798
14479
675
4294
13919
14708
4499
12507
14276
7089
10089
236
4569
3833
13032
5854
4076
2488
8802
47
15079
1225
1209
13063
14827
7308
753
13136
7645
14208
9984
13241
8583
935
16247
8395
9169
13813
14759
15384
13834
14054
6339
12459
2570
13658
8864
13584
9458
5891
15534
14237
6634
13667
9282
5994
1904
4174
630
8054
6254
3036
1205
2905
3049
5041
5020
10539
13635
6708
15501
9857
2767
769
14796
2086
11470
12559
7079
2102
5519
8166
10751
15322
7230
15830
10532
1499
1556
13360
9739
5945
5451
16361
11643
10974
11327
2739
5138
5017
14726
10406
13174
14364
7105
10785
2469
11634
11795
289
8614
10456
5350
14174
10624
15850
16350
13467
15264
11906
13627
11262
3207
12930
1574
12546
5482
9580
11241
6270
11111
10906
1332
1507
6053
2872
15992
1970
5850
11252
9118
15257
1719
3330
4805
3957
7619
845
7547
12093
4369
3001
14047
15007
233
3100
1477
13490
10124
8712
15814
3363
13902
15247
13189
2958
3212
2929
2453
14251
8363
14422
16273
11128
3853
2750
14988
1118
2204
11648
15743
743
12380
5932
9885
4496
12758
6328
4248
12655
8998
15536
12371
9645
5757
1425
1613
5857
2041
6617
1423
4258
4818
15839
14370
1013
14945
14543
7800
10565
3597
11584
12900
1750
12026
4525
10952
587
11764
1792
6249
839
16329
8148
94
13748
12636
8364
14293
3637
4579
11499
15677
15200
5434
2104
5183
6221
4075
14104
13281
7665
9412
478
4120
2417
9967
12649
15128
9449
11512
7223
2738
2404
9327
11451
15879
3382
6777
4966
9105
2892
15326
1053
8957
11859
14031
10868
4641
8667
10288
9476
3687
7615
2887
4889
4428
13460
11119
15516
8885
9770
12864
505
7486
5366
1775
899
12795
15456
6449
12589
6756
14845
9219
8554
6851
16331
7148
2845
1794
16062
15885
8445
9366
15204
13780
2114
921
4515
3902
11169
9157
6776
11343
7183
2413
8846
8161
3675
5032
15261
4099
4339
12472
7889
12281
9905
11619
7824
6763
14220
11956
4655
5361
9320
974
1923
9029
14407
14442
13110
15052
7519
6390
6639
11486
6193
15667
10750
10818
11024
6944
6226
8807
5927
4415
16281
6713
4765
13230
3290
4603
12494
12771
10257
46
15655
1513
7375
11954
14662
12897
15802
414
397
12950
13894
15242
2810
9351
8572
6116
3640
16337
4706
10255
7212
15722
4211
15647
13778
4618
5157
3721
2862
4779
8044
10094
10816
2330
383
5674
3455
3476
14724
8749
2010
1688
4349
5782
9840
8914
6422
7094
5657
196
4439
9034
6598
16077
6907
313
3501
1265
1219
14465
11080
614
16114
9127
2698
5606
14534
11641
7337
14438
1224
14600
15909
640
15585
15278
3720
8723
7138
10330
8962
15209
9722
9270
4589
1737
67
15266
7407
13129
7400
6038
12492
11537
901
14523
2123
10781
6648
1259
691
15021
5866
7479
16254
13309
6301
10924
2211
5786
6909
9711
1679
13354
16177
13205
14959
5510
10859
12667
9389
13397
2888
8581
9709
15613
12278
10357
8068
16157
11280
10783
15900
6160
15071
4683
940
2947
6669
6917
2563
4452
4364
8421
1115
14066
14746
10435
14557
16139
1797
4553
2944
12048
13013
8271
16009
4637
15681
8305
16015
10567
6041
15759
773
8287
6330
3626
13153
12988
8622
939
7345
567
1620
10280
431
15181
2244
14670
14500
9018
6123
12133
6218
7722
2616
13271
2251
9391
14731
13730
11960
15179
4456
14317
4267
6371
10545
3314
1979
7324
7036
9572
8562
4129
5270
1732
6072
4714
11581
9976
5682
15877
6085
794
11751
15178
9061
2300
14954
14743
6962
381
9239
3263
5148
12964
13807
11322
8586
9277
8565
6972
2879
15780
15581
13697
4348
6828
10831
5586
6344
4047
10548
6549
7122
5236
1393
5432
1935
16233
15404
3005
14639
6081
15454
2956
7612
4550
11985
3608
12767
10157
9009
7784
11345
6667
6858
644
6792
573
7180
4481
1919
13371
4039
4032
5956
9845
4777
14933
8899
10028
5888
1882
14410
6332
7056
16023
14511
5904
2882
7010
8163
1345
1488
7681
1153
14130
4682
6689
3316
1453
5520
9785
8465
11471
8290
15557
310
7876
5158
16313
13770
10098
965
326
11181
7434
7659
3728
2422
15453
7128
11647
1546
4985
14042
12132
1509
2412
11094
147
11715
4656
7999
1611
2366
4719
3331
11478
8156
14895
12543
9227
14994
12059
1267
10269
7891
2363
9909
8668
10966
10382
1669
10436
12839
13762
3322
7153
7319
14793
7943
14349
8695
5861
15026
13481
132
11072
5990
12072
12357
14181
13226
4002
3617
7763
6945
3701
9136
13716
125
2980
3168
3712
10807
12121
7331
6825
16370
704
11308
1369
8653
7365
187
8977
4872
2513
906
2048
3291
8558
3976
2234
16025
6697
15402
13331
11435
14756
14738
4052
1779
8763
594
13772
2187
13484
241
8567
13407
2115
529
4402
15998
3119
1441
4283
10666
622
5310
15665
11113
7288
8403
5251
7537
15515
11189
16005
10155
2002
1665
15213
7884
10181
3566
2313
656
8412
2569
7493
6404
1284
6610
5296
5735
12177
4309
228
10038
5336
4612
8849
6751
7368
11356
6359
8085
5798
11456
11337
5347
3624
9634
11147
10566
2821
3770
11549
5388
12997
14969
10254
13269
12067
75
6967
889
1728
4844
4092
7047
1644
6177
10024
13688
1695
4840
12250
5897
9267
5688
2068
10239
11723
15420
12150
14297
8606
3786
2816
9798
16018
13695
976
885
3717
15392
12323
15505
12143
2688
3692
7166
2505
13342
8055
4917
15210
8834
1431
15990
2908
16087
5585
16063
9384
9377
1103
15019
14538
7102
12040
8316
6937
9390
14423
3773
1554
8324
2935
5452
15287
11897
12961
13505
9963
2246
867
736
12717
1417
13599
9424
10272
2934
12709
16245
3436
14378
4465
9670
4462
14646
14791
13341
7953
1784
1871
10704
14840
3276
5777
11117
9005
12985
1675
15294
3405
14858
7646
2325
13412
13012
4572
8762
10901
13752
16082
12878
9255
5352
6497
5531
13035
9117
13759
9879
16258
13683
9134
12944
3931
7662
8369
12859
6556
1015
9051
1299
15810
10549
15058
10455
10619
12081
7817
7582
15466
10387
14424
16206
11491
609
829
9900
6232
15438
6161
7701
9062
1518
2432
8516
12923
4664
4860
987
13843
4792
8491
12257
10281
6620
2885
10433
4225
364
8608
3984
10965
7248
12810
4735
7401
5331
2070
827
10657
3469
12483
12389
1047
11654
7032
2873
2808
9480
13
10811
11502
14689
13086
1544
1422
11095
1320
13643
3389
6584
619
15428
388
12969
13798
9276
5961
348
7035
12561
9336
9686
4154
15373
14168
10480
9518
2122
10570
9643
12503
15725
8300
15946
2446
15243
13056
15680
4738
9258
1861
7579
4916
6392
8946
16119
738
13388
8384
239
4333
8886
4913
8863
3547
11407
15038
13540
6711
6571
2899
13419
10373
2625
3513
3213
8693
8139
1617
13773
8984
9343
13680
14361
7697
176
8296
1213
427
6448
817
3952
12355
7797
14350
85
11391
5818
12324
2269
1009
7598
12052
15565
10348
6738
8440
863
8186
61
1502
15091
13944
9838
13148
8639
11514
14139
11853
7186
943
3724
15315
8399
15750
8789
16354
13045
3393
11271
13210
10425
4194
15087
357
719
7340
15950
14598
15475
12315
7911
945
4623
11910
8671
13788
13195
4923
8234
8833
11161
9639
378
5663
12276
11107
7602
8859
5365
8077
781
13767
2382
983
117
4162
16176
15190
10212
16288
12690
7124
15005
13102
6170
8810
10698
1999
5038
15928
5408
15235
3991
3937
589
4358
204
1037
1501
4699
3040
6484
13779
10918
12756
1478
4871
3162
784
3142
6705
11545
14121
11224
14984
6914
14495
11891
5285
1419
1151
8753
7285
11785
12393
215
8983
9294
13244
15819
6880
6237
13736
739
9802
7497
6661
7158
14999
5470
9052
12625
11913
12687
9577
7523
16137
9551
2525
8345
15269
5930
3294
9942
11651
3503
3185
14916
7833
10095
13387
10244
3764
4366
5312
2233
16249
9454
9736
8036
15102
2736
13951
11226
16090
14694
15338
6728
6975
15527
14980
4954
6115
3343
5025
2645
7359
7205
13741
4665
1768
11635
1867
12167
7399
6235
2512
13119
13966
11203
2891
4299
7034
15483
13267
3214
16151
1876
1821
11038
1367
5500
10138
10534
3374
13169
13025
3817
13051
5829
4610
3129
13519
11028
8973
12365
5076
12978
2587
11125
5532
8426
5211
3079
1162
7651
4207
6398
3634
13425
4437
7117
3804
12842
12345
2964
10957
12377
841
8281
12541
6866
778
5939
8924
2573
13662
8463
6913
8258
4302
9146
420
3426
6248
14172
6010
11413
179
4400
15017
1633
15230
6510
3267
2308
6347
4839
8091
11210
10652
13222
15041
15222
7968
3975
12867
2139
14202
3217
5916
5338
13216
15764
13303
7785
11875
4981
1361
13622
1641
11201
5015
6769
9570
284
11969
9155
10669
12087
9542
8175
8315
5794
15793
8265
4836
8919
3303
980
15013
5553
1605
3210
6114
12762
3697
15446
10301
10531
10100
11284
8582
7621
2292
6494
15012
9895
13074
10371
9702
14149
10072
13672
14888
10709
11556
3250
7312
3895
12545
6676
3910
4993
10050
16183
324
3968
14150
1375
12664
5753
14101
14245
8131
13026
15339
19
14986
3580
396
7215
1803
15675
8673
73
12831
2742
7352
5059
386
14680
14263
5734
9533
11765
6970
5415
5819
11742
959
10108
10784
11431
1629
3614
13924
5986
6545
60
14148
8513
7364
10973
2805
6212
1161
3901
12892
9559
11908
16276
2865
3526
11134
8931
15117
14739
12263
8078
14729
4480
9663
7753
5670
3686
10184
10535
4285
7195
115
3264
13440
11251
2740
13553
635
12755
9640
7536
13121
5443
800
12231
884
14613
8682
7171
9001
5874
16195
6172
2136
6437
12312
1959
7622
8785
3247
549
3088
4541
12788
16152
1783
15455
10042
9953
3196
9537
3934
12749
7268
9460
267
13527
8498
14963
13335
2012
1152
14797
2212
4709
6904
10195
9410
8784
13840
2931
6807
3424
3427
8489
7041
9977
1413
8388
10584
11542
8580
5652
2661
11265
7679
4725
8995
15589
7670
7046
7175
6037
4958
3176
9275
9266
13465
9165
10917
8137
11955
10035
10950
10107
4971
6652
7545
1826
6268
1655
390
9022
6185
1346
14093
1875
5107
4136
3337
6683
12013
11370
7835
5030
200
461
8352
5913
8344
16033
12259
9307
12634
7937
16242
13140
12173
4597
2623
3572
9496
2064
6348
563
11490
10673
13385
6282
3986
2407
1286
9576
3690
9405
7450
13988
6844
6995
1326
8080
14574
8012
11740
15218
2356
4022
9164
8759
10732
5380
10405
1108
12659
6822
4049
10374
9301
12700
2062
14601
203
5339
9278
5049
846
3445
5873
14233
5229
11835
6679
1624
12141
14386
8976
5186
8425
7778
1993
13677
3736
15403
5678
4794
1514
5330
4212
13724
6150
10402
13551
13576
12477
3107
2205
8011
2848
300
4773
7829
3172
16154
5902
12457
8070
9624
16312
1599
4289
10976
14585
4044
8636
12993
7794
13986
11077
13712
1276
3961
11563
6187
14072
5604
5478
11054
7048
13018
9844
10284
12293
13710
14178
12886
1295
8721
1793
7392
5595
12582
4255
6322
1045
1740
11067
5401
546
13704
2383
5752
9862
9708
15036
2480
5660
3905
2378
1391
10796
4262
8492
1198
5518
3794
14702
789
7683
23
7846
8168
11104
5052
15309
15390
8778
4996
11498
15027
278
13441
6443
1238
4050
1194
606
15873
5370
6685
8801
13266
9715
13257
15822
2075
13236
3208
193
2489
4168
8897
8884
7704
4223
708
1036
13732
11386
936
11535
13965
4862
9156
369
11255
4667
2788
3092
14842
6080
12933
3452
10004
750
509
12165
14911
135
9371
874
9765
9295
4690
3822
12022
3803
11569
6325
1474
10744
12009
8672
14204
9718
10340
7966
7504
12620
3236
2746
3588
850
15520
4529
13738
2861
2443
5527
9710
3610
9523
12745
13161
3660
6289
8153
13569
2158
14211
5565
4323
14312
4378
14226
11689
14026
7255
8239
1812
4074
7586
16142
7369
1272
12611
15359
13247
8993
11802
3813
15869
1664
6580
4986
14811
16020
1676
29
10999
13234
14608
1399
2528
3956
14509
15874
11204
12669
3942
6614
6656
11877
1958
15959
11687
5742
11240
8225
1916
7669
6418
14169
11222
12526
15699
11206
16053
5561
7934
2822
8544
11624
13350
8347
7081
7456
3406
1056
7304
16277
11259
7959
5234
9188
10885
7118
15143
792
4606
3282
15106
7974
4169
10391
12499
12103
9994
13363
13275
7241
1880
1799
10753
10474
870
4375
4940
7327
11585
15691
14527
12623
5308
6148
1411
4394
9549
2832
4453
12331
2906
11995
2727
2846
1416
4387
2362
13518
2493
12534
367
9818
1869
14677
7109
13685
1598
11037
2671
3083
6627
13836
11319
2322
12050
1570
8476
4717
2976
8947
11285
12806
2725
1046
7355
8173
9269
5641
13768
12251
483
8676
4663
9747
1204
9861
1464
5795
782
15493
10503
12524
5184
7281
8177
13310
6368
7123
7717
10234
5495
4093
14678
7045
2602
7929
9452
14171
4645
13173
50
8079
7165
3059
13739
16298
10770
9375
12456
1060
4858
462
15590
544
536
8371
8015
10154
13954
8719
2140
2961
14269
11272
10177
5182
4578
6032
15949
10482
12837
2993
9372
1713
2575
3726
1887
16212
10370
10499
16004
14268
2203
3940
4157
407
2595
13288
12129
6231
31
14780
7932
10404
15497
8645
10598
1922
15880
7635
4970
5876
10978
11289
13826
10231
5728
9054
8111
3573
9306
5191
2129
14961
168
6108
10479
5806
14893
3159
14854
13301
12478
10137
9220
7510
15678
9768
3014
7207
11235
8006
477
41
3665
335
1154
1481
8817
570
3521
12354
9218
12479
11006
14002
7655
942
4121
761
12535
14835
6988
11829
4166
5092
11066
13846
14080
7425
1757
12445
13486
13459
3628
11243
7410
15050
139
4471
8301
13395
96
13254
8229
9688
2660
7663
5371
9851
10441
5957
416
6783
15592
1463
8711
13008
15095
13375
11249
15623
7856
9501
15422
10009
10409
172
2261
6102
10702
15498
13455
13631
13466
3787
2915
15305
14711
11890
6599
2427
2006
5273
5988
2594
7516
6839
10032
16309
8005
13177
5342
12615
5464
9928
7821
463
9575
5658
823
9505
12336
4145
12553
6601
16316
9439
1503
10892
10541
2061
2134
10987
3802
10226
8434
12987
734
6530
4403
15000
6553
10112
2566
12889
3731
1896
2239
8521
3814
14443
15930
4291
6906
8416
11815
14412
6302
6034
14298
16123
14764
2634
5962
3755
14950
11048
10431
14715
3121
661
3370
11091
12629
5630
1093
11340
11862
9962
2273
15351
5374
13472
3318
12221
11685
12565
6782
9191
855
6058
9914
2857
10730
1604
11652
13975
1831
15847
14434
7100
6989
2983
9769
14857
9813
9431
11559
374
8616
16036
4994
3790
6999
722
2548
9589
9
10302
5966
13479
11351
13845
2496
2965
15643
15003
3407
13064
3388
11653
10286
2974
650
11132
15347
12720
2373
8584
11982
11084
15748
10311
3618
4017
3611
3605
4124
15777
6306
3450
1597
16121
14825
14970
5258
1005
6812
2856
1240
13009
12194
1420
5584
10737
2756
6129
8921
9981
7228
9481
9060
9897
8357
4932
10198
14290
14487
1278
12379
6732
88
11421
9036
57
1551
6056
14067
7905
11743
12241
82
11065
10217
6515
6804
4796
3930
871
6787
16224
13132
11394
7037
6558
10166
16279
7939
3601
14886
7675
10033
9358
6225
830
14773
4249
9234
11827
2340
7469
1144
4406
7155
9222
7768
6806
14996
7389
14794
5833
9494
1328
13047
8050
8328
410
1711
900
13393
13618
4532
1321
15353
5972
5900
5715
15229
12417
11963
15045
595
5903
10616
11441
5952
7494
535
2346
15630
1505
5544
5486
15283
4485
9491
3412
6421
7896
12606
1212
7976
1758
13498
8283
8222
11846
1050
1348
7062
9111
10088
1594
5279
1885
4842
6698
811
13334
1853
12926
4489
1119
2030
14760
5462
16026
2193
11885
7600
938
8009
15081
15349
8594
4187
162
15753
3400
6741
11178
13235
15285
1394
14191
1653
428
16044
11150
5002
2502
13970
13178
6155
1705
14942
13642
10150
12092
14508
158
3761
4922
5882
14082
6336
8103
9235
9026
9854
1659
1623
9453
11009
10134
11055
5784
12916
14348
14146
9268
30
9700
4617
11250
1926
7064
10812
5159
1004
15917
9170
9936
7432
12430
10023
760
10915
9225
11618
10070
12344
11031
13057
11900
11362
5508
10839
8560
7484
12722
2149
10014
11506
10887
3823
3149
1436
7347
13812
1840
12931
14396
5137
2131
16332
2029
4949
15570
687
3219
11998
11650
10703
15845
15448
3332
69
14846
11699
16381
3231
2433
6953
12351
7078
55
12062
10949
8607
7294
5253
373
3490
6126
11552
14051
14209
11693
1396
6320
8090
3091
13067
6313
6572
3864
5093
1298
7097
13992
7310
14257
8429
9758
12017
15028
9122
14313
13558
13673
107
4434
2170
4344
11609
14607
10338
9125
11916
9760
14883
10878
1150
16347
6882
4103
3561
11493
13595
14464
12288
12427
1449
5579
7728
8094
3154
6965
11566
9088
10806
8480
11959
16158
14166
3477
9411
9587
11668
1619
256
2954
10242
16261
3906
4867
6868
11321
10121
914
3630
2074
9096
7271
10985
5845
12160
1271
15984
9858
13945
4210
4554
13691
4942
9803
8124
16070
8228
3031
14882
7971
13860
13875
1097
268
7648
8713
10847
1061
9378
3933
3881
15508
10215
127
7344
2484
15937
15884
9588
102
3661
7093
9887
11762
2147
8187
9473
15009
12461
12809
12857
6430
6589
7423
7488
2470
2214
7883
372
5399
14147
10943
809
4354
14400
10077
12843
7854
15800
6024
1760
4131
10185
4353
12113
5166
8353
6576
9993
11088
2278
3360
2066
1643
8226
10829
9038
1353
8340
8284
4782
10131
14863
7985
7723
7534
15889
7419
2058
10309
14541
11455
5890
9719
8861
12793
16075
6752
5634
8890
11162
4180
1432
58
1535
7851
7845
807
9349
3886
12404
8832
10236
7705
6048
1155
706
5013
1048
3809
6628
1952
3669
1165
2091
15634
12303
9368
16269
2459
5778
946
11424
7080
3313
11293
12147
3889
519
15981
4673
466
12423
14076
6224
11860
440
4192
13087
13817
8510
12792
4946
2686
12079
3128
11555
2324
5194
3134
40
12431
3947
1864
6280
2790
9617
11384
15808
11645
8942
14375
14301
4927
4848
4945
5760
10820
9348
11081
1082
2627
6834
14359
11744
13720
15352
3087
7320
12088
201
16096
2766
9106
10021
166
7531
10516
9964
13343
2782
12322
1287
4231
3677
7252
1032
4770
1176
4468
2281
16256
15910
1917
3667
10113
4356
15022
15431
10197
15396
10007
4030
6618
14476
5654
3707
8198
8818
11972
6276
14592
5465
12804
12180
13943
11347
2444
14450
4846
15180
6452
11978
13103
15267
5578
1808
3135
11035
3834
5985
9104
5687
9754
8390
13665
16252
15782
5566
11864
154
13181
15376
15415
14594
497
876
5593
3395
8354
6380
1438
12828
3371
10559
12063
6483
4091
8162
7790
1751
14094
15846
10865
11748
4991
2778
11538
13655
6458
8065
7644
7487
13674
9271
2968
13128
1942
14939
4142
3243
14473
7738
13123
8219
1928
642
15490
11849
8088
15965
4487
8779
4509
8715
5400
14074
2229
2522
5073
7680
13833
1081
593
7972
15901
14053
1859
453
8574
14222
9941
288
14256
4672
4012
2735
16244
1567
16289
14783
3763
7850
1781
10084
7290
1306
10016
9546
15730
11509
11141
11172
8951
1905
8309
13996
10497
2106
10168
3354
16066
7886
5594
7395
4658
3708
11768
16369
8031
16032
14446
11190
9287
3466
6517
12826
6432
15980
7373
15239
1003
3453
3552
7066
9641
4278
3826
3871
8360
9442
9811
4233
14253
4407
12710
4523
1491
14998
5257
9181
4716
6860
11260
11621
766
5816
5036
873
38
3951
9025
7063
6621
8969
9387
5971
7361
3960
6151
14934
11539
11851
1847
15199
6198
10298
8731
5668
9123
4014
12685
4639
490
4632
15769
4361
15189
10933
10766
5984
4426
16124
3713
14831
4587
4061
2622
13562
16357
10889
13297
6744
1533
11232
4147
1338
4850
4756
15020
15703
12560
3964
11638
15279
1395
159
6910
4199
4511
10201
7096
12058
3684
12135
10173
15882
13097
10182
9256
510
6033
1534
2151
11887
3880
9669
6321
859
1319
2749
16382
5949
9329
14815
5010
13616
12994
10908
8987
14307
5115
9317
293
6720
2178
11004
11749
15683
9856
7208
7466
8902
10745
6378
10798
10342
12799
8292
11427
14132
5461
6981
11414
3718
6926
8882
658
15563
9774
8635
5946
990
11281
11722
161
14699
11550
716
3560
2716
11577
11779
8418
1484
8230
12529
8362
11717
7478
6883
11854
3627
109
1622
5761
15752
15791
2850
4115
10758
14162
7338
7444
11076
4696
211
15854
8451
8459
6073
5617
11058
3854
16060
382
4397
12689
961
5079
10235
5563
16042
15606
2677
12486
11404
14362
5612
8793
2953
12701
13516
13101
10000
11051
13291
4023
3992
1956
2054
897
7397
15770
7684
15025
15174
411
1741
16271
4901
15145
6027
15153
13805
3288
8202
3535
11211
3297
2321
2880
7160
5509
9550
3837
9148
16215
3579
15801
4005
14502
10597
4433
8707
9947
15789
5627
575
5044
5992
9354
2320
15317
9635
4718
8650
7620
12216
14928
9057
11070
6696
8092
2108
110
14855
15296
12733
7528
7243
13795
4808
13559
4824
653
11818
11074
12401
7629
12311
4951
8045
1197
1112
8597
5673
10064
5188
3155
4926
8400
2663
10469
4577
8522
433
9344
10743
4457
349
16129
14504
13376
11931
6547
755
7897
13207
12595
2554
15364
11543
66
10356
12301
15674
9247
6031
5
8774
16006
11828
12904
13993
4737
7295
15010
6915
15836
4297
6446
6867
5924
8854
5512
7915
11039
5779
2287
3315
1083
5005
2728
13909
12183
354
4448
14451
1687
15078
14271
1188
12786
12903
1034
4176
10860
4308
7552
7513
15855
7777
3954
5889
8741
8269
8851
10477
9153
4321
6216
2090
9471
12670
13881
7638
14043
7024
7293
15542
10110
6805
3063
7187
12471
4478
5019
2271
10256
2791
1911
10734
11747
10452
11841
14213
2860
422
9796
8755
10146
2169
8334
8518
15132
3355
16193
447
10902
1250
1720
16088
5859
301
15061
8662
12450
11443
5662
718
14163
12469
6089
5590
10968
12291
15416
3112
15514
9557
3317
11460
10819
14754
11290
13099
4431
15297
11106
6766
9121
1318
10841
4421
20
13536
14701
2713
4473
442
9493
10111
2871
8637
3894
14055
138
303
9510
526
15075
11807
13270
13994
36
9231
9713
6300
16335
7447
9154
5690
4931
9299
7126
280
910
13600
11314
2912
5382
12803
16099
14282
15249
13617
15055
15711
7975
8856
7879
14070
15495
6654
5691
6319
13568
5547
12605
9013
3578
1610
3064
2265
1066
1433
925
999
8112
5555
12212
3621
5326
2003
15318
530
2765
7113
14356
14387
2221
2896
10147
15654
3430
7672
16259
3235
7385
10587
15955
6171
14619
8690
5651
9432
0
12570
15545
9870
14399
14077
13115
16222
9832
7136
6938
2973
12112
7133
12152
10090
8838
6340
9808
7782
4595
7727
3775
7465
2057
14967
2918
4783
12422
8061
248
4334
1809
16377
9788
13864
7572
1147
10544
3057
3912
237
10495
11817
6542
16149
2013
11268
12491
10437
835
4801
2829
13462
5653
10576
7149
480
971
16307
3672
11277
11157
8485
1059
6125
4776
7863
6690
8466
14187
10858
1127
13663
11874
11631
7878
2692
9524
14515
11593
10956
183
12196
7860
13340
2664
8274
585
9138
16148
5369
2096
9573
178
2440
3069
8041
4418
11303
11949
3538
4974
10888
14247
7055
8665
10500
9824
7016
1596
4167
648
16190
3378
2369
2509
15758
15878
7921
10717
14758
8869
9379
12320
3768
12043
12089
2799
2568
8149
12577
1571
9705
2672
1795
10345
11231
6902
1190
12893
15065
13801
3151
2578
13678
8822
12156
611
5430
711
14618
8035
15985
5278
3309
1038
7613
3386
435
11992
15443
8385
14604
2392
481
13071
15124
15444
6733
3676
7415
4226
11109
12255
7798
14235
6342
14885
13120
12019
4153
13611
4370
4148
6104
370
9212
2984
13625
9561
10200
2904
8313
836
2758
8609
10209
2408
3777
7442
6575
2112
6644
4739
12362
5694
7647
10590
15727
4340
1637
10148
15883
11567
7428
4827
8821
2784
10420
7350
14560
5343
8392
16169
8224
14651
15425
4089
2673
9631
4449
16338
10648
10207
7433
16250
1377
4467
14267
13935
9544
15195
8684
1618
13590
7069
3287
7678
12232
14044
11209
1645
3879
12601
6703
969
10603
3390
5445
5844
5303
3808
9508
10540
4748
12671
7538
8961
5841
539
16353
14195
10160
14035
6786
8579
6968
7043
7360
8971
5534
2724
11324
6671
1049
5150
8610
8590
5458
3924
7322
1933
15096
15551
11622
14273
13402
682
1031
5823
4181
6283
15989
7414
660
6168
6204
9831
1769
11365
6693
1434
16064
9159
10776
12971
6040
9014
164
8659
5439
16107
13164
8777
11360
220
14491
7611
6481
4290
16055
4763
12480
10056
15863
6067
13803
7746
8084
13414
3228
10388
5942
11012
13447
11948
6894
2560
8930
7952
10365
3447
3074
10248
7083
929
14036
6180
11242
16318
7754
283
9536
10643
2577
3969
10958
6664
10413
4326
1465
10797
6265
4063
10123
11520
8954
7640
15860
10855
10396
6194
15975
13664
1086
9077
3103
5552
4790
12028
7618
1057
4144
2391
5886
6236
6993
2706
14944
10671
10853
6205
16159
5960
6876
15401
5719
6008
273
6047
7011
6252
6739
832
249
9968
14184
15792
3120
8804
1538
16358
11664
12100
13190
14106
12032
12020
7603
10854
3009
9829
11920
11238
15733
2701
4963
12517
4678
6326
2521
9599
13435
10615
15687
13364
9130
15301
516
11830
456
854
12235
2197
12956
6189
11776
16326
13492
12500
4975
270
14552
14512
7501
6586
3735
7958
7146
8217
12077
15114
3885
11245
12124
15537
13044
5009
2327
10287
1822
14228
10485
7692
1668
13827
14277
8154
4261
13977
5791
5473
6487
15069
6373
9693
2194
7544
12285
749
12825
16237
15295
9419
5055
11194
15397
11701
2655
7748
11270
10189
3709
9010
2034
8192
12214
316
14144
5307
5218
3941
7555
12010
16120
8738
12254
8999
5729
12815
3546
6861
6581
3222
12197
14983
54
2864
14668
8612
947
15694
3308
10279
13512
10905
15954
13144
12640
523
9696
5804
2711
3759
3876
9393
4886
7508
1403
14955
6980
14957
11865
15599
10996
13583
15993
7566
9079
3401
5648
13004
11669
16235
5424
6266
9382
2939
10314
5705
14469
9649
1383
13093
1972
10312
7584
8814
5176
4921
15212
10429
9177
7015
9205
13684
7928
8272
11103
1244
6195
8555
508
14102
7872
14175
11288
8176
13469
14223
3271
3094
15160
3567
7910
14049
15134
2751
11465
12361
9600
429
8798
169
5014
5242
14719
5381
8855
137
1530
754
7764
10972
11683
11557
2120
7563
8142
8277
15092
1878
7408
1226
3944
11120
3769
12400
9771
12428
3636
2515
131
16073
11023
620
10463
14217
10178
12976
3946
907
11628
6335
339
4504
12270
893
11217
16007
10721
1193
8299
7299
7039
11989
852
13454
8342
2156
2590
1336
15148
2718
14766
150
12548
5808
10656
16267
4221
6539
12871
10199
2243
15040
10799
8304
3187
10317
4768
13094
7492
3073
8866
14152
7052
13220
9615
8502
5045
13079
5228
16030
6295
5601
10502
6856
13237
8831
8016
13150
5822
14320
6209
15927
7235
11410
10645
14553
1042
15804
15151
856
10942
7274
13146
2836
13948
12974
5679
13233
122
8972
763
1964
6862
16263
8488
4990
2398
5480
12648
11480
5483
8010
1684
2304
14834
5631
8628
352
7366
3461
3141
4024
6247
1890
8965
5571
7156
2164
7865
5037
11325
14735
11838
1903
16133
8626
5737
12920
6632
5272
10143
2599
4759
7577
7376
9133
5582
14244
6886
91
4420
9078
3414
13382
7115
6127
7004
2148
15407
1002
5095
15895
459
4506
494
4360
13351
12730
11479
3146
15419
11811
15463
4590
14923
15389
779
5789
3050
2681
8145
10036
1468
4311
9450
15062
3843
892
14447
697
11352
8865
9969
2925
14679
8349
14405
181
5421
15522
3204
15961
14856
10118
15198
3368
2258
12353
1628
184
676
10843
8323
4908
3766
8630
11501
2547
4482
121
2286
2141
5695
12801
15710
14420
3211
2886
5725
360
1365
371
15255
14159
2380
8413
12075
13837
3861
282
4780
6593
13461
3483
14582
10
15652
10366
10493
2132
7650
3502
13182
5102
7173
9314
1475
14192
14107
14830
1782
16049
3840
15006
8938
14717
11575
6107
7177
14007
5922
2270
5684
5414
15398
6529
8563
3996
15562
1703
1700
13352
2393
2338
13028
7020
14225
10351
4083
11823
6960
3275
7758
12780
13005
6734
6143
11075
2811
1467
11594
5363
10478
1237
5216
5309
7799
8840
8943
10465
2601
1313
7654
4585
9436
295
116
3648
1843
5130
12869
8097
2902
960
9892
252
2800
4652
6813
12945
4447
9940
14931
9665
2705
12192
10691
9541
7587
4355
12851
5642
3346
13648
12496
2536
14052
5877
2476
11020
12739
12571
14025
8113
6811
12222
7989
9791
13660
732
6516
2458
294
12580
998
737
9672
2659
9965
15321
11323
683
3633
9490
14597
15763
12204
11463
16275
15896
6026
6653
15656
291
4698
9872
1662
2996
10585
209
3590
6660
1667
7420
15932
14207
1323
9048
312
14603
8576
14530
14919
9799
5358
4008
4832
4279
5328
5237
16140
3012
6520
3533
11579
3791
5277
13853
4332
4965
6202
15137
9535
10712
14161
2241
16219
15806
9837
3981
6391
6260
9467
7483
5105
12647
14568
16059
5241
9534
2188
13828
4868
9463
2913
3772
3359
9333
8935
9826
9743
11071
9043
8826
15459
14513
8911
15724
7190
6597
4383
7257
4238
4037
10682
16214
3738
7259
8303
7643
13822
434
1428
12768
15496
10190
6060
4033
1881
1989
4710
4286
5217
3704
15049
9795
3629
15107
7245
12449
5167
15714
4558
6353
13243
13887
8716
4653
7147
4876
7529
16125
12313
8619
9724
6440
6716
1311
6417
10881
4280
6061
9290
4230
1264
14433
1289
15856
10562
8905
848
4905
15628
11329
14776
5646
12983
7429
14255
11656
13769
2523
15679
7237
7057
9042
5001
12421
13933
9367
1873
8988
12224
7960
3071
13194
12537
6436
10459
3336
4879
9190
15653
1836
14635
4056
12650
9756
15421
15658
7151
14535
4809
7436
384
8297
13961
5196
11357
12982
320
8927
3061
2986
14518
13980
14071
15523
12783
4217
8791
11188
11454
11839
13246
1744
12130
14416
8602
12834
1400
7302
2492
4964
12872
3399
11423
12035
915
8370
7222
10791
16001
9451
12201
7561
3110
9531
9980
9763
11236
8689
13029
15751
13082
15641
3283
5964
10971
10176
5054
13345
13452
2032
13107
12912
10082
15988
8883
10740
14345
2144
4930
10986
16371
9160
7053
14380
6588
6006
12750
8920
6717
5708
2428
9898
7836
8024
2553
4507
14134
11291
9819
11122
8314
4026
2648
7673
2312
15238
13021
14091
4576
12145
15696
9103
13215
14579
15374
8306
327
7141
8208
4027
15834
281
13502
5238
2937
14262
5717
8568
7589
14782
13192
197
10528
6105
11485
9814
13404
1450
5136
3311
12209
1149
16002
13105
14116
436
9356
9918
6714
4754
10066
4838
11534
14697
1158
5723
1743
11856
10997
13283
15457
14485
12366
7236
7028
177
13058
561
1099
10726
671
10334
3972
15948
14723
12613
2142
8270
4925
1430
15480
5060
4873
4909
11096
4527
7405
13429
13187
16079
2311
15447
13593
10951
15167
11996
5858
6908
2967
7808
13814
790
714
1791
7923
11894
4277
5426
2584
12166
14038
9746
13506
15024
14115
11873
13413
7162
3422
6724
16145
11731
16232
2903
9244
133
2275
3051
10832
1621
12824
14836
4712
11022
12304
2473
15736
11219
1456
3230
3000
12672
6951
6233
8503
5203
2406
2839
5151
5513
12482
4463
11892
11472
730
5875
1773
2757
13979
15976
9369
8119
468
10393
5332
4778
14185
3604
4723
6341
7239
2337
12967
8589
3851
5071
3907
11197
474
9063
11448
1482
8397
14218
3130
14196
1229
14415
4392
1156
2084
6488
560
14347
15478
10058
10253
366
7914
13304
16135
15610
5135
14547
332
3939
15043
16068
3643
11015
9569
6942
11468
875
5790
12339
4363
6982
198
14437
7714
1426
1828
1078
12679
13410
4753
698
14904
11445
2370
15369
7382
9373
4101
14466
9035
10283
1331
9355
2797
8912
13336
8776
6562
4559
2897
11191
15375
10019
12319
12302
3004
438
11855
15290
4059
1583
7283
3696
3938
11369
14325
12919
3623
7107
10421
9956
11005
3261
628
3539
16016
11889
11473
1300
8288
9526
4087
1216
13172
14426
3921
7145
452
10470
7676
4495
15601
13809
2445
11698
2464
13676
7074
1090
6094
1296
5275
4269
9318
12420
7969
10893
13510
16362
6771
10684
9860
6001
3326
1694
6162
12596
13549
1572
4588
13644
15898
7411
7372
4057
11772
2820
6888
4895
10063
664
3098
9660
12906
1040
710
15175
7792
331
10824
5173
15591
13806
5132
9254
13938
727
13749
7220
4870
8191
8483
2225
11165
6946
7925
780
14992
3295
15983
7991
15123
3413
8432
3682
9086
12937
15388
13203
12726
3052
5174
9075
7521
7807
5769
93
13117
3883
1435
2807
5476
5123
11459
4549
5023
8032
8439
3903
8934
12123
14114
9341
9137
9310
14561
7238
7261
7623
15506
520
6054
9801
1016
4119
5280
4740
9197
13656
14824
4201
10877
2350
2520
1324
2922
7769
6165
6438
12069
7291
9591
13449
5931
1189
3043
240
2763
3563
12947
4689
9630
1851
12372
15857
7844
8083
1302
2310
1939
15032
3379
4380
10898
15119
7658
8591
13873
10297
11633
3716
12068
6587
5233
10483
4454
7440
3257
5294
8007
3908
4161
3138
7496
6152
1254
631
1980
695
464
12995
771
4222
13167
13511
13532
8214
13197
9260
13171
10447
13718
8862
6036
10179
3973
14112
2719
5979
7404
502
8185
13708
7724
12939
4556
9359
257
11090
7749
627
3995
14801
14753
1406
15015
296
12536
1279
6323
5625
3148
11449
3746
15742
5269
6884
4193
482
7908
1862
6727
13554
13999
9868
4866
2754
3493
9540
8629
7318
12083
15450
11059
4410
3251
4019
6394
14710
977
9161
11533
14369
12325
13886
213
2975
11729
1671
556
4546
3408
12863
14376
2457
10052
3599
16039
7439
9261
2825
9055
6113
9228
13134
15193
13108
10468
534
4522
13874
11536
12540
10045
7170
375
13359
4791
1658
10169
13027
15626
16204
15858
6099
6606
9021
1708
14813
3432
11721
4243
13090
9601
13892
7328
5643
13921
14612
14120
2449
443
3047
821
10386
4088
1007
15848
13985
10610
1107
3982
13253
3892
11428
5925
8541
12429
8043
4657
7273
1575
9902
6519
9516
15082
11712
3300
1994
1837
9129
14910
6943
9388
15372
14537
9114
8025
12784
10731
15299
5968
1879
128
4691
14280
2333
12002
9740
16040
10683
8892
1863
14499
7038
7464
8642
9904
13548
12056
11942
1460
3644
9241
3977
3737
8355
8674
13054
8487
3246
6190
2222
10320
14673
7713
14015
12902
14640
11798
13040
3152
1217
14972
12109
10218
10044
2772
1363
8566
583
5707
2732
12590
4021
2770
15923
4442
8449
3700
787
9421
6949
7026
14890
10722
1256
8871
6454
1297
11302
2024
59
15083
9376
14775
13504
12142
953
2637
8105
4114
1085
10051
14940
6672
14533
7605
4430
5838
3699
4118
4620
10086
8994
13789
15648
4526
15093
9620
12021
156
14586
4517
13100
11843
14584
3434
14572
2039
11348
1312
10813
12533
4054
4235
9646
9674
11082
13802
13754
4359
13936
16109
4305
13053
12261
13495
7457
6228
62
6623
1001
8348
4833
5056
4379
15136
14892
10720
5192
1255
12447
13960
5915
5935
6175
2093
11636
8494
8435
7737
5847
15104
15664
8781
668
14279
7232
7332
10125
14951
4414
2118
10507
12513
5046
11583
10096
9986
9360
6442
7108
15307
7874
8966
13560
12673
3109
3150
14786
3365
6110
15472
9073
14690
8232
13477
9126
2998
2963
6934
9509
9019
12790
15603
4164
5373
4750
3955
6020
10046
11706
596
10953
6042
13400
7509
12030
16364
16274
3411
12341
2209
16246
3512
5368
342
4915
7336
14900
10561
808
16375
8908
8842
12512
5754
3216
1636
5958
15154
11256
44
8115
7019
10809
6668
146
12594
10629
3570
1011
5881
1096
5545
5065
13571
9560
6414
2208
13225
8028
4042
7260
6141
3914
7977
4733
7826
3819
14799
1074
14467
15
4274
9186
5821
13356
5355
2994
5636
4938
16305
12946
9284
4955
2833
3206
2678
1639
3824
6472
12125
12557
10963
13332
1580
14327
10203
14873
9642
13011
226
1329
4878
2067
3136
9920
10490
6337
4220
6629
2299
7895
798
14641
15182
6646
6974
14489
4319
5288
15916
9465
16294
9616
4654
8888
9087
12328
8520
4705
10895
2402
15812
14875
2474
8944
13299
3224
11042
12396
13579
6400
16166
9091
10041
199
9443
12787
12789
1894
13567
16147
13346
6901
5099
5766
9119
12604
1199
2105
7073
13277
1696
1452
14781
10344
5103
11307
1285
1651
7012
12116
11089
2909
6543
2679
4902
6833
6397
10810
11457
15479
12338
12064
7384
11159
1960
8526
9362
14751
16047
14785
16359
11060
16081
2764
3551
12656
8504
13092
6109
9196
1764
12184
12458
5214
9878
7575
10749
7988
16037
15471
5143
3688
1439
9997
4409
12501
5181
11527
13777
9666
989
1649
5918
724
11871
14596
7077
13855
6476
5744
2859
2223
9985
13083
1987
9725
3203
12359
14045
9297
10322
13201
5908
1070
4483
4303
1424
8870
13824
6948
5299
1747
4085
11757
11909
6441
15310
4445
842
10194
13926
3056
8076
5797
3789
3681
14997
3748
12728
2558
10140
458
2714
5247
6134
12552
10498
12175
13379
10412
3325
3497
11510
15600
14809
10772
4516
4952
3899
6279
9712
1670
5066
15502
9448
569
7526
10515
2060
9406
14656
13158
5812
11878
11957
13838
2297
4109
5739
10724
3928
11848
15474
11068
6590
5397
302
5947
6395
7254
5267
6071
7689
489
10611
13396
15650
12352
11387
11598
12295
7862
8021
1852
7997
12953
8687
3664
10310
13333
8633
10067
8623
7461
2456
4660
9807
7121
12578
13821
2588
8939
8647
10523
9263
11176
10738
16162
12397
15103
24
13386
9272
6612
5756
1472
12957
12411
12418
5360
2374
6130
6163
4025
8891
6057
4960
7861
6281
7736
6707
8479
11946
4295
14866
2207
7801
12766
10805
5892
14728
5324
2076
7596
14343
12329
2323
5418
123
10529
16106
8747
1500
3529
15067
8461
15308
15127
6663
1202
3828
15129
9095
5749
4859
7168
12751
10873
10863
2753
13019
2949
13717
9692
4079
7990
2990
15417
11570
995
2043
2272
15262
12283
11571
2826
11436
7112
10759
1000
2026
16136
6570
14468
13422
13091
10580
12082
12913
5232
10484
32
8110
8448
13070
15890
3849
4266
1243
7599
11061
2978
8569
15133
5207
9735
15716
12440
9433
13122
15477
6524
14763
6455
15363
13118
13272
8796
5223
2357
10233
14409
11199
6093
6005
9922
2467
2651
7104
15325
12208
2001
8651
7916
14979
4766
580
12986
3758
3274
1691
479
15970
3362
2726
14030
13296
13626
9661
1084
1157
8075
11248
10970
11661
2504
12386
11602
11964
14872
13847
11405
9690
6138
7139
6139
14374
12343
4729
10337
8026
2264
10489
10690
5372
13578
10660
5521
14294
4423
4218
11275
15971
2874
13766
4731
12742
2063
14029
638
12136
1349
8386
15566
14517
3373
14524
8453
6084
4500
13792
15170
13639
14795
7286
2517
2787
14249
5497
1123
7690
13218
5204
16019
3145
6154
15546
13981
376
5883
12206
7812
2781
9651
9466
15934
15560
10649
3922
1207
6899
15265
10025
9817
8293
5454
8253
3836
1310
2950
9783
10977
10196
2813
12181
3178
1974
8552
10834
2534
14157
14198
2491
9737
2604
6979
7206
16111
6569
512
5406
15435
5098
15891
6677
6505
6863
5206
7076
