12592
8492
4923
13290
6637
14878
438
2395
10399
8046
4292
11754
14071
5398
7155
425
13539
4958
2106
8874
8114
8104
12619
2099
5329
8672
281
9931
8139
15705
6774
694
15367
9750
6933
7405
10533
13894
857
14859
5343
6329
5260
15641
14743
3584
10462
9161
14862
15435
13127
3769
15127
1644
14961
6136
13240
138
13933
13165
9862
13121
5574
9223
2153
1382
13320
10604
8207
3614
5455
14059
3260
15646
10218
15242
2697
6197
9514
2119
9124
3737
6305
4303
3810
8949
8315
8151
10215
6028
13597
7485
4305
1224
12405
15029
10324
5986
11111
3932
6551
349
14138
11474
4453
4977
707
12573
8098
1950
5921
13686
12649
11834
10466
8084
6598
10042
6161
3513
3561
13200
12660
3442
13622
6300
11957
11801
8597
13816
13152
9756
5555
14756
6127
3145
4527
5436
5626
3549
13779
15284
15264
5914
11820
6546
3689
4513
6037
9492
13620
1929
14159
12638
814
10557
10367
4716
9385
13850
11251
2090
7806
7005
9544
856
616
9564
16063
13135
8673
9127
7619
1124
4611
3401
15078
1802
4897
9310
8319
2403
12792
1522
10131
2567
141
14870
3355
12621
14940
13815
7278
2965
13494
13974
9633
11078
12558
13590
7630
12530
14635
2
11543
8567
12726
2307
9827
8019
15280
5632
12020
11795
15007
439
8617
12528
10670
4658
14013
5686
15254
1414
7114
15076
6207
4301
15222
10763
361
7040
4921
12411
3626
2772
11532
8281
14170
3873
268
4345
9360
15406
2669
8375
2325
4726
3175
14352
9591
6373
15055
12562
6902
7917
10946
5967
5682
12679
9970
11565
12442
2525
10173
5006
10994
14788
4961
1349
10619
12261
8191
16210
71
14239
4675
8624
3814
43
13945
12281
10861
10770
11280
10029
10761
394
15522
6899
16276
898
11092
2600
7921
1762
5120
12541
12198
7596
14091
14531
11122
9955
14251
737
4089
2740
11572
7197
674
3307
12629
11988
11364
16165
15697
15362
2181
11005
8508
2546
13046
13475
12309
7631
6901
9311
627
12932
11358
8471
7376
5556
2390
10023
8345
7783
13498
4552
11622
5589
4861
7839
3214
8921
15998
12404
1326
5250
11613
16362
12897
8885
15461
989
9356
5139
6615
4605
12892
250
12031
5992
2665
8928
485
10370
11084
3600
7140
3387
10958
1840
978
6141
15100
13854
3080
5588
6341
5445
4666
15310
8781
10993
9330
15047
8977
13514
11949
16009
9112
12900
4773
10091
11733
1571
9096
12805
2265
12340
1614
29
5782
10977
5939
9114
12727
14276
15804
14090
11600
13663
5059
8920
4691
2301
8033
7149
15465
5500
12675
4508
8347
15255
8505
6693
1296
9635
6542
13561
7070
12615
3554
5337
348
10789
6231
10683
15955
16289
3100
3977
3457
186
8353
2862
4423
13003
5511
6152
13219
7642
15987
2587
113
6508
12080
5426
11991
5293
13544
2619
9552
13150
6159
15034
6912
10797
11625
8496
10361
12908
2382
6474
13444
11387
11736
15974
6492
14957
1996
12037
5221
1811
1250
3155
9115
16084
2166
16
4288
4277
13340
14190
8823
1479
7481
270
8847
12161
7337
999
228
9898
5994
13927
7464
13559
1884
14572
10790
10364
12129
1825
13392
2516
1011
1874
9907
11419
8879
6527
7415
6995
2486
13863
7896
1742
12803
10153
3786
5532
14663
5226
15859
167
1568
1988
10147
13578
15061
6976
15371
10022
4357
3592
7347
2755
9057
11806
1447
5575
6878
7728
14942
10675
9538
5525
3257
3502
963
7840
5019
2217
12163
5065
4449
1833
12893
508
6608
13535
5677
1418
15265
720
11085
13744
2789
3730
10427
10014
6879
5017
464
4203
8389
6758
4614
8095
14811
15113
13044
11881
6726
8997
8200
13017
13499
213
5741
14735
7807
7080
15526
2092
9408
15797
5785
13198
6106
7200
5026
6326
6823
7183
12418
4111
10331
13345
9800
467
9276
8884
14728
2504
2946
12910
2224
14619
371
9149
11703
11516
12869
10127
3344
7975
1902
5692
9082
2482
15382
15000
6928
12461
6996
8177
4882
2681
13337
8099
490
13745
4523
12297
4208
11178
13642
5609
10774
11129
13900
3515
13716
10737
9126
11815
14027
13789
11469
12656
10717
11421
15995
11538
9238
8465
5239
7152
10499
1315
15878
8721
2326
10011
11471
1514
14437
11993
14007
2289
8968
5459
14726
3196
12757
9131
7512
4397
7492
3742
5205
15445
15124
3579
9166
2838
13971
13895
11298
4446
14880
8385
733
9612
5363
15894
11136
3756
722
6466
10840
265
2347
11347
8705
14185
2376
15515
4533
2865
14829
15676
15721
3212
1882
3912
8694
6982
6727
9303
8229
12547
15240
14037
1285
3411
12705
13699
554
5838
8627
1257
12123
6042
9609
1549
3322
7286
4474
7669
1406
5330
7073
15289
14227
9374
6347
11286
7817
9628
14664
2453
8295
915
7458
4993
14433
14520
7827
115
12930
2515
11212
1984
4641
8152
13792
16240
8059
2448
1374
4004
12381
7248
7690
1090
6539
4270
11956
3380
1304
14775
12811
7945
6780
6935
192
13218
5462
8023
13262
6302
16126
7742
6784
12542
8924
11221
12688
13833
4633
4217
5533
6048
11721
10294
6409
6125
13730
11155
14826
7369
2654
4313
3153
8455
9260
4920
15089
7825
4741
14232
13055
11878
14911
15235
10746
14577
2719
12107
3280
16295
8489
14183
9950
178
7109
10767
14124
13573
5114
13715
8759
5834
3809
4003
655
16239
468
1355
10597
10576
8527
3583
14539
7952
662
1169
4323
1799
15666
11861
12947
12267
13397
10180
14122
14302
7738
10942
245
5259
1828
4835
6621
12772
10876
3038
933
1345
8818
6340
903
6966
15573
15575
7870
553
8821
491
7020
8994
15660
15663
14228
7522
1958
6668
12040
10950
10551
5704
3249
391
11201
14214
14892
1531
1859
641
14376
3819
10775
7267
7923
2926
9769
1144
15826
12861
5046
5058
2823
5491
14682
11853
7370
6505
5357
13267
11345
476
8179
13685
13352
9171
9409
2712
1120
11131
544
9987
1012
3292
2281
8526
7676
14783
1449
3291
12636
2008
2475
4637
4832
6888
3105
15535
15950
4358
10459
10183
1540
5534
1457
4562
3602
6609
16307
201
15751
10390
14270
8413
16107
3999
3443
3822
326
12787
13142
7427
11105
13164
1020
5886
16026
13938
13100
13250
8081
1639
2541
2523
12605
5212
15866
13868
7670
14248
16325
6540
14893
8828
13569
2693
14266
3545
14165
6069
144
6782
2023
787
11897
6187
3681
9375
9697
12476
14918
13589
5711
13960
4204
16128
9302
2050
9522
8313
8155
1847
7563
16315
1566
9053
2927
14104
13205
11458
703
15930
1812
6683
7907
286
5684
5852
1769
5633
2645
11332
1512
14237
15669
11187
243
13546
12975
3474
5863
3402
12776
14748
14542
255
1609
6047
8087
5294
13897
5318
13339
4606
9301
2053
13215
10925
10458
11885
8024
852
725
14937
2531
5336
1756
1772
2469
15119
11756
3910
7419
5278
13285
7987
5033
8380
2444
4638
3456
1069
2613
5072
15149
13367
15049
13844
6889
14951
15571
3492
4132
12877
949
5743
6150
15922
13543
1979
4026
8843
15079
6110
16002
3640
11202
3603
10502
7527
97
13787
15823
14009
13459
8329
12591
4036
10330
14140
4165
6942
12852
16223
14460
11480
8529
2278
13197
9249
817
6027
3821
13256
7969
2581
5738
6778
15770
5978
9119
2936
9283
15617
13778
1703
8772
7331
1986
11607
3586
15439
1397
3770
2346
15774
2333
10351
10475
14497
7313
15741
12048
7862
7805
4535
6032
7514
5386
5342
10438
3559
9391
16202
15386
3183
8462
7252
15584
7733
8942
6658
14525
3288
14852
15413
2108
9130
7359
4919
3528
8005
10901
4119
4210
8796
13610
12005
10771
6610
4627
15952
12954
3706
7641
11679
478
9090
1877
6802
14900
15653
1399
11128
12645
3295
7610
8981
420
14902
2392
13668
4108
12395
3022
14610
11445
194
11174
6030
14793
7924
1017
6660
6671
9325
8945
4990
15680
12089
6767
7375
12589
4712
4259
12512
13678
9658
6415
6838
2768
6022
10990
5421
7066
1973
8373
14535
13410
56
2254
8520
7353
4857
15782
14915
2118
10186
6401
7795
5809
7639
13091
12963
15096
8397
8050
7739
1262
1244
15819
4192
6851
137
7893
13405
5110
13463
11435
3430
5263
873
10525
1170
13382
2078
6613
15706
3361
754
15544
13364
12902
4653
14418
10115
357
4077
3061
9664
14151
10339
4729
1887
868
10112
7770
2642
1553
9903
3901
1305
10641
2904
986
15140
237
8744
14186
15234
7713
13086
13399
79
9513
8377
6295
8408
6980
15459
14387
10432
3032
3393
13978
3127
10157
8100
14932
12149
6278
555
10603
12204
4771
5701
6029
1687
6965
16338
14355
34
608
6283
5850
7279
15867
13912
10912
10473
11743
6083
48
3945
11118
7885
3006
456
831
5460
13883
12028
3130
13650
8069
11825
13773
8077
2787
15757
15731
10282
11816
7281
1293
2416
7901
10640
8663
812
4164
2808
6198
10236
12023
5438
154
3234
1150
12798
1673
550
7307
11211
15004
74
15921
14288
10426
1180
15888
13879
3252
15117
3831
9673
9617
2730
12516
2368
13341
1074
10414
5240
3929
15536
5307
8162
2246
7270
14524
13694
4052
10897
4314
5774
6895
15828
1297
5274
7046
3164
10230
4836
16163
649
14217
11082
10723
881
9055
10749
14730
16313
3990
15396
7566
2134
14002
6972
10445
2009
7916
9405
5061
13406
7408
14112
4105
12093
10875
12603
6378
5411
7488
2921
7013
15593
14490
11730
3102
4230
12488
14199
5818
16359
11076
155
8684
3885
1291
12011
1695
14436
7283
13379
2508
5050
7650
11616
5984
3496
10408
1580
10444
681
6377
5819
3768
12570
9294
9426
1732
12862
10832
6544
9299
11247
8852
3581
5035
14351
11699
2824
10622
11682
3629
3459
7904
2550
13366
8274
14226
9469
8322
13756
15379
9981
4247
15843
15339
4956
11517
16231
1310
15988
6241
9569
492
158
14917
11410
12369
4460
2164
10785
12097
16343
6698
16228
15953
8461
11618
3733
1295
5003
11312
10654
10609
9811
4222
9648
13272
15217
15425
2763
11807
6467
7977
5081
63
5857
8639
15762
14203
2900
4864
2723
15208
4334
1398
7809
1529
7306
12130
8830
5113
313
4375
14808
2087
7468
3178
5624
11673
10939
2762
6595
15093
16136
13277
1186
2245
8128
12082
1816
1930
8610
2409
2044
5417
1189
6003
6111
3537
4256
15517
14316
15075
261
13170
14835
12279
13884
7417
14123
13156
14833
10583
14545
10741
2970
4263
7028
9000
453
12718
8342
4924
168
6852
2252
6645
5891
8775
6008
2552
14240
9098
14114
13308
11022
6440
12731
13313
12180
5753
6560
3450
10309
7968
14081
14688
11451
4387
12121
4173
2864
8228
1886
1173
8441
1689
441
962
6232
12226
9718
4532
515
753
4262
9517
3812
704
13400
6922
13324
8886
7646
4896
4385
49
547
5452
5415
11896
12611
405
7364
6650
263
251
15854
623
6286
3171
2800
15190
2781
12060
2432
13533
4300
12091
3098
11279
14128
5231
12462
8186
329
9639
14989
15639
6863
4781
11141
11842
6177
6130
3523
11222
3642
3998
5839
4078
9873
10625
15870
2479
10250
15567
2174
14680
15334
4220
10425
2338
8696
13238
6012
14560
35
2494
5254
7039
16308
15690
15320
2313
12105
15155
12999
7608
11029
10685
10702
8212
16377
10008
10443
12140
855
14177
1383
983
7173
12400
344
8955
7980
7698
16290
8419
142
7530
7735
3670
9404
2328
10931
1952
2981
955
2815
5803
13644
123
7686
8962
14157
8512
8829
10300
1206
1478
6987
133
6469
8679
11996
1282
10894
16368
5652
11650
12722
6427
12903
15021
1466
10350
15665
941
9532
8817
13530
465
14863
16122
10663
10916
9761
12485
11143
7360
1182
9667
11494
1194
368
15794
5068
5584
1121
12690
7852
9333
10240
16167
5346
4850
11190
9261
1492
11812
11382
4129
15353
9091
13276
10477
14779
15186
13054
3273
2117
3913
14822
9379
15716
10097
7148
14737
7125
2819
7242
5586
10315
7160
5768
14986
15702
5137
4393
12282
15015
6190
14980
624
15409
3431
10588
9411
11109
6477
13077
11322
14395
3247
15991
14474
11904
11849
1524
2830
8604
11674
15091
7442
542
14543
10999
6360
7891
8835
3020
4020
6064
15275
1263
6358
10356
7400
11637
15569
14015
3666
16285
10956
13763
1714
1879
6438
618
4583
12088
7874
15102
14405
13445
68
6639
9296
11004
8222
15951
8280
7296
3425
8980
15062
9137
14344
16222
7623
7900
11926
8074
3621
11087
11520
14812
2247
2440
3363
1197
4636
8719
83
5679
12691
9804
11633
1366
15085
4943
15153
10517
13080
11321
362
3715
4075
14079
10951
10260
12035
1456
13739
8523
5639
7352
14665
3585
4913
3264
7499
8910
10018
12584
3763
3383
5792
6944
6909
12957
10714
6426
5269
14954
4425
4488
11990
11760
12867
15343
7259
11632
5126
1416
3124
7483
6000
13629
6184
9242
10381
15401
15437
6392
512
940
15042
5215
12921
13438
822
12513
8642
10874
1122
758
4875
14413
8918
4480
9520
4047
1995
91
8658
2683
11372
8866
7847
10919
6193
10109
12104
3856
7037
10455
5508
9493
7858
10862
9678
11229
8320
13805
15847
12993
7343
218
3907
15962
3888
4155
11768
12616
16375
1064
5640
7097
8180
11238
3493
5177
3086
11369
2060
9212
9716
15229
3687
8091
5009
15057
1432
15448
13268
5912
9796
11003
11204
10821
1191
13059
14971
5375
12588
9549
8318
9168
6873
1271
6699
3451
15766
14202
7590
12522
233
15763
5521
1981
3792
6071
7476
5651
8788
1544
993
15133
6736
2786
4643
16302
654
7251
5931
12272
14642
7750
10375
13190
8813
5119
4343
6900
5953
5913
5842
16072
10004
12108
4166
6376
15054
7044
4298
10148
5928
14889
3037
6430
3767
3213
11508
11065
9026
16341
15835
15670
2258
6411
13655
12212
1982
14131
4994
10047
2445
4436
16273
14587
7095
11452
12766
678
6904
3788
14701
5580
6916
9280
1231
13824
8698
3360
11894
5561
12647
3235
1325
7192
4196
15291
12065
12593
6209
2208
12029
15693
6270
12003
14714
10614
7507
5246
7966
10
3971
6543
267
11836
1130
10274
13893
2510
11159
911
5878
2042
11598
2154
2031
9584
8479
3126
8822
312
16303
783
11457
12394
6080
1585
14097
7902
11635
9574
10556
376
7953
8366
11099
13674
14782
14006
12118
13176
8533
14453
11420
1156
2142
661
3921
13325
4290
13651
15805
1806
14722
8703
2733
9511
10590
8272
12141
104
6843
10359
4883
11169
9063
4241
9340
4163
4337
12495
9840
3606
8466
4289
7758
10558
13972
14603
14445
7210
2615
9117
8867
4273
9476
6308
3219
3749
11922
4963
8336
15527
713
2535
16068
7609
15414
9759
6831
1747
9541
9940
9829
6773
1415
7302
14771
10439
3099
2074
11798
13030
3463
13828
7265
14875
3042
11485
12748
6016
14941
1195
5527
10187
12131
992
13793
10637
14801
12879
13280
13282
5936
8225
13911
15667
264
876
15434
2244
11179
3016
15203
217
12856
8433
922
4007
2817
3258
5937
15700
5811
11292
10369
9146
14016
967
6098
11248
5054
12651
11350
11379
328
1188
8556
8460
7085
6219
5759
3109
2442
4786
13968
15803
6640
7531
8999
5034
8034
10538
9768
12665
15026
3057
472
1163
2788
5163
4371
12312
13387
723
13143
4272
16138
3445
7314
6036
4249
13050
11057
2811
13627
5150
1148
887
6284
5487
945
6460
2464
3199
285
10366
1555
5214
11126
15603
400
6839
16061
1551
12680
7166
6303
9929
9034
4147
4516
8010
7784
1176
11234
6663
1376
11394
10402
1818
7963
6827
13885
5196
6680
9975
7465
8789
5734
8896
11236
27
3991
15009
480
14324
8647
5403
3521
4265
13508
12601
10928
10647
14470
9139
7399
16054
8689
7829
14876
14108
2674
5165
4598
11953
2172
13278
8264
5917
12507
4223
9654
2867
2058
3989
4319
16229
14264
6238
8199
7335
8063
179
3487
12788
12416
650
14258
11662
12151
9086
12034
5071
3926
13254
525
4315
13342
9165
9637
14455
5064
4789
16073
1779
1938
11943
15718
764
7344
8798
10442
2297
7496
4326
5037
8192
296
7583
11020
13646
15618
11531
5650
9728
2162
7257
8637
13557
2238
4841
11302
3018
4443
12746
3147
4809
4885
3612
6237
6175
8865
13688
5275
4352
10374
450
6713
2881
10710
13322
15467
3781
11691
6765
7466
11477
8275
1016
2317
11914
15909
8401
15455
807
14501
2405
8187
14121
1921
9660
702
4911
15628
6526
1999
16253
2105
4478
353
1340
8193
6822
13386
19
12813
14338
3290
6531
15505
8935
7176
6720
398
2186
4447
1251
5094
8149
12385
16342
5352
9140
2337
10909
774
14806
13555
6052
7819
13518
10041
5605
8108
11647
9213
14707
4831
10255
11319
2610
9105
10226
8690
1943
9207
9953
8310
11629
12728
4445
15648
2534
5663
10195
13299
2931
5355
907
5975
689
757
1404
7546
3382
8325
12384
12223
14115
5933
6160
5397
825
15978
346
3970
11429
16247
5288
36
15600
603
10235
1181
9703
14366
16225
1515
9317
14036
4603
2759
2919
8338
295
2161
11717
9413
8062
4812
1761
15347
1868
13983
13584
11720
15914
12539
5399
818
11995
12373
2597
2483
4112
12681
1117
7794
5909
8349
732
4191
10465
4511
6486
10036
12440
12754
12907
3170
5085
10342
4214
2282
1791
2955
11657
1359
14921
13483
10809
965
6343
14298
4975
6594
6205
11415
13312
2006
8697
6522
6282
11509
3552
12840
3489
6911
2573
8387
2112
13652
8573
11771
14349
9192
14450
4797
4899
10618
593
7800
13168
5572
4965
336
2804
3628
5390
7884
912
2852
1657
5541
5230
4763
4046
12756
3085
5876
5522
10805
9904
16192
15529
6365
9692
7
9449
8312
914
14290
560
14590
16329
14284
7104
2196
6007
7849
2026
2880
9370
9208
3589
5755
3531
8700
2458
14837
15968
15511
5142
8825
3189
15256
12709
3337
11411
16264
10782
9395
7555
10973
10088
10910
10409
10638
8815
15704
8594
1809
15387
1736
4774
5873
15144
13583
14985
11335
9655
11785
7240
6903
1759
12617
12164
1823
12835
4550
13184
3811
412
16058
5237
11357
2770
5083
2958
7868
11465
7529
1323
6777
11724
1637
14632
14983
11263
4341
2690
8140
8836
4224
14751
9601
15373
1098
10376
16012
3421
12767
1535
13489
10506
4459
1617
11218
6045
15827
13053
16345
1272
4398
7261
12951
8510
14195
3535
14596
13480
11749
10270
4002
6603
6704
3914
3172
14182
2266
16120
15417
6779
2996
6947
14255
14853
1730
4195
9304
8008
6323
7693
9188
1430
1927
3222
12354
7147
11909
4972
11971
1670
14042
13617
15897
7255
5766
5979
4395
8174
6672
1287
13485
2533
3396
15315
9036
14469
2793
9624
11127
5926
8578
10264
9107
12706
8211
10795
8675
9328
9593
15336
12732
10635
15915
5840
3936
3468
13615
11473
12948
11009
3266
12475
10491
14150
11053
8491
11168
8248
7912
3012
2706
13810
16350
6815
8097
15345
5106
15524
10922
6686
410
1119
16383
12111
11686
10024
4148
14176
3412
10031
11912
15067
3218
16085
12278
6984
14486
2422
13771
9740
14807
5285
4575
119
5410
1298
499
8450
11698
10130
4059
16064
3395
12919
10400
4573
15682
9814
13419
5566
5324
14694
12054
13307
2695
13332
1051
408
6969
11708
10824
143
16249
3325
7414
1643
16330
6753
750
2734
15943
2011
39
3844
14943
1681
14141
7475
4128
4420
9160
15442
12825
7203
9806
12966
4240
9870
7406
7136
6864
13949
1883
8400
4868
5685
9578
3317
2177
699
7190
16370
782
7922
14242
541
5870
7695
8607
5477
7322
14869
2950
14848
15850
9518
1726
9001
6510
16293
1760
15895
7042
14381
5655
15550
6290
5625
8190
2985
15764
5096
7436
1758
12383
13181
8171
2962
12997
1324
629
15712
9153
4889
11397
9028
13220
11104
7171
6104
15466
471
1367
10401
12387
10051
4176
1871
14499
2832
13390
14651
7699
10296
12494
11453
7636
6648
5779
5689
10891
345
7456
11574
7342
7526
4863
15975
1284
4464
13182
5175
2187
4496
3903
12262
4172
8824
865
8745
11845
15879
4320
13770
2588
3251
596
12664
4530
14521
4285
435
15337
11195
1152
7692
12413
14210
12299
3784
13710
4406
14674
11947
15268
14039
15038
9896
7472
2801
13330
1062
2065
1539
8855
3119
1067
7675
4327
2521
14860
12380
14672
15839
5076
14361
13726
14168
6884
3609
8702
11416
14797
13166
3590
5988
11139
2644
14540
12
8334
12912
3752
10075
2063
3508
12744
6456
3161
10488
1564
2641
658
9537
6314
9419
2277
14773
11157
9630
7534
15582
11778
12186
4856
15783
3160
14369
6019
4169
6319
4976
6020
6872
3229
13997
6654
2311
11346
12682
12275
6528
10467
11146
3348
13321
14570
3774
1659
13401
9619
3698
16260
11951
10631
6472
14364
13862
13455
14536
13636
5740
565
12478
1035
10882
10305
13333
6678
6054
3979
11257
4376
16123
12838
12332
4232
12214
1002
481
3872
3798
9015
13470
8810
2384
7113
359
6061
6759
6818
85
10996
7877
9585
14
15906
9851
6162
14998
5977
8346
7946
2855
15048
3897
968
2430
12090
12973
489
9179
3743
9725
11225
15182
9576
15261
6632
4271
8990
2046
581
16179
14655
10890
8878
14444
12460
10945
13449
5616
6792
2476
6741
3557
7434
4682
1786
7823
15911
3773
1464
12055
4940
9949
11214
11162
9603
11702
3470
3685
4762
2111
15698
11224
5708
1750
1475
10725
10155
10528
14786
9914
10317
2727
10598
7656
4087
13740
6749
4074
3163
2563
3748
9230
11055
12489
13735
10207
4498
8
16251
10338
7455
6832
4033
10290
14569
16279
11328
15477
6473
833
409
751
8969
14096
12256
2914
8635
8586
13914
8306
614
175
6998
10888
14557
12550
5109
5758
1039
13273
5435
5717
4455
6810
15237
952
7913
7396
10709
2751
8837
13298
10514
8328
5581
16016
7580
2200
13759
2219
9138
8596
16129
6659
9209
1277
15688
4362
11035
12446
3435
10310
7096
1513
6538
1196
9634
4743
8954
8049
8156
11006
2415
13729
2230
12225
2917
2775
14568
14142
2215
4181
10198
11530
13403
8210
4590
10059
9189
14035
7301
10819
14687
13148
15233
9595
10589
1872
15640
16162
16244
2545
4399
2760
2547
11889
9642
8827
6257
10526
15800
11180
10850
13187
12687
9561
3201
5296
15929
13409
12291
4061
9376
12325
6301
7895
10998
9589
5264
10298
7213
11232
1906
12911
8761
3530
664
14949
12024
11287
5351
8282
9281
12167
2378
8123
9481
10220
7379
4536
15422
10103
10079
13786
11668
7418
13191
9856
6266
14100
10124
4617
4651
6674
13790
3679
7956
1694
338
1852
13558
12313
15853
14738
13408
12774
668
11015
823
3787
13452
13289
10057
14649
10133
9836
15747
10584
813
5947
16203
4187
14370
10463
3578
5712
6490
14686
3648
5557
6166
2658
221
3184
9746
14541
15037
6171
13626
12928
380
14991
9466
9334
11828
9952
12229
1151
8244
1373
1199
1247
2562
2699
2072
16238
3861
8525
6533
798
11981
14573
2054
6771
16256
3063
15180
3091
5558
15272
4031
1494
3272
16214
11512
569
15457
8511
11606
13713
2005
7720
13595
15097
11884
2856
2103
14896
14275
15659
14810
1538
14965
15380
9359
4999
9919
3477
7318
9580
9554
10838
10020
10368
10136
13411
3329
4612
3911
13458
4135
9365
6310
4009
2248
13354
4639
8354
13271
9274
13891
11556
15775
829
1375
497
7897
7462
14652
5262
9707
5358
12125
5416
14340
8392
9373
13122
3951
9534
5453
11409
970
6224
2831
8716
15833
12828
2591
9933
5486
11447
7662
4183
9868
12641
14253
15292
13300
5341
13875
5765
613
6567
12441
991
3616
8764
8384
5623
10666
9446
16052
12466
13380
15082
2073
10489
11503
1238
10791
9911
10547
1097
16344
3466
287
10856
4881
1615
9855
9347
2840
6370
5023
908
7936
8979
2306
11013
2678
12399
15407
4607
12941
12927
9846
8973
5164
4158
9965
690
7663
8411
2137
14280
921
6053
2834
8757
14289
771
15572
7038
8734
1951
11877
7865
12816
12723
9530
5249
16115
15740
4069
7634
14530
3511
12064
756
15295
2231
13708
2203
15090
6192
15694
12330
11969
14323
6261
6381
10719
10224
9235
5832
3005
1233
5420
6625
13075
2798
8430
14617
12938
8078
1118
14563
8621
928
7031
1183
8499
1940
3356
3384
9944
8638
4213
7346
13420
3647
12206
15896
5735
8223
11808
2671
7798
8277
9499
1684
12524
8726
13084
5888
10380
2872
2478
10137
16188
3043
12725
7284
15947
13503
7947
9681
3090
4098
4157
5790
6687
13922
11551
3899
8129
10346
9122
9794
13496
8923
10518
13842
12042
10412
15388
9689
12670
14419
2624
9790
2598
3842
13088
5304
9680
14111
15404
488
1503
3519
8028
447
10391
1856
2279
9088
11460
16110
15355
8451
13243
13281
12008
4136
309
5301
13396
4293
13892
16321
6618
4711
11529
794
2971
4819
8317
13385
7199
9598
2139
9801
13292
14883
7588
8022
3925
2806
4235
5952
11317
15982
4978
1230
8895
4015
14282
580
10306
8284
5011
688
390
13834
2030
10564
3782
15623
7432
10152
9925
12890
15421
10111
13194
13056
3486
2024
5121
12217
12178
6235
4546
12007
10470
2399
9136
16278
5579
8089
12263
11854
14495
15806
10046
7422
6716
8278
14277
13028
220
9720
4325
3049
4985
2769
2876
3671
7211
10302
13526
15351
4086
7878
4557
10664
10865
11937
3198
2698
7444
2611
8899
9480
11552
14532
3150
5673
4426
2439
3458
11967
14260
105
3483
9016
13909
14440
3154
8970
14163
8203
13829
9010
15638
4338
4580
89
7383
8041
6742
14025
1454
3835
10613
6250
1557
4340
810
595
15322
8302
13020
526
9512
12634
1867
7129
14857
14331
9516
10069
15035
10833
9291
7657
1409
6705
4756
6519
1167
9805
16137
11106
1275
11805
5001
1832
9110
7179
10210
5395
4333
13376
809
1024
11255
11018
9169
9089
10684
2263
8872
6886
6924
8243
5749
15590
1362
9198
8109
14964
15171
5797
12936
1388
15228
2225
5687
12066
1722
10209
5272
4561
1618
14406
3732
1944
6115
5496
7495
11289
14192
9992
5654
2593
5611
954
6596
12079
1704
170
14197
10679
11418
4807
1845
10716
10278
11916
6265
15432
6103
16181
12648
3021
9103
7645
1663
6897
16099
1461
210
14274
13071
796
5227
10040
14085
2156
5897
8661
11259
13014
9474
4541
2580
6700
11701
8110
1316
2842
13961
6180
2485
2691
15066
4411
3286
10521
5200
901
9508
11704
8794
3514
11384
15555
2226
8733
15385
1490
8286
4959
5391
14144
11844
10962
1413
14363
4014
7461
11928
8488
12839
3007
4051
5599
14646
15507
7539
15792
12283
12192
1306
14265
7961
4661
5927
12946
2750
5874
2271
13630
14929
15350
12348
4704
4177
14804
8538
9431
6449
10536
15138
8593
6268
12259
6702
2185
4679
2389
4544
11924
11992
5817
7664
3424
8741
12654
12986
10752
9982
13210
1712
4720
3675
5169
3310
4964
10175
12109
10892
8784
14439
3716
219
229
2739
8780
15008
12247
9237
759
5389
5028
3059
14050
13015
14385
926
12802
1327
7398
1032
4081
895
12393
14567
4901
418
15858
5889
1683
321
2945
1926
7212
15635
3151
4584
10100
10006
15084
5422
16081
5596
13723
8487
12224
5079
10798
14564
677
11972
101
9049
3529
5056
8853
6385
8493
10970
5763
1554
11604
8249
11959
6285
11487
378
13381
4548
11338
9502
15695
6882
13781
10238
11210
1546
15696
13718
5441
2907
5095
5000
1528
96
9738
9076
5132
4907
10974
3553
13048
4813
2986
13216
11343
644
3759
10607
1280
14736
8421
1234
9563
10269
3144
7787
5906
14019
14554
9483
5428
8436
8482
3464
6856
9506
16334
11028
4043
14328
11652
12050
14913
10691
10501
6436
3744
5985
13986
1814
14721
2122
6316
11787
2886
12525
1752
9061
15830
4559
1109
4529
15931
4649
12173
3312
8544
6299
6985
6908
8414
5220
3995
256
12374
7986
11370
8844
9657
3613
14842
11422
13541
16358
7814
2131
7330
2621
10126
13209
1517
13486
16255
5030
15216
14673
13490
2776
1510
12643
4137
11396
8257
10571
11184
10471
11835
3619
15494
2348
3667
7258
12872
9604
3731
5159
3919
6894
13905
12635
8252
11175
1853
6441
4188
11663
15221
14907
3604
11564
15586
11191
14838
13009
3110
2738
13657
4599
9033
16226
10777
14397
8692
3707
4805
7705
9006
7822
11515
5591
5868
1749
11823
2344
8777
272
5539
8423
11000
3644
2309
12025
15178
9990
258
7227
13037
9854
2471
2896
13806
16245
3467
872
8666
14809
13666
9967
5461
5111
10228
13604
15274
14507
15011
14496
11511
886
4330
15689
9523
13934
6078
3879
14064
11299
202
7107
1381
11578
5509
8304
7225
10322
11659
5207
15427
7672
15263
11813
7230
763
11931
12484
15239
13887
7782
4056
7652
15829
5567
10334
1308
4021
3070
5610
11684
10121
4258
16320
3591
2643
3934
5176
4713
8060
1387
9684
2472
2743
964
14479
1005
8047
13717
7616
15841
2773
7169
6348
799
9106
5875
16224
8158
4750
854
5448
10233
10273
7219
7463
271
3062
5871
2361
9962
5935
16007
3265
8379
12039
7447
64
6043
9920
8480
11753
14209
7666
4642
12886
6114
5635
11550
11074
9065
11331
13293
588
12153
13803
15801
13036
14421
6457
2708
3947
11307
11892
3722
9849
14451
9651
8170
1621
5323
14895
9045
16311
15247
16045
10286
6389
15118
8996
4124
2616
5209
13466
2631
10150
7099
1363
12110
3800
12243
15790
2506
5731
11780
9954
12556
15918
943
7287
6364
5844
5660
7668
591
2576
12242
2160
14588
6113
16059
172
7158
2993
15245
10885
12052
4997
1055
12779
14544
8723
1966
5714
1495
4450
5823
5514
3275
1836
15179
4049
3662
16230
5353
15391
1635
1649
14134
3955
14791
3889
4419
582
8355
13154
13033
7308
4466
8768
5238
8498
11734
9035
3441
947
1329
5722
4968
306
1448
15241
9930
6262
10275
102
8614
2320
11810
3790
13586
10449
13908
696
1307
8646
11848
12464
12157
14671
9318
2495
1581
13186
12843
16382
14399
8341
1739
1596
7022
6914
12720
8080
5773
11276
3534
5
8253
9462
13427
2780
9999
3551
13487
13196
3263
9488
4
5012
12415
1666
12533
4929
632
13106
12712
1007
9074
2218
11213
8802
13228
3142
11683
8240
14402
6362
7721
12201
3146
5279
5108
13051
13800
11860
9504
12360
5257
8676
1734
2571
15647
5592
276
5439
10639
9880
6811
11649
5425
9201
3683
10082
15185
11371
1881
16340
6407
5469
5129
13349
16133
10815
9833
835
149
12026
10415
6646
12166
6735
13085
2022
7632
6809
10936
8678
9831
5972
8052
5732
8157
9121
9535
5454
7354
10123
9886
3173
2468
9194
2068
8134
5042
9863
3713
13225
1941
14993
2692
4044
9583
4116
8616
8551
9410
10754
2854
6147
1358
15420
9120
7614
9044
14598
13954
11425
8681
40
13057
8986
1322
9928
11723
13551
4560
2812
9075
5062
11010
16109
7716
7552
1754
3460
5720
6418
15296
11510
5015
2816
2662
14562
12459
9539
1063
14306
12096
4205
13937
789
5115
994
12734
16001
4487
7688
16051
4701
11528
9980
6743
5804
12317
14692
9482
1174
10978
2288
13552
13794
5983
977
12004
9923
10523
1645
16036
7498
8598
1082
13571
14476
2147
13252
4817
14508
4931
16011
3882
853
15177
14482
9671
7016
9234
7984
5179
9936
16102
11208
10698
1018
3922
9844
13691
1164
7226
4676
5242
3541
7568
12352
11132
2270
9277
11147
10132
3475
1127
611
10988
14871
7882
7067
15796
4161
1975
11183
14891
8919
12379
8911
15892
12269
2249
8583
428
15105
10671
13039
770
8767
902
9224
15778
517
8219
7403
6174
776
12959
2637
573
13899
3200
11315
12126
13244
7024
2128
9421
16372
331
7558
15452
15392
5846
5233
679
4736
9777
836
14425
2027
909
11398
10061
6075
16156
2100
12783
552
1819
1351
924
2351
4825
7879
9908
9250
8260
14526
11102
9258
1804
6018
920
4551
9262
8331
434
4910
9941
12817
6163
11274
231
15856
2916
15003
14729
1905
11764
375
12424
14362
16257
8013
3197
5997
13962
2413
7362
10923
7234
4066
402
11664
15701
8291
8425
1646
15642
7299
9094
4810
7365
12563
469
5674
2899
13853
13161
9807
14320
11821
12955
8459
1242
9011
3081
9594
2028
12940
5051
15893
5201
666
13234
8913
13648
1068
826
10193
11597
4859
8560
8167
6638
12814
12881
5378
5883
14897
5848
7671
26
16185
5171
4457
7469
6986
841
12640
15657
7564
3877
6701
3818
369
14705
636
6334
6558
11715
11467
100
2620
15114
13836
10078
10434
3231
15562
12068
9270
146
14984
5517
10611
9357
3983
15533
12812
5345
10658
8070
10421
2140
1600
15027
5158
3437
10747
12762
5548
5942
7581
11390
3933
16227
50
13103
2975
11859
3180
11594
8472
16166
6351
13768
4814
5810
10743
6325
8730
6246
4784
11434
8722
9144
8625
15933
399
2195
10272
7696
10535
2017
11156
1723
5800
9060
16134
15231
8956
5482
11998
15614
14246
3869
10208
5437
8746
9668
15253
2905
1168
2228
3188
5312
9163
15750
9430
3510
13697
1924
3236
11041
13749
12590
7955
14491
6751
16275
2857
9700
875
12808
6732
14456
9453
10530
14981
14953
11353
10168
14061
7393
11920
7584
2446
8443
6833
9917
2367
6236
9997
1217
14055
15744
16116
8474
9392
837
1089
3054
9910
9733
5273
1753
4837
10581
8504
3980
4400
1072
3391
2079
15725
165
5202
11019
3987
15211
2870
16152
9455
1841
8537
7595
1771
6666
13766
1797
3867
9864
216
9653
1040
11727
14089
11738
2976
12230
2021
2978
7178
14855
14423
6667
7151
13965
16153
7078
3304
4097
10960
2602
2004
3330
6656
6410
10676
4185
956
6585
4738
11062
14478
7116
11864
14223
10963
5896
2828
12215
13115
407
16360
4845
3791
2216
3471
10161
14630
7145
11862
9066
3539
11976
14184
10068
14716
12345
5449
6881
8589
10001
12537
2627
11110
5559
8086
72
12553
14581
4576
15990
10715
11761
11059
7263
10541
5248
8786
4572
4890
2566
8205
3775
2560
10843
3128
11207
8213
11325
13869
13928
10096
1467
3338
9081
14865
12582
13069
15196
10456
13065
1934
9543
14926
9717
8265
1312
12213
14207
1086
12836
14746
4278
4951
14066
15164
2520
10076
5498
8308
2116
12361
9890
9662
13831
14457
12763
3830
14026
15342
10165
4257
6057
7508
1052
559
16027
4900
13369
11026
3287
10028
2141
12614
14109
1389
13336
1400
14500
12627
4306
4650
12502
3270
9335
13158
15658
6619
6961
10343
7792
13034
1229
11537
1839
4050
7598
574
11612
4038
11144
1960
3678
2355
16369
9025
13188
9100
13257
11496
426
5854
7008
14559
6297
2077
6199
9812
10940
14360
1084
1031
10587
4908
5031
13625
10534
9661
14187
13201
6764
5954
16374
3992
5007
543
2892
16366
2994
6168
15050
9957
9711
9424
6072
14920
10015
8816
7621
1348
4657
6676
14718
14669
3121
4566
162
5474
12072
41
8416
5224
13550
12473
8832
2797
9850
3779
6577
5107
12668
9050
3494
4254
6695
13358
2529
6311
880
11925
12061
12196
8058
1575
9401
11507
9236
1426
8352
14877
10125
9515
10751
1909
11203
9460
16277
9429
6413
11809
11987
2408
3954
5471
3560
7976
12436
7075
1831
14398
15537
289
10012
11215
1499
9867
15227
2871
8524
16220
5528
470
3064
10200
931
14781
4126
7624
15397
820
15739
360
15293
4811
12602
5843
13064
461
7094
7366
6271
15753
6776
3746
13696
14597
10704
11008
7350
4848
15052
5653
4984
9080
10320
9739
3582
8795
9758
4526
4876
4887
4519
14424
8371
14461
3120
14296
805
2511
6056
10049
1782
16080
6517
9005
15108
13788
5135
1038
2557
1561
8553
1161
15158
2848
9778
8477
3890
10318
2373
13295
15525
16160
13081
7964
7493
7351
11444
13545
14498
3320
11718
4542
11164
1261
2666
3004
13193
11919
7332
9968
12437
10906
6461
6692
3540
3025
297
8574
9152
14992
12778
88
2754
15300
15479
11288
14843
7404
3297
11766
10899
12508
15885
8651
1835
9390
3862
15273
12969
6010
11826
4346
11952
4764
2966
6755
1896
15944
12339
2340
4144
14166
14593
9901
10064
4553
9615
8571
259
6480
13527
2002
15786
5531
6435
16071
2653
6768
3709
8907
5995
4558
7320
12847
10818
2414
3699
4413
9875
14969
10340
13473
2308
4928
3419
9891
8437
4678
14120
14257
5180
151
3876
14824
12819
2717
9548
1190
2293
10689
1891
8251
2710
5497
4986
9180
583
6626
7052
1320
11063
8417
14534
3294
8592
11267
3643
7312
11796
6315
3166
3371
1162
12304
1990
8406
15269
3050
4517
159
13302
13998
871
5578
8861
1918
3636
15281
10577
2211
513
862
14936
9203
1697
9004
8468
14062
15473
2572
8841
6229
1897
4121
7206
7813
10834
13275
15098
6026
8503
6796
10312
9215
11521
15311
11334
5162
518
2746
14723
14512
12351
5376
12266
16274
7812
7381
12216
5629
16083
1431
1026
6090
6092
12209
8261
2075
13335
6493
4048
15633
10397
7246
7002
7321
1630
15101
8850
11773
12434
3027
2532
13955
2603
13109
10803
16086
10827
1579
5524
4501
11546
8514
7625
11942
2561
12200
1669
3067
850
8595
11737
10325
180
5277
12735
3776
8983
160
14011
11898
7708
6850
16161
14356
9306
3106
6294
13882
3186
4085
8271
5805
15905
10056
14164
15330
2558
9995
3354
16207
5864
11142
6245
12012
5266
9211
6479
5145
14792
15598
12667
1504
9067
15157
7513
6847
15626
2765
13505
5546
11294
7818
16232
14623
530
8246
11231
5976
8399
15106
7421
7317
846
4409
16003
10591
5280
13564
10762
8168
13351
14315
6898
2673
15611
10223
333
12308
283
815
145
4394
10256
11819
10645
5816
9745
11093
7754
16353
15394
4084
4071
3850
15
14311
990
15159
4753
13929
7478
3386
7500
6352
15358
13857
11383
10817
13365
13291
4727
10413
15985
3538
6520
12568
893
10119
12184
198
3596
2700
10657
22
2747
11982
14975
15331
520
10053
7628
7576
8090
1788
5622
7401
8440
12575
13880
8662
6501
6382
6470
15349
15232
6622
5138
15822
2891
7996
1136
913
12949
8398
12755
1698
1462
7047
14238
9802
13849
13114
10914
10437
8297
2851
13492
523
4982
62
2705
9699
12305
11198
9102
12809
10693
5002
12598
12030
8250
15583
2853
14708
4780
455
3233
4693
9787
13334
5208
2696
11045
13481
8483
14350
14465
2296
13221
11461
2578
10954
6464
12992
8141
10507
4184
13068
2792
16193
8559
4242
14099
10830
738
7106
11803
11570
13279
13038
1253
1054
2758
11014
15130
13384
431
14443
10563
15956
183
7276
4481
24
4779
4476
8372
12127
1594
8332
4830
16039
11284
12147
9273
11667
10969
12203
11505
7021
7732
4662
14777
16096
7411
1048
14307
3334
1378
4898
5831
5476
3825
16310
11423
11182
4492
8376
6420
6694
15036
460
9579
8720
12189
8111
11907
1436
15554
13671
9397
3973
5123
11064
14955
1171
8115
15195
13206
4966
11413
3943
10574
11283
15120
13681
11016
6536
5582
5989
1450
2013
16024
310
13067
7515
7506
15276
7121
2626
14194
9959
16379
9108
10355
8563
16030
3682
710
3887
6368
9245
9882
9558
12733
16213
5781
5721
4939
12036
653
2086
5243
11272
3002
7603
11355
628
12569
2130
9013
4351
12335
13
3372
11906
4689
11050
14633
2974
12138
847
5649
10159
4798
1177
13331
4775
8159
8014
1662
16333
7167
14087
14609
9509
13747
10389
7034
4150
6630
11745
10783
3726
10453
2371
10276
15730
516
2889
3484
6690
12644
9734
2321
3326
7605
6571
9510
12743
8030
9866
5798
7832
7300
3630
15086
4871
4499
5621
1395
8292
4506
311
11351
2505
274
14901
15267
11354
11097
2095
2875
5401
6649
12497
6254
15752
8412
8029
8082
12751
6242
225
3485
726
8517
5467
8631
12875
14375
4336
15779
3138
8044
11185
1948
10981
11614
8707
4709
2303
11216
13795
7890
1903
7204
13684
8873
8695
5141
4117
8096
2370
6673
14113
12571
248
14571
12294
7390
8335
1226
15225
6428
5320
232
10118
384
13347
11893
11891
2507
7873
15139
1737
3840
12979
13618
1584
15776
15148
14427
13374
4093
396
13995
2210
14225
11689
564
11895
12188
8236
4239
7828
7993
13656
14403
4260
16101
224
14873
3860
10686
9202
9133
14753
10929
15802
934
16364
12642
597
3140
12799
8522
15964
12536
6525
5087
16348
10932
4862
2932
3244
14179
11068
15319
9803
9129
15279
13310
1099
6339
13777
13311
12770
4538
1029
675
15939
5911
768
2833
4949
5314
3261
14592
1172
7643
10808
13724
16288
15684
4602
10820
253
284
9542
13119
8269
4029
4631
9960
2272
15855
12337
3227
1989
2088
12596
10454
5664
8066
9649
663
15836
7491
13925
12069
16158
14683
2292
4504
727
11293
14834
82
2276
9218
11583
4114
8122
4970
3097
15112
16243
3624
11725
5961
10995
1682
11380
13556
11504
4381
777
2369
5729
4088
9533
2724
7880
12520
15001
3056
14881
90
4624
4865
7722
1396
10347
13926
15932
6557
11933
6865
5573
12807
10142
15327
10176
9828
14741
11586
10423
5775
1607
9393
14946
7484
6821
11407
10447
15882
767
2438
13413
16206
2990
2784
3672
13992
8367
1025
5379
15250
81
6361
10881
11301
5327
6981
7942
4585
8834
10508
6204
4935
2836
13414
14856
2794
13101
5699
8540
156
14404
7790
12545
7349
2364
5520
10938
7336
6556
11630
981
7715
4777
13614
10845
16113
9883
5161
15581
1071
16148
7150
2928
10184
15780
6573
6691
2948
14733
11640
14999
13126
5255
9002
10333
2882
13593
8051
9020
5709
303
5858
3803
1114
7357
13189
6891
1631
4068
3735
6138
3116
6549
2056
14851
8938
10765
5725
12708
15002
8888
3546
12883
9546
2648
15865
10735
12551
4403
16021
2138
10337
12323
12377
15470
2652
7788
8959
15141
12233
14219
11406
3019
381
7751
6910
3089
14774
4392
14136
11091
8724
9252
10362
1193
4796
10656
12237
12102
12451
10316
15787
845
1603
6073
6817
16176
5670
7177
3834
7985
15771
3240
959
1021
6620
13467
4024
9342
705
3428
10039
1165
9463
12300
10474
2169
13743
3300
6814
13016
9629
3048
7647
5297
10054
5691
13153
7007
15433
4261
11100
8807
5298
7368
13029
14528
12319
4625
14029
11148
11360
9820
1030
12543
11876
4490
6226
1516
2940
4564
3780
14256
10478
2204
11867
10307
8957
10794
4563
239
15305
7084
13434
6892
15523
1933
15711
8214
3571
6834
10446
10628
10810
16208
7111
2713
16218
8987
8876
11252
7973
4528
415
15520
16015
10498
3187
14734
5787
10052
4886
10531
5821
12205
14684
6327
724
3898
13123
2379
7215
7244
211
7479
3279
15282
14212
459
14648
9490
6462
6256
4610
3406
11908
5990
2273
387
10549
2614
5116
8103
14628
8739
11936
4645
9434
11692
9572
13988
13076
12063
15183
14054
14704
3661
10626
1803
10947
16349
7505
5877
10649
7180
4193
2949
9241
15453
10067
11431
7189
9021
9051
4342
3618
15715
13058
2609
16006
5136
9753
3823
12046
15316
15080
3950
8497
15095
4430
7517
1793
166
12711
13838
12115
16147
14724
12365
9406
15578
5593
11366
11432
9646
1912
8653
4953
15748
7326
15189
7626
2893
12978
8232
7930
12606
15122
7771
13667
5859
2206
3313
2275
1537
10793
6685
16198
571
3632
110
14153
94
13132
15745
7309
9084
1616
11108
5281
12235
1956
7072
9320
3610
6587
14816
6211
11042
12240
13592
13814
4347
7774
148
9623
6919
14803
13765
11693
7679
13192
4495
12683
1911
427
3076
8591
6400
1834
15559
14700
7328
7974
11675
7380
6087
3237
10291
5117
5553
5991
11631
5283
7127
12375
5940
10728
2929
13096
11890
2837
12967
12521
10967
925
9640
9248
10839
10371
10033
8442
10753
11930
9489
12076
13356
12855
14600
15965
10093
3281
16204
13802
5796
6641
821
8774
494
1679
708
12452
15446
10288
14377
5925
13504
4680
11627
2726
7857
8160
3503
1623
7345
13594
11206
9454
14191
11602
12419
2548
8732
9822
7236
15441
13676
9195
8644
10010
15645
2736
15946
2452
4687
1604
14145
12971
12674
5919
6816
7938
8948
16298
15375
5929
11710
7134
5041
10844
13477
2622
16250
11883
16217
12557
5955
2043
16149
15772
8755
9012
10301
5396
2191
8851
8484
8138
14415
13948
3928
372
4369
8656
246
13249
6854
1134
2283
8894
10101
7523
11468
9389
7718
1321
14659
14400
13755
5998
3088
2352
2253
15989
8849
1735
12199
112
8288
4479
3190
859
982
12810
2223
5424
12866
888
7677
1053
11327
20
7801
2057
15502
8792
2704
577
1352
4782
563
5530
5429
14175
15588
906
10522
14615
7168
13848
3634
15848
1254
14899
10201
11165
10788
7268
6597
58
1094
5550
12724
7622
9905
15313
1129
6509
15851
6249
10211
14380
15561
12245
4227
2564
11954
11378
7325
4307
475
2720
870
11374
12286
13757
15668
11540
9780
9815
4721
1627
6149
1502
9568
136
1894
6787
4388
5423
2220
8259
2503
4016
9683
9500
2049
6936
5563
6050
4178
2176
16050
2729
1875
944
5716
10035
11448
13204
2543
953
8854
16150
8640
1861
2396
12517
4431
16196
6738
10077
2146
1245
11658
2741
2898
3267
2866
1455
15125
7209
8976
14080
15005
5510
4115
3665
14930
10707
10792
3202
4979
12454
877
16172
11120
8206
1222
11167
5604
6893
1851
10650
11875
11500
1243
1629
804
14739
15900
9145
10814
12859
14200
11846
10933
5370
6298
5826
9921
5882
6251
5946
8196
3593
3572
13658
11295
7736
2435
643
5618
1137
3638
7714
13736
15030
12964
347
11523
4378
12487
7081
3841
8072
1838
12320
13866
16281
1205
2868
2829
3542
7061
13760
14000
12797
7161
16042
11414
8547
13985
12120
9685
16170
1820
15886
15539
13633
8804
11066
2481
10757
10975
2001
6562
6849
9052
7029
12316
5538
5615
9996
10323
10490
5431
2455
2941
10866
1070
13712
4684
6918
12990
14960
1095
223
667
16189
5895
14317
13528
6481
15832
8790
8940
13588
2807
3522
12750
6616
6547
10074
11199
14886
87
10469
15815
7486
13818
7159
9976
7207
14757
2501
13902
9064
14058
15329
5055
15516
14513
14371
7561
10721
207
8173
6318
14538
13246
13128
3852
13700
3680
14220
3440
11318
7430
1628
6344
3423
12882
6097
15727
2097
9808
13375
11137
11152
15616
2634
11705
6431
10417
6372
3309
11545
5152
7187
10280
10144
9039
10293
14342
13889
10930
9983
4902
14805
14759
131
9450
6128
14776
2595
8725
14764
4613
5568
890
15821
14874
12071
11193
3532
6077
13693
6896
13967
8120
11554
13728
6338
744
10585
9927
3143
15077
6317
203
7549
3125
791
9527
8701
7271
14272
12713
1671
2426
10013
111
14696
1471
2689
8431
10104
8785
11576
4109
7194
9227
8809
6272
4309
6293
5204
14471
4746
3389
10697
13522
1917
13338
3203
14368
15364
16114
13769
7560
3762
12155
10934
4361
7119
6002
3527
8963
2579
7254
14527
1278
7032
9346
12576
8088
12148
14558
8126
14832
2213
6559
8299
343
6485
11769
14056
3427
13185
9220
1864
13924
5837
8862
14020
8057
208
5092
1116
12367
15307
4647
2007
6887
4350
3274
3816
13977
2404
2783
12715
7694
7932
10297
3843
6684
7409
10169
2732
7019
8327
32
4202
4142
5856
7972
6582
13208
1725
9087
1843
12597
14116
11863
6770
935
3399
1022
13791
7651
463
7303
13996
10174
15530
3
15597
12974
1214
4390
7239
9199
9622
7691
15558
7272
14604
10554
16324
3615
10448
8307
3181
8026
8799
3904
4159
14241
8420
7311
5322
11161
2331
1655
377
772
626
1768
11314
10485
1377
8931
7502
15481
6296
15767
1860
12994
7102
5044
10345
8055
3045
6960
1465
1019
1765
12673
11381
10116
7367
1545
638
12745
10575
1842
2725
6964
1442
12923
3071
15738
5922
15872
10045
46
8507
16093
13043
534
2983
1829
10120
8655
2035
7163
13737
586
16283
7428
4760
4892
4969
5801
14488
15679
1300
252
4274
10027
6424
16047
7752
14605
3802
5744
15092
6830
6552
2107
6721
12492
14021
5153
12417
13294
10921
6530
13832
13213
5206
13703
3177
8868
15604
15651
1967
2497
5052
6979
7613
13180
13025
1175
4634
7939
4878
12871
14589
15881
9321
13957
10642
4991
457
12143
8294
11759
14987
15574
11830
5199
9275
10494
10513
7247
7131
7941
5097
1691
2477
4895
13738
14310
683
3009
9972
14631
10229
2897
11271
2451
6165
15443
8142
4673
14772
2366
12794
4079
6349
7100
3156
3649
11639
2659
11067
13572
6949
1273
4630
12511
10828
14189
9956
9475
4318
14576
8914
646
12652
16043
8889
14028
12544
3055
14017
5063
9610
4236
13426
740
16111
120
4540
7697
601
745
14908
11117
10858
4282
15686
15294
10253
9747
6458
9988
6990
1357
13008
7164
8966
1289
12710
15860
14466
7088
7092
10578
3364
9763
4484
11459
7205
1105
13301
4091
15369
1292
698
6230
11716
12678
6105
3176
3036
15509
11644
8742
6380
9009
8552
2443
164
4465
532
7649
7575
1978
15874
204
1826
9721
13612
6853
15970
75
13217
1158
8183
4094
1674
7959
10000
13695
10284
891
4372
13482
11688
11060
3988
4373
2274
16233
5771
2330
11557
9858
5053
6387
612
11306
4451
5485
2291
15992
12122
5348
14948
12195
15656
8528
3350
13576
7260
9403
3388
4761
7524
12083
482
16319
10677
14441
13027
7745
11911
3293
14022
8909
4218
9961
10624
4360
14821
2358
6679
4967
14894
3740
8729
4030
9386
14073
6617
9388
1390
12626
12187
606
1651
13647
15967
9135
277
6243
9322
13391
15244
5590
6031
5365
124
12344
11442
11403
3964
985
721
14060
15733
9588
3131
6566
5319
1936
3165
4980
11685
7859
15589
3379
9832
15612
8054
10072
10245
3221
2345
9912
8530
11
44
4860
6434
7816
13159
10279
4574
4152
2190
511
4140
4918
11886
4073
14383
6148
3193
6744
11260
976
1569
6583
6826
14273
3870
4652
3448
1
1624
1653
4549
3565
3346
15734
1227
6561
7025
13151
3805
2375
9030
8391
385
13946
10457
14864
3101
3688
15306
15398
2847
1781
5492
660
13383
3734
466
16112
10405
8756
7726
3875
11946
9877
1088
7068
2777
1081
2250
12564
15044
15219
8765
8124
16037
12364
11648
5918
12371
7860
11547
16077
15325
14972
651
14224
5484
1878
3963
11585
9187
9268
5845
8119
16381
9998
13690
7766
109
9793
14888
9819
11655
1598
2198
6983
6055
10071
15206
15564
15912
4130
2887
11230
1266
4162
5442
4828
4635
8570
8984
6842
2512
7298
709
3853
13042
1056
3194
8905
11687
14755
8146
7762
13491
10555
14003
14446
9186
9861
6137
9712
280
1347
423
13517
587
13471
556
1027
12470
4505
1083
15546
4503
16301
12612
8686
6688
11027
1523
11750
4156
14879
1767
1394
11017
11456
1207
12443
6825
11466
16212
808
5089
1386
1132
7232
12260
14477
14769
3262
9751
16034
607
9351
3813
7804
4783
1361
9092
2383
866
13263
9582
7509
13821
4032
15111
12292
11888
3858
501
14749
15959
1443
5999
11611
9567
8618
2236
10768
16323
4512
8930
4096
8231
12896
14510
14602
12274
8083
4586
2159
6706
11089
16221
12663
4328
11433
12981
3035
14846
5016
13377
10593
15012
6239
7132
1102
14023
5585
15825
1458
12268
8953
14790
8535
2109
6446
8144
8988
1288
14533
13632
14515
11320
5901
11220
294
13005
10688
2419
9077
1042
8555
11262
14333
11832
3526
10553
12341
11497
6287
13970
748
12232
13144
4252
2335
11151
1807
7967
14149
5306
10117
3878
5938
15710
9279
7991
14656
9118
14132
11361
1468
12721
7994
16032
11970
13207
8590
6600
536
5493
7516
7763
14286
14346
9757
2315
12106
3941
1424
9916
7702
7065
9714
8664
15619
5923
5920
3700
1692
15551
4829
3693
14978
292
10398
2353
15977
972
9785
5167
4571
6459
14084
8427
7703
7358
10062
4531
7638
5451
2115
3839
502
3500
11763
6795
13720
15871
6367
13662
15675
3092
5603
1354
2987
8902
5412
1140
8880
5887
2878
1778
10005
9842
7776
1058
5347
12075
4331
14218
11173
9278
1733
9456
778
1341
10849
14094
350
11264
7224
11636
12717
13031
7266
795
93
9726
7074
7144
10520
2980
4873
11608
10653
6109
15128
13468
790
9730
15135
11983
665
1699
6062
948
14935
14518
2327
11124
15928
8797
15438
114
2025
15126
6915
13145
12099
3302
6710
5361
12531
15687
6521
7030
8439
3374
2420
3003
13241
13910
15166
14819
765
2360
13183
10878
15335
4391
1508
5377
16108
10643
14784
16155
5737
5693
12078
8714
1719
7799
4312
16294
15323
2302
11337
2544
9174
8548
7937
1822
8333
5332
12101
14417
2803
4618
13874
14616
8626
9059
12613
3656
15496
10308
9219
12826
8148
9173
5334
9837
13621
15599
13982
918
10847
2456
3289
7927
7910
15299
12211
2201
14618
9818
7184
9461
13669
13245
14198
8665
3207
5463
16378
9792
14379
3704
6859
10915
10968
12943
11253
5005
12873
8608
7449
1705
1731
8262
5258
16314
2818
2687
13078
3426
3358
8521
2774
2964
3299
174
14245
13645
13407
3848
7076
4103
12761
11605
9590
3697
11300
5529
11582
9400
3754
382
7633
1519
8581
11711
4685
9214
10202
5828
7775
14796
16049
4053
14847
6926
4027
13989
12019
6117
3040
3985
8606
8473
9865
15910
3710
3739
1049
811
7756
1425
7045
6789
10802
824
2918
9041
7700
8003
1460
2764
6529
640
11249
3677
12133
14158
5099
5752
10606
3622
9599
7844
9647
15318
14169
2702
11031
10242
1650
12854
15031
15006
5565
234
8343
3129
3476
8020
12402
197
13706
7755
14898
12221
6496
4992
6091
5020
5830
4366
9902
10486
9164
14744
2988
13323
10846
9459
15609
13002
11961
13601
5617
8602
892
14181
6754
9464
5308
11948
2951
15191
1093
13023
15314
15236
3547
8901
10773
13725
9620
3518
5216
15361
9458
5253
10139
54
1346
10543
6173
4852
1331
13811
11135
13137
4035
6450
1317
4518
14654
13389
8048
4748
2237
8314
7004
7836
9894
4894
7063
15181
7894
1923
6417
6766
2933
5313
4802
12220
10110
13305
2606
500
1619
930
11656
13283
8501
3705
5705
2096
13619
2979
6144
14048
1560
1532
4710
7118
6584
9210
12162
14410
15487
12529
14731
1680
10217
1126
5672
7098
13515
13797
2329
8812
14285
8814
8922
7480
828
8820
9116
6454
13673
14146
8360
4402
11678
12965
14608
5405
605
14068
12014
1100
3588
14038
13682
1365
2484
3777
12868
8305
1143
15412
9560
1577
7773
4752
4090
9062
4702
8738
8975
129
7935
12469
1015
2577
15018
6511
693
5338
11166
13932
3418
7848
7571
8842
6439
11615
238
5271
8717
15722
16354
15317
7906
4795
15363
15341
9791
9695
13969
1220
6550
863
3965
16057
4494
12824
2640
1203
8727
7853
6049
15142
7294
12257
12043
4186
12280
3324
1898
1337
4640
10610
12067
15277
1640
14044
7389
432
16018
12775
5172
9172
12445
6589
7997
11163
6737
7629
10199
7637
4722
14747
6866
13808
15032
8634
14309
13138
1880
4194
3727
8456
10983
1147
10568
5564
9566
7765
16356
14233
9545
7851
1641
1133
12758
1928
4751
51
15449
16248
4122
12791
14945
9879
3828
5380
1041
11905
6991
11472
10450
12865
14125
1212
1276
6017
9443
4792
3799
6967
10918
11672
8301
6476
4008
13692
9551
14268
9128
592
6580
1422
13761
12662
12962
9587
8007
14156
10503
8539
8699
7867
11427
12311
14201
6369
12246
14882
11043
5086
5057
15541
8241
13807
1142
1837
8469
4299
9986
11917
12594
11389
7615
290
2059
13704
13024
3793
411
14053
10807
9372
15958
9809
11239
9433
14254
2575
10692
2267
7387
15395
4692
7051
15652
7747
14679
2436
13433
10344
5885
9613
15123
10377
4321
14483
13714
7093
13877
8220
1146
10886
12514
3935
4840
1438
4718
5676
6096
1491
942
5549
11963
10204
2860
7593
10017
6643
11323
316
3439
5299
4067
3729
8531
16305
5956
13464
939
3789
1574
599
5362
9427
5547
12703
15629
8263
7412
11476
2802
5038
16182
1453
363
14180
8992
2688
15039
7503
3969
5748
14813
10257
4054
9838
6575
2470
4435
12970
5544
4941
9271
3397
4747
6970
13239
9679
12987
12784
12555
5261
4705
16347
413
8800
16269
1947
7781
12764
905
12169
13764
1178
2874
5628
4198
7585
9524
12315
4932
9573
969
8446
10690
1260
12467
6696
275
16265
8934
11774
10251
8993
13472
2947
3691
13099
126
10481
11915
12960
8486
12222
5702
4579
12098
15283
8753
11342
10629
9477
15297
11095
12777
9597
2332
4509
11365
4769
5021
14861
13742
9196
8620
6907
4429
7965
8749
8600
4370
15136
6959
9439
2029
4231
7543
12081
2646
15205
307
9656
13089
5614
12456
16326
11579
10596
4099
13966
2460
1606
8147
486
5122
42
2003
4233
16124
12154
6194
2973
4874
3690
13873
5794
13660
8858
1997
10519
80
10003
10281
7578
4444
15497
11887
6647
8132
12368
4824
7388
5276
1036
2989
14464
14230
4266
13890
619
11205
2457
2972
3617
11542
14650
15654
11732
13461
8891
1937
12519
11882
7753
5884
7137
11799
10246
7681
12983
12702
1994
8985
9645
15170
5551
9042
749
10781
11052
15436
14629
13395
1149
1602
4925
15410
11329
1942
4962
2551
2502
6745
16127
5710
9222
7511
4199
4238
13255
11638
10431
4229
9072
14561
1192
12610
8324
15088
9505
5631
6591
9498
2590
15156
2363
8161
5488
12321
2124
9134
2123
2869
10730
3210
14401
99
10213
6277
3111
9402
13439
4012
4570
1534
7706
9254
3223
11455
13355
3714
3298
1498
9132
11873
9331
3357
2039
12366
6605
6405
10089
15773
4785
6059
4893
3008
3937
16078
8085
14906
16053
12701
803
7423
2584
9491
12581
2722
9786
2093
5148
11620
6612
14854
5447
12474
10135
3772
2969
8470
1876
1672
10700
279
6642
5356
10406
14391
10825
8916
7741
7017
6416
12984
9263
6336
10515
13306
2953
14147
8628
1211
3192
2048
7998
5728
8438
1446
12241
5607
12944
13507
4354
13227
14098
3978
12696
6355
2016
11567
15366
1264
77
8106
16141
5387
8783
7914
1764
8239
9724
8641
11833
14127
10192
11700
6170
2350
6065
4903
14606
4379
7274
9079
171
13011
6837
14384
4456
8031
14849
11037
10570
2742
15531
11034
10772
6155
1256
1740
8839
12398
8224
11326
14330
5822
8619
7803
6259
7592
12038
11273
1991
16151
15389
5659
9690
5503
5543
2209
11362
10580
374
69
15566
14717
2113
11244
11098
13451
11181
3245
13373
16194
14295
6146
14326
8718
14958
1274
15400
2127
11075
12481
2381
8518
11558
5536
9332
10247
506
10092
12408
14244
15506
15503
6258
373
7909
6455
11568
10472
5245
1045
3446
9097
6824
4458
10314
8782
1892
6954
14780
13741
8877
11634
3758
3122
1550
1931
444
14578
13502
6870
5825
2402
3599
8357
1980
14174
10037
15729
13478
1567
12238
16005
9816
9467
8936
7749
14830
8025
177
5472
13732
14719
5326
2574
12158
11752
7667
11245
7378
13916
13303
14082
2126
7528
10608
15370
15961
11541
11879
5545
7198
8550
15838
10870
11966
598
11112
6722
9300
13566
10943
314
15664
10387
10030
2125
8056
4688
7660
7948
4555
10600
11590
14582
11192
1486
11186
9845
11979
3863
7424
3864
7062
4154
2845
10982
686
1228
10806
325
4253
13457
4543
13495
3373
3139
7371
7730
15941
8267
10868
2589
9600
6131
16118
9939
7043
13167
2010
8039
5770
10430
15146
2518
10107
7565
1497
14133
12135
4483
7079
966
61
2514
1482
9760
10592
9755
10145
14919
11080
8154
6629
8558
13147
14250
10048
3296
12795
11781
9264
5723
878
13102
8494
2537
15809
2184
12249
8362
11973
3543
11479
11729
1525
7471
680
9888
10599
10267
5636
12331
3241
11039
5090
4332
1014
10740
14565
14243
15188
9326
3717
8603
14343
6465
3135
8107
7143
11577
9945
9272
11336
6399
4694
13163
9073
14963
7373
6623
6280
10188
7617
13108
458
8234
6082
14117
5769
5600
6518
635
13780
11258
584
11506
7612
987
16095
15476
11291
11680
3014
2295
697
1328
6955
4348
9259
6081
12714
12548
10694
16125
538
7285
10687
7220
11559
14263
5683
6578
4521
10021
7504
7635
195
10961
12159
4019
2285
15620
3669
16376
15591
2071
15463
12782
2421
3148
3327
5433
3974
14102
5315
15999
2937
882
11171
7117
8951
190
5746
6188
8857
15326
14031
9233
11430
4947
15548
13705
13603
240
1225
15266
5890
9170
4577
800
5879
10248
10615
13512
5340
6715
7470
9704
6820
16304
12504
2114
15151
15923
5973
7919
9159
9731
16197
2474
8027
322
3855
3504
9977
5127
13120
13872
13222
8403
4356
10895
2133
10854
11119
15390
12698
15608
617
15168
5968
5681
14922
5965
3645
161
4522
7926
4353
12915
13554
7611
2649
15760
6503
13236
6570
10801
7133
14551
5934
1970
5756
15218
13398
14299
734
4733
7557
11492
7653
6712
10937
13061
1369
3760
13860
10326
6723
5101
473
3498
12407
9562
10880
3034
14047
15547
15513
1075
2167
1204
2239
11856
11870
10321
6443
15210
14770
335
8831
2995
13553
13284
10304
8906
6269
14637
2890
12128
8233
14636
12913
6945
4472
4803
15110
15814
10396
13329
5924
13731
9178
1597
11654
7082
11865
16168
7425
13939
6167
7707
3703
2651
4877
10509
12328
8660
610
13753
2129
7533
5577
3952
15246
9412
6393
10632
4700
9349
9191
10440
15257
1441
15074
6948
12053
14341
11470
10756
15402
12017
12409
11562
8793
779
6807
711
2424
1848
11489
2085
12150
5479
561
14193
3785
262
9830
9570
16025
2901
8740
11986
12422
157
7541
8904
10732
3569
6929
10582
10852
2920
546
1339
7450
1784
1428
504
10271
13827
11549
984
5966
10829
4525
8204
11874
11814
8652
15631
8339
7156
1283
1160
8565
3550
2193
7304
196
127
11790
1541
3838
5745
3892
12823
11475
1302
11408
3367
6397
6222
4794
12095
13823
15456
1187
742
8118
4952
9795
5872
12372
3137
7872
11553
1087
11955
3650
4486
8017
9531
7579
5849
10760
6145
1334
9113
16008
11303
11114
226
9606
9244
832
11391
7940
4226
5904
10084
10727
11536
13319
7537
7831
1745
13775
10913
12252
10081
3453
12386
7727
4302
13607
15068
5697
11223
7627
6906
1955
13639
14624
11945
15352
15065
12857
3837
13442
2178
12338
7426
10720
10811
15357
12086
13035
8670
1481
4534
2179
10105
4735
10070
8316
5335
4200
2586
14126
5427
9893
7221
16014
11566
3651
5612
2608
5256
11237
1652
13599
9471
2175
3141
1360
6216
5667
7567
766
448
4677
9414
2121
9691
14171
7443
474
4179
6215
8826
16291
5039
819
5211
9781
5354
13801
15478
885
1451
3637
3216
12410
2034
4670
3365
12600
10266
2070
8394
9167
4417
5634
10019
9085
5149
4628
15610
14049
12146
4153
12070
6664
1350
6275
10540
8009
15754
13733
15460
3409
4310
4317
9670
4493
12179
11081
5824
12103
6857
16267
4858
11088
9669
7704
14463
1613
2999
3420
191
9448
9396
15278
5608
11281
14711
7661
6515
12073
3708
7820
9361
10634
7863
8402
12491
11974
6725
12789
16022
11519
9674
11791
1562
12276
6487
7175
9682
7778
10460
14814
12695
4407
4023
8803
9256
8622
10138
6179
10755
9440
1626
11514
103
2822
14434
11665
3366
9906
16074
15464
4776
7957
11498
13579
10823
8116
9765
13013
12190
2956
355
14653
6788
7374
9217
3114
15570
10241
13752
5866
4690
9764
9948
14075
12956
12248
9295
13532
9307
15258
13203
9343
2255
8383
15200
13484
15942
11266
2549
15834
6624
14905
6719
14667
12500
13195
3072
1870
6875
14914
12860
5969
9529
16140
7128
10627
12864
1044
1033
1919
15201
11483
8093
7586
9290
10859
6502
4404
2963
13019
13817
2633
8964
8127
11226
7120
16169
12785
13368
7640
13976
14339
7905
11783
15298
9352
13784
7915
4107
15521
715
2888
3495
254
10190
760
2752
16312
6631
15405
16241
6005
5499
11125
8467
6858
11561
436
1407
3668
8476
1792
12689
10672
10979
14675
14514
9766
6669
16094
13577
15022
8875
14358
7340
7830
13259
1408
1885
3692
8266
4477
84
14614
1209
6070
3608
273
2323
278
8532
288
14947
11793
5690
1221
843
10552
15601
13000
15418
3905
6406
3333
13117
15789
1184
199
12056
2336
11839
3117
4269
14487
7644
9942
3902
5290
14549
11595
3284
12134
631
8882
4715
1477
2012
1718
13506
676
3332
11454
10869
11077
16117
5715
1552
13680
13082
7779
15799
4243
13500
5478
449
14661
8037
8819
3179
15873
3745
8194
14063
7382
14839
15662
3432
66
11744
11589
14394
1746
633
12697
13856
5402
6799
13440
6395
8840
9889
5754
8418
15811
1573
14283
2188
7055
10451
12567
6874
2820
16331
7291
15948
12658
9345
7033
14768
13169
2895
1527
2241
14396
5881
9478
6086
8758
1380
3318
3162
14367
3627
8182
8166
12832
8404
3433
5865
11270
14750
4382
10162
7519
15615
3488
11491
15058
10857
16046
8952
3157
6129
10561
6176
10711
15869
4933
317
6196
6214
330
16087
13812
7759
8925
14785
12822
15262
728
8871
1445
134
528
12000
10826
2189
998
7071
11840
5146
16013
3865
7059
9713
11044
11393
7223
4237
1076
5373
2290
16178
9487
15508
2661
11747
2227
7394
3224
3806
14392
1401
7701
8566
4510
5339
889
3525
12801
6657
13683
3721
14519
9784
404
6014
4018
4471
3482
15868
3946
8685
13133
10784
8363
3956
1869
5203
5724
5374
2180
1080
6154
4287
10090
15817
13107
4827
8073
12396
11758
961
5465
3633
7185
1907
3053
11599
15552
11486
2418
1582
7658
8633
14034
2076
3060
4946
15920
8927
12499
2604
9641
1677
1411
14762
3562
8270
13613
10083
13774
4434
4960
6500
11256
13679
10926
15634
12546
10085
15489
4294
6707
6588
14135
1299
13110
8012
15925
1949
13582
4950
923
8216
2745
4707
6203
12145
3408
11610
6120
701
5554
16041
2959
11513
14825
717
2067
1216
8117
12618
11899
5767
13070
3815
6
5143
15726
8463
9841
6060
10299
5892
14767
3829
13346
9577
3191
7003
3026
12113
9571
10252
7983
14454
15165
1239
452
5181
4060
14625
1198
5960
6375
8258
11751
8770
4364
15249
13178
13702
13199
5022
15399
3859
12578
15109
1770
3239
15194
5964
5644
13565
10529
7554
1717
1223
7548
12920
16270
13537
7532
13388
11426
4131
2500
12307
15468
12177
5244
15844
9915
6956
7562
28
440
13465
10166
2091
320
1610
14287
10966
15393
11525
13587
10831
7165
682
12585
8958
10244
6102
7591
12684
634
3849
3342
1131
2526
16082
5703
10482
1313
14670
9452
11261
13859
2961
6576
10524
8773
3725
8428
8859
4884
9966
2686
2582
5287
3832
15607
14612
2242
13435
2425
2527
10957
16020
4001
10487
12918
5440
4818
2915
4275
8903
5641
2459
1954
70
12447
11011
7521
3587
15472
6601
6011
11868
1922
687
4408
3994
13415
12977
4225
14939
11090
5043
15172
10965
13596
12953
10379
15094
7218
12559
4279
15383
9384
13951
11628
6846
14072
1135
13087
7297
3118
14828
6977
12137
4891
1915
2977
14713
10098
8636
5118
806
4740
4591
7719
10516
4264
1787
14211
3066
12231
13534
11107
615
1591
10016
11069
8629
9190
2081
11794
12834
4468
14297
14988
16106
3376
14794
13316
9993
153
1685
12837
1185
4082
15625
13605
6107
10544
12630
4339
14976
7087
9881
7103
6135
669
15043
13830
1108
14416
3505
12800
5869
1901
3499
7141
3857
4745
13060
12988
5788
6374
11997
3209
6840
300
6390
10992
14057
5495
14841
11373
9495
7056
2041
11304
10216
11676
15518
12560
13431
3673
8175
6040
9239
1050
11670
659
14278
9607
9123
8971
716
14172
4755
801
7710
4759
2158
13748
12302
9111
3967
9737
14591
8751
10579
7786
6729
1863
12933
6067
5368
12057
15852
5795
12672
163
13021
13540
14574
6172
14106
5630
11903
9729
2391
2628
9437
7402
4010
12465
14318
6711
11313
9147
960
1706
11858
7453
6633
14438
13958
11021
8279
13041
9947
5155
10388
12112
2569
6088
13260
12006
5647
1780
7951
3674
883
11767
6313
842
10156
12044
15972
3444
2262
14452
10871
6813
10197
13171
4955
12152
8500
4211
3174
7186
389
5980
16171
1976
3204
8572
10259
2304
10146
11501
5908
3377
9857
10718
13585
11145
14511
15743
10748
6058
11777
13429
1125
15901
10353
3068
2365
15028
419
11950
3918
14281
9979
7577
302
14388
106
5289
6800
4439
4316
9926
7397
4072
6611
11900
9022
11617
12738
5408
12566
13006
9565
14836
1910
14798
1900
10143
6494
4717
14529
10959
3701
15568
14950
4567
5088
5333
10701
9141
747
11140
5959
8237
8358
4418
13523
8667
6185
15627
13266
6451
10094
2903
1259
14977
6781
3736
15376
9938
12490
864
4537
13941
9810
8946
7011
244
6233
9732
10559
10696
9892
6943
1904
10177
1559
6491
6574
5642
5168
1252
6730
13638
2294
13944
1433
16183
7429
5560
13878
13079
1463
4454
1138
4013
6905
15430
122
2685
15777
4291
7250
5512
16373
12479
9776
3845
13421
3836
8778
6342
1370
8965
5695
13124
14644
2968
16177
9257
6537
13136
6442
15560
13049
15321
5310
6089
11518
3702
5483
5516
7049
454
3880
4180
5949
2524
12333
8121
15913
13751
691
4100
1757
10128
5502
2316
1419
14347
2394
6931
8202
9038
5027
6437
1403
14105
14155
8064
7188
5506
7990
7824
15973
10332
4723
14012
10617
11149
12310
1775
11776
11177
3607
4134
3931
5468
12356
7277
11784
4623
11072
6734
2757
4905
13520
11869
15643
6228
10848
7241
8972
9971
685
2412
16010
6218
15134
10594
3340
477
1688
2235
8811
8130
1565
1993
15458
1622
4083
4770
1889
7229
13361
11324
8475
30
2018
9436
1789
10842
1748
15683
7355
11975
6366
4604
13698
13501
11563
14292
14952
14697
10087
1857
9895
4428
2417
973
14516
13430
10373
3044
14291
8750
2714
12580
1219
11901
816
2664
15587
1255
11871
4064
5186
1101
647
4170
11989
13436
14927
1336
12058
622
11038
13799
11290
5077
1412
6939
12074
1668
7931
9008
1974
1776
884
7570
8209
4595
2790
7777
509
14070
1873
6063
15454
1586
1065
6975
12623
9457
9625
13727
8715
13237
11401
2357
6958
7135
4589
12197
5535
8321
957
6353
8711
10287
6039
6731
6363
7674
3655
7015
4973
3625
7802
13672
8577
12165
9602
7843
8075
2954
10652
7826
6581
10129
3094
6801
15224
12577
13314
14626
4514
7256
4139
15215
11436
3046
9363
6423
572
6677
8659
8943
3277
379
5188
13157
557
7091
7384
9951
5739
7439
13001
1729
13870
13659
1741
11827
15840
12736
12202
12253
2061
10764
15862
12501
12018
6015
13253
15115
12458
13134
10586
10779
6076
13304
13233
12976
14585
3635
2362
3794
4209
7982
10681
18
14422
13591
13460
3548
9197
6414
12769
2256
3944
12390
15579
10935
510
5133
4592
8105
4367
13111
13936
2268
15490
9312
7202
15808
11449
5851
761
12740
13918
8582
4017
13570
3906
6844
15500
7193
15384
2623
10972
12631
11569
14374
16286
13052
3041
352
5102
1008
10745
1268
1092
15083
13141
8743
9652
9315
7264
12858
8939
7440
13462
14584
1241
3524
11918
12863
10407
1028
12156
15678
1899
5996
9876
9353
3108
8113
3883
1709
12236
6661
6095
5835
7446
1393
11965
9288
11822
3368
15954
15087
4412
5184
5791
10055
16351
7448
8011
6453
4588
12342
6247
15857
16091
16322
5372
3747
6876
15997
8737
10182
1530
5084
3031
3893
5760
13952
2821
15735
5962
6468
7673
1270
12270
11310
118
6332
16055
6396
4491
8145
15553
6828
14611
15303
15053
3253
8350
2680
9337
14092
6260
12604
12423
5128
5473
11609
735
7791
8937
12781
2663
3826
12693
6775
1057
5036
1335
5295
5570
7821
4034
4620
6861
6923
257
14934
342
15287
10441
3544
12318
12144
15613
15431
128
7467
14928
11697
6962
13173
5267
1983
14754
12749
7289
215
3104
15129
8289
14300
1850
16261
3369
13670
10221
12021
657
12239
2257
3039
8490
9341
7138
5317
15474
4728
16309
6665
12909
4664
8340
3938
4470
15169
2380
8787
13095
2393
10703
10835
9774
3259
9555
5602
14555
12116
15324
13261
16164
16105
3195
2923
3343
5970
13898
844
5183
11852
4461
12842
1783
2922
8580
15661
9614
1849
10225
6357
9991
12760
12378
9897
4866
14706
4799
16299
3712
11246
7130
5957
9946
8344
9592
11219
10621
10203
6263
11671
2069
11603
11838
7315
13450
5300
11036
1112
12493
12471
13915
15907
6868
12661
3075
12830
15903
305
4296
5519
8806
2488
9071
7767
15768
5393
6116
7181
10189
6994
3866
3390
5381
6927
2314
5518
10262
10007
15993
1893
8912
182
7834
7395
10612
12790
11695
13664
16119
3960
13026
1281
8092
2450
13022
15966
1237
12925
15937
9559
9267
9932
1459
2607
2298
6836
13175
16100
11079
7908
14831
8915
8298
10496
12655
12362
12429
13616
4092
8447
13602
13212
1774
4216
2427
8021
2260
5444
8536
13809
7525
15749
10500
7269
117
7170
13835
15103
2906
7810
13112
10303
7310
13343
11765
1656
6953
13269
14823
9618
15070
13631
7678
10699
14956
3753
7869
6398
10295
15902
621
4151
13606
388
315
4207
13845
7892
4644
12572
11660
5130
521
10860
9104
15492
11438
16195
13083
11440
139
3215
12015
6394
9666
7944
2858
13581
3741
2300
15160
9813
14817
15304
3069
3250
7435
10726
6752
1353
4793
8178
8036
16282
9705
5251
5302
6333
8917
3757
16216
15248
10277
11488
6974
15462
2782
1675
2155
2411
3595
3211
549
15198
13701
6513
1558
8458
15580
14970
4415
2568
2398
2960
351
3520
5173
545
5434
1488
9369
10896
5982
13822
16056
12765
6535
2850
14407
10889
14160
3378
9826
2629
4578
7988
2701
6572
1667
11802
600
76
8766
11696
6074
4930
4719
5194
9056
5665
1371
13211
11850
2826
14639
8388
4045
15707
8989
6383
7108
12288
3375
3311
15812
15769
2149
9451
3243
4671
6644
9378
6871
1155
11591
9358
181
8481
7237
13611
2102
5718
11735
12251
15137
11902
4405
6066
8995
11197
936
4502
9023
12937
1805
1865
874
12538
12284
6662
12677
15699
3447
6790
7060
5606
3986
9958
8791
15270
8311
1658
3228
4854
11938
9817
695
3824
14523
11316
13010
12989
6498
13825
6670
10660
684
13772
1507
16268
2098
8309
3455
15154
13754
212
10548
11944
3601
6044
5154
10873
12870
12945
1435
5192
11375
8453
9663
2261
12290
13796
6554
5571
3871
7293
12336
11712
11592
4438
5595
327
1509
12534
4422
8495
8409
15176
11227
13536
13852
12343
14621
10480
8609
2813
5316
8464
15644
4587
2632
15447
4433
6951
7958
7604
15271
12887
16038
14758
8515
7540
11555
5490
11980
2199
14492
12991
356
8395
2849
1009
5916
15940
14429
9314
14685
6123
1827
3232
14279
3567
2499
3660
16336
5657
12853
2675
10648
4215
12296
7712
7214
11817
6703
9308
2827
11872
11741
1439
10194
15884
1766
6883
11837
11275
189
13867
8546
8754
1000
9350
2339
3711
12583
13634
53
6733
2163
15252
14411
6746
5898
4113
3256
13574
11268
13785
12639
8543
15338
13149
10239
9247
11811
16035
10546
2318
995
3017
3720
8189
13846
1583
12432
14732
12100
9382
975
12439
11788
14294
7363
8682
6714
11446
1010
869
4308
16317
12160
16070
13315
6346
13661
12796
6084
13425
9068
8848
16139
8599
15519
13047
7433
1309
3159
2197
8201
9286
5993
13140
8870
4601
15017
14974
4182
11200
1945
6628
4880
2397
3015
6921
173
899
7856
10171
15736
13567
12633
14820
1235
11762
2287
15549
14601
3576
12449
7009
7841
8549
13412
4028
10911
15416
10976
3920
13073
15063
7001
6932
1589
11113
6579
3939
8611
2354
13224
14912
12786
16367
10392
3694
1384
6957
15877
10349
7796
15637
5698
8833
5174
9316
10497
1410
9974
5134
9289
792
176
6371
7416
15485
3884
6635
5388
12515
2194
14345
9913
12047
6586
671
4655
8643
2707
6718
6244
14205
7292
135
11002
6421
7911
12428
13423
4344
7490
6432
11339
14262
7845
12303
15594
422
14997
429
6046
9659
13510
4843
3394
7438
4416
9054
11544
5328
10263
10567
15041
5252
3509
5751
15288
9779
2625
4768
15824
14799
15849
12922
6419
6565
11194
13447
7861
10122
15512
4539
9715
14595
10410
7569
11086
13913
11624
14472
4581
12013
15863
3011
10800
8268
4648
2466
5350
6156
3574
11999
13855
16031
14677
5820
12535
6971
971
9702
10539
6240
10511
2312
951
2490
3422
9109
6534
7934
5292
4706
11847
16361
8221
851
3761
10360
2132
9253
594
4695
6143
8728
3407
9029
15199
4410
7793
13991
3982
3594
5404
12891
579
13871
12632
7089
2465
14647
1314
14110
3321
9605
2496
8136
14959
8632
2407
7855
15403
4039
15328
7182
12901
12219
7459
10352
5223
13548
2744
10816
13362
9313
12174
8255
2912
12885
7587
15161
4659
12045
6682
1708
10822
6791
493
11058
14579
8649
9216
5658
9581
602
8974
2883
13497
5505
7764
4758
334
551
6769
14442
15174
5074
10964
5944
4401
4286
6033
6169
8245
13935
3405
4141
11040
11265
1796
8706
1612
2356
5187
6475
15756
11344
4280
15212
12889
12463
16236
10864
8230
14522
7333
7797
15184
5671
6506
7520
2000
13719
11424
2182
11399
11048
6523
9176
12382
10630
8863
6153
12329
5029
9205
3948
3319
1518
11133
1091
5678
2020
7437
3997
9095
6634
12427
1576
5018
16066
12888
10403
2884
3664
15491
6940
14321
3653
13580
451
8256
4765
3345
6848
1500
14502
6210
5481
5070
1061
107
10532
3269
6391
13516
9501
15204
12729
15220
12016
11277
6384
4110
11707
6968
193
9380
15197
11176
3429
7680
14101
1342
3339
7454
6444
9024
8303
14188
14074
8365
5078
7050
11527
14909
13097
13226
10311
11417
1311
4507
11134
15984
2157
12363
6200
11386
10066
15981
8351
11356
15072
6913
8393
14710
4442
2694
10219
13063
13722
13598
6568
12285
5100
4063
7452
13973
13649
9767
12191
10729
8808
4987
531
9872
11929
14088
9887
7262
12599
9596
3169
2377
13248
1817
433
12142
10636
2286
12700
9162
12982
15557
7110
12934
6133
2785
21
10341
12139
10667
7275
1013
10435
9989
2684
14485
9735
8908
3501
11587
16144
9772
4981
2655
10149
14627
9650
11368
11748
11669
578
150
11254
1808
5646
3909
8892
16060
9878
10254
9441
1003
10285
5400
3847
3074
4665
13762
12183
11243
13242
12730
184
1139
7391
1660
11666
1470
417
7550
1998
5861
4855
9742
5008
5853
1785
8215
13378
4708
7273
13493
11056
13896
15033
7115
3000
12574
1925
5601
13072
15071
2991
6004
11330
6267
15486
13232
10944
9101
10002
15013
15674
2943
3230
7356
5862
7768
6841
8065
1236
988
14566
13326
11499
13348
946
4267
10623
4070
4934
11395
1985
12518
59
6772
9324
9083
2877
15842
2341
2679
7846
13202
12815
13258
11170
15167
323
3461
12314
12326
2795
15132
13040
6497
9367
12244
12486
4106
13177
2055
3563
849
2151
4368
3996
15419
14152
9148
4820
1246
4626
4268
2192
11250
3238
14229
4914
3975
16184
14924
13975
7235
3896
15883
8337
15714
8579
15213
4569
2554
16104
10384
10292
10065
14766
4927
10382
132
1751
548
6988
12403
9687
15286
11934
14335
2756
5542
397
14414
15685
14887
4441
6182
562
7327
1969
11968
15723
2636
12468
10674
6877
7010
14078
8364
16242
6388
1521
9266
16145
23
16175
12747
7385
10602
5217
14143
3220
6805
15450
14904
15193
7280
291
12420
13623
6627
15746
11305
15025
4515
503
10025
11490
11526
6545
16263
6225
8926
15301
1279
1506
2264
11121
38
9973
6488
9694
446
3028
2493
8688
797
12085
13074
10898
15150
5860
7518
10738
9924
16048
8883
12327
498
9985
10181
8747
10232
11007
5780
8172
1437
8424
16199
10484
3481
6516
706
1073
5733
8133
14666
4945
7731
9994
7898
2924
3182
4957
9749
3136
4414
15761
8960
13113
1338
6930
11189
9043
15302
8368
15960
6330
11829
4906
12041
13979
14065
4355
12498
13446
10424
9675
10863
1972
2120
1920
11172
3894
9019
3438
9834
12609
5265
4022
6386
6151
11709
11402
12185
13947
8429
5190
5049
495
4554
1391
10565
12355
12561
6592
15411
3073
9472
8035
9031
3480
11367
7023
8386
12628
7544
9900
241
11385
4473
2374
6514
1548
2703
3158
13881
10249
3341
3205
14173
12753
8068
15540
16300
10073
14359
3083
1469
11653
2145
12998
6593
769
10633
6689
9243
785
5195
9918
1636
13959
7711
7142
116
14458
7903
3750
7772
6134
125
13372
416
209
2982
10063
4065
10665
12391
6708
15605
12289
1890
3415
13776
522
14167
11789
1858
2343
3051
10328
4834
10907
1965
12968
1427
13963
3801
4754
12406
8771
16219
8079
5069
1846
1356
4629
2284
2715
3303
12472
13864
2214
6993
13418
3347
6252
9727
13994
12827
12349
1368
3316
3436
11935
2423
11800
4804
2385
9047
12370
11495
13513
9835
4683
15059
6992
9621
9860
10106
13146
14408
14014
1971
6757
3185
736
13930
260
14778
9698
13839
2992
15875
1258
11740
3410
6345
5958
1773
47
10205
2718
5504
5414
12358
12254
3820
9798
4582
10778
5156
13641
11824
2334
3208
9770
10668
4497
3434
576
11534
9540
14162
15475
2559
3123
4714
5409
13371
12171
340
13529
15908
5950
9336
8669
9003
7737
13092
11831
3512
1110
14319
8950
2082
14252
9407
12194
2233
12595
3923
1536
2040
1520
5569
6122
12905
12686
6651
14484
1711
15917
5470
10900
9185
9736
10985
2925
12759
3078
2873
16103
7482
6941
7058
8677
10893
13118
12496
5620
15831
8584
5793
4725
4568
11539
7535
14426
3953
7746
7780
12773
642
8454
12622
10383
11978
3242
5235
8293
11340
7684
4656
8506
10151
9964
11626
1855
11228
15759
15064
386
6108
656
8381
7553
1154
7451
8561
1372
4698
5197
12699
15354
11464
6273
13837
269
3206
567
6001
11601
5456
8900
10758
6195
6869
10212
950
12218
4816
838
11728
11714
1077
3555
304
11960
2372
6989
5366
15051
10428
2280
9479
16131
1059
11352
11690
1696
1763
10695
13129
8018
6121
12124
4674
15935
5867
16328
10887
13045
6227
4057
7494
718
10289
3283
16316
8687
11160
11792
6504
11588
5103
929
319
12780
8153
4846
9292
5941
9688
5104
4246
4672
8513
9672
6221
5943
2173
14720
5325
9447
11575
15493
8390
12002
14840
12926
7876
1201
10363
3491
13286
14129
4329
5105
8881
15099
14462
540
5902
14709
1496
12181
7154
6276
10953
3966
1810
8801
14118
3095
3112
3641
3351
10386
4058
14216
2229
8650
6946
12849
5930
11782
2269
4469
7542
10731
5321
5827
7041
5191
15260
6038
15501
15374
1215
14420
6021
4815
14866
9
15014
12258
249
4467
2749
14481
14432
3462
1556
15926
9240
14494
1605
14973
7077
4609
6717
3472
6307
11977
15152
14504
11443
4556
524
7112
1821
15498
15534
14040
1743
8326
15372
15309
7551
10365
15742
11584
12322
10787
9783
4808
5784
1123
7069
10987
9158
858
15424
8071
5392
9177
12939
9298
8283
2036
5189
15717
15528
15810
2434
6555
7842
9425
10646
15428
16004
5475
1047
4104
13953
12505
861
9528
1113
2605
5359
9586
6478
13160
1563
1795
8449
3507
11581
1710
8860
4879
2240
15719
8323
14004
13560
6447
1417
14196
5847
13062
5344
7789
8961
14428
16318
13370
5066
10796
12389
12503
4833
12306
9824
4922
4730
6023
11462
15585
11571
324
4145
403
14693
5515
6024
4095
14467
16186
13906
3400
9762
1379
1485
14990
2062
13511
14752
3972
8330
12554
10026
5151
5974
7027
3133
9553
14354
3981
8143
15957
13179
11054
3580
8061
2930
16327
2556
9839
13093
12804
14322
10420
14916
10879
14412
445
7889
7757
8668
3724
4926
3917
1716
5948
11046
10206
15360
7295
834
3301
11623
5987
11770
7139
8712
16088
13956
1240
8805
12806
12092
8982
2386
12685
5144
14760
2908
7231
15887
15223
4669
3353
3958
3566
5661
15672
14698
3827
11196
4724
9399
1961
12904
6564
6142
996
341
6920
4462
9157
2168
4386
12301
1249
14086
5806
1043
6606
13131
14448
15798
11739
5594
5219
13851
7881
4622
9226
130
7815
4248
12527
4790
755
10461
11308
6652
11746
4295
15010
9058
3765
9435
6350
13861
13350
2359
2251
8356
7538
10044
6068
9093
1992
14337
3663
12170
5450
8683
7392
12961
15543
10661
11096
896
31
1702
430
13843
14638
16371
14580
2540
9922
6763
4432
17
3851
10476
14093
4440
6937
6636
4872
12295
3047
7589
14234
1484
16146
609
13125
7338
16190
2492
637
16237
7545
13404
7918
10678
10837
7319
13479
3930
11341
1166
1501
16337
12448
3030
2305
8779
14761
7871
10329
1402
5268
9525
13637
958
9193
1476
980
9046
15622
3465
781
7048
7601
11493
7979
4363
5893
11985
12898
7339
15820
9631
10032
3308
3854
15069
14103
2778
10319
2212
13416
7602
13568
6483
3891
14161
4888
3957
247
5762
3728
5234
7838
4699
1444
15577
10595
13865
14475
3152
7950
14261
14844
6845
14703
9229
8680
780
1939
7572
12793
14517
7886
15595
4138
13687
9204
11755
15040
8944
10905
11522
7607
3575
9632
4565
4005
730
5587
1914
14676
13903
8434
2748
6999
4734
6862
7729
6548
8605
10404
15290
5761
13309
16266
2491
2761
4915
6835
9017
1625
3381
4234
4374
13066
4040
7599
4146
8015
4757
12549
6452
6748
9470
8991
5808
15073
13174
1570
12477
15285
8135
15563
293
9719
8693
7090
9366
4133
9557
11030
11706
14221
8612
2259
8247
7960
9014
370
9852
3796
16205
222
4974
917
12914
12059
3414
2530
8735
2585
7743
1060
6291
6013
1593
13904
7477
7929
10493
1738
4731
13709
7978
1727
10682
10393
5364
10924
14148
1179
4424
5880
4851
13363
2205
9371
9771
16352
9823
848
11719
2639
15024
6425
9070
14884
242
6599
6794
2599
9394
2879
15415
7201
4311
4062
5526
14509
15145
4989
1587
11984
5907
5815
11994
1210
2171
9709
13469
13287
2846
12996
8016
14727
3403
900
7243
11285
1964
3132
6337
6025
3278
8845
15045
5407
11400
5241
8150
9362
13012
2942
9423
8369
9884
5706
3349
1420
13476
2667
6803
4696
9608
11188
14382
12850
927
15565
5900
15504
14742
8045
12980
3623
3323
16023
1319
1103
10038
8042
14802
9708
12846
10780
1474
6183
10949
6798
7228
4596
7665
13919
1202
4842
11775
3449
2618
16180
2934
14206
12666
1632
9693
11742
10713
1085
10836
15795
2596
16297
5688
13907
14357
15081
7036
8564
16201
443
7620
11818
2859
15934
3359
2766
12444
11855
6181
5802
14689
14312
830
10258
519
4917
8043
9181
6099
6925
14505
2810
13104
7949
2015
11024
4322
14547
6785
7725
12880
10510
15230
11376
16339
8575
7216
11217
14045
7324
3993
4821
12523
860
15207
6403
2839
937
2735
16254
1511
8562
16135
16142
2594
9741
10705
4500
1693
3454
15898
3718
585
3766
3570
10479
5349
15312
3764
15162
2555
3783
10917
9874
6489
6655
16157
8601
10436
14259
4000
16174
9788
9156
15927
5140
15602
12878
9754
13032
4037
15408
7850
12653
9078
9269
12010
8426
3676
1724
6484
8422
10140
12250
10283
13653
6281
9323
8731
7760
354
16065
9445
11101
5185
1232
484
5576
15606
2843
15532
6934
10492
6202
11941
15899
9909
6255
8671
6234
9748
12359
15996
7723
