2834
12554
15961
10551
10992
6673
15303
14760
5602
9230
3906
5760
1451
15294
11165
6186
7301
5811
14435
16207
8744
14727
363
7915
5865
12945
10310
2206
1783
10134
3664
6410
4066
13158
6562
6739
11194
7692
3353
12944
10886
1865
10459
8587
6607
12527
14777
8318
5765
6112
10989
2355
5059
7844
8071
15682
6079
13359
16347
244
15919
12969
15872
1082
1634
9010
12346
9604
10915
16211
361
16024
13651
12722
1981
3393
13582
8000
10117
444
15497
14269
492
7420
2435
16232
659
651
807
1051
2281
1408
1793
1527
459
2513
14656
9439
13315
9739
16206
4904
9967
2396
15932
15494
1799
6515
9153
25
6573
313
2146
9191
7182
13521
2951
11519
5379
2257
4666
5916
8017
3191
11572
15318
3219
3070
13871
7888
14713
14864
16380
13233
2411
15626
8058
12150
7754
1224
5931
5284
12072
4889
7242
6749
2524
13884
1868
12728
11805
14440
15548
498
5011
1822
5120
4545
15606
11173
2029
2106
10820
7955
2936
15987
13736
12507
6071
1521
5762
9008
2189
1442
14743
2427
8754
5461
10527
11460
6091
14553
4615
2986
6493
14399
7742
14936
1086
6827
9990
2315
15566
1169
8180
15869
6403
1125
4061
12602
6886
8976
15093
7799
11956
15999
9224
5174
6688
3555
2578
12388
13088
3946
15281
9026
15321
11464
8319
8152
7993
11275
14386
15380
4004
9201
6268
3163
8202
1056
890
8117
12523
4221
4065
5715
12332
9449
7080
10559
10945
9105
6677
11147
7418
597
2880
12402
3578
5295
8095
14235
13429
2610
4806
9362
10608
809
1193
14778
5690
5153
12482
9913
8094
1573
13763
4937
11272
5605
8050
2040
8051
2718
7183
11000
9282
9961
1880
10713
6814
3170
12270
14821
15115
8575
7748
303
2125
13157
5074
243
9120
9650
13467
11806
2310
8456
3284
2294
9440
8004
8917
12453
12725
15856
9617
11316
4993
3285
5255
2989
6343
6633
13431
4425
4305
7622
7601
8045
8430
14015
13581
2201
1508
12860
14316
12556
14287
13212
11747
1757
2363
672
6689
4483
9841
2730
784
3206
16182
14352
6709
14451
6586
10082
12997
7281
15018
9015
14988
8409
1185
9003
1861
6020
42
2478
11127
1832
14699
7361
12419
14554
12545
14600
13867
6529
15685
11824
1550
7934
2551
7063
406
15306
15361
4123
5554
13074
10505
9045
16057
4433
13532
11085
8485
2799
15820
1924
12277
10159
3426
12948
14299
10853
14243
5910
820
5608
7867
11737
14240
4299
2633
11756
11404
12169
11807
1983
12184
4771
6245
11199
14014
8216
15285
3863
8638
3824
2441
8354
14091
2123
1018
6608
14966
5413
9179
12600
5075
4171
10730
8573
7854
9588
15943
1195
12426
10275
3707
7025
11657
12160
4441
11109
6356
6782
14582
10817
9331
14823
13837
10925
2003
1696
10093
5723
9941
5538
8732
13476
15884
15427
15974
1412
5993
6571
1488
9946
15438
7847
7351
5428
8237
1609
8093
13210
2405
14832
14702
6897
3185
11914
14998
2848
16133
1690
9328
7667
9681
10885
2153
11378
12747
15445
5945
1083
4136
14793
1339
15128
2113
539
8541
12954
12561
12922
9193
14321
7327
8580
15671
13563
3981
9769
798
11351
6370
4314
9638
1836
13896
16221
10384
2571
9082
12039
899
12862
10549
10446
1658
4735
9189
3990
12898
14057
11951
3280
771
6748
2187
5494
6065
4455
6318
9743
11593
15719
995
10042
4006
11553
4440
2530
15655
11138
6032
12540
6667
6077
9637
15076
6790
468
383
1452
690
10550
12893
2333
4176
2139
7426
6398
1577
12955
1324
3450
9515
839
13772
4403
4565
4027
13402
2576
7019
5101
800
11777
2680
8138
15247
11081
8515
14694
8845
12191
11898
6220
5026
6578
5737
14570
2159
10903
4870
16358
10403
12060
9313
9654
11226
8561
11061
14685
10624
6644
639
6712
12080
5878
12580
15434
12055
6018
4632
6256
6708
13208
12975
15983
282
6577
3489
3742
7973
14387
15732
4675
12825
7207
12114
3520
1126
2034
410
8253
2830
13785
4893
138
477
3554
16073
736
10428
4965
8948
13346
13794
9715
3201
11696
4042
7963
14523
7802
6720
14859
15191
4162
12305
14202
4285
1882
12818
4247
5570
4168
7324
15360
7023
9833
1744
3822
15508
3347
10418
7879
1100
1115
13462
3058
3763
10
14222
6560
1710
9669
7049
11422
10414
9499
12658
15520
12085
6861
8567
5018
12894
14572
5226
6296
16074
12594
12993
9523
3552
2023
6569
14002
12641
298
8670
1292
8701
5095
7345
109
3462
5244
15849
8717
9422
11688
15966
12310
10726
15139
9957
3839
11257
3189
933
16001
446
9428
9289
6553
8212
745
11675
4343
3791
96
10147
14462
9238
10203
13737
2445
11913
6395
9728
13684
1557
4302
6081
16016
9303
11212
9455
11072
12800
10351
1576
3869
1896
13859
4725
5904
6609
8458
3401
892
7343
9609
3508
1918
11103
9342
11295
6490
5316
4070
8204
6499
8830
475
9762
14036
11433
6536
8895
1857
5684
6996
1792
11028
13820
11836
11820
993
8157
4035
5580
985
15120
12311
11977
12420
4262
5367
7598
16009
6750
6866
12006
16028
11787
3380
10019
9089
1949
3225
8975
2012
15383
3873
13492
656
4798
3853
4037
4707
15096
14646
1591
6792
10355
4823
9218
1238
13385
16043
2668
9923
9965
8659
6594
8547
7438
2525
12514
5236
12679
1222
4208
13259
791
15313
11037
512
6470
11381
4179
13154
6611
3666
11598
5964
15740
854
1539
15159
2293
4468
2262
5264
4636
13390
15340
161
12397
330
13707
15659
16042
13420
6359
3892
14745
8787
11581
1839
5065
14029
6517
3613
14665
13168
8122
8618
12971
470
10036
11345
1046
13103
2388
12905
7652
4369
14010
14447
10170
1739
6249
811
13297
13059
14814
3343
4608
958
10287
10943
49
11171
4730
171
10490
36
11086
7350
739
1990
3600
10795
16117
9100
14031
11606
753
13091
2819
10722
15505
9832
15721
7096
2663
14348
15274
4531
11060
12853
300
6298
8365
3952
7330
2495
6016
14080
3254
16041
7147
14666
16085
3433
3330
8550
143
5443
13294
9146
13116
8939
12205
358
5532
10053
9412
3167
13380
11970
15742
15363
493
6034
5728
6616
10174
8002
9375
7820
10186
6042
9802
7058
14442
1984
13231
13982
10001
15728
6884
15351
9277
6414
7596
8945
13504
7088
594
9663
15376
10696
6821
8628
5205
1898
8364
9077
9329
875
8966
6834
3704
6224
7071
1873
11547
6147
4121
14861
6333
4713
9361
15178
13452
4412
4880
13493
15261
7999
8016
10641
15582
12400
1102
15663
4672
6367
11638
15532
5726
765
2394
13183
4860
572
10306
3387
12226
14050
8438
15518
14855
7197
5311
1430
10513
2717
13358
2612
10534
262
10069
4858
13416
3729
8597
13921
8441
13499
6165
965
14325
7969
13394
2058
12610
4329
15016
3289
5628
13393
12846
12731
11252
7568
13147
16261
12856
7638
1392
3747
9972
2821
13516
3988
12103
13988
10590
2314
5644
4263
7551
14059
13017
12521
5462
781
10678
13360
16278
6458
3485
9159
9354
15584
5305
2921
1702
5969
8985
11546
176
1402
932
6657
2011
5389
6838
6319
4559
3000
5136
9126
9450
2359
13364
3304
3084
668
15470
11789
14154
11446
3559
12597
2221
13460
14714
12760
14100
2787
10212
949
10761
15689
9393
6052
15246
10702
445
4373
3273
11216
7337
12457
5010
1410
4055
1273
11536
15577
13805
8995
1338
15803
15925
15108
8585
15969
15422
7069
2931
3209
7249
526
12836
3442
2024
14044
10710
6486
832
15620
13217
4253
15837
7855
7090
13351
4534
2219
15531
3439
5328
12578
13751
3964
10432
14
4378
15188
11461
13981
14878
1888
5378
9962
15189
15819
14404
5141
11143
3814
15752
7775
14095
7611
15654
7661
2335
12075
3787
3948
4000
11506
9381
4679
12891
2896
14157
9492
3980
6177
8192
5905
7695
6039
15989
4442
10401
12124
7597
3244
14491
3392
9950
14927
1458
11183
12129
14003
3069
829
2382
7265
12871
13917
2596
13777
6349
9606
6097
4126
7761
870
14049
15216
11925
11878
10088
10837
14181
10789
342
11122
326
10464
2826
13941
5759
7437
7853
8663
7333
6824
1270
14858
8336
14812
2684
558
14236
7374
15630
12298
6488
16040
570
12358
8612
10946
8656
9521
4215
967
13031
9124
11850
6258
9656
5242
15616
13296
6799
6754
15491
7752
11535
7972
15315
12592
16008
2741
4812
3640
11809
2577
12218
11704
2975
11438
7076
9270
7642
13341
11284
3187
6761
15065
1298
2785
8592
7192
13286
155
11783
782
15776
7744
8053
15901
2999
8509
9697
9683
12011
10388
3006
561
6272
15000
9413
5513
2140
13602
502
1560
5392
2423
6728
7111
9086
12152
7883
7803
11564
10048
11094
13174
9404
15922
1482
7112
9339
3132
11545
7421
12940
8862
15060
541
3710
16272
9672
8368
8279
735
14379
14211
4507
5214
13482
12106
14854
9272
803
10536
4799
533
922
12834
2623
11750
2992
4727
9390
13078
10897
13366
482
14697
4115
7444
13990
13934
3381
14798
13052
12574
3144
3484
2542
13764
8822
226
16249
1135
2418
14732
15078
12774
7222
8835
7375
4131
10747
15320
11440
12967
4688
15887
8741
3156
12596
11946
11569
5099
11247
11897
11859
5114
1817
11419
14360
14449
266
8189
4205
1689
7483
13717
5818
10748
7712
6885
13481
6379
14472
12445
10119
6741
8765
6582
3536
13708
12861
8970
9777
3348
2259
238
2506
3034
2250
7852
5975
4604
7620
92
9415
6001
3955
3301
13927
10947
5998
16215
1037
465
12321
1000
14728
8577
773
3978
9168
3173
5015
2057
6207
1119
1297
2287
6153
478
14894
10051
5591
4372
16026
2736
11478
10516
4924
8869
8556
90
15539
6685
297
8454
1889
1580
15356
695
5992
11363
3574
5036
2670
450
430
1773
13307
5954
911
10493
11658
3974
3059
920
4589
8531
8588
3817
4779
2026
5504
1280
4721
3203
12805
6242
10879
15157
4753
3137
7529
15831
3423
14677
5129
14108
15664
7798
9000
12719
12923
10046
7462
16144
3792
4409
3782
12247
2580
8953
1388
8916
6959
10952
8504
12939
10482
9454
10441
2272
10068
115
2629
5100
6047
14733
4532
185
6664
14619
308
900
11625
13956
5893
13793
15271
16111
6100
12770
12843
13381
13337
8360
11074
3340
6312
9820
5237
14802
11396
9133
12095
15286
15125
14280
15488
15653
8226
14274
5154
9340
11454
4501
8139
13950
2864
1503
7260
6874
3506
950
12779
605
15886
853
7018
5564
16329
11582
9677
13674
8893
15236
15792
3870
10917
353
11221
712
13616
8614
5227
12581
16260
7519
11617
9618
12040
8021
1214
13121
13548
4498
11962
13291
7067
806
4663
3819
10000
874
5621
8602
6287
2548
11418
3802
13272
12168
177
13195
4942
8566
7525
2870
12175
8829
7189
15847
10311
8824
12929
10622
752
4951
15553
10131
10222
11992
15521
1856
13638
3375
8568
14629
2979
11132
11164
10913
5548
15790
14961
5058
1141
14422
14955
2875
5004
10153
506
12607
8683
5060
1977
2386
11080
3777
1818
13319
7210
10572
5377
5482
6449
10985
8691
4781
16058
8537
16080
3420
2835
8107
13991
9565
7600
8323
7295
163
8038
11195
13605
8106
16328
469
9705
3774
13150
14494
14703
1428
8889
2369
7475
3501
6387
12976
9137
2251
13160
14342
13631
15667
3810
14627
15867
15992
10525
13994
3139
3492
13652
8748
2837
6371
4667
2415
8276
3530
7671
15066
6262
9242
2964
15170
6002
3305
16352
11754
13675
2481
5200
46
6068
9071
8109
7808
3308
125
16312
12501
16003
11736
13868
8099
2574
12359
4311
2949
13283
14175
9164
12616
1491
4757
15902
12395
9217
7054
6167
12659
3341
9549
4434
10288
11590
10063
13522
702
8914
15287
9945
935
13075
7405
8823
8749
4349
13145
4220
13197
1279
776
16013
11739
8851
15483
14788
10052
12790
13245
4122
4258
11002
5465
16339
13906
10034
16162
4049
9562
11220
5354
11234
5703
4286
14995
3261
12622
13398
742
14378
13590
11579
12543
12225
8604
13779
13026
7115
4125
7672
3260
15129
15032
5105
4911
1267
4733
11550
11153
16194
6565
14874
6033
10039
1830
15331
6646
1067
10005
14215
3612
783
7918
6495
2486
8351
3356
8812
1113
877
3188
9072
97
2457
5376
5528
12121
15935
15251
13248
16164
11231
12653
689
14061
7657
15599
7233
2292
2927
12767
10299
14148
560
4149
3007
7163
11393
1724
8552
12949
3328
9649
8412
11044
7161
6962
13529
15279
14033
4144
13406
2971
2723
13122
3659
2487
4213
3975
8620
963
7796
9863
14350
13035
15916
4994
9610
8831
8455
9544
6902
8950
14260
11294
12629
16289
15133
3236
14214
2379
5587
7158
14139
15042
16192
14302
6240
16101
6425
5468
12730
5744
7193
12068
10423
1371
14359
10593
5752
4050
12199
2788
1023
10526
4935
4133
2858
11813
562
15077
2554
264
11126
3922
8308
13662
7706
16248
69
13557
63
12816
9171
10244
7146
9283
6123
3228
5312
579
3815
497
7687
12927
14296
16234
2709
1219
10609
11371
4068
7605
943
6024
2689
1997
13182
2295
1473
738
14401
1939
3746
8661
9914
4892
5660
14731
10430
10250
2547
1227
11639
5404
10176
2836
1234
11104
10686
10910
14647
4308
6775
10280
10141
16035
9835
1532
12634
12763
6229
1748
1892
5412
12201
12163
9911
9363
2676
6533
6264
2420
13464
10661
10272
8339
818
8431
2001
14782
11215
1745
130
5991
8184
9398
16170
8141
15161
11424
5699
289
6250
13241
15536
2662
6451
1072
8437
1299
10894
5447
12649
3754
12229
11916
6012
15618
5503
3728
733
14705
11995
13741
4841
5794
8198
1105
7948
1294
7279
649
5502
3138
11771
9446
11960
6422
16148
960
11633
3013
1561
3716
11568
10752
11847
9577
10251
12888
13475
640
12778
14985
4216
8855
13709
3903
7410
5475
7927
2618
16167
10867
11198
9600
9012
14674
11735
6253
894
15253
6768
10896
13302
10791
1967
12428
13624
13425
416
13289
888
2267
12120
3587
14197
5394
12726
4400
7356
636
2464
13114
12138
3297
14816
8726
14695
13949
10687
9670
9476
15284
3319
2865
4755
902
9194
15034
4129
7924
12562
13973
11648
5927
6786
12398
12878
9198
1346
11990
4690
1759
11407
13733
11577
8242
14737
15669
16125
15420
5184
15657
5252
228
7128
11607
14756
8686
7455
6955
13517
16160
5859
15645
6376
10262
10808
15956
8858
3966
5522
16048
6120
7937
5067
8269
5352
5685
8019
5631
10168
15231
4025
15353
10406
4968
15075
4884
5391
14805
8444
9607
6028
15840
3914
12486
6475
15609
13678
2725
12084
99
10216
914
12320
1886
13964
8635
7683
3272
10587
9695
15866
341
4963
6719
10360
9374
12532
3743
9935
12423
14272
11823
5922
60
3665
8629
11703
10597
15028
6796
7150
8352
2926
3123
7038
2104
5152
7285
9971
8264
4059
8703
14218
10344
15431
13795
12991
9234
15543
236
15656
4789
5231
14407
1252
1240
12375
2135
9760
2076
12968
7677
3599
11767
10600
1866
13472
11042
14300
1180
13604
15443
7403
2368
1969
1061
2895
15771
9938
7621
6169
3661
7086
10471
11476
9622
2962
6171
8649
7211
11866
9866
5925
4127
3618
12547
11585
1303
628
8525
15899
11565
4623
13713
3266
4920
248
15512
4978
10544
9427
5987
4446
11483
16294
721
6694
15722
4358
14164
2462
16180
12074
13173
9908
11803
9227
11491
2669
15738
2873
4834
9161
1538
9343
11835
6626
16351
4517
7316
4570
12254
5249
9494
11280
3456
3222
7747
13260
3874
5134
9902
1708
10410
2458
6757
2541
11570
7200
3437
15140
593
12928
7208
10589
10331
15273
13048
16068
9862
11591
3825
2127
5890
2166
1418
2048
8828
9918
3923
7795
12215
13006
5045
1351
100
7790
15048
7213
7851
6889
5017
951
5809
424
3619
4819
1618
7631
3354
10919
6849
5449
3631
8429
15499
4947
4270
10106
5495
14704
9645
16240
9506
14370
14083
489
15725
7968
7456
4648
4388
12008
7170
12200
1712
12741
11693
14775
14724
13439
5071
11035
4851
411
1701
14946
8009
5692
9447
3712
6447
4744
10969
2164
6865
11709
10802
3760
12355
15843
11181
9942
4966
569
10500
12143
16087
12508
15678
1515
4178
1004
15926
5420
6549
12647
8391
7716
8526
13264
8447
6419
11683
10801
9576
9037
5673
7489
792
16189
11753
9462
6654
4339
14233
3177
12766
9023
6195
9964
2555
8837
4527
13612
8712
2109
3178
10871
13937
310
3190
10435
6084
14277
7151
13227
15319
6206
2627
7068
8078
13524
9898
11963
78
2882
12442
3727
1323
14836
2433
388
5189
15526
4743
6273
4650
5627
13858
13680
12775
4827
13179
7224
13977
3232
12568
15051
16238
13936
7073
1694
9661
5577
11135
7810
7496
9876
14717
11934
7416
3207
8527
10361
175
4923
1567
4956
8350
10375
190
1304
4903
10142
6552
5493
634
2822
11669
7057
3394
12803
9759
9387
12449
12186
13749
7228
5322
5935
11207
14786
1300
8625
15936
11950
704
10855
12977
10330
98
3544
12866
1709
13338
2810
1520
12290
4368
6119
1552
2365
9791
1631
13262
2854
15019
311
372
4548
4341
15529
10071
5332
12896
11382
14945
15148
3880
13386
4732
1617
13910
10221
12611
11504
11567
14541
5053
8033
11871
12214
6627
2094
11115
5044
13325
4704
4456
12706
15921
5785
11485
6150
6870
8674
6740
199
11521
6763
1619
6789
7187
4784
9579
7628
12434
6802
12792
8249
12478
1642
13601
14722
5535
10397
7655
8134
15782
9893
940
6328
12334
10208
5603
5509
9031
13461
15339
4988
11361
367
5986
1021
15680
6170
13983
2780
10116
13027
3422
87
4581
8221
13752
8200
11243
3221
13503
9839
583
10530
10948
13089
2876
12717
13791
170
12178
5982
3997
2353
12946
2484
14933
12953
9293
14896
14930
1716
5786
3891
11410
2381
9396
14899
10839
13445
2946
8035
14334
7362
13437
2428
13587
4634
14425
4652
15200
4681
1198
6385
11884
4360
3896
5885
14244
11513
2158
8694
10238
8013
9511
11388
665
1420
8483
12950
6891
3645
4249
2286
9940
582
10840
8911
14377
7148
13342
5435
4293
5560
9379
2589
11157
9531
4818
2288
15568
15756
11645
12618
6912
1448
2638
13236
16295
299
13900
8887
11629
167
3951
3245
6898
12519
1213
12736
7377
576
12771
12004
7520
3205
75
14011
10921
6726
6923
11587
11099
6653
9156
331
15550
6144
4143
513
4128
4711
13374
6961
15136
13562
270
626
2301
15455
666
2028
6966
10607
5912
12202
414
292
16104
1328
4714
1891
4574
6702
5220
8591
2144
987
4474
10663
6858
10962
6832
519
6518
14604
7774
8014
1629
12831
3971
12
8374
12042
110
1099
10240
11031
6286
5023
552
12528
12881
13792
1588
340
145
14180
11743
10974
12092
4266
15649
12220
5047
5944
10073
13518
2408
312
9357
14433
15490
5440
11219
6929
4462
13561
16191
3344
6589
14502
8598
3591
4224
6008
8288
790
12265
1498
2065
14331
15352
3080
4471
10826
1684
2862
4571
14594
1784
5664
10417
15662
2194
12901
4886
13803
2869
8281
15424
2488
3539
12748
7031
7239
14822
6769
15597
9142
8312
5872
14734
16343
12689
13042
2083
11773
10764
6868
9864
2210
14178
14212
663
2543
5032
5826
14381
6875
6778
13041
703
14687
11901
8737
10719
12637
14294
34
4119
14839
15300
14431
15984
158
13234
12235
1731
9057
4271
719
11397
7724
10930
5098
4982
13285
11150
12677
14596
194
12539
15156
11849
9550
9812
13812
855
16296
14039
11445
4792
5581
13970
13874
7843
1218
4091
15326
15619
2298
4959
6334
5027
6188
2912
4098
4385
12063
3667
1831
2790
2474
10670
3651
2160
12212
14008
7315
10325
7863
15590
10133
3531
9350
2828
157
14827
12030
12745
4801
4883
3316
7201
5792
13474
8540
15186
7977
13220
731
3464
3838
6442
8919
9317
7908
4309
11597
10846
10197
11065
873
1770
15153
15888
4227
4024
7647
4772
2929
5147
9699
13770
15643
10366
2677
14000
16175
12498
2444
13387
14539
9690
683
11429
8521
12840
10064
2923
12849
2383
5882
10809
10253
7280
9631
1742
4689
11459
7126
750
1959
3562
9919
5778
8213
500
13869
5655
6427
15029
9553
9020
2276
4541
10649
16241
9489
6941
291
13115
677
11204
4785
13734
4712
11728
14993
10098
4392
10474
3102
14996
1187
3397
9646
1379
14606
5111
6453
7245
11920
10335
8931
11487
618
5419
9750
8820
8617
7453
15399
9144
8877
14443
8228
8255
4576
9819
15672
629
6691
7859
13623
3805
11915
10685
7860
13926
9474
5848
4885
14673
16000
4155
12340
2243
4092
11088
538
14548
390
3009
449
8247
12187
10646
15852
2575
323
3335
7254
12217
10728
13049
11632
6125
6982
14203
2032
12470
9582
5863
7518
7432
10146
13539
3953
16365
13226
6989
2289
2503
12624
8784
2913
12458
5315
14195
13553
14842
10657
7648
11650
3493
10984
14633
2968
2781
15562
4971
10013
13695
5663
10291
11331
1771
15454
12058
9991
15676
2312
7117
2942
801
15693
15458
13229
3352
14618
2877
6132
13909
2304
13450
13997
12367
1612
5365
3412
5799
7412
94
10893
4241
1098
8854
5079
1587
14768
10162
14984
15748
9291
13045
8413
124
15480
7696
13369
13505
6806
5946
4406
8536
15716
6958
8392
80
15114
5143
4015
12476
6871
9128
4181
7782
9401
3054
13072
8193
2054
15130
10246
11298
6138
11431
9365
12257
5669
2174
13992
8865
14669
6911
15035
6291
2078
5374
5104
5175
4135
4323
12994
6514
83
12630
16245
14045
9279
3841
10281
4236
8600
6698
2674
7081
12329
5056
11178
7320
16344
9748
8315
8627
12807
14163
377
12838
534
15197
357
10352
2043
1559
4934
11034
2033
11227
13198
10286
893
93
10494
8275
7064
869
1157
15791
10079
9463
2557
462
5235
3911
3268
3582
12141
4370
10024
4492
7824
1170
601
13784
3361
9592
7735
15201
4062
714
908
2407
3593
11486
2469
3800
5851
7107
3538
3840
5563
1616
7234
9382
1586
12347
6545
11101
8238
3014
9046
10810
6738
8532
2442
14923
7300
13833
12809
6511
9167
2483
10900
10545
9080
9754
13851
9900
10391
11017
13333
15384
8215
1049
8906
11087
2232
1411
7185
4619
11621
6423
612
7926
8384
14017
14047
8707
2777
9880
9458
11162
12328
14972
13560
11663
16356
3963
10805
9598
6795
8112
592
7136
14981
14389
15763
8912
14450
15534
730
6260
14309
8188
556
13703
11095
2182
7769
8751
9448
5013
1564
11882
11723
15268
12682
14526
7903
4605
11827
9214
9710
8366
11041
11200
12407
11720
7956
12325
11097
12010
9022
3509
3671
10089
11160
1827
5819
13155
11008
12177
14486
6021
14071
8399
8400
802
14492
10926
6187
11170
5497
14862
16345
11398
1842
3627
3696
934
7916
5686
14741
6257
9718
13190
4057
7014
7603
14624
9177
3376
15795
11935
3036
9108
10100
3382
1305
14200
6896
15502
425
5204
16093
14706
15809
3628
4367
15687
1723
3480
3075
1058
10660
14266
8785
14400
7445
14784
174
14365
9410
1653
4826
15639
2641
3415
1122
13798
10047
3823
6547
7442
14115
12982
12061
9805
15968
3120
11664
3166
9403
6051
8403
6718
10137
11923
14490
14529
8716
10091
2337
15071
3768
10528
3321
4502
2171
16033
5334
7849
2157
272
15544
12049
8419
7487
6421
13515
3024
5155
2115
3577
1286
15254
5887
3239
10854
495
12506
13913
6917
10983
26
6411
11108
5674
10003
4312
3691
9554
3594
13566
15726
359
4980
4041
9591
5439
8888
516
3602
11036
4095
4816
11360
9436
14591
14430
2507
691
10374
9136
16197
2327
3274
10008
10194
5451
11942
5397
7756
606
6156
2898
10737
14001
14593
1030
679
7167
4017
2092
3679
10838
11945
5346
8166
10504
2637
10289
58
1860
14356
15375
13323
15640
3514
15404
1911
7016
14019
6918
136
5257
7670
3196
15603
4389
13003
13944
10662
7251
11651
13811
3072
12391
9796
5948
14943
203
1306
16005
439
3856
8800
9981
7721
15121
3516
2290
865
15026
577
3291
10924
16209
15135
5274
6080
3317
5806
245
5084
4315
3770
6311
8120
2872
4207
8030
15299
7885
15784
1548
2961
13478
14678
6758
11213
1425
11306
962
12065
15789
1982
4915
14026
2691
4643
3408
15495
11830
15416
1922
7552
2030
14493
8603
1941
9117
11479
9823
8662
8010
5398
6591
15510
9924
16159
8780
4387
4073
2648
6987
5371
1354
3620
6462
13948
898
13547
1961
13376
13165
622
7921
1554
9007
14153
11425
2282
8937
12654
14500
8018
15973
14948
946
6665
4705
16036
10819
13251
14078
8960
6364
7364
13421
12524
11292
7400
4294
10626
13676
16014
7480
4640
13265
15874
6683
4597
7020
15224
10084
9671
5275
249
5299
755
15343
15914
8144
529
12487
15476
15145
2370
10248
5176
471
14910
12170
13273
15959
8763
10689
10860
3257
2273
3867
3592
7383
9074
546
7862
8667
14104
4723
13117
10643
16134
229
14089
4248
16046
14025
14074
8729
7891
10856
12066
3771
11863
7478
7259
2991
11245
13483
10735
10955
13403
2009
3859
2317
1914
4638
7130
5344
6895
10784
8601
5780
2940
14128
15205
14792
15723
2817
590
6057
11573
14388
8161
3076
12575
9013
2899
10721
6315
5518
12613
12765
5620
5544
5498
15222
2952
3989
5894
13148
522
12464
3428
10862
15788
14959
897
6877
56
1994
14507
8767
14207
11477
8067
2704
14958
2699
5891
13298
12123
7032
1973
16373
4577
23
15314
14147
15206
12071
9011
15761
16348
2149
10379
12099
11
12401
7347
9135
2489
5572
14167
16205
16052
10156
2608
3832
8581
3396
13025
3255
11991
11953
6317
9411
13095
9881
12534
2036
10669
557
6759
7560
3322
824
13745
10283
11765
11007
699
14921
427
12365
6933
15623
12963
7331
5034
1092
13415
10906
6252
15020
7505
12707
9246
12606
14850
9809
12376
4109
1769
3488
7229
1188
2091
7985
5484
15057
10579
6904
13694
3455
9150
9682
8886
5574
1953
349
215
7129
12787
2609
11908
8665
10252
1884
5797
4383
9186
8420
10666
5292
7219
849
7538
10770
204
11523
3641
4414
13576
3168
15600
13681
435
5207
10398
12371
12094
2733
2209
164
9612
9996
6540
7271
14605
8979
4516
10057
6581
4088
13348
1361
10965
11612
12051
4499
6212
12614
14975
1349
9783
4169
5091
9920
2485
12033
6705
2229
10037
15400
812
2244
9235
13706
11539
3052
4211
15151
7755
15368
8762
7870
10586
9286
847
11320
3195
9629
756
3549
5218
14536
9311
15996
16284
6031
3303
8297
6662
7674
11046
5423
9345
13412
4854
9790
11405
43
10612
3402
4165
1493
9252
13762
4962
5159
3500
2706
8170
6894
1190
1163
3690
9852
13969
2838
10746
3790
4955
8260
12454
1184
1881
12605
8915
1050
8270
7100
5810
12914
7992
12591
4846
11024
12272
2696
14640
13162
5070
15854
1296
14616
4148
5667
10350
6300
7050
15694
12916
4267
4888
8040
4480
4301
7623
11729
11706
9567
11652
5834
7699
9659
11940
117
1996
6230
6522
5749
7083
14537
2960
10833
2518
14942
15038
13575
9239
15276
697
6485
8652
10023
11993
9397
11196
7089
5704
14773
3658
4987
2584
12656
15881
11417
2630
6092
7841
7439
16372
4110
10483
8389
5417
2227
717
13536
3145
9512
14264
12001
5840
1475
12221
10503
6197
11353
2740
11610
8616
6710
7586
14142
9726
7125
12855
2558
2073
11762
2519
1275
8008
2233
6331
12316
7845
16311
7040
11498
5772
1796
12073
343
14960
10427
12164
8326
7588
3684
15707
9721
2347
7741
15372
3765
11831
3454
10881
11848
10303
16355
16108
15933
6820
11516
3032
8344
13479
8345
1450
2154
4192
5029
123
13577
11352
14691
14751
9486
14372
4465
9430
12912
5418
9421
6420
11782
2329
16297
14322
9073
15430
4306
13002
1076
4844
5997
11763
15913
7103
10328
9869
12697
2097
5158
14258
6025
6634
10933
13679
7108
14612
1936
9041
10187
9734
15311
16004
12303
8852
661
6973
11124
9030
8224
15827
2367
4177
483
338
7313
5783
886
132
3159
9087
12627
7804
11163
9402
1342
9049
15388
2842
12573
6737
10396
14625
9021
2776
6478
6472
2666
1457
12070
1497
11975
12983
1008
5933
14887
14303
9069
8328
8868
11842
12356
10204
16264
13824
409
11538
1620
13633
5240
15346
7402
5489
13978
15471
10104
11892
5507
412
15917
13473
5614
8528
173
4288
5131
4319
16060
5213
13905
5677
15765
1094
16135
9858
1489
15364
841
7693
3939
11937
14262
6232
3282
4709
16050
5425
5741
6913
2220
10443
11315
11188
15481
5881
6801
8999
9639
12833
2466
8357
11749
6164
8322
5844
11015
5282
10959
6064
4016
15484
11269
794
5137
7532
3720
8169
4355
3211
3109
13606
1824
9044
5813
10625
12188
1322
9327
14375
6735
948
8414
8376
13136
3740
13573
3307
4606
7575
9468
2789
3320
11308
1230
3507
11156
4995
3411
2235
5524
9485
10050
12052
10054
12999
5135
1209
5886
10944
2195
8470
6434
4346
3306
5743
11439
1048
11090
1259
6507
8131
9241
12096
4175
5006
8636
3487
3860
5533
7290
3269
4598
10070
9675
786
15475
10767
14060
8487
2933
5789
14962
2844
1151
3938
15255
1668
13543
5557
8609
988
4137
7726
8702
15876
3960
12858
12872
14488
5353
8478
15745
9787
5666
3977
9795
8720
16308
3885
14053
3772
5650
2727
9414
3131
3630
3876
1096
8750
13815
1460
11786
3972
10196
8265
12924
10378
7606
10779
6294
1635
4268
8341
14234
7178
4849
11130
260
13426
13263
5682
15647
9079
116
4697
295
2377
7306
5094
14970
12839
2795
7746
12135
11458
9001
7886
15767
13523
9067
9755
9963
2184
10017
8148
8348
16031
15031
817
10843
2909
3694
15818
5145
15787
8896
10575
1985
10560
15978
1332
12038
3731
9623
11983
14009
2141
3088
1840
2615
2941
9619
6613
9968
10385
8486
15638
7479
14886
3725
8551
5052
10543
9966
13151
14567
8361
5424
8119
10213
10859
15104
13009
2701
12418
15574
8181
8044
12207
9818
7041
12227
7298
10372
8840
10891
11313
1965
13739
6246
4795
11014
7474
14693
7920
13046
1934
5966
14187
14884
3103
10511
8252
4225
9229
5324
10090
1509
944
182
12551
9360
10672
13343
1010
12660
11009
5000
1530
2
8417
3560
12806
13904
2198
5436
5719
13102
1373
14652
12951
5869
14199
421
8206
12648
1221
1507
10892
12925
5437
9525
7766
2309
5876
2754
2461
13664
7866
9245
15720
7510
7473
14757
11881
8847
6948
13755
13783
12140
11217
14585
7191
14675
11288
7715
6215
10338
2930
1764
10420
3654
8195
7909
1814
1670
7893
14306
10109
11511
6854
6503
10487
12863
15269
7321
6925
6198
857
2818
10309
4197
10478
11302
12711
16282
1785
6928
10845
14410
4919
5210
5414
8833
8029
10931
8101
1053
12989
3270
13411
11203
10171
2071
6715
8359
4052
4528
13661
11052
8709
3695
13669
11682
11197
12228
48
11236
7571
5140
8072
9459
11291
5776
14642
15928
5387
15934
9367
15651
12686
8563
7075
7000
2056
4897
11630
1584
9034
1071
1569
15083
3338
1651
1562
11759
3438
14983
3565
5691
8411
10336
6618
9729
15181
14324
10958
12936
7062
15013
4628
14151
10502
12377
10932
7172
12232
7232
12488
10460
7220
15496
14750
16285
11307
8383
10712
11912
4195
8023
8036
14183
2636
12503
269
13670
13775
6399
2499
13119
13901
423
5521
554
15256
7498
16210
6777
6149
2972
12243
3359
9772
15371
5854
134
7546
3567
9756
600
6921
10129
15293
14762
9132
12450
4333
2467
2707
4337
12735
15258
7531
2915
9426
12386
10127
11327
15366
9493
434
11599
8790
4486
8055
7469
12673
10021
16230
4011
5108
5297
6800
7309
15868
11642
15350
2397
1647
15596
11475
8757
1447
10793
5302
1055
10192
2205
3452
2264
13654
9758
1211
11608
7635
608
12814
929
6083
11527
693
7500
9556
2798
5266
7434
1363
7833
6301
15199
8974
7494
4794
14881
8149
1570
11054
2644
13395
14016
5331
6574
973
5064
8700
3444
1476
5043
13024
9267
7974
5751
12348
15064
15571
10507
3495
15465
11727
4630
4820
5838
2038
9865
6839
14543
9101
8163
14834
15690
13252
10652
15260
3481
5836
15184
6162
14273
7834
3598
15211
7098
12053
5508
4974
5846
11678
4838
3933
2283
11496
5083
3339
14221
5716
491
6035
156
1487
7429
5330
5402
12712
14314
14795
12724
6658
11318
10899
13496
3087
14917
14070
4645
13077
3140
14999
5864
883
15517
7694
6118
2766
13414
5541
14052
3463
9856
8061
1904
14935
8256
11510
2614
7354
11010
6703
10968
8535
15976
8730
8507
1931
7273
13813
5286
1308
1173
7801
4969
8187
662
2601
15270
13281
1145
6984
12830
6534
711
1900
2468
2330
15007
10858
9433
8277
12447
5569
4219
7078
3116
7066
16374
15477
10078
9484
10755
16142
2000
59
9386
14721
13050
9508
7277
4538
15333
10413
8631
9834
976
7901
5459
7988
660
14326
12957
13494
8725
13854
8519
13659
11955
4150
3637
12783
4322
7039
10923
8809
1
3390
7938
6952
15183
11249
5038
2422
3496
1928
13058
10072
6969
14820
11662
15265
3786
4832
325
10219
1946
2829
14364
7619
11609
2328
2845
6619
9170
103
7415
10392
10512
7409
14040
566
4345
1607
5770
9536
2183
8034
251
16002
15506
4865
7646
5260
4459
8505
9948
16092
8856
2928
1855
10437
1782
8091
10558
9140
10185
14225
4850
16097
3581
8579
10769
10367
10796
11426
7449
5151
14631
14613
4866
9815
9897
2813
14744
11021
13331
13104
15524
4072
13242
5077
5730
9634
11456
5767
1726
14977
7173
6288
1762
212
12037
7962
15602
15185
8892
16140
2088
3668
7922
15998
16151
1414
2694
13535
4992
5814
13701
12541
12438
1655
2692
5232
12415
4116
3027
12854
14427
276
2924
4550
6811
7472
2767
14779
2162
10987
9104
7553
14209
9461
14840
3563
11368
198
8418
485
10094
14873
322
258
7941
9042
15457
9826
1746
14176
7011
10044
15631
1459
11151
13718
13698
440
12104
2939
14125
7332
15043
7133
4138
12481
13634
14848
57
15705
13111
10077
7124
11079
2891
3795
627
144
3576
13787
14421
2809
14402
15977
9119
1429
15088
10803
10911
10453
5342
4342
2416
2500
5057
11214
14868
6184
10993
5382
11887
12195
3074
11193
823
2679
4599
2752
6772
11558
8287
5212
2672
12148
11075
13818
4857
11326
10294
9139
4624
1665
1682
2985
6409
14165
13447
9152
5596
5492
4160
10566
505
1376
9116
6308
11620
9546
11276
14251
3756
7739
9437
12022
8295
2465
5642
6559
428
13617
9931
15390
14949
14978
9752
16360
7288
14458
85
8901
2501
10279
5106
2570
11003
11659
14081
12992
9406
2617
9853
8098
348
9263
12604
10763
2384
1636
15219
7459
2974
5239
17
2958
7114
4328
2390
2331
7954
11442
7762
12134
13200
7933
5337
6408
12897
14765
464
8186
1009
4569
6561
5390
2544
2361
10581
12732
12608
11752
64
11997
6085
6005
16154
14558
6235
16044
11364
12947
3434
7275
13277
12394
13929
1525
11745
10389
2850
15952
1383
8904
7865
6209
14134
12331
3449
11655
7046
7116
6575
10852
3625
9384
885
11341
1643
10305
14394
12406
6701
4479
6721
4199
1152
6508
1590
6352
16063
13541
3991
3735
7850
4265
10206
906
479
7987
613
14103
9324
9684
6647
9520
6679
9779
5612
12067
13261
10462
3985
2861
7318
10128
6687
9709
1335
1016
8928
6717
3890
799
13057
11030
11176
4593
13118
15523
1948
4376
1080
13133
8692
10205
12330
1632
13985
917
7869
12117
11907
15673
10067
12167
6375
778
767
14042
5438
9157
8924
13352
9155
4282
453
5653
11416
1191
4907
84
7486
5525
10916
10741
12441
10376
12147
15282
4463
11481
10143
1307
14391
4618
12576
11791
10998
5756
4639
3773
1734
7204
10436
5383
5634
1699
12952
6516
5595
11822
11770
14973
8325
13687
7961
13344
4493
12384
527
6823
1943
13519
11927
4977
209
998
6402
16273
4475
5824
10659
4418
2303
13510
2739
7713
1589
10918
14689
14328
13237
9641
1749
14476
11468
8590
8761
1572
6716
5841
13520
10313
3969
160
2537
4245
3546
16122
2831
7188
234
8070
13056
8909
4665
11209
9928
11602
14204
2356
10215
3155
6981
2101
1344
6050
10582
15545
11624
8814
3230
12678
73
6498
14545
15084
9330
3872
9771
1867
15957
11186
16201
9098
4912
7772
4354
12848
15842
10563
147
3342
13458
15208
915
3073
7132
6181
13278
1544
5415
14075
12263
3999
6023
11389
7914
12026
2973
5313
6278
4023
4786
14681
8047
11512
14368
4617
179
907
15972
8955
12077
6133
3526
12268
10085
7778
13802
1352
3956
10368
3543
4791
8116
1909
8137
8230
10434
16086
4878
2449
3548
10774
12261
9232
14073
219
15668
10821
1078
2471
10727
16269
2176
2956
4600
5750
8108
12620
1183
15225
10765
8798
2324
9776
7264
3067
13768
15435
7223
13693
9315
4939
1174
6794
8227
6674
13123
10363
2133
3043
15396
9180
4147
15068
6066
122
1133
12526
939
10743
5873
10495
664
3706
8324
1065
5360
5547
2131
2039
15754
8651
13293
385
10542
7925
12090
5025
10154
5421
3672
7544
4671
13525
14249
15500
6541
14583
11534
7241
14064
6893
6869
5088
4428
7794
5470
278
4957
16324
10354
15117
13621
463
5
13318
13202
4395
9621
4941
13574
10111
16266
12287
6699
15533
7627
5961
681
8759
1641
10492
6852
14789
7102
13551
3350
3360
7363
10988
14900
9678
15217
15235
15167
5899
3834
3374
1733
2650
4476
5914
8426
10537
8003
12626
7048
4350
4607
224
13269
10380
1870
7966
7221
9846
6504
14829
6306
3663
7749
153
4226
9207
5721
4655
2716
8718
7450
7237
3505
1181
10018
13558
4718
11932
7997
2655
12738
13191
10011
1434
8082
4592
13053
961
3283
9129
12246
9336
11084
2163
1526
9887
7528
15557
13658
14969
15797
1596
12116
6261
6530
1212
8681
12344
4026
9733
6236
13857
3334
2874
5717
8406
3217
12174
4278
5984
14312
237
7582
2066
6062
15885
7773
3378
7783
9768
12480
15855
5915
1093
6695
4840
3409
16306
843
1542
762
6833
10237
9603
9053
3092
9543
4702
4394
4284
9849
8695
4808
6109
7391
10266
205
9602
1062
13608
11721
16025
15389
9595
13090
15570
1666
1518
8466
4736
9547
13456
5127
1683
10140
15359
5197
4540
1755
1883
2603
6430
11408
14439
2010
6812
10257
4108
5897
8977
3523
14626
7323
4622
2398
2114
1372
13422
15632
6299
11136
2690
12237
6804
6309
6755
9939
15248
5224
10301
8795
15779
3781
11076
11334
14598
9307
8056
1989
9628
2700
6684
3114
242
14351
12572
734
5272
11868
5976
16022
3655
13172
7262
1199
931
2203
6241
2901
5340
13485
14145
5884
13894
15891
12153
9883
10029
13132
6991
3486
9473
6867
3900
9825
11978
8127
15780
1347
9445
2769
10548
774
652
4295
1598
12156
1551
14648
10457
14205
14771
8460
13370
1426
2833
6815
1737
1776
11948
10321
12404
10999
7816
14408
11551
14867
9090
11300
1277
15362
8542
14344
7890
13774
14770
9388
13730
3998
14914
12869
2734
10650
14670
8595
4596
6072
8871
8978
13127
10514
14755
5724
13667
15970
14563
139
166
14659
11053
13861
7471
11615
7368
13015
7425
8254
9993
11380
7806
11757
13176
7257
4731
3936
15027
5119
11685
2703
1403
1751
5427
6234
6004
740
7408
4852
10394
10773
9872
4034
3055
4579
14173
4560
15712
12926
2905
7278
6003
12427
10567
14385
317
14811
530
5880
6270
11055
10065
13628
8853
9265
8039
6336
9269
9088
10677
5643
1484
1600
11838
1396
6828
9889
9141
9424
13149
13508
7989
14597
2477
10112
6882
2497
14406
12801
2004
3608
5926
15677
2412
13012
4657
14487
15112
4972
1355
8559
1816
12283
852
2151
6879
1844
4637
6431
7184
8190
3908
8248
5729
3498
1505
3871
5375
10616
5672
9266
11261
8246
11141
11045
3685
2590
588
5333
9264
7558
1312
16049
6825
14332
10121
15610
12056
10979
1671
1143
6892
15132
11808
4435
4348
15924
2271
4916
14311
3529
10760
8740
12475
392
6247
8244
14054
7964
12327
3718
12086
487
10467
3584
14831
14432
1111
11113
9747
10342
13311
830
13980
11256
12584
5571
10771
12510
814
6480
15701
8710
13790
1667
12145
913
10026
10785
8957
8929
9934
5195
4010
1798
619
3804
11118
11266
10364
5936
3633
13288
12304
4830
11314
15266
5722
13971
14092
6678
1613
15395
4353
8280
14131
11120
16309
15010
2721
3611
6524
3333
7703
6022
14931
11604
15717
5917
2823
14317
3878
1001
12729
6155
13892
13232
14275
16081
6905
12661
12279
5349
7436
16100
10972
11187
4551
8077
13354
3176
13618
10799
12913
16203
1492
8041
11744
3680
13010
2047
11262
2111
2889
12284
11319
1800
16292
5520
13691
257
6134
15555
13142
14637
4495
11860
7384
13368
11359
10644
13829
6620
674
1916
10118
6744
10125
14781
10656
1978
1858
10540
16317
9691
5707
13972
4255
12536
1196
10683
13243
9585
7252
5329
13545
10704
8589
16377
3071
15560
763
1421
6361
9904
3958
7003
8510
6762
3018
12323
10373
4914
8752
14170
15864
7440
1652
7385
10811
7140
8448
12101
6121
3418
1972
11670
882
7269
8482
881
11348
14159
4926
10835
1097
6669
12181
12675
868
9665
11100
8673
12193
3472
16322
2360
7074
6551
13097
9441
14320
5696
4481
16226
2186
4054
15425
12910
490
16305
10012
3862
11016
7072
3926
5971
467
2565
1316
14423
8462
15931
12586
2372
15437
15307
15126
13595
3249
10473
4497
15774
9668
4183
9377
2743
7960
12422
11837
7137
1393
6394
1603
2099
3635
6587
4019
11268
11888
68
14155
4728
5211
2401
14206
9002
14549
284
15168
8493
1014
11891
11038
11552
10701
8499
11594
1077
13135
12595
12938
3583
1320
15367
329
12667
4051
4283
8064
14872
1630
10402
4180
7258
15861
2213
8801
8473
12851
3636
10488
2820
4206
8622
6585
678
7632
8756
16147
12275
14041
10409
51
6652
9557
10144
14485
12289
13438
2732
9912
15487
1974
2957
15302
11944
2726
9438
8203
374
14986
16168
9614
6106
6189
9337
4022
11131
3596
7549
7640
8996
11894
8512
14454
15950
10083
1255
2068
12379
13495
3078
4410
11518
3045
13038
268
15904
8500
15733
12309
7153
14965
15474
13391
5002
10723
16015
8159
15100
1874
7317
658
12789
7289
4990
2697
8309
5073
7452
11537
2437
12000
16067
12477
13808
6174
13161
648
4669
13110
1247
10824
4716
12137
9885
8011
2085
11057
14354
8786
13290
12589
11148
1138
13721
15334
13101
6048
14477
6238
7482
4699
16143
6523
6201
7536
1761
1249
8380
4748
2527
454
5693
2074
5146
7827
3089
15595
12412
6829
7256
11338
7091
565
828
12333
9457
7065
13622
8049
13839
6327
779
14672
12737
15466
5351
3762
7616
3473
981
8783
9416
13767
15210
14114
14429
13189
8799
2549
6040
15327
4237
3370
2851
15149
6520
12362
8358
1140
4292
3161
2591
5336
1706
10387
16243
7205
13583
5321
7610
7738
16018
11449
11228
8302
11969
13196
11576
2222
3700
16340
5485
14383
7501
980
9980
11563
5710
7036
16200
8268
11465
15569
7135
14021
13699
4038
2237
1069
4998
13849
5800
9400
8711
7792
7547
2306
837
8739
16242
3110
16302
6426
13806
7607
3845
4188
645
1045
9694
13589
6596
1243
6995
15971
8118
10086
5972
4489
15092
1768
9395
9538
12405
12467
5177
15860
14800
4633
13130
12338
3475
13255
11713
536
9589
8772
6271
2702
1325
6384
5940
15683
15622
12431
6139
14651
13367
9513
16346
10961
13826
8808
7705
15233
14169
11524
13716
12466
7168
12698
4251
7166
9109
13067
16323
11800
15642
13597
10033
15918
3945
195
5501
8834
4805
14509
32
9389
12746
1446
12452
3215
2944
4153
13821
14663
2255
5112
5774
11714
10776
7896
1437
12308
12956
16257
953
8390
10556
6098
3601
1114
11223
7358
364
7763
13250
11299
9680
8933
14137
3427
7160
12122
16077
15354
9952
1650
8463
15336
1566
7711
13043
4423
12190
121
5771
3826
15920
14219
11972
11862
11656
9376
5598
4927
7009
10304
13776
8375
16381
8894
368
11063
6373
11366
3060
4836
1462
13137
2380
15358
14909
867
12050
11279
4729
11766
1987
9190
11588
5652
11128
382
3046
14474
12399
11175
13723
6357
12041
1386
15561
5303
4877
9278
4514
9781
1722
687
11202
14667
4701
2760
3042
6320
2138
11413
15440
14668
2749
7051
3553
11342
4452
2424
12315
992
14729
256
1951
15811
3783
15836
14121
4430
15022
3251
14189
2815
15844
6482
5181
13069
15370
858
7059
7733
9309
15713
5238
12535
4822
5689
15895
7864
11555
11049
15155
13968
11910
9568
8459
8285
8611
1991
2425
15646
789
79
12182
7521
5974
6636
1778
15778
16145
9297
4461
16090
11817
6122
14448
8755
133
6316
2307
8311
7825
13935
8775
4243
3430
2454
12882
7190
3115
8932
14860
12590
12674
12552
2803
9316
3513
6666
4936
6060
1500
6860
2389
2559
13771
5950
10486
4609
15858
16276
14133
3806
9854
6433
7464
8727
6363
9203
3223
398
16187
7998
14844
11443
10532
13113
9213
3061
8284
11929
10332
2770
8826
319
2755
11375
21
11784
10591
3780
4351
4504
9827
10425
4364
9930
5116
13796
5754
13538
6192
8796
7814
7991
3983
3405
11644
12255
10732
586
12930
7881
3127
12142
6239
1327
3528
14132
540
13253
4393
14238
14764
14660
4485
14012
5433
14271
11490
12057
16196
10851
9259
1752
4420
11383
16128
13316
1110
5395
9975
7818
8427
16271
2948
13888
10243
8963
2502
10792
8408
15915
10448
480
9205
5860
186
11684
15514
923
13304
927
13831
3901
1905
9534
12617
7227
13276
12313
206
14620
3172
11804
13211
11985
10602
15089
370
11471
12013
5245
4438
6863
1028
11821
7658
14237
9024
5575
7447
11873
14891
4641
5190
1315
15355
11631
14746
10603
5739
10596
4940
2084
8860
2089
4222
1976
4036
15587
5709
14742
10322
7156
354
4198
12463
6137
15594
3179
11643
2628
16233
12864
1628
14144
12282
1549
10991
12582
12684
12238
3850
15098
151
621
5619
8162
9181
1854
9148
3099
8257
11274
1033
9122
6731
2197
16225
6606
9443
5530
4234
10546
11384
10836
1400
13838
8980
701
13184
11033
3022
12054
11185
15772
5832
5647
16370
7413
11152
9648
9295
15697
8927
7118
999
2811
571
3033
8467
13501
9215
7238
8981
8172
14918
15134
3490
6390
9076
5041
6037
9456
15091
8327
10058
5039
13954
12708
7577
13201
16277
7877
7898
15806
15751
10980
6960
13392
5676
14082
12742
7905
1614
15052
7106
3149
10576
422
14478
332
14376
12670
7261
10568
4678
2784
13865
16037
1337
5291
16072
4357
12671
5243
14825
14020
14550
9063
3349
6345
6597
880
7006
14815
4464
14223
10182
3214
1963
13205
2622
16166
1581
3106
10827
16091
5727
3457
1302
9394
12970
4106
13804
13379
5871
16114
13020
11093
4401
12821
10477
13902
1123
4906
13486
2782
840
7061
6770
13682
6211
3119
13673
3096
5700
14581
314
8124
5050
12396
10888
1264
16280
1766
7001
3976
16174
861
7765
4151
6194
5546
15882
12211
2556
12798
3234
1200
11466
595
15009
1516
4724
1633
9060
6267
3568
13
1108
10181
10489
10975
10825
959
1930
12299
4029
10523
11047
9910
12559
3468
13855
10865
11532
11788
15037
14767
5781
4043
3674
10574
14560
7595
6254
6787
9711
10101
14035
7846
8971
5843
15863
4530
8897
16301
3677
10370
13712
9314
3698
2350
952
12118
4254
13018
13397
12471
4422
14611
14498
8925
3898
4078
15436
10278
7466
7127
2049
10480
7484
11740
7685
384
10256
7027
7329
15759
16362
12621
7094
4152
13498
2763
4546
9807
10188
11795
14242
5764
5988
10964
5561
11686
7012
1011
3010
5515
8993
12491
13129
12245
16335
654
2266
14357
5590
11751
1309
8490
4984
11386
14546
14926
15498
8105
7401
7848
8196
6655
10390
2545
7994
14135
13640
6086
8088
13666
6228
10519
10618
6374
12785
9907
12126
2688
14475
4273
15589
16354
6873
16184
5216
5319
15230
4279
13322
7731
5565
7113
7872
9666
16369
1423
2631
5124
10658
9055
9782
3566
11013
6282
2884
1917
5393
11290
10202
11503
1407
7569
13611
10823
11241
8241
15328
13086
12224
14739
9793
12047
9653
12387
9702
13940
9418
1463
12389
16218
9794
11123
11746
14794
4762
11140
7092
14533
4432
6326
13754
3385
2371
7164
4374
1594
4847
12264
16212
2686
16047
7641
9932
9174
5963
4058
7562
10709
8197
9432
6108
6082
11981
14551
13565
7637
16121
8367
15419
13008
4347
16213
1455
15857
4080
12301
11367
14748
12639
2450
2713
14797
9256
14845
3755
8958
3852
15770
11233
5481
4386
2095
11635
11317
9578
9027
15967
10439
4506
3440
7355
15615
8669
4482
8607
1774
12879
501
11169
4760
8643
12932
7649
12566
14968
3761
11237
15245
14621
772
2863
15193
4039
13620
7583
7344
2597
5476
2902
4595
9211
7675
11297
6713
16349
12826
1812
10031
11560
4881
14182
984
4673
6818
616
16318
1380
12974
10573
12917
2349
8972
13171
15546
14436
5646
13885
9078
9250
10210
2729
15816
5606
9836
8821
1406
13446
12031
5369
12693
13244
8553
2987
520
5031
11814
1095
12382
10198
4862
4853
5661
4494
10642
3968
12339
12484
10045
8518
12352
14808
4193
7701
6853
8921
1465
5536
15015
11432
12322
8502
9929
7978
4356
7895
903
6974
8967
11730
8637
6784
15262
15317
6501
6438
7398
3063
7902
4563
3849
1585
95
544
10552
7986
3726
8998
15927
6637
11989
8147
2529
6714
14330
8474
6200
9216
4829
15344
5446
15229
11699
4929
5678
6017
15461
16219
14230
797
3779
766
5166
8171
3932
11040
15237
15085
11339
8654
15209
15941
8645
1439
6946
2594
16075
9892
4081
3459
14161
10347
3646
6625
1313
15021
4917
1444
14495
2044
10183
2165
8178
2041
3414
8100
14261
1357
13786
3128
6182
10006
1850
1042
5842
3947
3589
15403
13087
14355
7311
6554
5456
5307
12271
14335
10762
2096
14227
4100
9848
729
3647
12782
4575
614
8715
9183
14508
11812
2920
15240
7982
1533
7871
9569
7953
6158
401
15948
11370
3929
14676
13466
8793
8623
3708
15288
16330
2008
5559
15040
2325
6970
9773
9369
12136
13073
8687
6751
8797
5746
15741
8080
5156
10468
15946
633
304
14601
9724
5464
10456
3579
13850
9175
10630
10429
2632
2093
14013
5246
4297
16237
3068
2888
3169
16368
265
13099
9364
5539
10940
14411
2098
11260
7022
1370
5306
12714
14661
8329
8031
11377
9922
12998
4948
2639
7980
3569
1132
4521
3051
11845
8217
547
15696
15814
2775
10565
5578
12496
7181
14480
15323
15172
16236
15556
5400
9097
15469
1979
8424
15069
14783
15213
12253
8261
14708
9107
53
6997
5965
2893
6564
12812
14337
2843
9522
7004
9226
13552
9405
8032
14289
4831
13619
10132
6381
15105
14595
10749
12500
4191
5835
13258
15190
13287
3676
4536
11304
5441
13569
6231
14654
2413
10025
4964
14828
14171
7407
7931
718
4694
288
6056
1993
1059
13428
5656
7723
8407
3193
15823
982
9959
4291
11613
7030
4030
8874
13918
13735
9533
11349
6358
5599
6584
1829
15621
5180
1906
9305
3797
3432
3105
7397
159
4427
4943
5113
7564
6907
1158
16223
15963
10705
16222
7253
7121
6826
16341
1703
646
6598
426
11618
11323
15909
8102
14787
11333
5035
9605
8719
12965
9093
15982
10963
1453
11647
12222
8443
7342
12105
9927
3373
6303
9298
15923
3113
9435
15516
9451
9359
13143
11166
9599
15467
6429
16053
1144
3200
13797
11760
11098
1057
9407
1810
10292
545
11561
2526
9434
15535
9845
5796
4111
11671
1394
4398
7734
8987
14058
2657
2050
770
6816
13238
9774
102
1837
6368
12680
6076
5861
7443
9247
7587
10227
15804
11726
7319
2124
5637
11589
3944
11810
4448
2910
9561
8219
10002
6566
5144
10484
12512
71
6075
9590
11500
1216
16275
2771
4722
76
12777
3129
7162
6512
615
8415
11840
2402
9333
14213
10699
10724
5632
10571
10883
4719
3041
4588
1215
6161
1828
2587
7757
6096
1101
9572
12987
14644
743
5769
9208
805
3607
9708
2881
8289
10242
11816
14893
4710
4013
15335
2414
371
13442
4863
10016
5460
3194
12964
7904
972
1079
5267
5908
6396
3446
11851
968
1139
2148
8130
8155
5592
15674
12973
2231
12197
6773
15960
1686
13185
1838
8872
10815
16314
10199
12709
4901
7599
667
2321
15985
14919
3278
2308
8286
1389
10470
5934
6527
4928
10615
3082
1217
3310
1758
918
5150
5640
20
13759
2226
13554
16038
9498
10178
6797
1485
12414
2938
12669
4256
3753
4837
8397
11904
3776
3764
14804
16089
4949
4544
16263
7720
7959
8173
15551
14313
2724
11802
3436
11310
4905
16353
2950
8310
859
2362
7304
9038
12537
1657
6457
5170
12877
14166
14851
2604
7202
8140
13947
6535
13834
2967
12162
8291
2561
13347
9192
10110
12972
6743
1036
1502
647
14023
1419
6938
12297
15832
1496
508
13407
10095
2476
8983
8395
5831
7725
10539
14034
15397
6671
3299
352
458
7388
1672
10739
14726
14982
4102
14710
4161
9176
10524
7823
10653
7395
14096
16098
2117
2800
2150
11208
1353
14753
6525
8398
6920
3610
14538
1833
1727
15824
9537
12159
11601
4554
10440
16132
14903
15056
14371
3751
3738
775
10172
8811
8705
12363
13853
14276
14305
8090
9017
15492
3125
6890
6285
13702
4698
16011
4478
4768
12385
9982
12980
11906
15939
6089
1644
4970
8842
1041
9696
11005
8644
4173
8648
9047
10863
5054
10954
1956
5514
7499
16383
14635
6163
4001
16281
8501
5680
2177
11011
11488
7034
11139
11926
9831
5920
16029
12668
9488
13267
8373
11654
10424
8239
8690
15727
5694
4454
3309
13469
1623
5490
5892
11062
2376
5117
7689
16204
5209
13655
2175
2654
1089
7386
6193
8314
2977
15322
15410
12292
2431
3586
15045
8766
12710
3451
14522
1604
1743
4233
6216
2027
13489
16149
13916
14293
8160
11145
14110
1510
9763
231
13444
11309
11853
7119
1540
14772
14254
5347
16139
8331
7390
1239
415
8001
3117
1597
12753
6214
1687
11029
15583
3572
5977
7965
12083
9300
746
4967
14696
14514
15220
7517
4693
12045
9147
1611
14877
15463
4664
8453
3801
8813
12373
6281
8807
4281
8832
2311
4156
14055
11265
4214
16185
1908
8096
393
12278
4513
4991
9284
10217
1206
2417
8235
12934
1695
5639
16083
6872
8043
15636
15074
2072
7427
5230
9717
7419
9341
5363
271
14916
13685
3784
7633
10718
6993
8930
15452
2447
1284
7566
7563
15604
11705
2620
4525
2943
5594
11790
9843
14897
7807
14758
2735
1268
10564
8450
12504
2077
12171
3174
11285
120
16064
13677
7900
3829
12370
9785
2801
7947
2007
6985
15613
4469
8973
193
6603
14843
1186
15715
7284
3812
4997
14819
11441
3208
1432
12204
433
12542
13898
12440
518
15641
8554
2042
1933
6706
8529
3083
3701
16115
12733
5453
9792
1399
12098
3649
9318
2216
2479
4740
9425
14809
3970
11872
7274
8445
10160
7684
8278
11354
15207
419
1599
1787
8778
15177
211
12703
6497
845
11229
2852
5167
12495
15990
9276
5787
14588
15661
6099
9036
1887
5615
8843
4124
2563
4003
8758
14084
5895
8594
8349
15109
8209
5479
5069
8624
9817
13872
4508
15141
11358
11909
9280
13188
403
263
4390
14892
16379
5801
14470
5285
11391
14638
2535
10864
14006
14005
11517
1311
10092
14267
1834
6347
5138
2804
14097
827
3758
15163
11470
15629
3979
11325
31
12740
4104
4594
6513
3941
274
5469
12756
8333
1433
4761
4803
10585
4802
12548
3724
16123
669
7809
13847
1971
13823
10547
9052
13665
14707
14608
5932
6693
14051
1040
2646
13613
10193
3064
15880
14201
9644
5178
11158
15196
1885
6592
6843
1897
7346
15504
6506
227
9995
3537
201
9686
12867
9608
192
9979
33
15515
5902
10758
1068
14416
3525
7539
5510
4085
12110
650
15087
14162
11019
12986
3345
10742
7835
6953
10935
3551
1718
7369
16199
11420
5480
9483
14517
9199
3942
3912
12425
10870
2791
1166
14562
13377
4141
3026
12472
8992
3150
6614
6468
14963
4515
12715
1823
7899
15005
9992
2812
15232
13030
9118
5410
9731
12364
2980
11596
15538
15859
12553
13845
6202
7971
8764
6588
6266
10901
6471
4005
3670
15509
9444
290
1331
4872
16070
3603
8506
13639
1136
13365
7822
9867
6324
16178
15528
9888
6159
2268
7414
2945
3403
13939
8804
4646
7540
6382
15337
10343
366
3399
7052
9786
6219
8294
2611
2708
11505
10780
12294
10150
1295
1242
2653
373
1282
5157
3466
2786
2906
6747
7212
6355
6851
14286
3961
12403
481
2853
1387
5472
8142
9014
10293
4682
8022
5279
10061
111
4327
12583
9789
905
4391
13647
6977
9713
16253
12739
9123
9373
7630
5551
119
5868
5090
7028
4695
7084
15929
6570
10209
8688
14339
10180
10693
2687
8885
12473
1236
7360
13312
13832
1649
10928
8935
7990
8316
10967
3950
696
10312
9976
12603
10518
15194
10323
7919
7507
3916
10750
14361
3424
10191
2996
3090
2675
2705
15894
8806
862
1735
4537
11794
14534
447
3141
3886
15559
11018
10787
16224
4776
9310
2451
9154
6914
15980
9751
4696
8422
5956
6922
3416
12185
8677
16094
7609
1927
6492
7523
787
16313
16334
4734
10521
13256
8738
5318
15753
472
889
11857
429
3682
9800
1374
1026
13642
8899
15486
11616
5345
12252
11548
15666
7502
15798
9660
543
12166
7832
9947
12203
152
10273
2953
3028
15061
12810
14846
4377
13748
13306
8849
10015
16023
6208
9596
14602
11724
13890
5668
11622
1197
15834
9322
12393
2340
6102
3965
15611
725
11626
4958
3702
294
5793
4649
13923
1156
15338
11287
10733
8007
216
8934
744
4053
5757
5952
9737
2297
10337
11819
15898
1747
10884
7017
2211
14217
8926
13864
5087
8908
2406
14524
14281
15658
15699
12424
15994
4573
14586
10126
15955
2605
12430
2234
14297
822
13668
9725
9084
10807
15812
7411
9597
12563
13846
1203
3622
11155
11689
4989
3789
5795
11637
3337
9977
2391
1848
8262
196
8990
13271
7771
8300
13594
12780
14801
6101
14614
12906
14641
13107
12628
9025
9584
11761
6980
15851
13696
4139
12755
521
15905
16030
1826
11792
12036
7248
8818
3313
986
12088
12720
86
6152
7035
14571
7970
12016
4117
6176
6013
2911
7912
6029
8565
10260
9855
8154
4953
2067
15793
8259
7950
4797
2358
5812
8508
6400
503
13353
10694
741
1176
5450
280
1362
16096
4626
4447
12585
13435
14290
722
395
12417
15198
15598
6550
1029
15644
16146
14535
5553
16298
9065
13355
3697
13326
788
12571
5215
4158
7787
12019
8299
404
9114
9745
2120
9103
13531
13635
16259
16032
16286
14824
6509
6217
14250
8866
16161
14087
3741
11373
15107
285
6360
15102
14329
5234
7307
7339
12108
4625
3126
11434
4431
4635
3722
12219
955
14129
11586
6878
3315
11427
7625
6069
13301
12811
1819
15730
16069
3675
7626
16179
11668
9334
7209
6808
3379
6805
15768
4371
9692
9029
11636
12234
936
3545
6649
9355
15192
14066
1368
12380
1626
3400
8126
10479
9706
12157
3448
4140
4362
14152
9998
7572
9210
4908
10667
5745
13827
12824
14609
8435
9004
10794
14398
5994
2395
5051
9219
7297
286
5874
13327
9222
3325
15072
14345
2693
7550
10620
10074
2086
1179
13209
6733
6297
1477
9323
6046
13732
12017
1524
335
4549
12076
16300
9371
9803
12392
11958
7155
15729
82
15781
8731
11889
5048
9040
5633
12513
15175
3623
3186
4828
15162
5078
9575
2320
2378
15418
3957
14863
6196
11495
7873
14740
11480
3816
15558
5918
3275
11423
16156
15006
15878
3887
13064
5651
10614
2954
2583
10028
2937
4745
8788
14871
16082
14185
9009
13506
15017
3135
2908
11575
3714
4210
9871
7516
2446
1915
12213
101
8382
14561
14857
7216
1134
9626
12638
1245
10022
12788
11191
6348
2455
1232
316
864
8475
551
7930
6978
2491
13629
14682
4437
6950
14098
3192
14924
3057
15063
10399
13513
2661
8379
10123
9320
10290
3688
15365
7887
11283
2619
11899
876
5262
2947
1843
13984
5066
1155
8491
12223
2409
14415
9746
12713
11605
6053
197
5688
1795
12662
10929
15954
321
3937
3312
1017
6044
6341
6377
16235
13976
6401
6483
3875
10408
12700
7830
866
4741
7636
3365
2463
1519
737
7729
6931
407
11111
8900
11879
15308
13223
3703
6942
10080
5208
1225
10236
3212
2553
11077
8891
11672
15441
11903
1085
3443
11421
150
6883
12474
9470
13572
7526
10595
675
7454
4405
4677
3429
1815
6205
233
5519
12743
4336
6998
11832
6903
1478
14692
14174
15637
16152
10982
834
8836
12567
9353
2516
6605
7175
13389
550
13373
542
7093
15228
1875
3503
13062
1736
7889
6539
1486
2421
3858
10469
1345
15648
10179
14288
12258
8782
14895
13603
12702
13893
3711
11867
3025
3967
14278
1235
15749
12109
3739
11239
6168
11154
11457
15839
8647
4900
13908
12797
14929
4925
643
8457
5165
974
4232
10214
12411
10211
14725
12557
2886
4975
5022
7750
13063
1970
2334
2918
3557
8293
2155
3318
12274
13953
1954
15670
8313
7737
1153
4157
6906
6546
7556
15103
4520
4473
13246
9115
11105
5448
5326
10569
1932
7836
12727
12236
12757
4765
6481
942
7868
2108
16181
14937
510
760
10007
6964
4547
2188
9285
4466
851
13891
11877
4933
11930
1445
16327
8495
12531
16267
5431
10629
8175
6055
15962
3366
2827
11210
11362
10717
15180
6675
15305
5852
13987
4105
8599
10832
710
13134
5635
8371
7276
14065
5585
10105
13877
2236
6643
11717
5849
5309
11264
7967
5463
2208
13930
16138
8704
4627
10231
16045
10339
13170
1692
14880
14109
1043
10232
7422
5139
10139
6612
4535
81
15453
1637
14587
6105
11435
8342
13013
808
13644
3833
207
8028
16171
14956
15870
1879
12342
8338
14310
11415
11482
4869
9784
7270
12995
13692
24
10960
13480
10627
15482
15146
4303
7840
564
1846
5617
15513
9288
2550
2919
10447
10635
431
846
1750
5049
1676
14405
11067
15710
6340
12784
5491
9349
3547
6697
1137
6641
4986
16283
11841
13704
11797
8151
8079
11355
6880
3287
13502
10300
4132
8882
2261
8381
10875
1483
573
4518
16363
12335
3277
3769
11050
8850
8401
2538
11936
11712
4114
5829
12446
4758
16065
9693
13484
5008
3198
3837
4960
14565
9366
8918
5959
2470
10937
14577
14380
12588
2643
10841
4399
6078
3897
6036
6338
13614
7159
3143
8321
9062
15607
12895
15945
6295
4382
9664
15890
3511
9778
970
13817
1025
13350
14077
2280
16150
2169
10950
8494
6432
6354
12761
5734
13571
1333
3248
7524
13726
6848
7714
10651
8282
9804
1262
15330
9574
3918
1207
3023
10419
14256
4229
16333
1615
6862
16183
5082
10466
14150
15718
12435
8913
8539
4163
4313
12444
10268
5471
12550
2963
11321
9225
14257
1638
13840
1129
14953
3329
6572
8194
3017
1528
6888
11815
1805
4985
7644
11692
7097
8549
8026
5911
1992
2816
10634
7465
6180
1281
8267
8946
2296
13743
5254
8626
7340
5133
3355
4759
4380
1601
6237
574
2793
4487
3296
8697
1754
2434
10458
10421
12759
10706
6435
12408
896
15249
2399
14392
15735
4287
4556
5081
2452
104
1480
14657
7423
13963
15408
8113
5705
6635
6595
9813
13830
4821
11865
1253
154
3162
356
5191
6292
2756
13725
8747
16034
4773
4931
11394
12437
5736
8402
1178
9956
9655
15650
10720
7134
13332
13843
16254
7673
3854
12646
8666
4754
14418
7897
3474
9859
10953
7984
15586
9471
1803
4064
5607
2656
1859
523
10673
10096
4833
14270
6225
9687
10783
13959
10115
2585
3108
4365
11725
11330
13822
14318
8816
6407
8020
10700
6624
15743
9936
7645
12687
8593
4093
5526
4944
7079
3383
14994
13626
10472
7722
12960
4867
11259
1913
3134
15688
1775
15501
2711
10158
2302
7573
3271
6406
14941
4338
10957
7250
15127
3154
9271
12035
16258
14496
3681
13257
12509
3847
12776
11082
12852
9535
15289
11583
11180
7784
15800
10675
14799
1797
8174
16250
9933
7688
6173
10725
4918
9766
3121
14101
10314
6542
4484
7149
15714
14390
9816
4587
4170
13254
10107
4902
15094
1786
8076
15212
653
8859
3502
14980
7217
13828
15686
14068
8794
2404
6210
13761
456
5788
1148
15082
10234
2878
15942
12988
6456
2432
3564
5409
6543
15808
2783
2046
5173
10201
5702
4529
8378
8675
13856
16107
4887
4842
14655
12908
11078
5370
11146
11772
13299
6369
12479
2566
8059
9901
11653
11628
6030
13192
10738
3527
9988
1226
12699
6681
4945
4871
306
11192
7829
1256
713
14088
8057
8423
16020
6531
13206
1479
5093
2625
14636
1536
12326
1514
6221
3624
1257
5867
4715
8989
548
2990
15147
9989
1032
5063
5021
8243
9287
7015
12525
957
14124
4453
13080
15171
5487
2903
2002
5046
6103
611
4316
2126
13540
15937
6365
11117
7707
4077
2747
11068
7745
13882
11738
1436
7913
1201
10444
14906
8923
12043
12817
10195
15044
10164
2185
9096
13809
13636
3597
12599
7214
10102
12307
13919
7698
16102
8660
10676
12248
10407
8498
9997
9163
6127
8905
14158
13408
11883
2539
2207
3389
13880
5857
11811
2019
584
14130
15417
5283
2015
1161
2866
13204
8245
9860
12273
10695
148
15316
7488
7457
4891
4419
12942
345
13112
1738
16320
1441
12115
2807
10124
1864
8954
6185
7678
12718
14574
4276
14905
10580
15573
12295
11614
7602
15462
14856
7370
4344
6986
5735
4747
187
16059
6927
642
3406
324
15008
16331
13848
14780
13487
11502
4668
11125
7308
10020
8530
13218
3540
919
12593
5186
12091
11780
2984
418
549
11278
2916
16290
15090
7033
12886
16173
3879
12416
7995
4533
5132
7461
4060
7176
2879
2792
10829
4187
223
15744
11248
7894
3524
6094
12390
8678
7527
4033
16186
8025
14127
15472
9822
14460
14904
8405
14456
6450
7460
13757
12758
11411
11499
1107
15280
14208
15218
4909
10908
7880
15540
9951
10258
252
8574
7272
2796
2695
11497
2392
15415
6631
878
10956
6353
2253
5567
14939
6932
5357
12959
13593
8770
5906
9058
2753
7376
13443
3719
4472
15025
7777
607
5641
9744
10226
6415
3290
1128
7169
4584
821
14847
3357
15747
1741
7085
6160
11048
11455
7709
7215
5738
9667
277
11001
8496
4930
12319
5706
7099
10485
9184
6494
2651
5123
2439
3265
12378
7037
8461
8440
6756
9185
7557
5901
15734
11344
12517
4321
8168
5268
5241
13550
15081
1511
10994
3077
7077
8805
7668
15348
14658
7396
3101
6380
12890
1940
2137
7923
391
38
12920
11149
13023
11107
9145
938
9954
259
4807
2238
6945
8698
12249
16382
13579
35
9380
11778
2472
2616
14763
15448
11340
3994
4580
296
8304
4429
10934
15164
12155
5121
8015
11494
8165
10151
15965
6314
4439
16129
5601
13039
13436
8434
11402
5386
1290
13974
16055
7629
8488
7811
14575
5072
8844
4983
2970
15309
694
7470
9949
3987
2156
8128
8234
6676
5019
15406
3419
9243
9419
9884
768
12448
6391
7594
3730
13356
7759
11189
1266
0
13873
12317
8220
5277
11514
5649
4766
12705
5600
13455
13419
62
4557
6455
1568
7680
15345
5086
11826
12100
7826
14107
5341
13214
8472
12558
13530
3925
6310
9873
5300
8584
13989
11574
2060
7218
3015
6822
8781
4402
14190
7732
715
3404
10610
7154
70
15833
4238
14749
3049
5579
5301
3441
11691
4028
9594
8646
12318
4562
10531
6623
848
13124
10981
473
2509
315
2364
10099
12696
7543
10400
1466
11282
11854
8569
14761
6463
8658
15485
2366
4264
13357
13814
6845
856
10973
7515
443
9558
11244
3652
5657
1781
10416
6505
11818
3226
10261
6774
7946
5454
2318
12533
15227
14426
13742
9237
15737
2006
11870
9182
13221
13922
11129
15449
10145
15106
7322
4898
537
14813
8630
8771
16293
5907
12146
2354
8586
8846
4067
6730
15979
7131
13533
15234
3844
5125
4290
15507
12530
4804
8875
2102
14698
12538
13801
7555
1912
8258
1944
11116
5903
3104
3240
14412
3372
9469
15202
2269
15122
9723
12132
2263
625
14191
13084
12269
14467
12522
13305
9973
11102
2797
5609
4046
5102
4683
7393
15173
5323
13213
12113
1172
9257
12133
10976
1250
6842
7522
10245
13230
11987
8087
13630
10887
10876
13700
7286
6337
6500
12560
9043
7676
7513
15838
3093
12823
7936
1413
13106
10235
15446
8714
4999
9500
10225
5683
13037
16110
4009
12701
13555
4086
2147
16220
12919
3830
2887
3808
10633
114
16307
7008
14718
14912
1314
5294
3621
14634
15036
14247
9662
5923
6583
15131
15805
11235
3605
13033
5573
10284
15298
14193
14143
4379
7942
9005
9985
1472
13615
15433
13722
12276
16163
4810
7509
113
5310
2239
14268
15736
13788
9526
5576
13765
486
5014
16364
1348
11400
610
2536
7785
15802
10190
13384
180
10647
8273
8815
8708
8416
13085
3107
6648
975
1807
6557
10454
14459
14479
6157
7138
12828
1415
3038
9431
1106
4813
16078
9700
8679
15378
15711
13463
1283
1556
5816
4790
3039
901
9301
7664
1964
8298
7911
5529
5250
7786
1131
7580
8063
14338
3745
14944
12802
1002
14603
2531
13907
14341
3458
4032
4363
6154
8177
6947
12847
10087
12623
5251
12842
14347
4112
1334
9138
9352
3504
13270
14934
7618
12655
7053
7545
7497
13061
13159
10639
9601
5808
15001
15908
3491
14865
1804
14628
12820
7662
13169
8641
5675
2037
5030
13120
2081
4874
14888
16375
15493
14889
6484
5732
5957
13105
4737
7779
16195
6222
8613
9788
9994
5659
9299
11385
8583
6114
7981
517
6128
5012
4809
9496
9358
13126
5442
14908
11541
8534
7029
6332
13335
13303
7026
1863
10966
7171
11133
2178
8848
6990
7957
2593
8136
11489
4582
14466
12003
3982
1845
11071
16291
13586
11070
10553
9673
7559
1595
5995
1326
6289
12015
3766
3233
5875
7565
1621
3541
15911
15
6779
7615
8223
10753
14255
14869
15845
6836
7334
12845
747
14093
14882
14403
7381
3281
2761
4979
3094
10333
11372
165
4218
1902
8085
6563
7424
9281
8774
13544
4946
13760
12752
13222
5477
2517
11799
6640
8037
13167
2998
8481
793
3065
4496
16361
8944
511
10113
617
15986
1431
7451
11043
2595
3153
15938
7506
15542
11964
4084
15447
1237
3689
5007
12062
11167
2598
2241
12302
4008
16336
6302
9571
8880
6840
10189
11667
16239
2217
13588
1513
4101
13609
10506
8676
1127
2332
10812
1871
1317
12635
16337
14231
4839
16366
2018
12028
14226
10996
9325
12835
8006
5261
11450
4172
7613
15324
9482
1919
4166
7243
10766
12024
1602
1340
14852
8489
15660
4326
3471
9551
8066
12750
5314
3326
16109
16131
945
1862
14117
12381
6404
3130
10508
14979
9909
1263
5833
2080
2387
13773
11941
16357
7512
12497
13282
1925
7730
9274
12721
16287
13920
10030
15116
10255
14806
16325
8910
6817
14319
6136
9429
14136
4922
1192
14686
3515
13641
4202
5586
52
11096
3040
1606
11592
11254
12808
9054
12081
13819
983
3662
2490
10055
6857
1646
4692
3300
2731
15187
6418
8250
2613
12883
9749
5163
13247
673
12516
10707
10353
12361
8684
2581
14875
13175
11998
18
4746
1390
4788
9625
13449
2569
8272
8664
6464
4274
2533
14566
15846
15652
6638
1384
16019
3532
8377
5782
13960
12079
3243
106
10362
4317
11971
7266
6346
13292
6767
2284
15635
1385
12549
4018
2805
1693
5821
10218
9970
3494
12374
599
7958
13178
4047
8936
13044
13016
1112
11839
13715
3477
11201
13967
3715
10449
6753
9501
2122
7789
4524
6417
6844
1802
9808
6244
5358
8158
11447
9875
1935
6680
2498
10920
399
5290
11938
15530
1680
2022
5089
637
3098
11666
1162
6489
3323
6386
5164
7110
6548
4539
12128
1806
5549
9742
1988
3371
178
3866
6734
5434
620
5802
1404
9178
5259
15665
1254
318
220
8961
14463
5486
13632
14947
8394
1319
6660
4523
6339
15142
9969
7476
12012
11329
8672
15176
8582
8335
5566
12139
14590
8655
7581
15801
14632
9722
13146
14556
6179
14833
6392
5679
8642
14898
7910
11270
4467
12366
10690
6070
4793
2746
4228
2218
379
12859
11027
396
8857
7727
7087
6909
11917
4460
3986
1336
9346
4512
5996
14048
4230
3877
7650
6496
11273
14525
2064
10405
1063
12870
10431
2436
1512
4642
3521
2443
10264
5588
12460
16076
9294
15291
9149
6972
5978
4561
4835
15385
12651
14987
6639
5665
7387
3008
13066
6593
5827
13166
14623
12192
1593
15567
12768
13468
4895
7139
12267
6143
375
2824
4890
6330
5325
5555
13598
6058
141
3759
3213
10831
11758
14393
2966
6971
3910
12125
954
15004
5889
14373
3292
3479
1409
12933
13164
7287
2291
8274
11020
4752
5411
2794
12025
14245
4659
14072
5128
1318
14752
3595
2256
9151
14876
13400
578
10798
15877
15695
3996
7335
997
14037
1160
1765
15537
15807
10623
11110
6791
5289
14928
9707
14076
11874
1035
6444
7590
16120
7812
1381
14327
15731
12231
3031
9560
1714
12903
16176
8543
9348
11742
5080
225
8492
9528
13177
14683
8838
5858
13998
5516
15608
2932
1999
3775
2225
8337
14679
4578
13005
15214
4280
14346
6124
10315
14239
7797
2759
5185
1090
6277
2319
9652
13931
904
5618
8657
13083
5701
14241
1081
977
11557
3250
12632
15012
14938
9840
3904
4510
12857
12242
8689
1440
1640
2715
11526
11986
305
12663
3465
4526
6668
10382
7244
9081
2374
14790
15241
3609
8369
3928
12791
11959
9351
13274
6476
2215
12176
16116
3905
10161
5537
10674
14838
11957
9868
11390
12943
16105
2522
8545
7857
5288
10463
10520
5122
1663
14957
3917
3048
3733
2714
6502
5839
15764
10177
5179
3881
5361
4186
9110
12266
6393
11520
15862
15947
14067
13047
10169
2275
692
2248
12461
5199
6405
16262
334
8951
5740
3803
8735
14849
5512
8968
1366
14038
4644
8084
8907
8210
5823
10754
9059
11211
15113
3247
8653
1287
7007
12353
6389
5320
11144
7371
2997
9312
8503
1966
10009
12312
7666
13433
16007
13324
13769
287
3799
10004
9378
2579
7174
1958
6621
13932
6968
4661
13310
6615
5763
12383
15585
235
7753
10664
5822
16051
3713
302
13334
1547
6448
13125
10043
6957
15746
9254
460
10346
13007
1531
5206
16326
15391
6280
11530
67
10308
9505
54
8060
16071
9643
13710
10601
2660
4961
15158
369
12349
5939
2069
2841
8469
4184
16118
12979
6372
6798
1907
10716
5171
13925
9106
7567
15046
14030
9703
8317
7186
13600
8075
3259
5888
12097
13068
7776
2252
10951
8520
596
10038
2249
4217
8792
15796
1461
638
4277
16268
3683
5517
13895
5258
15692
4519
7976
8959
14841
13203
2494
9516
3748
3984
4787
2737
6263
4700
11896
5804
1673
10517
2808
1356
10404
13207
7165
12291
3497
9460
16103
14308
6388
9821
7468
254
14414
11893
2600
13457
1435
12251
4259
3216
7884
7056
4796
11996
6850
9479
1790
15050
14112
4585
2572
3100
758
8086
12209
10329
1955
3542
15002
3813
14643
10995
1168
15312
1639
7681
4656
4739
11719
3252
7614
8133
10334
14024
15411
989
16274
5228
2624
11994
13938
9974
1121
10714
2132
12615
7104
6899
9391
14196
12173
3827
10570
8346
8320
5883
6910
1945
74
11242
250
11540
671
3050
14512
15439
3264
11952
9829
15059
8810
10592
13660
8211
15592
2285
6630
8225
7874
4375
9640
9545
12868
6558
5712
3909
5040
8572
12194
1893
916
3231
1968
11982
7002
13470
11336
13375
6269
15702
3016
10357
12357
8110
15698
4445
5455
13866
1471
589
14340
10371
3210
2274
11855
13100
15757
14907
1024
15095
14469
10895
1189
1146
7314
1210
13887
1553
1674
1130
6043
15030
1534
11529
9368
14063
1438
10442
10103
7349
10276
9620
11556
5924
4196
6
7708
11004
8054
15242
12046
11230
9480
13140
5452
4223
5523
16127
3367
11218
555
14141
5430
3469
5847
15369
4620
7357
6580
644
8606
9453
7467
9632
5076
9134
2846
9530
14343
14228
15815
7791
2847
9716
6672
13729
7236
6226
2400
8439
14964
13228
3907
708
14333
2192
3902
10165
7578
12341
947
3133
2840
12151
9676
15080
6131
1995
10081
6335
13719
14866
131
7199
11641
8229
14192
4361
7430
11474
14515
15892
632
13022
8372
2825
1504
1260
12144
14336
11251
4882
12813
6000
4252
13497
8743
4583
5403
13432
4099
15014
8825
10465
4879
12793
535
14599
13911
3158
6659
13883
15572
5198
15342
13266
14532
202
10684
5531
5582
9127
7943
11980
4764
1545
4647
15373
14481
8303
11058
13051
6696
14395
6723
11492
10307
15848
1038
891
8
15160
16367
833
14069
3590
2258
146
10148
9251
293
5362
15579
8881
13131
688
9857
7945
1074
5183
10990
10768
2667
7365
4684
5624
7682
4304
8538
8150
7591
13999
2885
11347
8870
2016
5055
14607
11943
769
5687
394
8199
8062
686
7593
2757
14853
13914
14932
7338
3924
5253
13835
14043
9799
6412
8596
6837
14353
4014
15975
9006
11542
3047
13744
12692
7120
9197
8207
13295
2429
4552
764
8863
2965
10584
12107
2698
2190
9244
16155
3778
14954
13194
14818
2894
8024
15634
11414
10869
4843
5695
3478
11253
16012
16157
239
2981
7718
5930
12619
5388
267
13279
1422
7592
4415
991
14444
11580
844
7542
13889
2191
9539
528
15995
1109
8728
5805
2116
10800
10358
850
1841
6054
14738
9519
3888
5947
12069
10756
336
15883
6988
925
11876
8143
10455
16141
9509
1923
246
15405
4856
7514
971
3157
10711
12112
10320
525
8733
5001
11665
10259
2722
3001
9158
13512
9319
8562
10386
5219
14564
3421
10066
13825
12664
4875
8290
8484
15896
12633
10233
12369
2214
7929
11600
3686
3614
3142
7328
14457
208
10135
9206
15166
3828
5593
494
3005
10848
3037
15522
727
9478
8773
13193
6087
9261
15825
14835
14974
1142
12206
12064
11571
9172
14991
9335
3081
7570
10223
4074
1241
13224
3241
13399
13952
5949
4555
15777
15576
15575
15456
9688
15893
1571
2136
836
13753
6930
13728
5967
10356
14263
7296
2090
4421
6440
11931
10777
13490
8560
13568
3656
9564
10499
2172
1894
12029
9018
12285
13275
6936
9714
10230
15853
10032
7143
15259
8890
10040
7719
12433
1003
9559
5339
13440
13915
9627
11768
2453
9466
3030
3331
9642
5866
1341
1427
2373
13578
10781
13897
7226
5222
5610
14735
11301
13527
10461
8867
3606
11900
12241
9891
2438
1288
11174
5148
631
13955
2459
2922
8991
8442
30
1375
5989
2546
12907
12921
509
12021
13032
14817
4298
3246
1265
12130
5466
11258
2118
8639
12483
9070
4780
12280
4413
7690
5900
6378
1194
7983
4763
9092
12260
15118
12489
6544
3066
14709
11681
3053
10207
720
7225
1272
15841
8558
15426
1813
10010
6010
8523
1321
13144
10166
11430
15681
6183
13396
3993
6686
3035
8185
12183
15468
5768
13756
1678
5830
5714
15332
1876
496
10905
11911
11444
8167
5024
8513
16270
3673
515
8533
8608
9767
15593
8898
7441
9326
4674
2897
10978
9423
5534
3744
16193
283
6579
7585
8878
1760
3861
7070
12230
7634
5271
1986
12520
5589
4708
2978
12468
11507
10970
2240
8724
8477
2246
7336
5061
65
8555
4591
15755
13996
13596
9886
11856
12657
12469
9894
6175
11715
10422
14952
13019
15374
9032
9236
6313
9417
16304
2173
15386
11939
9847
1369
6329
2079
5623
14138
4751
7561
2326
14282
3535
2017
6204
2082
4007
15432
10120
420
10842
9915
11089
12884
7177
16202
8074
7548
14992
11755
3483
3146
2883
3199
6887
6255
15828
6350
6610
1659
12875
1019
14349
3737
15055
12034
2935
10041
7021
2751
11640
2440
1661
6576
6093
8363
9268
11184
10152
3785
6459
978
1523
1777
15511
5583
12259
11238
5862
339
1291
3750
7952
4200
5429
3570
7198
15058
14890
3734
6290
12935
7717
14701
655
9955
4566
8777
7142
12511
10324
3425
15451
5396
8387
9647
13671
15250
6279
5654
9685
1763
2673
966
15381
12286
6663
2031
172
723
15627
2345
8103
757
15267
16244
12601
29
1401
13720
2305
1627
5708
12822
7060
12841
4738
6956
15215
466
5584
1679
10850
12981
13109
9056
11966
6110
6491
14140
13410
12799
2606
7704
1901
926
6172
15873
1579
2346
10249
8164
7665
5527
4167
10782
15450
281
10877
15519
309
13816
14484
10816
12609
10062
8362
5381
2671
13054
15830
2871
11875
10173
12887
3229
6954
11710
1610
6994
6949
3615
11376
7686
5766
7604
1869
4503
8668
1565
15204
5355
9253
2025
682
12570
4686
5941
5270
15949
13878
12889
240
10605
13841
7379
9477
13028
6793
8994
327
10744
7659
9943
8132
8271
3585
12023
1177
13648
1204
9978
14791
10645
14229
12505
5671
6841
8634
11793
7045
8069
14671
9196
5545
11303
66
4
8471
8083
307
6446
10828
8873
13689
879
168
10745
7231
3388
13014
10269
13705
5820
9524
780
10282
707
355
15775
6344
8393
7389
11509
5298
11206
10359
10606
13138
1825
6107
11311
1980
8745
6061
10613
2224
7837
1872
10316
6645
12032
381
15278
13592
1088
8839
1849
14252
3197
14521
14630
16246
4950
3796
1543
9529
14617
11428
8388
1044
14547
1705
9273
16021
8779
3152
1952
6519
15478
5182
9757
14569
14301
88
9636
10632
4209
13036
1698
15169
11623
13656
9926
2242
7508
15097
3012
5698
13401
9895
3794
2652
14424
1677
15414
7179
2564
2254
13471
2103
11660
10365
13362
6809
9385
3632
2130
863
5327
16079
13746
581
13378
9296
1563
1031
3889
6568
10936
2062
9689
9540
12005
10938
6467
8052
13962
9753
4044
15783
8632
2832
13340
1691
4613
3882
9850
9202
6487
4717
10114
11059
9102
1717
1464
7935
2532
5308
10844
461
11168
15581
4325
4981
10977
12832
2323
2505
15402
12293
1729
13951
4244
1251
7013
3056
8827
15401
10698
12465
6556
13724
10682
3253
6943
6111
7697
13740
15239
4815
10907
14552
2976
815
10834
15910
2014
10097
4335
11182
14094
27
13585
969
6166
10452
8092
7144
200
1794
2496
11177
11801
13509
7490
5348
10345
218
7574
5269
15930
14723
15252
9091
9727
7428
47
12048
3693
3522
13465
11066
9730
320
11332
5217
12210
10538
1066
3930
1084
3736
7203
7788
698
5542
15070
1938
10475
5960
14990
7951
1481
4134
761
9552
10522
9593
12288
6276
8742
129
6752
5958
2460
2685
16316
14160
8334
10049
9986
5990
12762
3818
2778
3391
4553
15900
13966
10703
726
1073
8146
11343
11634
140
13842
10254
14259
380
4444
3644
12262
15310
13413
11263
14307
5625
3894
5938
1064
7282
9408
3709
6760
7145
15086
350
15413
7302
11544
1456
13946
12873
9166
4894
13511
2528
10688
13672
12354
5853
6590
15617
5604
7372
8517
5068
13418
9573
2567
1847
13780
5168
11549
8671
12625
7109
14382
12612
44
3336
15810
11731
4332
2105
8233
12499
16231
9616
4250
13881
8879
12931
15244
1417
12544
5562
13363
9066
7663
3973
6424
4691
1175
3364
13240
8111
347
15123
14615
5142
2180
1120
127
6140
11999
13181
10075
1022
8307
1821
591
1020
8682
6307
12324
13313
4868
10497
8721
14700
8522
9338
14759
16208
9842
15964
3669
3286
8791
15392
887
724
112
12089
15624
142
8145
6130
6901
2352
1517
3899
11988
3571
5192
2426
16136
3857
5161
8089
4631
11293
5223
14653
1274
3510
15679
4954
16084
10175
3721
10861
8564
11722
13314
2959
7793
4703
6006
2552
6213
1171
14711
16
13453
1711
5613
5229
4855
1852
9806
10369
11296
979
13957
6736
5645
568
641
2128
9719
15263
6979
1182
11781
7493
3453
230
10986
15407
9764
1060
8952
3913
7157
1285
14004
13329
12044
11462
16062
15541
10697
5287
8046
5385
4002
2375
6555
14220
11172
12087
4859
3638
8465
1740
3499
7446
2738
5009
7576
275
1258
1358
11673
9570
15473
12819
2063
10599
5028
9735
3413
2745
14118
8332
7005
11119
12631
499
10167
1454
11023
13096
10638
9125
4164
842
13528
6366
6602
3643
7380
15762
10383
2344
89
11707
10155
10868
6847
11774
2121
12795
15479
1104
3311
15951
6846
941
11979
609
3044
7399
7800
8263
11785
3723
8903
1728
13799
5473
4629
563
8982
1605
8340
12459
12688
4056
6014
7291
7875
5568
13943
6275
6521
16247
6510
5368
451
3363
13280
14506
3855
8546
4726
13219
365
11403
9736
11718
169
13141
14471
2712
1013
9160
5718
3657
15099
623
9204
6223
14292
13308
9497
4490
9999
12804
10788
14265
5638
16169
6323
10438
1937
4082
15601
670
15625
12850
7152
7042
4603
860
4076
9048
6477
8942
10847
4330
11012
5733
12645
6117
16288
9399
5172
9452
13345
5149
5748
4289
2562
5399
2917
2573
3276
6622
1012
9503
222
10715
15991
5985
8179
10149
15912
9130
10411
7589
9583
2682
2247
6248
1154
8861
8997
9657
14530
12529
2142
777
13549
9465
8524
328
15549
8640
7907
16010
1575
6963
8479
432
4231
4031
12990
1725
13836
3417
14513
5629
6999
15953
1541
13738
11844
15525
15111
12636
9306
5097
5405
14664
8746
8548
3136
2904
3288
15785
9187
14911
14482
7839
13477
11533
7892
9061
2867
5187
1468
12909
13128
11528
13945
12502
14111
14168
13875
3386
337
9260
3086
3004
107
6900
10866
2592
14915
9491
378
14922
2534
6771
3868
15047
16190
12149
14396
2510
15073
6063
4411
12754
15591
2061
14186
14122
13434
1772
4242
2265
11748
14527
14179
10778
11825
1208
2560
14046
6881
13079
4601
912
10450
11886
128
3692
15773
9409
3732
221
5505
16027
11409
11559
10349
14102
5955
5550
10270
16106
13863
12244
12443
10997
2634
13537
2339
8449
1624
553
8864
15223
476
3648
8005
7326
6342
4952
9221
2849
6461
1535
5784
5221
5016
3927
14518
3920
2728
8511
15588
11776
14913
3949
13876
9844
14090
1998
11968
4201
10267
5879
14870
15875
118
9532
6776
14736
15110
2773
13942
14719
6148
12337
16126
1578
15564
575
9542
8330
6729
5758
5921
10535
2907
16006
13330
8343
11965
11501
5488
13004
10942
7367
11022
6115
4359
9481
8452
13862
14358
3097
344
15563
3263
6190
13060
14417
12865
13500
3202
13870
2480
7448
14369
9233
15409
2475
4720
5790
3940
6116
11732
6532
7495
14106
15101
15421
14883
14105
8081
6835
1681
9890
15137
1490
3687
6045
12421
5085
10157
14198
7767
11603
13514
2013
6599
10668
2322
3324
6027
7492
15382
13567
2277
11711
10878
8446
11436
2385
1329
4572
55
5552
11051
4774
10797
10138
15325
16332
4146
8610
12749
9566
2890
4260
12432
5372
10654
15503
8355
2204
2521
135
13526
1920
4670
5296
3460
624
11406
2179
7939
1470
14592
14902
11852
5962
3435
9906
13607
14544
2170
6304
5350
5670
13645
15444
12984
12941
13993
14453
5773
50
2868
8476
2245
10554
5422
10533
9173
15940
3224
2052
184
8884
452
9801
3884
16378
351
11976
6259
14315
5248
13108
1537
6141
126
15724
14901
11578
13055
8266
4040
10014
3332
1149
15067
8115
4048
13800
2514
2710
10889
10426
10295
10285
45
8464
5202
16251
5622
6528
3002
6452
5408
12978
6915
7679
15150
14465
1730
13491
181
6742
709
13199
804
9383
13570
9738
8696
2814
7691
1124
137
12233
16279
4079
1165
5697
15349
5265
10076
1546
6436
13683
16066
15691
1808
7653
7928
41
1052
16265
4873
11039
4742
7838
1960
5909
6416
1494
9882
10302
1360
1233
6146
8619
4814
6725
15578
9332
5373
8706
14027
5713
7366
3843
4680
3368
1942
13065
1853
13423
5359
11134
11543
15174
15459
4174
3062
14438
14248
13405
8988
13625
12844
2168
14584
14397
4436
4654
13860
11240
4021
1664
4416
11205
10577
3757
13451
6650
12642
6428
9195
9231
4470
13778
11365
15993
3717
11525
7240
7055
3588
6707
441
11064
14810
11741
8068
1625
11947
1039
2626
2223
10433
16130
9953
6104
9984
4616
4660
1220
4159
7944
10200
14715
6601
14555
10578
14516
12208
12300
6965
11324
13584
14504
3279
2059
14468
15464
9615
4300
7010
15889
13697
8802
7702
14680
11885
11448
2994
11026
8615
5317
11775
12515
14123
7
2681
15822
7643
11508
10381
16217
12837
3821
15565
11469
7043
13995
9113
728
7417
10229
587
360
5366
7382
12794
8135
15769
8222
1835
149
6274
15124
15264
14428
4685
3160
105
9240
6437
8962
3650
1202
3895
12694
15398
13156
7534
1878
4331
15347
8497
13180
7294
1675
12892
4012
1779
8283
13750
13093
7740
1276
7876
4522
16124
2607
10265
11159
11924
16112
657
12002
924
6203
8605
4899
2720
14216
3011
9039
3262
819
14519
13448
14007
3580
1075
5942
6473
14374
9674
11473
3836
2456
14285
11412
11401
2100
9814
3112
5033
3811
603
8722
11346
9987
14362
3788
8753
6537
10529
11928
2900
15850
6855
9837
5837
1622
14079
7817
10326
8576
10541
13094
11392
7303
16371
5500
4458
15684
13580
956
7392
11161
11121
1382
13556
5543
5611
11733
10912
2748
14497
5658
7624
6951
10759
11861
872
1424
10621
6937
13092
13643
1789
8301
8385
12281
3512
12296
6325
8240
12681
602
3617
9083
580
12410
13979
1159
4071
6661
8902
15297
12492
12494
8789
8713
6632
11493
3820
8557
8570
3482
14997
14925
13899
6129
680
