6911
14122
4559
13765
12804
1444
13850
10908
11510
12276
2682
3579
16269
5447
12686
9138
450
5242
6742
16133
11501
13227
4746
3910
1159
15392
10172
5010
9682
14300
1223
4642
2720
6729
8193
15578
4726
7704
1842
12628
8446
14282
15453
558
4064
11040
461
10831
5264
3360
14357
13731
7957
14981
10335
13092
15281
15846
15018
8104
12719
3893
7296
12680
14661
4126
7947
900
14167
6195
10392
10012
5599
16245
1957
1310
6016
337
2433
6649
15953
8805
6598
7240
5137
10428
2509
5913
5114
5682
6132
11912
3625
15564
1503
12545
14214
8086
2956
11882
372
7460
10730
8737
12218
4733
4407
4587
7836
15245
12707
11367
3827
1233
3979
81
9140
11950
6061
3546
2351
4450
5374
7167
5439
4813
7749
14950
15004
13146
6289
766
12491
6083
5973
14769
14990
9958
14548
8139
9001
6559
2099
15208
11241
11616
10913
10763
8594
12843
6844
10328
5050
13745
9574
1680
12406
5351
13972
13827
15496
7275
4867
13736
3216
2172
3204
6596
5921
10665
2274
416
10935
9581
15478
10720
10380
12133
217
8276
4928
15597
6854
14298
12170
3181
1080
886
5306
2324
5845
4721
10827
11193
10166
7454
4039
4525
13830
7071
125
7523
13022
8817
1167
12021
2350
9291
1952
11907
14735
2535
11613
12662
9866
4374
10303
7594
8986
12894
3499
10789
8762
2164
6332
8618
15942
8961
12194
16062
3705
9135
10235
16202
16182
4107
12172
6241
11597
202
8146
14775
13703
608
9184
9006
15304
1266
15718
12822
4620
16318
756
12166
15294
1355
9492
6805
501
3272
2719
6992
6240
3373
4424
3242
14455
2961
7464
6538
5333
7595
425
14497
10886
7268
13953
3241
6905
13705
9041
10366
1980
3167
15660
2688
4471
14418
2707
3626
2257
10637
12883
7074
2061
10571
15788
10613
10628
6803
3168
2845
14760
4440
14159
3706
8386
6507
13755
7832
4929
13764
15172
7096
13468
12978
16362
1145
11410
10399
7142
15569
6234
15446
5459
6236
7913
11534
13859
9929
12193
671
4975
14113
15529
1456
11782
8970
3784
14986
3707
13064
5190
11495
2096
9203
12119
10281
6131
4027
4517
14778
1669
6271
6899
15634
2697
7527
6495
2053
15448
8726
3146
14805
13230
7919
14963
6239
16211
13687
13005
3334
7072
10072
2539
5571
7601
14619
4338
15878
840
15955
15443
15318
9208
11525
14130
12866
4037
1287
7335
12009
15964
7815
9137
4601
6904
8858
15086
14593
345
12593
654
14061
905
86
1429
440
16319
3666
13721
12757
9817
346
12659
14485
3077
10846
8429
7092
9580
11523
12543
996
3804
12176
11927
13492
5803
7583
6602
4254
15830
6327
2410
4701
8567
5786
6227
12048
8809
8638
11601
5385
10313
660
1710
4611
12354
15951
10197
8048
11650
1989
4717
7374
11284
5903
3691
6552
13484
5205
6893
10552
13500
3246
5159
15628
7580
9623
5144
13504
8249
2229
13056
4394
9630
9076
10416
16116
11103
3943
11612
664
2143
14234
8472
13742
6779
13393
5269
3073
9956
9148
9880
855
9179
12388
3489
13313
7488
13217
13267
7361
7627
13955
9712
15091
14636
8408
15386
770
5608
11403
6982
1703
10002
14172
12280
9708
14404
3124
1345
6722
7046
3858
15894
3660
11848
3708
9593
3421
2323
13836
5603
1069
11995
15621
700
6411
4378
4965
8529
5089
2293
14666
11541
2206
14793
11452
1419
1206
6357
13093
14053
1885
14131
7771
6009
13801
2173
5928
8874
8839
15002
9096
3574
11640
12832
12740
13362
12769
10776
2564
6340
13909
11926
6377
12283
12240
15910
3449
9891
2386
4163
10326
6233
6307
13211
14537
8847
2702
13608
4772
14436
366
12845
13409
2895
1337
10324
2352
13506
9950
4661
6071
1200
13361
6787
220
6930
13530
12673
10512
10422
1342
2134
4990
2899
2875
10330
5829
7745
13881
8295
4285
9110
7445
2609
1794
13577
4005
13355
6253
10998
11109
9884
7265
12019
5336
1984
6631
3280
834
9065
11398
2256
4591
3000
15742
9063
15363
7238
4696
15875
808
10977
7789
16222
13246
15104
5729
3988
14724
7232
5305
4655
2313
15219
2396
4915
4245
992
9909
93
6158
2121
9913
15412
1177
5220
723
2874
6149
5645
9236
10883
6242
15947
4683
7837
1149
10826
9814
13317
9705
13790
4910
3981
9990
16092
9564
2017
14504
2144
3803
10302
460
16374
8867
3283
9595
14188
7015
2603
10872
13223
5316
13844
4326
4481
3048
13400
11133
6800
4030
3678
2216
8479
11083
6750
11720
15779
8941
12597
8598
5258
9999
2914
5425
12852
10014
13778
9286
3498
11214
1543
14499
7985
15865
9751
4574
14129
677
1116
11418
2002
8711
8631
2906
8381
15120
15056
8440
16262
6843
5110
9469
1640
9471
4698
1478
7779
9052
13354
8840
14622
9229
9982
4643
985
8468
11945
1031
6448
13946
14856
8563
14304
13210
7085
718
9806
13259
14036
11515
8167
13437
15135
2461
10000
8267
7250
7078
12001
7984
8826
7706
2413
12504
10226
4170
7034
1751
6267
15721
7879
811
9901
10087
4056
13563
2779
7458
7549
2466
7057
7715
11626
1475
6306
7529
14305
1431
12606
10400
4034
5727
6186
7691
6325
3071
8274
12220
2390
4613
10597
13263
2605
2588
6258
10892
4582
8512
2342
2745
7045
13794
10105
1777
14139
1705
14913
15231
9799
15922
12567
3104
8611
572
557
12373
6773
1927
12523
11493
1979
6499
8014
2735
9936
11416
15013
12812
7453
1656
1078
2128
5976
14651
13581
12891
16161
5342
9215
11213
12730
10031
16095
5826
1882
11024
9576
11827
12348
11766
391
9544
10765
1994
8716
793
15093
5659
2802
15308
5512
3356
8222
1913
7794
5688
1406
15763
9127
5429
2218
6947
13335
8790
15892
12650
6263
10243
10437
8719
5170
7802
4341
7694
11054
4178
9577
15132
12161
15202
5520
9271
5795
15745
250
14820
5744
9070
14529
10585
11161
11596
9050
1997
1160
5424
2090
15000
12674
14965
10907
7434
10009
12011
12869
12748
13479
10692
326
13288
3926
15341
14704
951
7683
12340
516
8937
5901
16138
10062
302
12522
2044
3533
2717
10706
536
14354
6146
9293
16204
14711
3380
4835
7933
1458
8828
11880
7001
12241
5043
6514
4124
2381
5654
1263
4289
4614
6999
7328
8105
12844
12452
11290
5063
15396
12171
2154
13732
5389
8503
4010
5711
10632
8154
11400
15030
7500
6612
2769
248
12726
1391
2250
12728
15358
15350
8346
1769
11281
2927
1676
8749
3619
1239
8436
11762
13216
9027
7171
9573
1657
16023
870
12392
6866
315
8823
11713
13192
388
5867
152
10393
9850
14243
10642
7951
9008
15556
2851
2100
12164
8382
10550
12394
3993
15547
12828
8534
7467
15124
827
4567
15619
16247
7079
15210
15976
14879
6496
13104
14226
5760
1606
13621
15123
13591
6788
10990
10102
2273
2275
13610
2340
2041
7878
2580
12411
13788
5485
13302
9365
14434
10818
15747
9716
14670
4963
13337
3951
12409
8511
1879
6529
12765
10681
14507
887
15752
4883
343
14032
14614
2448
911
14064
14038
11956
16218
1899
9108
12524
4653
179
3127
14578
4298
5012
7772
13474
10269
11519
11517
9551
9872
9330
649
14503
7671
4057
13174
10144
15474
12640
5636
15286
6021
14066
15612
12022
6563
11967
6522
11901
10527
6254
10822
453
14929
7603
14303
16041
10411
10775
6303
12168
7003
10001
1781
15879
3367
13554
6691
10779
8736
2190
14487
13478
10149
1949
11841
1973
13025
8201
10885
16381
13653
5932
693
11253
9844
6211
9731
7413
6494
1029
9918
969
3590
4085
15302
8633
6329
2133
3453
5345
1772
3956
1990
2506
14783
7360
9357
7157
15479
3653
4831
14367
8669
7456
8830
6094
3773
11667
203
14698
8200
13537
4382
2409
8240
14544
3299
10859
9720
11878
11672
12160
14328
14754
13172
23
7424
7729
36
8831
14372
5199
97
3839
6934
6010
12326
14337
13251
14311
8570
6548
1086
13890
12234
16175
6656
1074
5547
9657
4062
1385
1726
2643
8326
13102
13706
9299
6705
1300
11834
5689
14029
4854
528
2970
5670
16105
15601
6506
14573
14085
5661
11933
11651
862
11454
4679
12694
7323
1132
5545
1077
6853
4261
5768
8423
9123
6323
11271
575
4091
7293
5160
9584
13519
7036
16031
5233
6626
4786
9853
1104
14567
4973
13927
10832
10227
8394
5739
15700
1483
12548
12644
9952
8259
11092
13961
11695
11220
5985
857
10063
3412
4568
6956
1093
10863
1696
167
3512
9175
13475
3473
4468
14954
13369
6622
4405
14777
12096
2069
1179
11949
9106
10736
10951
9839
8732
12087
14699
14779
13908
12056
12837
12143
1636
3400
9016
10451
7759
881
10047
7393
8879
7756
12847
3743
7231
7121
191
9417
13061
8358
3570
6436
13363
14948
13845
13055
11425
16291
6101
4342
991
8848
9973
12556
2031
8178
860
14395
2910
13110
8053
4569
7585
9142
9624
15029
6484
15641
12708
4839
978
11602
141
15991
15583
10557
7880
1110
10048
11295
11108
8803
256
3640
6396
2644
14956
8682
10841
9789
1619
2975
12131
7367
15632
309
5282
5096
16280
16022
11289
6909
10088
11862
8612
12808
12127
2403
2114
14598
3285
12493
11741
5322
5141
8059
12439
3800
4354
10953
880
16132
4235
8500
14653
8910
13367
5209
13011
12230
10250
678
3696
1030
11635
15933
7987
6268
13624
13256
13483
15677
6275
5870
15543
817
8218
7147
11801
12872
6482
2653
10691
14152
6423
15258
15961
1386
5758
10702
3066
15427
12602
11968
8341
14832
15784
7990
4584
3020
3201
5875
7881
13348
6041
14982
6420
15512
12124
6983
2750
10136
1162
12084
4707
14804
7309
635
9578
14762
4820
15851
2590
9752
6608
13099
4848
13013
15990
15191
8265
2612
11575
7242
15364
4551
4934
2493
10132
7069
12356
6315
4262
7236
8973
7738
8350
9606
4300
11294
2963
5019
2572
15114
6184
11321
6301
1276
15848
5238
1238
12833
9911
1733
7989
15645
1096
14020
497
731
9678
10726
4055
14849
1369
13046
4970
13332
6745
7629
5931
9748
15170
10069
10625
11578
5677
2246
2228
15182
2394
1113
12999
305
1250
5403
13941
6463
3814
7481
10819
10357
9659
14197
4486
13785
14696
10660
9194
14181
8442
9347
14331
6754
10766
187
6447
15659
14474
11681
12984
319
14375
1560
1812
6302
225
6244
9786
2953
5476
11115
15873
15690
10534
8205
10580
13679
11645
119
13644
7063
14458
8361
4347
15686
13921
7210
7201
10481
5972
8020
1793
13692
4106
7901
2113
2239
4794
10174
8517
13981
7225
13265
6163
8493
14264
5018
6098
13228
6734
3277
13257
14355
2327
5653
14921
6470
5169
1962
8003
12442
14624
3282
1811
2405
6074
4321
13116
14864
1350
14320
10815
16178
15920
9838
2279
11887
13677
1357
5871
9464
2117
1963
14412
13572
14853
9331
16134
3173
15471
753
14385
7625
161
12678
4624
8082
546
6159
8494
13389
10545
4266
3126
6943
11039
14255
15367
330
14027
11139
12228
12268
6648
9498
1770
12713
2408
4791
12219
7875
545
1373
14540
15897
15825
9745
7212
4221
5853
12675
11866
4837
3341
14797
5320
9394
10652
171
4135
513
14530
15110
11564
10792
5681
11811
3958
3998
12826
6775
5329
12780
1259
2081
15241
1208
13636
5965
5543
2900
7914
9985
13026
15683
14634
16212
6865
1753
12361
1825
1610
15505
9978
993
7872
89
1453
15036
10160
13947
10323
11329
5243
14671
6328
14187
9024
12814
12453
258
4942
10425
6246
7149
3657
3145
3405
15295
14253
12532
13912
8322
7632
218
13343
1178
4333
9722
4137
15768
7521
9961
11940
2691
889
5818
6055
67
5325
12319
2816
3811
9618
2602
11009
10019
1443
14205
2129
6967
836
8407
4924
236
1016
4116
16285
3420
8352
11735
1314
14633
761
11924
9084
8420
12745
100
11029
5392
1455
5449
8216
3408
8337
6653
9897
15930
16289
7166
14166
15884
209
2249
3455
10939
15196
2827
4722
5638
8171
5232
16305
6410
1324
11102
5391
5319
15870
11706
10936
9348
13480
9392
4193
10066
1672
7107
10355
13065
14314
8009
12103
2326
13033
6998
15948
12336
1165
13347
4852
13556
8134
6374
8849
13806
3389
8449
4153
10619
4418
12368
4433
14646
14846
13889
6062
1816
2786
4090
12128
8182
10020
10082
15644
9765
13915
8628
7398
10297
5309
6544
5839
6825
12940
15919
12863
9411
3501
4962
15236
6231
16142
13795
3427
2544
5198
1185
6007
2167
3493
1687
10207
13872
15469
2651
12880
5507
14295
13222
5175
3232
134
7389
8911
2261
2714
4681
9908
15890
13163
15068
6685
6205
9684
7059
9487
3237
9762
10099
12061
12446
1527
1037
10705
11946
9629
12003
4509
4618
1423
14785
4892
6075
6461
12158
15089
7859
13931
9463
9733
5481
8715
6694
4580
4192
2369
3394
6912
14091
9991
15965
7303
11535
7164
12676
2464
8833
5799
8720
11982
6871
7457
15143
4706
3849
14050
597
12105
7051
11554
1471
10111
919
3952
16221
7004
7330
4610
4760
4803
15769
2596
12629
11180
14021
5427
10084
2648
2675
11664
13388
4239
668
4801
15770
12963
13757
10022
9187
7422
6209
12338
11539
8777
15538
7668
11508
12753
7379
10677
1818
4147
14083
4087
1595
12435
1880
9266
6359
8718
2863
14330
273
5276
15794
15298
6847
9652
14457
8416
14575
14204
15195
7278
12402
7823
4843
9488
10139
15490
10948
15887
5524
5229
13140
917
2288
6401
1591
11044
1906
10440
13404
12562
5933
11874
2347
6394
5885
2088
9317
11621
10618
14938
9310
1042
4513
10341
216
15456
14056
1329
4955
4969
1805
7600
8510
11568
5915
62
14641
1600
14128
12525
15218
11491
710
1622
2808
10554
11015
2631
8571
15987
4589
1853
10319
8434
4688
13419
502
13709
14916
14814
16060
9968
7270
13603
1203
8169
4532
1264
12710
13029
7887
11780
14727
6485
6740
12774
15271
10782
9051
9093
14039
1905
7394
7688
11790
15267
9932
7820
2842
10371
6335
10593
5465
4281
13670
16226
2401
6702
9316
3869
7679
13473
8743
13617
9653
14845
6050
7075
9709
336
8340
9265
12855
7088
8636
2309
11335
8145
8476
8938
9940
7269
9672
12516
5003
5671
1537
16082
1835
15340
5324
4490
15937
13589
5077
4742
15817
4479
5531
576
8978
16056
8088
7614
6381
5405
1666
5893
9372
554
15883
7574
5162
14327
2286
15858
6785
10198
15403
11829
90
2213
4366
759
4270
3431
2459
7150
3029
13200
12928
9650
2630
3223
3089
4078
11835
12985
5995
2315
6363
826
14563
5925
11239
14446
14224
3276
9349
2244
6347
9030
6988
10418
7407
2194
8781
4383
13650
15390
9202
6262
5451
7681
12682
268
10423
13447
2642
2166
8234
1577
947
11381
5696
6478
6168
9154
7011
3043
7310
9560
2744
4436
5516
1137
12248
8976
4694
15904
4777
610
1103
11061
12947
486
13959
1575
14884
2093
11509
12288
13515
1694
3012
3931
9446
471
2500
13421
9972
1976
6837
10897
11928
2178
621
7405
3228
4596
3218
15960
7726
2416
6153
2870
15400
2038
5123
13966
1224
8362
6433
5767
56
14428
3148
1804
9222
7419
1017
9318
12614
60
1286
1959
5876
7428
168
16140
14592
1580
13464
1356
7925
8556
15869
6045
6895
13241
267
2713
13298
4821
6464
7191
16337
322
7133
13063
12914
13922
13673
11439
3382
6820
5568
137
11986
15943
4553
11023
9971
452
283
5724
14893
1790
5279
96
8123
16274
4145
10430
4997
11708
11134
7817
16304
12204
2991
15163
7695
9042
14700
14675
2135
8977
6829
767
1525
6013
15080
14155
11955
6360
4071
6945
10021
15265
10555
9613
7354
2027
3159
14809
5613
15983
8284
12447
4752
7190
10
6488
7986
553
6284
4220
6739
5008
3353
114
3482
6418
4996
13413
15097
10439
2670
5888
11855
12075
13166
338
7112
4423
2520
14440
7154
12933
1616
979
1953
15735
8257
5171
1988
11075
12215
7194
12737
6020
15649
15291
2917
15726
7586
5892
5307
3537
11173
3045
8956
1459
10251
13733
10214
16312
5107
9139
11603
8114
5187
12182
10004
13109
6504
9438
11656
1204
2977
1381
14649
2516
7651
3293
14284
11126
14239
12788
297
7975
4455
2856
14686
10238
3972
12081
6285
14678
9289
841
11634
11856
311
7654
13426
5971
8022
5588
5281
2703
2384
1344
2431
259
6319
6802
10245
10581
5802
11339
11776
9440
4960
5738
2715
7839
352
8251
12185
11318
14818
9218
269
166
7357
13182
7469
10474
9322
14776
5035
4637
13125
11622
4588
13634
7258
10927
14808
6850
2240
15521
9180
433
5623
16101
9059
5401
12502
7496
13342
13837
15113
7643
9495
150
13128
6695
9437
804
15544
11465
7728
8583
16120
9725
4729
875
5850
1929
3109
7215
9787
1449
8392
2962
4978
10492
13081
584
8228
212
14749
8351
14343
4018
14479
5923
3524
14163
14527
7773
4530
13352
5905
6528
15518
8863
1363
8704
8940
4859
15494
3700
2454
5550
11272
11192
6064
7939
7304
5745
7992
8091
16128
1379
8028
10798
4119
4309
819
3793
7732
16172
653
5559
1524
320
15177
8173
12441
11833
10409
165
1685
11182
4911
1967
11818
1866
8072
15762
9335
9707
1097
4906
5263
11974
780
16141
15486
14667
8180
10193
2282
2948
4898
14663
1243
12887
4629
12690
4793
10308
950
10466
11373
773
12604
8873
12265
4198
1198
7495
8432
3778
6524
3406
6641
13548
2482
14971
14256
6589
6743
6364
9191
10679
9829
11149
10874
13759
4870
8761
253
10500
3928
11462
7977
15048
14900
10524
8490
851
11511
3620
613
7948
11777
1015
5754
14310
6628
740
2525
4499
1091
12638
14890
7857
14616
6958
7774
13568
6831
815
3591
15881
15229
728
6668
16253
58
8080
12485
7657
4255
9258
7315
5165
8073
5900
5891
9531
2814
1445
8390
9480
19
1611
1779
8946
15432
11027
1533
3701
8544
10484
14371
657
16240
4095
6518
12275
8559
8731
13283
16159
5179
4241
7642
1893
5136
3059
9251
15064
12615
9704
10975
891
12857
13549
16220
9882
3894
9198
10844
12432
16324
1690
9781
3652
10684
9533
2920
9410
2138
10899
9339
14823
4684
6657
7436
8068
13957
3021
15563
616
8701
9906
4273
15425
1118
10345
12107
8398
1339
8883
2864
16307
6370
8220
3414
3821
254
2838
2661
3418
13590
13585
11218
874
1161
4658
10479
2823
7505
13368
2736
1554
15591
7830
7395
16219
4838
15368
2234
13087
1058
7104
1476
6371
15102
13357
6380
9414
14432
9785
12685
14519
10337
10980
10840
4038
11137
9927
5652
9507
9766
7397
12601
14533
14690
9214
7203
6286
2503
1530
14198
7047
8019
11341
12834
11773
703
9153
9802
13722
3733
11975
15015
3366
10064
15328
2139
5295
2839
3900
10591
13105
16127
12251
3554
2376
12899
4195
12581
11530
7145
1907
7827
4774
14931
12488
9993
5566
3674
6769
13476
9442
4292
3842
2924
9427
8709
6815
7670
2916
3529
957
960
5855
4275
12820
8623
11886
11644
1225
7541
1808
12379
1895
14201
7644
15984
12569
13036
5411
1875
7781
210
13415
13952
12031
5944
12729
103
16026
16375
3359
15610
8122
6716
6794
1881
4747
4291
5797
11358
10795
6645
5341
7113
636
2597
4744
8329
355
8509
5676
11877
5388
15772
11960
8029
3157
955
11671
430
15549
3970
9827
12231
8767
14101
6178
10256
15183
2160
4421
5040
1240
4385
10266
2840
14615
14924
2606
6678
6235
637
12592
9979
7493
9916
484
1140
13401
8064
5134
115
14695
1366
8651
2833
830
12892
6248
6632
10672
9662
9155
8204
11797
11779
1436
729
11683
8165
8868
15941
15792
10477
10298
10947
4527
11694
15917
7944
7676
11468
2344
14041
989
9857
11606
15332
16169
11952
239
14672
13287
3971
13280
9631
8224
15175
8593
7610
2522
6238
11786
9634
8317
2419
4159
11224
878
1564
12279
11307
16131
9196
164
9277
3399
10689
4677
6835
5950
15720
8090
64
16241
6922
13534
3205
6135
16366
1975
11210
5814
11978
14918
9283
8128
10940
2655
13386
6856
307
15657
2039
8359
14705
9371
15685
3410
6425
5284
4396
6792
2304
11850
16263
8067
11411
15222
1655
12430
2266
778
9090
15076
11609
5045
7260
10945
1303
12456
16000
487
10926
7391
16156
3796
6150
5641
3345
15424
1473
12960
12691
3810
12153
10203
11175
10275
12909
14582
12007
547
3633
12955
11359
5763
11312
4931
9938
6753
13403
11531
12743
2943
12200
2111
9028
34
1416
2577
12806
7591
16299
3428
270
5714
7010
11127
8179
3122
10563
5139
13710
14922
4148
14516
15017
8603
10997
11236
8499
16047
8199
15465
3726
7973
6795
8738
3587
2749
6980
8644
14340
10156
16006
5589
6807
6059
13531
9474
14966
9543
2434
8307
6144
3627
1985
12529
2672
12189
7031
11380
426
9503
14058
5669
7768
10700
13680
4920
9017
8391
3120
6658
7179
9960
12014
1196
3264
9152
1092
14024
619
15931
5513
550
12770
7396
9206
5032
6287
6318
687
15042
9931
1855
4992
10785
2685
8721
4923
12495
11443
11625
4368
4313
6834
11479
4370
11826
14202
10309
3254
11665
4600
11376
11105
8528
11444
14588
4516
8119
1094
6225
7080
5708
12296
14742
14399
15511
13578
11654
2933
8233
10469
12321
3174
14709
12712
8763
15006
1076
14094
14260
11401
11726
5813
5968
13584
10049
12596
3966
13107
12157
10118
11432
3888
9158
5487
12223
769
4780
6441
1071
9696
4311
14546
10984
5702
2595
4419
7515
14317
7655
8348
13997
2082
10285
3829
10350
12637
5097
13428
7725
7245
1142
3180
10701
15045
14880
14618
11750
13551
9769
4693
13143
5986
10385
11752
8621
5021
11746
9639
10992
9870
15426
12233
1402
13379
9843
2303
7172
1692
1799
15586
15506
4043
5776
5595
10676
16053
11004
5665
8477
15803
3419
15650
6040
5936
12076
14906
6498
2440
6915
291
10710
7430
6801
14110
11230
16314
8363
2397
8379
15609
15857
1507
3128
11377
3813
10168
11895
7906
11067
16350
13752
2730
1176
10505
12912
10216
12797
6434
288
6525
4237
3769
466
9230
2425
10717
15394
3551
2766
3844
12052
12041
4957
14599
12956
797
7444
14782
6157
2992
5778
9834
6386
5184
8959
2349
12916
9297
6038
5181
2771
1234
1810
10059
9701
8488
3511
11006
11132
12398
5033
8613
2004
4251
2673
12342
5683
11480
8742
14392
8602
1626
11273
6087
47
7369
7897
9847
3870
13501
10076
9568
3100
7761
11803
15841
13956
14026
3060
2439
14984
16283
6206
13507
11932
11805
12479
3294
10933
7813
8321
5657
15171
12397
15573
15880
8584
15275
10201
1087
1288
14896
5214
6659
1702
1112
11118
14643
11315
14631
8922
7319
5518
6443
6324
4158
16036
5701
2147
15624
14145
4219
7737
3763
2156
787
12372
12840
4232
9355
10154
2825
2263
13656
14433
13162
7646
1536
11304
15436
6916
1678
1883
2432
3333
2815
1130
5610
14656
2502
9818
6486
6043
7867
15876
7680
16148
4139
10025
13792
1704
15934
1942
15986
8896
8071
5061
3286
3163
15277
6957
4540
7653
15226
10950
13573
12598
11426
10438
569
5340
4216
15539
16360
5812
3649
762
10932
5878
10005
4393
9421
15724
15517
5746
800
15509
1412
10427
5200
6918
6543
15627
5218
11246
5602
5756
10887
11684
7288
5289
3920
105
6660
7292
2721
3095
13466
3442
3086
400
13422
10325
15566
7943
1201
15775
5781
3072
6913
8604
14240
6442
7744
3185
1360
14280
10612
4765
7535
8519
9404
12198
1581
14134
7561
5256
6472
8455
1870
1433
7321
12126
5221
9340
3386
14351
10802
72
3378
3780
10445
10842
14970
14125
4187
5794
15204
3448
5387
3963
2586
1470
3301
2847
2681
765
12738
3500
11830
1367
14153
2620
232
2062
14655
9636
13720
13639
13695
12079
12468
7032
11636
7895
6002
14424
10843
3485
5210
7876
6346
11700
7930
5544
3838
4023
861
13461
8885
8011
9441
518
6006
4810
510
8021
5208
10470
482
10963
15238
7757
8315
6308
387
1567
592
5323
4070
3905
3409
5049
9590
12996
3462
10322
9149
3683
9386
20
6838
3687
13286
16317
12537
13204
14213
5177
14574
9886
16278
12281
16293
1413
13858
8953
4616
7053
4435
4541
8290
3509
15926
14060
2231
8141
7540
2817
9761
10522
2357
4766
4411
9921
8844
12249
7891
16144
7336
4494
2278
13676
14617
7639
6008
12259
4294
12242
4981
12209
13399
11282
9667
4933
10080
12490
10853
11255
3296
2212
3729
13965
2789
9831
9354
2988
12942
12552
12584
6817
4828
5806
14127
13089
9309
15314
2628
10290
2674
9858
6931
4364
11128
13964
11316
7199
14080
189
3544
12399
6138
15237
12875
11496
4211
1260
15799
14360
13285
6469
6039
2980
14559
9878
12594
15629
9743
791
3692
2415
2528
8419
4054
8376
11828
3307
9842
7033
1529
1863
7882
3612
14669
118
15877
14902
3973
10981
11710
4210
15855
10498
7448
10805
4414
16145
14174
11868
3470
5833
14713
6652
3325
5074
8630
8456
10611
15895
8303
7117
1099
7584
15289
195
4916
12624
5577
9370
11482
14647
11033
11504
15631
12489
7935
10455
9088
7013
13365
15482
14445
12683
8085
5062
375
8728
3483
14513
8505
325
1630
1660
4882
8775
937
15736
13090
4964
4267
1807
5792
8302
13380
8825
16107
4832
12039
3872
11119
11783
9054
9646
9859
15928
15361
15212
14381
1627
3930
13455
14065
1954
12179
3513
3863
7667
6863
4336
1765
10410
8964
8987
15021
8018
3457
12419
139
7682
1551
5764
7868
1463
442
4073
12881
5765
15417
5298
15581
12582
14098
5899
1796
1301
15979
4373
3899
12462
5866
8266
3606
4112
10441
12779
2443
9256
869
7509
6452
6568
14196
8801
14308
303
8900
12287
5030
7616
8942
10835
1055
9797
10919
1375
10379
5473
8047
7888
13601
11918
3152
8931
12696
15044
13360
7866
14731
9825
15905
15805
13485
6134
2923
893
11177
15587
9276
11258
7516
2378
4028
11471
7169
5593
9951
6884
570
9699
7765
6979
12337
7784
15975
9056
7093
2161
5373
696
8843
3033
13704
12285
15355
15620
13197
16104
15849
13821
7512
2629
15605
2946
12576
882
12074
1548
5751
13101
6492
5909
11627
14437
7701
11954
8338
8572
15896
13311
11676
10046
8008
5873
8816
7918
3576
7429
10812
46
6400
1714
6078
6088
13012
1228
5489
8210
11046
9282
8835
4897
11769
1495
12357
7917
7273
235
12742
12948
9514
7000
1307
4857
1559
15699
9223
13754
10338
12908
14467
4549
10405
11440
963
16281
5126
6121
5142
6353
2492
9756
7747
11197
4283
1707
14052
4123
5957
13327
12827
10463
3976
10830
16233
480
2301
14049
1121
2582
14694
2165
5705
9172
10152
4128
11765
10127
15882
292
13
4179
5253
5960
11000
13982
9994
485
11165
14946
16348
10389
7638
12232
12835
3056
2140
6175
8522
13924
4919
11191
11242
15468
14842
1572
15387
5854
10737
3995
4844
2725
10083
10504
3
15090
4666
1270
14726
14117
13553
6476
15323
15789
3113
5509
8729
2985
5140
10300
13215
9726
7130
4129
997
7492
10167
13869
12450
11160
10547
2059
6774
7471
10605
4299
4097
2591
121
10674
13787
5455
10961
2171
9095
771
10888
12395
1326
6682
2514
3797
10125
10391
10923
1330
585
9645
10073
14837
4845
10150
9381
11460
13595
15821
9270
15807
2271
9622
7730
828
9534
10794
14102
9119
15575
377
8537
3245
1602
1108
11494
9836
14697
3398
14111
10540
2791
5327
7196
5755
4528
2268
4865
14584
14627
12413
7548
7485
15520
13991
3964
14192
1164
9455
15101
15970
13714
6533
13098
5369
7647
1512
6260
1633
2569
3435
5897
3273
14471
12415
2336
8754
15338
8327
13511
11775
4888
12156
5352
16296
987
6666
13384
11393
13219
4295
11492
3107
13612
12901
12911
11962
4186
6460
774
15907
6530
14692
15946
5720
14798
13808
12213
13950
4599
4304
1462
3009
6500
6593
10100
1154
14126
10407
10233
11536
12794
264
13349
16382
4515
10496
10181
6984
7204
3215
5158
8232
5240
10523
6526
13898
7659
6989
642
9284
2251
11870
15982
15173
5068
6320
14642
12905
274
14581
16228
12727
9383
11760
7247
10257
6274
215
1681
15780
9977
719
4819
11970
11243
12799
6728
11453
2952
10006
9760
10035
3854
5127
11446
7910
13396
6217
7024
14421
15197
13336
11728
11229
7313
15523
7782
13508
1048
11483
16210
14017
8955
3376
12235
11524
2645
376
1983
5726
7042
11073
7378
6054
4501
4061
16343
14637
8038
14450
5090
13375
4597
11892
2584
15493
12323
14218
9062
1889
561
11169
12964
6011
15704
3430
6428
11003
3154
8484
9085
6936
3338
1253
5974
10457
7845
7207
4505
1951
1803
7982
12289
7358
6609
9860
12099
13691
15038
16151
622
13225
11219
12225
16017
6867
1667
5979
44
473
12907
438
176
15528
8622
12115
9980
2463
8474
3248
6368
4531
10394
2649
5484
12749
15969
1024
702
8069
10876
3887
13815
7733
14693
15335
4430
4745
12953
2585
5234
1157
6200
5248
8061
679
4500
3848
12345
208
4002
747
13094
3907
8993
3057
13408
15040
9557
2796
10656
4264
12314
13014
15727
4224
15268
14468
9402
7713
16153
5699
14291
4470
12377
16034
11001
2812
11512
12687
15968
10811
12180
8935
14407
3397
5703
11070
14687
6861
12639
5202
13988
3081
3542
7841
712
8585
1670
3602
12260
8314
490
4893
15996
9718
14037
14680
4594
7684
8521
3354
14977
7557
15330
5504
10347
14904
16373
4464
8475
4369
4689
6793
12004
8538
5718
1759
3949
8150
8230
8785
6489
4371
16208
3787
15576
9779
11589
6261
7920
3112
7160
13052
13321
11366
7886
6193
14140
5026
5121
127
4308
1003
2314
2046
9547
3764
8821
4258
12154
7246
9846
12141
5582
2417
8099
4459
3058
3933
9396
7382
4958
11136
2238
6113
14531
13171
478
3090
9686
16110
8001
14079
12236
5735
4492
8607
8923
10164
11014
6069
4234
15702
15737
15872
1673
15307
9728
9642
7700
10577
1222
7280
14975
2132
3634
4520
12053
3605
15711
11364
16126
593
15673
6228
1970
9875
13753
14040
3172
659
10085
15682
12334
10924
15464
1109
14969
4140
11546
8186
11543
9261
7276
2824
13582
10731
7619
2084
2437
4276
9969
10137
7934
1553
9000
2363
2561
5712
13659
10634
12092
1440
2615
12038
14710
16310
13954
15070
9345
15487
13894
6490
8270
12284
5882
9294
4122
11217
8520
15703
8380
15370
14799
6713
11815
11325
15502
12528
8933
10091
1797
14962
15900
5378
6092
14874
782
6959
13541
3514
14422
8448
6842
4036
3890
4825
15292
12565
13127
13048
2793
9436
4318
10255
11096
13882
16196
10501
11764
4743
5728
10213
10646
7524
15043
4953
7331
6749
16135
9067
10030
13407
12407
8690
11526
5648
14120
10173
9069
2175
13123
9125
9105
2112
12417
14057
3695
13766
9352
13456
10377
9774
11929
14185
11293
13877
3175
6160
14453
5844
13674
959
2106
6220
13377
12436
8213
3851
16231
8698
2754
13176
12868
6708
15914
13675
15833
6201
4303
8914
9793
13086
5731
12470
15152
12109
2295
15594
15180
4708
12467
5894
7637
6351
14043
10922
8007
10157
12792
11864
9375
1409
9915
13781
13184
16174
7440
2498
281
4769
16193
6523
12258
15440
14562
6765
7332
13018
6430
11475
3099
4792
7579
481
6414
13364
1467
12318
7487
16146
11734
10070
6173
8735
11345
9905
14093
15377
243
3558
353
1845
924
3222
14334
4564
15526
16335
13385
15654
12383
2491
7716
1025
15916
9694
6566
16052
2042
741
14976
14362
1518
11296
2556
2511
10128
15889
16353
9058
9226
6316
1246
9677
2919
3922
458
13885
9770
4592
10417
16155
7490
16067
9832
14600
15134
583
8695
1604
12226
11873
14116
9246
13224
14349
4497
7537
10242
15421
14967
1156
6927
12117
4868
8994
4214
8968
15035
1195
9079
15734
15906
946
6283
2329
7224
11031
6880
2614
11270
15034
16050
2422
15551
8242
10276
12070
13900
2086
15485
11649
14662
10259
2937
14590
1815
13043
11248
4547
15534
7530
2536
6985
11156
10419
2515
9791
5874
13051
9608
5102
15925
12197
6703
7656
1274
8814
2233
2497
3586
7807
13007
7387
6786
13420
14564
14216
3239
7593
8318
4926
1605
8588
5788
12072
13304
12917
11824
4284
829
6137
2993
16323
9510
5761
13351
15420
519
7556
873
5842
4478
3008
5549
6991
11433
3110
10225
5622
9168
5250
13045
8804
932
5247
4441
11056
4349
5434
1766
6413
1912
7030
7631
783
2526
6369
7518
8459
10606
3114
1982
12149
13309
4855
15065
2064
13974
14917
14786
12599
2699
1661
10016
12426
3076
14222
7506
15461
16058
3560
2752
6365
8496
1930
3016
5231
672
5426
6561
1505
10329
3495
9367
5872
12848
8915
14953
8979
15179
10738
15406
10147
6637
958
6961
6650
8404
10529
4967
10483
9350
7788
11845
701
16013
6049
11386
6165
5646
4400
14861
2762
11507
8869
15580
3967
12839
9919
7423
1544
11477
8057
8046
3744
14069
12563
4664
6012
8006
10176
15636
6475
15201
3278
11361
8058
5174
12042
5620
12290
6090
8263
2820
3980
15012
15174
6977
2881
11351
1352
13623
16072
16063
14141
9541
7486
7111
2382
14207
1910
9673
768
16163
16168
7577
11340
1278
10294
10178
1388
12098
10938
1795
15949
5502
4638
11022
12064
9280
107
5621
8691
630
12352
9103
15430
10878
10263
16287
10374
8671
15305
10780
5737
9496
2790
8810
12400
10384
13528
3193
2716
9548
1641
111
4012
11
10911
12343
12499
14881
9676
12165
3287
12029
13329
7946
2359
1466
16209
13425
5626
1756
8514
204
7261
5039
12274
3868
847
821
13645
7174
6886
12786
9497
1010
6223
3741
13973
11910
1189
11395
4714
4731
298
290
6706
10161
11346
499
7163
2438
10962
13848
6444
7478
14625
169
5555
6910
15600
5734
13465
16301
3396
14484
15954
9610
3613
6970
13743
15293
15266
11183
10643
944
13106
13611
801
4290
2804
1044
962
7546
13395
6112
5383
7205
14241
4788
6086
242
7797
11806
6597
12425
12578
6963
13602
10641
3767
2829
12535
12667
11582
2680
818
11909
9898
7927
10397
7554
3381
3212
3192
14794
9750
7952
512
12645
9419
15864
8838
13310
14193
3549
2470
14652
6345
12451
13502
9082
5743
3078
16259
9845
11677
11902
14838
12167
3628
13318
12796
15385
2574
9711
7365
11382
8305
6558
9681
14292
13170
465
6748
10944
7182
6575
2457
10460
13702
662
11579
10518
9430
9173
11983
16049
11637
11763
13016
9719
10115
4705
1192
3909
14004
10221
8516
1763
9515
13191
12106
11117
9197
2780
4535
14991
4243
752
9506
15296
7903
8041
5315
2015
3444
3179
2669
15992
1644
10414
15167
9949
15614
13020
8106
16187
10996
11669
6516
15658
5534
3426
10586
11729
16091
13874
8336
10904
6781
7621
2698
7978
5810
10748
13181
11624
15491
7099
11732
4348
2126
7161
11324
14124
12457
4727
13491
1265
14398
13445
5914
6697
7758
10767
10905
1896
5273
11209
1877
15283
10420
14229
6119
94
14106
16147
15079
3866
10067
11190
1659
14006
1576
15643
6336
2538
11035
10796
8288
16048
45
10023
850
1011
8273
9201
15312
14500
8208
15391
1066
4555
483
8985
14219
6696
7437
13544
12291
11959
8470
15250
8774
4172
1399
1556
2399
8654
5261
9285
1102
10277
13727
620
13356
382
15009
11756
9607
879
3001
11394
16057
6973
11066
1408
8581
2337
12783
12526
16371
12706
14148
14772
3189
12358
10978
2705
1497
8949
2922
8371
7578
7766
10712
11378
6051
12396
7776
4398
1778
1257
3206
10664
14084
6699
1219
9210
14556
2102
14463
14408
8969
5857
2436
3407
10268
6300
8543
792
4498
8506
15404
1439
1383
14249
9939
327
3247
11639
10443
10740
6881
3004
837
15525
11549
5907
11164
3755
6932
15582
1740
14496
12515
2179
8902
691
4988
7569
5132
15771
13547
10415
11095
1635
16355
11685
1785
10697
4950
14238
9338
3461
2819
10810
9729
15561
10567
12278
12739
7843
9826
10388
5929
13831
9703
6095
6111
902
10750
2079
7178
1175
14835
4233
586
2560
8445
4687
1621
16197
11319
9754
13282
14873
10626
6617
16143
15707
9099
8549
14368
9930
7312
5262
4218
13129
8033
6194
16086
3083
964
8734
1510
13575
10682
4872
8120
4546
13138
3948
14279
884
11944
13296
8741
12731
2418
6891
14623
9868
4143
11753
5167
5332
10976
3801
9809
9434
15592
3268
5161
15944
15750
6818
6310
9925
358
7006
5619
10696
12315
4524
2080
15787
15932
13429
14405
15463
14396
6142
14550
6125
2177
1521
4917
347
3133
385
6314
5817
7983
15537
11145
7364
4144
4076
10151
2487
7271
3846
6534
10262
5215
4044
4523
7086
1637
1776
10120
12305
37
2215
11058
4113
7598
11817
9767
12369
9887
8402
12503
11793
13897
11457
2862
15546
8164
6161
4659
13194
7411
4437
5581
12026
7602
14341
11908
6686
14539
8643
399
2186
14460
12195
1347
8255
5583
12455
7780
12991
13712
4905
10381
7089
9546
3497
6869
1695
12055
4603
160
14926
5000
7727
13503
12943
11894
13316
9049
13886
4798
1802
1468
8963
11553
3818
9243
8591
4703
4885
14
10175
11143
9734
9009
15094
4272
13629
681
9053
6826
928
7980
7300
12320
13513
276
4162
10678
675
9327
2877
529
4339
11963
9078
245
10050
13867
13729
38
9648
5949
14441
14236
6976
14524
3355
11138
11223
12877
15952
5386
8478
10026
6109
15246
2805
15839
3171
12921
4829
228
8025
7020
7066
2252
5835
4118
88
2918
10930
10857
9302
1908
8619
11784
13625
13231
6376
3936
1268
351
4604
14829
2248
685
11798
4319
6944
15438
16055
7345
14645
7999
7181
14869
10817
4240
1501
7168
2727
10208
12626
2806
15595
4353
2019
3540
2016
6624
15069
6077
10986
12210
10497
11189
15598
1956
13842
1035
2901
10363
9688
10129
13980
7281
10855
14577
5570
13041
2731
146
2077
5463
13370
4984
14289
10965
6449
9479
1251
3903
6017
11608
1135
8202
8786
1318
1335
16313
10314
8319
2374
14146
12437
12325
71
2989
12146
9304
10813
848
7931
10096
6208
3183
7206
8256
12130
11166
13132
8311
10630
11704
8453
1111
5675
10387
11993
1520
16165
5088
2831
13928
10094
13118
2557
13229
9458
5135
15
13565
12652
11412
1435
2495
8996
14478
5407
15357
5013
12484
15531
4824
16015
5879
5047
5998
7795
15039
4536
16109
11875
3624
233
1323
9865
4709
12591
4952
7222
15765
8881
8289
534
3069
3260
8808
9224
6675
10375
2753
1869
11733
4826
5539
15129
12261
10576
2428
2517
6026
14743
5113
6402
5053
13822
990
3032
3503
6625
9685
1013
13160
2085
7235
8244
10531
3006
1715
4439
820
13960
6120
11331
7936
16215
2512
14587
5300
8991
3231
6391
13517
781
10502
10578
11965
12329
15773
12239
6771
11727
7473
3132
8463
3255
1085
15753
15198
6996
708
8304
7135
8332
4307
594
10058
888
9126
8753
11701
4521
4526
6890
2146
15838
7183
14854
9903
9706
3144
10600
8997
11129
10163
3906
2366
2345
7922
3395
790
15046
3097
7019
833
8084
12611
8241
5444
14839
2890
4529
5499
3959
7547
12412
10973
7463
12867
2955
9997
1182
9943
7076
3352
6424
11751
11153
931
1509
3885
4488
4755
5716
3878
11781
11121
12519
1231
12724
4390
4379
530
12389
15118
12359
10594
15366
14691
10288
3646
3828
11060
6025
1365
10937
11678
4252
1915
2542
8148
2994
4427
10572
12771
4682
2360
10685
0
10306
6070
858
6950
4739
14899
3617
7259
6343
9529
15160
7570
6942
5967
6879
7612
2045
10979
5023
12849
1336
6080
627
9671
2547
1894
11558
5865
16070
13800
6073
14791
8417
4401
11799
8780
2778
12973
1067
279
15235
7862
11595
1830
11921
11711
1131
14283
2404
12262
2131
219
5280
1742
15679
8062
10068
3298
15419
12634
12346
10773
2189
13744
8541
15791
9098
1273
15797
13165
11891
1079
9744
4720
5574
13294
9616
3340
3618
3188
5920
4022
15972
13902
15981
5066
15481
14217
16021
3084
13930
1126
12057
12625
11767
1614
11647
1589
11619
13994
1188
12482
8296
3770
420
12653
5530
5421
10793
12060
11709
15909
13770
12700
9690
11090
8096
3643
8486
3044
11429
13002
15441
9655
5523
10398
15472
3716
3217
5347
14143
1837
14268
6515
7008
2570
8252
9368
15382
472
10530
1540
10943
15200
3680
12391
643
4327
4302
15052
13498
7742
12895
1919
14824
13167
6154
13440
15228
3738
15785
1849
1528
12196
7162
10891
5046
12122
13423
13560
11905
8634
14046
14923
13411
6679
13004
14008
6416
15874
5908
13266
3385
3047
2904
726
7452
10633
10217
4442
9876
12066
4977
13208
5955
4046
1709
9609
12709
16349
8176
14610
9360
7022
7871
3365
10196
6366
1214
8127
9967
3458
625
4416
3251
10090
11991
5334
11360
3717
15025
7532
8757
11831
2836
7356
16376
4208
9220
1771
16084
7661
14983
5483
15540
8702
10444
3765
12976
6680
3855
8962
8836
10772
9146
10584
3445
6191
2706
6481
5350
9597
11889
12102
286
14876
14909
1721
2534
15744
206
7060
3234
10432
15749
7840
6978
4846
13839
13923
9753
648
2835
14841
12148
12472
4110
4995
10519
10321
14758
1545
9193
12558
5821
6030
16045
2334
15845
4051
505
15186
2322
12184
11421
2563
15823
8175
4249
9039
9361
14555
10747
15733
145
3339
3327
4506
12191
10033
15410
2878
10442
5299
14532
6567
15967
14789
6517
7640
48
14628
4165
413
7124
6551
15828
14635
3760
8172
9959
3507
2794
397
15470
9235
3295
8577
12032
9771
7969
16167
4783
9136
3852
7136
7835
10722
1293
9893
5479
5500
10653
2647
3904
4047
2853
3862
10123
5522
14703
7377
9307
15590
7337
8772
12416
2026
8872
7722
3808
4716
2578
6615
5423
479
1277
4314
15316
3721
9422
1638
4406
14067
6591
356
11879
1249
5079
7998
8755
11158
10273
14815
12758
2704
2148
3749
8854
9500
11124
12932
16042
8495
2389
5989
3999
14748
104
1496
4410
13780
10473
55
9917
13651
15706
13864
8752
15273
11537
2576
7373
12132
8888
656
12246
14070
15714
13768
10698
6438
3195
12988
9941
806
7519
8548
5820
3314
5775
12384
12120
13346
11745
14104
11585
8331
16256
10199
6966
2299
7217
7081
4429
2092
15674
4434
80
6684
77
1862
12772
1362
4009
4180
10543
7762
8129
5517
9484
15263
180
10491
11754
16077
12478
2057
3679
8965
13213
13202
10952
11071
13075
12401
1858
13918
3331
3718
6185
3433
11981
16064
10258
8995
6638
11487
15902
9946
4756
12544
6855
12263
10525
4571
13291
14108
6643
984
10711
240
11205
5916
13594
9848
10604
16136
14151
13856
14208
15092
2104
5255
1280
10052
14668
7808
8353
136
10282
7785
615
10993
11629
14565
8989
10623
2559
12473
5846
122
10662
15405
4593
10786
2305
4900
8268
13749
5355
11441
12145
2098
5223
10889
13875
15492
3582
11913
4098
4149
3315
736
10755
506
1320
11605
2243
11227
21
12183
2444
3240
8355
15709
11538
9288
49
8884
14928
1923
363
2030
9773
4359
8926
12424
2306
6250
8802
11237
12327
12247
5690
12633
14319
8796
9856
12570
2908
9189
15206
3568
12600
5771
10879
11573
9100
1325
973
13569
12256
12112
14850
13119
9048
13151
7125
8458
5838
16173
9805
4074
13158
3583
15213
13799
13914
2604
5742
6176
2380
14844
14309
15007
11757
4053
1570
395
5542
6046
4998
15913
520
6809
9346
7787
495
9250
8181
15288
12722
3806
9775
2743
715
15026
11266
6733
4858
4203
4856
12965
12140
8054
4728
13134
604
14380
3038
6581
1787
428
15416
7915
11643
1597
4075
9702
13685
1586
15980
2950
15054
1731
7140
14439
7370
14903
11288
5565
10590
11591
1378
14961
2518
596
1654
3758
12498
10284
7023
7116
2024
3342
13245
901
12777
8492
4202
5260
3210
1194
12159
1691
8197
11415
11314
14665
15423
9306
607
15696
7567
6352
14660
344
2938
12005
3881
14745
6723
11812
3925
8667
227
7551
10472
11032
16011
14701
8142
113
11808
5348
11135
5353
383
1034
4173
13686
2737
15049
7218
10781
2677
10244
12036
3917
9278
9112
15327
1396
1340
13750
8258
10536
14545
8948
813
13493
11301
2723
12420
14612
2765
5495
11208
2193
16311
7777
7257
16185
7899
13168
13193
13535
14867
9047
15958
12893
6197
15306
8664
16003
13542
5629
8469
8587
6756
8932
10836
4417
9651
10148
5946
8170
5889
5118
10386
2593
9273
16181
8184
4132
14132
7672
12714
6508
15963
5466
2510
13394
3673
15107
1393
13279
8789
1722
3798
8617
4615
7028
11327
143
16252
2480
8143
15708
1446
5056
12884
1623
16083
4352
14361
467
7226
5917
6362
10727
7950
12689
15215
2798
5321
1856
7474
6378
1500
16235
2070
10482
4935
12199
11154
1971
11604
5567
10955
12266
4171
9890
755
13797
11787
934
13496
1531
5773
14765
927
1059
8681
11673
10289
683
15836
3859
5494
10045
5977
14269
1411
3636
4335
3017
8226
11990
1814
5910
8692
12227
11473
15105
8770
9873
13156
13756
2695
6920
178
11692
3238
1052
1701
13499
6923
4403
12989
1629
10074
13308
163
605
2489
4581
2180
14912
11580
13301
1008
15888
9341
10816
2258
2548
6783
7252
2364
8677
2107
12043
2764
2619
10942
2122
15730
7552
5122
5105
13427
8668
1171
10494
9981
221
3776
9735
11431
5717
5128
6606
7347
7472
5635
5272
6605
2990
1041
9998
7094
15617
1585
5526
531
16333
9592
14137
14180
9183
10774
785
3134
15500
10017
13628
10116
13713
10461
10202
14105
1390
1887
4851
14538
14583
3490
1180
9072
11499
3506
5318
6555
6079
4823
7237
11972
1346
2014
680
4876
26
6029
15829
1573
14920
7718
2741
7829
10453
11297
11527
12069
2385
8662
2063
12802
14871
2354
4979
6824
16214
12878
11167
6035
13438
4242
1697
15499
9395
14456
14477
5650
7287
10514
5980
170
7576
15669
11614
7786
7095
1227
13888
3147
16306
3736
669
402
2912
1598
11130
12461
7123
13239
1283
6404
11911
4785
7861
8707
15808
10365
12151
555
10928
8087
8532
10041
8225
13983
3085
9407
5692
3580
2137
9617
6202
10140
8473
9953
3681
14073
2594
5395
14248
11101
13758
14209
1748
11086
895
10264
4453
8795
9992
5572
8815
11309
10969
287
995
6155
7677
334
5406
13631
3446
5346
2690
8782
10327
14358
10921
1279
5700
5601
5709
5112
1937
3553
11152
6766
15260
8467
198
9536
2187
7048
9740
15530
15915
8360
12938
13846
10320
12879
11520
6576
14729
1643
14081
4381
13136
9428
8206
4886
6897
10435
16367
5618
16320
14816
514
6887
5467
4182
9948
12954
2751
12101
14374
14915
8524
11951
12427
11226
457
4674
4445
11470
5663
332
6852
763
9400
852
14257
10983
132
8887
2317
9107
16115
9305
7854
13319
149
12463
14097
10508
7383
10607
14142
6549
6673
8264
3752
1578
8161
9081
1143
15783
16279
8126
705
1290
12008
7283
2587
16121
2486
9944
2552
15467
13558
11977
13782
14602
11931
10165
2050
4710
11178
7307
3802
7098
15608
15365
9902
6782
142
10520
12438
3454
4351
7002
16176
15473
10450
13979
7520
721
6409
1921
12925
4472
12744
6759
6677
2048
1728
689
1613
2966
7890
409
5266
11287
1861
4534
4763
2508
10694
5173
4662
15483
2056
2449
4377
5551
2772
11832
1490
2377
12073
9260
12672
2207
7751
4842
1400
10644
10558
10655
1991
9837
3561
2742
12755
1839
13802
11600
4101
10669
1745
16207
1215
16152
9727
12718
8098
7239
390
5271
750
5098
15344
11661
6582
15557
329
13305
12481
12533
12418
1434
1244
15739
3262
7949
3929
949
730
15372
15121
8354
11163
14322
4939
4853
8788
6091
2664
12067
2887
14936
12
7274
12367
7838
1451
7223
565
15280
11459
12527
1718
10533
5609
15284
1127
11185
5277
3745
15239
4201
9811
1876
3328
13074
12381
5706
12201
15666
5440
6344
5644
981
7362
12632
6034
4019
1152
1368
13803
3388
6052
11528
16103
16290
3235
2150
10141
10861
11254
9029
3393
3374
6203
3230
8930
8626
7230
5393
8708
8013
6720
9036
6471
13067
2537
11010
559
2145
15602
1430
7611
2028
14175
733
10122
13746
15223
15504
10635
6857
1974
15835
509
6767
4993
2724
1523
2813
3541
12118
8648
13328
1124
4438
106
11082
12720
5471
6276
1006
14951
1642
6348
10890
4764
1382
13300
930
5790
754
15256
13646
5294
4622
13615
5999
14154
494
2411
9746
1047
6247
14447
2387
9391
470
2310
11872
3052
12006
2453
3007
3491
16344
6772
1730
9632
5561
5301
2607
10848
11883
9912
13992
10916
13233
13272
7372
3343
4475
14730
6068
972
5938
6674
13353
3731
11055
5055
2076
11330
13725
11206
10709
7812
2625
5557
3130
14165
7941
11348
638
1998
7938
6375
11488
14542
8939
8187
2373
7658
13920
16339
12270
10183
3227
14285
3555
3759
4105
15066
6085
12405
1632
12661
921
14802
14442
6513
6305
13017
15798
6906
15214
8174
11979
6259
8988
10663
11427
13097
2224
2065
12054
14012
16079
7359
12679
13740
823
5082
6313
16243
8819
2686
16111
5099
4077
455
15993
9562
11715
2519
15431
5841
3578
11383
9356
3102
9292
1428
16100
285
8124
11404
5521
4288
14302
3962
11570
15911
8335
13142
15082
10468
7241
6309
10539
12631
9758
6719
9247
15596
124
15664
1813
11668
9169
3573
11925
15790
4081
8773
3330
8769
12030
867
12211
4548
1106
8140
1397
9792
9668
2797
5358
12698
15454
6354
2913
3030
13398
10592
11840
12471
16096
10027
14958
13970
9445
5065
3655
328
11338
8771
13460
822
10949
11392
8425
14733
13273
2280
6941
98
9166
9157
6491
12684
9011
1902
8895
12975
9522
159
7805
9783
2932
15158
6874
10704
5468
3664
5935
16370
12767
7617
12497
3665
15083
2398
3031
418
14316
6097
15935
8864
2507
13111
11354
4702
15359
5060
9209
12733
14755
14075
10029
14702
4257
6557
3982
4690
8740
14927
563
15927
6128
15024
226
2869
10616
13574
9393
4759
12534
15886
5182
14817
9736
3873
2770
7564
2903
13689
13450
2333
2694
12725
10053
1747
14579
7821
12046
749
9591
8212
8168
3663
9298
4473
6870
9468
5733
14934
348
3290
15369
2611
3518
14870
7819
9296
3641
1027
961
3830
6388
13597
11562
9715
6102
8552
3250
4142
9312
13037
1934
2185
7660
6883
6948
4134
10372
3991
11851
13175
15680
15169
9643
9451
2722
6455
3252
7874
872
11322
13926
7027
13825
2395
14379
7825
3203
12037
14543
2325
4386
11201
11037
10559
13201
7592
1565
2400
8151
11533
10603
10101
14288
9046
7366
8655
6124
5970
14323
2505
1850
6084
12363
13190
275
14644
10249
9556
11385
4049
14469
12063
11976
11966
6974
3214
3879
16326
3569
8447
2858
2979
10291
10957
15176
4685
4413
263
13240
14937
1838
13289
4236
8285
12299
13073
14677
10673
2621
3938
2627
496
4297
11571
10260
10503
10645
15859
1752
5527
2312
2848
2424
7061
7636
5081
4067
5710
789
4936
1220
12762
12898
3036
8614
9772
10089
15087
15498
784
3944
9907
4223
14307
14907
13771
5491
12654
2530
4228
7062
14872
14138
15761
4779
15192
3747
3092
4040
8525
1050
4025
11996
7070
7329
14770
2158
2600
5286
15189
9594
7465
13614
8606
12586
5926
11814
11148
8566
4817
9092
16203
1472
12376
9519
4609
5461
16089
5492
13829
15705
14272
14780
13661
15570
13688
2241
658
12913
9374
15697
14276
10331
9171
5533
13121
1437
4866
3942
14388
8688
15320
12811
3734
16118
14262
1539
9633
6849
14512
9094
1827
5365
2162
3190
10434
14462
5887
10373
7996
5372
12829
14768
7960
10757
8405
14068
157
12364
4271
1441
14363
8076
626
13040
1739
6810
3447
7926
3710
11391
10361
11078
2225
2020
16340
15149
14995
5782
7605
16380
12454
5519
10910
2302
12496
9199
11632
2420
16189
14732
7138
13108
4639
6122
6949
5067
2663
10761
14190
15989
14973
8554
10220
13663
9408
9788
9619
301
15078
1232
9363
577
8215
3835
4169
14254
16236
3865
2011
6103
548
4293
10946
9358
3269
7536
84
4185
1734
7689
16249
255
2876
4120
2008
11170
7507
10135
590
11047
10893
5072
5265
7995
7443
192
6630
8261
6661
341
11151
2075
10862
1941
6610
15795
3794
1043
10364
74
12705
8039
974
5303
10621
14787
2781
8683
9605
8026
5106
10296
5987
4737
6264
13747
7811
1230
13505
1944
4902
6901
11722
1903
1150
3901
12520
15342
10456
3984
2198
16002
10914
1338
7108
5241
9380
3067
7216
4974
11352
6190
5774
12464
12449
4899
15059
7599
825
5428
475
9596
3616
12862
2893
234
8857
12859
8859
9823
640
9044
15285
9225
2692
2097
1788
15501
13728
2047
6747
5770
11144
971
16246
8834
354
3464
5924
9664
2657
6493
3703
6647
7052
8818
15514
7122
12077
9237
7082
9575
4157
10103
15571
714
7703
4758
2294
11012
13510
631
7848
4812
12089
12787
14417
10271
2830
4111
10754
16334
10134
14350
5713
5125
5580
6115
15058
10537
13220
10248
14515
8527
3571
1978
13406
3079
3908
11245
14689
8153
13481
13735
12307
14684
13936
8437
9040
12135
3857
3523
1427
11080
14054
11849
13322
13177
13588
7198
318
1308
4676
12923
3364
13866
13880
16097
9032
10232
15458
568
612
10159
8443
7277
14144
12116
4392
1783
7702
5443
10279
7414
7209
13312
3220
15020
6955
11430
11658
2335
10629
14494
5769
4800
197
5869
4089
12293
6145
3715
14939
6928
1139
5969
14259
11476
7608
464
183
6033
12505
10169
3150
7114
7338
5191
4894
11984
10356
1469
15116
8435
7403
12469
2601
8395
13606
6426
10964
5293
5409
370
4871
128
2683
14517
13112
9966
2469
12492
7480
6665
10666
9964
2613
3472
1639
13776
14002
14589
1688
5859
14406
6028
8776
9439
10231
5020
11007
4987
6333
4286
2954
9377
7816
9234
7863
2485
7818
9308
9567
14480
13059
3474
8714
6908
8666
15630
3978
5375
14812
6841
8342
162
3593
11795
5267
849
12351
9666
13998
2634
3259
10211
6951
14086
2976
5011
4099
3471
9461
9585
15393
8778
6917
1699
12190
1829
6594
4881
14852
13457
13416
14413
10008
1872
14930
1488
14535
7350
8066
2358
11298
9459
11823
12934
11490
7588
6282
5259
4328
10954
3871
12974
5146
11372
5978
13161
14376
7193
844
7137
14887
11584
1822
5119
16271
2006
5371
8568
13724
10588
11559
11937
4913
794
12657
9268
6468
13665
3914
1442
4715
810
3850
9057
11344
7090
13849
552
3322
14640
2319
9477
14580
11267
11074
14035
13469
9023
13832
14897
14009
7115
7298
2308
8349
13526
11871
2616
13538
2676
9649
4575
3772
13114
7961
3535
10142
8287
437
4102
3475
8035
8162
3372
11308
29
8250
9385
12882
3348
15611
8967
13252
8934
8784
15698
9231
4700
10403
4949
3404
8903
5138
3202
8235
7459
7673
4086
11699
3841
6556
12853
14370
15389
6672
8131
12647
11615
6311
15662
15435
1018
6018
1508
15057
8746
1138
15272
5156
925
9323
13929
213
1647
776
12229
5313
15579
4238
2372
1546
12871
1489
11724
13113
9589
6106
6063
3837
1552
11303
6174
10703
8279
742
9143
16114
8207
2429
6169
7482
2652
5672
3161
8829
2472
12559
10310
7698
6229
15822
10353
4013
4985
8557
4155
14492
3463
2476
8526
10191
4305
14275
11141
13350
2021
2865
4954
10112
508
5194
25
1995
3138
12842
8396
11987
8676
10234
11663
10486
6590
929
7263
2921
13951
14366
6216
5563
12222
13861
6858
7442
13863
12944
3647
16010
6440
10186
10825
12930
1735
9249
2083
369
11379
8689
13667
6473
8415
1395
7404
8918
11897
13592
14605
11742
15760
14176
11836
8984
12621
3874
7262
9462
4797
1960
9343
3289
5054
5441
2573
6245
977
13738
11594
9390
10680
5009
5069
12851
5034
6337
3413
5212
11063
15452
14566
4989
6326
1590
9599
9881
9043
8748
15867
4457
13071
13218
2183
13178
10368
14888
511
10535
2729
1664
13072
11666
14688
5694
7282
52
10744
368
15234
1269
14607
9384
16149
9892
16303
9003
11560
5317
14419
1210
14549
11259
10170
8004
7188
8414
8195
13523
6693
12790
8684
2362
3098
108
12040
1205
13962
7929
4226
13047
634
14013
10493
16009
10247
7386
2226
7249
11042
7648
15005
11212
241
1736
3876
11413
3329
14186
185
15691
11748
6937
7256
2940
2201
5412
16139
1583
7501
9117
15130
5556
406
2739
3727
7267
12993
7152
9987
13031
11225
5868
5607
6860
573
10521
5015
3437
11116
3968
12784
13543
15187
910
5725
6924
1823
3884
16035
6127
6189
5236
13944
14414
12264
4268
1593
10868
939
5454
8725
6466
3311
12663
15552
5956
6799
7662
11820
8334
13647
11693
3347
8115
6669
14659
1331
13453
11461
102
5073
4265
7517
6130
5988
2406
11796
1848
4384
7264
14522
1758
7956
13314
3711
5195
14088
14520
10339
11087
13044
14223
11843
5624
7522
7628
11231
2671
12793
12444
5800
2
899
63
11939
8875
9087
11286
3896
1316
527
14536
4344
3685
10903
16216
6736
11813
14178
1886
12252
7308
8760
13777
3526
2254
4922
10404
7954
10511
10636
2641
1211
2821
13751
11653
2734
7227
70
12747
11207
8576
15220
15815
5637
16195
14156
14157
16024
12024
6349
15814
5490
14227
588
11858
15515
5655
16065
3088
8982
11188
16177
349
14318
15050
15663
8906
11186
4246
7831
4719
13698
304
16040
10549
3143
6152
9432
9420
4387
3323
13053
9483
892
9784
2005
12138
4213
6143
8501
2659
15802
4627
632
22
9449
7450
8089
7909
2871
9178
15774
15607
12864
5308
6053
2811
10565
3947
15638
3274
6619
3200
15081
11283
5414
11448
1247
11450
10061
5958
6655
1920
15159
14410
2668
2456
12668
15603
13919
12282
10240
7804
10028
13477
15824
8539
14001
9366
14935
14557
12885
2799
14630
2316
16346
16199
6338
6540
1343
10931
4361
7962
7376
4205
11235
3902
4657
2214
13027
6845
12047
5397
15395
5780
4125
3117
6294
13640
9625
12068
10210
14162
9603
8992
8697
12773
9162
4247
7041
6968
6032
12304
8002
15945
12317
9524
11467
2959
333
12553
6118
16102
4811
13958
8482
9147
5535
6479
5862
1847
7097
8545
6987
13494
9083
12517
13616
12754
6864
14860
12703
12542
9336
2095
8905
4656
14200
15073
1846
12292
15217
11008
5628
8133
2986
551
10131
2270
15950
3479
9104
1315
11865
3650
10509
9658
6299
43
6763
4692
9443
10204
2849
3756
5486
1662
12094
13804
13681
6181
2540
12255
7044
2639
8065
11437
3658
10849
3892
10769
15782
78
6066
8498
7884
10759
2883
11311
378
7016
8328
2023
10246
3160
9398
130
3401
3775
6997
11884
5456
16308
14801
423
14788
2747
14389
15360
8110
6141
4222
173
3416
5183
8641
13068
11222
5691
10037
2260
8310
8465
11896
15348
14168
8916
15413
796
6298
14383
7185
9976
3939
14082
12635
12931
7778
10038
14521
5922
278
809
4878
524
1090
8191
11194
9025
13331
13436
13060
12530
7966
10875
12801
11147
15144
15688
7017
8894
12994
9693
8615
8389
1841
7809
7528
2174
13949
4552
12097
8717
15510
16051
11469
3390
9540
3521
798
15027
12129
8663
4557
9895
6182
3724
7021
1
7810
1651
14435
11104
13050
13933
5335
13522
1792
11941
2331
6355
6269
53
4556
1306
5330
6521
8138
898
12983
6935
11250
10787
14252
83
14028
13533
3935
14444
4050
2896
15156
2712
1947
15856
2710
4790
11707
14491
1245
2073
4006
257
4971
13619
3631
5103
5041
9254
7029
11240
1584
13527
181
15354
1221
3644
4562
2740
2285
6180
14908
14572
11474
11555
4184
5766
7200
4650
11936
13763
10966
8565
15640
10599
12370
13834
14947
3164
4004
1056
7005
2807
4079
3040
743
15011
12858
15085
15209
1098
9670
13948
1924
8783
1948
10117
7596
13458
9303
11265
6731
9923
16018
4983
9195
10829
14528
3316
11184
15646
523
2929
5150
3153
12889
3957
4117
3781
13852
11633
12831
3860
1658
3559
7139
665
427
12104
2066
2204
3013
6954
4422
314
6221
2733
12238
14707
11957
7018
4332
9747
4150
9922
853
3834
3732
13990
14169
2892
15088
9353
10995
9018
12902
7666
7898
7348
4133
698
15804
2728
5617
3661
3654
4806
9321
7675
10426
15777
13495
12711
15819
16364
876
14594
4176
6725
448
469
5684
12854
3391
8792
12825
11419
4152
9840
13383
6398
1212
1262
12870
4671
13444
734
915
1674
1417
5884
6393
13488
10190
14158
651
3481
3534
9807
14225
6898
5153
6093
15568
6270
15622
12945
8856
11900
11607
3094
8546
8312
10598
5941
9803
8248
9512
10762
9342
4612
8316
7539
9489
8927
5078
5422
11100
4485
10542
9894
13303
9996
12518
3688
5117
386
8451
4873
12665
12365
6387
1986
412
5452
4669
14293
14811
7494
5093
6587
6405
15301
6726
1494
1596
5510
14352
8852
6497
13700
13570
3091
14987
3916
1155
13330
633
1432
1754
12554
2468
16154
12123
12776
10334
13767
15656
3121
11068
8032
1021
1504
7202
2232
12768
1774
5611
1566
7035
1762
16005
6640
983
5993
2844
7686
14858
6389
3530
14833
3263
11731
14932
8957
3281
11682
14943
5362
936
3425
5532
7852
12873
9055
14591
3467
11449
5445
15098
11397
11547
9010
13376
14025
3762
7937
2383
13879
6683
9263
1909
13723
9295
16016
13737
2227
10351
13269
10870
10824
10560
13131
4146
10801
15668
4938
13137
8413
13152
775
9741
4578
9730
15270
15278
15181
16255
11285
7597
10060
11036
6107
5836
15399
13153
4632
13935
12353
15701
6123
15203
14206
14294
2902
14072
11357
3615
8298
2841
13497
8112
1480
4631
14149
1134
10589
8005
1492
1062
8000
10649
11789
2267
9896
6995
5410
9692
4496
12297
8696
12269
9660
4738
2124
6738
1931
9627
2247
10079
2188
5384
9570
8627
9737
14429
3055
4324
12583
14087
1349
4041
15125
6067
521
7311
9388
13122
11216
2412
14030
13077
13115
14242
7244
3697
6505
628
7254
15334
3748
3994
1040
7484
1780
5627
7289
13969
13274
8100
15751
6419
1743
2911
7153
12821
2898
12062
13987
14391
12333
4932
9244
4879
15244
14526
14301
15604
1199
11689
15414
9466
9768
7736
12273
12531
727
12272
11081
10043
12257
16206
7724
1946
9109
12459
5881
11310
12968
9812
9815
7343
12494
6172
1993
16238
13008
5852
12322
3520
11387
7650
11399
4713
117
4458
10179
5811
3115
2523
6642
15853
2353
2678
4966
362
13248
15615
12619
11642
14332
5244
15801
15648
13186
14898
435
4014
1045
7503
10640
13145
306
10316
14773
5370
177
5808
697
935
196
229
15415
2196
6256
1898
11016
5366
4809
1447
5349
4317
15450
8374
1170
5360
6510
9491
8323
5863
12717
1729
5911
5506
13917
13189
2356
10312
8866
5380
7333
9504
883
4480
16180
15096
7399
454
15074
9521
174
9558
3207
11794
1012
5399
12059
7633
15378
15383
5469
5475
15723
4807
4007
6671
3864
7143
15041
2533
4827
11557
14266
340
10918
13943
7109
15995
14265
11592
15852
9481
459
807
7305
7056
9186
842
15759
1649
7279
13860
12949
4874
3324
868
15146
8344
14495
15128
13870
903
8990
3883
3129
14568
1936
8943
1120
2997
13431
2142
16106
12034
2033
2176
87
10224
2774
8647
579
8907
12113
11898
6833
12551
9698
3572
6072
9841
15572
8551
10906
11660
12480
2885
13307
13221
4796
15806
7622
4804
2490
13892
5193
7409
9213
14378
10690
2291
12010
15462
5632
15168
7892
140
5203
647
4196
10568
12088
11522
9942
1981
14911
15811
14761
5749
7763
4711
12513
11069
12969
13557
10745
1679
2554
1519
10106
112
10551
7385
3607
15758
15401
12328
15545
15971
10735
2667
6280
9661
15071
9583
1460
4633
10107
16229
6701
2109
13580
12775
2949
2388
1457
11860
2473
11256
13091
11062
2566
1828
13739
14089
9628
9620
12588
1737
13083
4533
14523
2208
8579
13009
11305
5311
11077
6167
4748
1083
16004
2567
1305
75
2822
6395
3369
7420
8842
12886
7764
10820
6730
8137
10631
4598
10114
15398
6875
13148
11041
15345
13895
14312
9954
14278
3450
5227
12253
1834
4660
14883
611
9502
2471
16341
12764
4363
7734
14993
10346
14011
13489
11586
4346
2873
9423
16272
4663
13339
9185
9776
5314
11513
5514
3550
2009
5562
802
6921
4519
7425
7186
11521
405
3149
7618
11076
3728
11168
12509
396
12330
12510
9217
7883
13878
2029
543
6293
15150
13058
13185
3670
9713
6100
11326
4462
6778
8030
13564
13387
5827
12575
13454
5448
7141
10180
5038
8221
12817
9221
3746
9311
11356
7316
3532
7290
7799
10968
6456
3807
14498
3271
5381
3735
12298
8586
175
16039
339
11809
2284
7083
10195
10693
13525
9319
12095
1057
3597
7958
10934
5155
8553
6458
2984
2972
4
12050
14220
15738
7553
11680
2689
8876
9315
7184
3187
10267
4389
6081
5511
9501
11980
15122
9553
13638
12741
1897
2775
10620
16254
1313
13028
4947
3719
8694
13884
8081
6372
8464
15053
2318
5785
1088
14892
7118
9034
10458
9145
14596
15433
3139
12609
15712
8271
16188
13042
13690
788
10018
12539
15585
14836
11162
5493
7959
15816
13598
9732
11943
12688
2568
2803
12734
4426
284
15717
16264
12000
13258
5537
13975
5283
14848
9287
6215
13701
6450
10013
6432
11028
2504
9680
3539
2475
912
11563
15722
13297
1493
6952
11916
5004
5856
13540
1891
9086
12277
7009
10873
12175
2236
8330
8049
12487
1272
14016
2287
9281
3789
10209
4000
7717
1284
9710
9120
4914
5596
13069
4850
6760
14270
15442
7334
7346
13159
8850
11802
3809
1854
5120
8601
15428
10528
2265
8722
9962
9300
12951
12466
5590
7513
3757
4225
14210
9159
16227
1122
5937
8672
1935
6207
2455
2886
14736
2872
5285
15016
9038
9626
9177
11098
11019
11566
5497
8370
5579
16205
1925
1403
12335
11065
2123
8575
10358
2936
6477
2153
5576
8862
10032
4060
6732
757
11506
2995
10719
14297
10833
14211
9542
10412
3219
10728
988
3487
606
7272
15075
515
6578
4322
2071
7380
952
1615
1319
8730
4630
8097
4484
6358
12557
15746
2945
15240
3843
15072
10902
10828
1422
2074
7741
12162
4431
12791
3740
13237
13366
12819
13255
9904
6427
13668
12082
14716
9883
11280
4420
10799
9675
8277
1782
12421
14394
16059
8050
15667
6623
5791
9600
5948
10184
5115
5002
15999
7187
9472
7851
12585
61
15973
4776
14603
1608
5592
4908
15560
3363
1534
10011
1410
11390
3194
3771
2446
4048
6560
5024
5707
2481
8750
5505
4602
15207
14261
14464
14905
6230
8502
7470
3361
8837
15843
3950
3265
4927
8898
7590
6171
9665
3023
6392
10077
4008
12751
12136
4482
13904
11617
14373
13583
342
277
5685
186
13372
14683
4895
2532
7589
2332
10880
15661
27
8481
14608
6888
624
2195
3229
5883
9830
3610
123
5257
8157
13212
13080
6117
14972
9975
14796
9934
3725
15242
12622
4011
10189
10515
12924
3046
4945
8375
8403
16033
15100
663
5647
8411
7635
5525
9518
12173
9188
7295
9447
7630
15516
10057
11263
10108
11516
11893
7626
8060
839
7156
574
477
3026
10532
9759
1009
11302
14034
2996
4558
1341
13637
15480
2930
16342
9869
582
4256
5435
9899
10566
5569
4508
12431
14737
9274
6536
764
73
14451
4315
7900
1420
12579
5981
14397
9192
11792
3704
15781
10177
4345
9755
14974
2857
9804
13977
10042
2289
16162
1487
6312
1281
11719
4522
970
11854
9425
3684
5151
13707
13120
5966
14472
3165
6601
1141
14942
4253
12577
4565
350
3709
8670
9467
14000
10788
6292
5498
14203
542
535
15651
16275
7468
2371
13254
5612
13562
8278
2037
9794
12587
14221
1296
7685
922
14400
3662
5057
10715
14800
9563
4991
1932
4875
12044
4115
9874
5071
5858
10007
14090
6226
13268
1917
7991
3275
2051
8412
7664
15740
3589
4156
13545
3344
2281
6512
9344
11747
6758
6761
2292
8428
3954
16061
5398
7511
10838
5482
4177
926
11698
14554
6036
4325
3637
14750
3480
2583
5085
5994
15908
10749
5462
10236
12782
3156
91
1065
2110
1922
4673
13410
7705
10837
4652
8919
562
9412
2658
92
12704
11146
916
10667
6846
13586
3370
10228
7390
15356
5224
8012
1663
6776
15161
12445
5058
2738
641
3669
2934
11785
15527
3477
11696
748
1865
415
8590
9739
1851
6397
8299
10040
15077
12078
6105
11005
6832
1184
5560
13078
9115
854
380
5382
14933
14267
5430
12448
14233
618
7607
10369
2068
9490
493
3317
15033
14014
4691
9124
4131
11497
4647
14338
15279
15818
6690
6330
15108
3742
4443
1755
11545
12300
7889
2217
5206
3308
6885
4502
15347
4912
11917
109
7491
6151
975
2043
3070
3196
12936
16358
2328
2666
735
1414
4608
13509
2788
14806
5017
16276
3199
10839
14005
8851
3702
13292
13344
4645
8027
3123
95
14230
4072
5649
6060
5154
13243
15694
1153
1964
10627
10753
1996
2773
11389
14885
846
474
14231
404
5376
8806
10283
16250
14514
10917
6903
7560
5722
11721
4491
13250
3284
13550
9864
13968
16328
11052
2055
13057
10065
5594
6878
3136
4937
6126
8077
15854
1051
11140
16321
6823
4212
3805
6435
11051
7979
9089
3629
14944
2782
8542
3845
8513
9426
16329
10454
10075
9151
4360
11142
9
12150
7371
1136
12920
4114
403
10734
14481
1868
5338
7568
5830
8871
5048
15755
3452
4628
9494
8608
3019
14766
65
12428
11964
3614
14994
8673
15384
10638
3349
16112
6717
11969
16292
1541
5822
3932
7441
2067
10752
11336
12897
3832
12308
2941
2999
9448
11714
5005
3965
4678
6710
4754
3140
4444
5304
8751
1950
12025
11422
2375
5990
1645
15863
12375
15153
8471
4972
8188
832
14889
2638
13826
12888
2608
6724
1197
15140
2513
11542
8561
13986
3141
8031
374
645
5918
13520
14387
4356
9077
15860
9697
7555
5757
7489
9549
7134
13141
9205
7743
799
12795
14992
12309
11408
5197
7665
15812
11529
3125
10546
9695
15918
11261
9174
7572
8378
1486
11202
3443
11278
14290
5940
4452
5503
1327
238
16359
9228
4670
8768
13432
10639
12549
7438
110
10714
1653
1450
16345
1844
2298
13135
1852
7014
13179
14359
15216
3502
4069
11837
8101
13823
2210
6451
2474
4576
8685
14764
16327
1817
12836
14747
8515
2307
14964
2708
11252
12512
7049
15635
1502
2488
8620
12475
9156
8399
7783
15297
8135
8387
11484
15154
8238
8950
16217
11026
4199
560
15139
15653
1561
2346
14753
8313
15303
8147
751
1900
7392
8523
13911
11770
14957
716
13730
7855
13682
4161
138
10143
1867
2944
7755
15243
15776
13805
2589
8882
1163
5615
13247
13512
5312
12286
5080
12941
12474
11464
16166
8687
4083
14585
8487
9253
4376
4946
3469
7674
1916
6219
429
10301
359
11800
2967
12750
9424
7498
758
13275
6737
9144
7860
16356
16361
8293
7690
12374
4391
14718
7558
1019
15974
16076
14756
4784
9561
10488
15728
12410
6089
1716
4980
11758
14553
3648
16379
2391
1746
4986
14719
3015
5394
15019
11999
407
8693
16130
13664
5006
10764
15003
1321
7615
10200
2407
8102
296
3243
4397
3983
15151
445
5339
12979
1768
2935
214
10733
16192
7301
13546
1928
14525
15205
2558
116
13084
5678
14237
13264
308
6586
6902
704
384
13761
12617
1474
8632
11388
13019
8217
8272
1297
3105
14722
15290
6634
6539
15353
6031
5363
6969
8812
13470
5697
4063
8400
5442
10573
1426
4279
14767
13760
8297
9995
10446
3103
1806
8980
15322
1213
8357
9674
13169
6721
4654
11125
12760
7381
5076
2987
11064
14109
14044
5025
12316
4503
7408
1190
12649
2049
5044
13214
7847
7325
10895
57
11114
16119
11838
14734
1465
5228
12918
5809
10650
11551
8999
2555
4781
8426
6304
1938
986
14847
8659
14402
393
11277
5587
11334
4160
9989
14752
4058
10900
12033
3598
8747
11688
1965
11759
222
3584
13490
13607
193
7652
8132
7543
13334
12169
9131
9986
6892
13414
10130
1158
3815
11505
4250
15315
4570
13622
11825
15324
16383
6465
7833
5723
906
16094
7180
1918
2402
6136
8015
4959
2759
1061
11048
15558
3505
12990
7663
14509
2527
4815
7708
2531
6570
9245
10286
3875
3022
12311
16286
2696
5662
11973
79
10429
5092
8904
12571
3018
15903
15593
12642
2060
7921
14882
14313
5116
9800
10739
2222
2947
6429
12147
3068
15522
15402
4065
1832
11788
12114
12699
5919
1939
12477
6636
1309
13130
4104
1394
11374
4649
909
13662
1237
3496
12429
13446
10362
6541
3270
4425
8430
15988
14427
14329
10383
7575
7856
9359
12605
16043
1060
3791
13660
12017
15678
11717
9399
7853
2726
7417
9272
11997
4280
11702
623
16265
8637
13934
5180
14347
6633
12809
11269
2367
39
5344
3588
6784
16093
8121
8431
2338
5736
7229
9963
5651
8766
12723
9526
1384
5828
12139
8243
9227
15313
310
15536
15940
69
4833
5954
182
6399
11113
15476
6796
517
9141
8599
11396
10421
6015
4864
8163
10478
1217
1082
3753
14062
50
15346
11204
11791
12957
5130
10915
6926
13963
2496
15336
10295
7609
9764
10402
9351
1631
14493
2494
2818
7291
15475
14401
8791
13561
15786
6828
1117
14393
5819
3432
15891
3291
15513
447
7731
15434
14384
2801
13435
11992
12083
6629
13249
14980
2732
10866
13320
8723
16309
5457
1254
10162
3178
9211
11485
8569
4805
8925
5606
11863
894
3434
1892
2951
5975
8759
1624
15842
15375
1464
312
4448
5784
13671
3035
9499
476
2632
1599
13180
7963
5059
41
3014
7750
3119
11599
2610
14810
3368
6108
4583
2484
7461
11561
15287
15376
1571
13816
923
11370
11337
5840
15589
13995
12331
15637
9373
1966
16164
16266
9026
6599
8042
15796
4896
15259
7447
5715
9233
8356
3826
13261
1226
7800
7907
15254
12589
8947
1252
3096
676
8373
4447
10241
738
692
13978
2025
4646
14831
10507
14751
3508
15810
8460
3886
539
998
14925
3623
16179
6222
14586
10683
16125
12483
3313
11349
4412
5288
9571
13868
8037
12967
10858
1100
5235
3547
4045
11155
14999
2125
14107
9714
4814
15233
15299
4699
3609
12387
2828
4944
2748
4607
11251
12896
14723
7355
1943
15409
2339
7176
99
3300
4204
15155
6806
15868
12981
190
9262
10098
16150
4750
3622
6417
8706
11196
10758
7696
14299
15831
1819
3417
5239
15741
13843
199
5798
7769
16081
1773
10433
3244
8418
11045
8116
1620
10967
8596
15507
3817
15997
11084
15764
8156
2981
11550
11317
2414
602
10724
14348
5361
3556
10959
14834
11260
9002
2787
5789
4619
3819
1961
2058
4668
12803
544
12244
2549
14031
15451
7144
3440
4388
9527
9259
6584
15459
8661
4968
13417
885
15457
2617
7054
1719
9530
8280
6746
4395
3714
13809
10342
13642
4514
12695
3118
7192
15184
153
3630
10349
13587
14277
7451
15190
9279
3411
5290
5219
4483
15616
3027
11867
14199
5164
14250
3562
11842
3698
7721
13187
11402
3377
6546
3824
8466
644
13392
13144
9378
4648
10982
15349
2928
3468
1603
14215
8713
2341
3682
8333
4834
5959
15331
8034
690
10526
4775
7967
10741
3303
10078
7342
913
3915
7043
7970
14470
3690
14228
16030
14135
7908
3833
14827
5149
7678
6960
1438
4197
11674
15051
16354
4017
8452
13633
5094
15548
6501
9022
6003
12271
379
1255
15249
14744
2973
8966
4141
10359
16277
7119
14774
4847
16027
5747
7620
10093
7739
3961
15885
5270
10803
14189
5614
13359
1448
11268
4409
7421
8880
10732
15800
12807
4301
4585
2191
10487
8629
14501
16157
12303
11723
5658
9523
16288
6024
1218
8
8043
10609
10582
367
4538
2860
14763
15562
1389
12380
5310
2776
8254
12188
421
3945
4573
9476
12541
1014
1526
16074
12538
1415
3441
6252
9020
9579
10784
10109
15099
16347
15497
980
11451
13253
1258
2192
4399
4625
3336
9572
8118
14706
3594
13195
12295
12386
6519
7100
14076
9535
13030
14941
6027
2837
7972
1119
11610
10413
12781
12221
8944
908
5433
10596
6804
13905
9569
7177
831
9074
8853
3639
2478
8779
10871
10187
2599
10864
5849
7697
5431
1001
5721
7065
7195
11881
15141
6249
16201
2897
8247
12761
14551
24
16032
1499
4822
11839
10865
16066
2861
14996
6503
1955
3975
4026
11857
9409
3987
3527
9742
6613
7320
15063
8454
14830
1836
6797
9565
7634
4836
14571
14074
8578
317
6183
15418
12798
12250
13232
13871
13276
8324
10699
7432
10854
2866
2152
3989
16025
16124
12778
8306
10431
541
10171
7401
15221
14096
556
7050
68
5591
8508
12824
5331
3608
15633
10293
17
1351
9161
10648
5598
13085
1843
8652
5886
12874
7842
11203
14160
11853
1168
7324
8640
4787
1169
15084
3671
3921
8886
7285
4493
261
13124
2320
8177
11110
12995
11652
11423
2465
2763
7158
13006
1914
9170
8192
13371
8739
7828
12371
6076
289
4563
394
16270
12393
16190
14875
13841
587
7526
629
3799
194
2087
15103
1901
11821
7904
1479
13424
13718
8083
15106
12511
2746
15827
3292
4287
1064
13854
3676
3761
10670
2656
4948
6981
3415
3566
9130
2130
13088
2221
3694
5368
11998
10659
9269
2529
5943
15837
5704
7208
8397
1005
5586
7148
4724
2882
9182
10971
9819
9113
7131
15339
12630
15675
7850
9559
2209
9810
15466
13095
7826
8758
282
11244
7038
15672
14682
3186
9516
9525
12071
13865
15584
14518
16331
408
673
7068
3675
1791
5553
15061
4869
2626
9324
12763
967
6104
8063
12613
3604
2036
12460
13226
5898
7538
3011
14989
11670
9691
101
12174
8343
5667
1612
6156
5404
14819
8518
13358
3927
6862
6547
3635
15247
4340
2711
10192
13100
14609
7433
6331
10956
12818
4675
11355
864
12810
14486
5642
9984
772
10867
4887
14426
12090
3108
11059
3699
13989
11761
13939
7306
2939
7873
4789
8283
7834
13378
15255
15618
4623
8504
9552
5656
15532
3309
11406
11038
147
5848
11930
8136
5952
15541
6735
2269
6116
12301
1202
16194
1358
2757
3106
6851
13155
15095
4096
3515
11641
9068
11590
14377
10622
14717
1517
14910
871
2435
7151
14740
4428
15321
11179
4956
15055
11447
2479
5408
14118
12573
746
2202
12971
1275
965
2445
12856
5752
16268
2277
938
15553
9517
2393
5597
3024
1125
10254
6277
7039
12693
7344
15264
603
7026
8921
5902
1727
13684
5275
9621
436
4121
15449
5022
7824
3384
154
3162
13324
532
4016
11057
7266
4174
8765
2242
4080
5783
3510
14862
7128
6341
13209
9640
7040
13672
10516
779
11740
12560
9493
12178
8450
13620
7412
2618
10447
1749
9035
7846
2867
2624
6042
16295
5460
8624
11091
5992
9150
1820
13096
10814
9550
2421
12656
9910
7102
3184
6873
15652
13173
16298
15127
1725
10252
3063
16273
3197
12610
15524
1144
14576
1072
7606
8745
6000
10119
8219
5564
392
11885
11299
14561
7858
1020
3552
5148
1864
293
694
11407
10436
14857
5953
14657
15032
5213
7439
2760
11565
11043
10564
12681
272
3722
3790
12086
1187
10253
6014
10104
566
15325
10287
3934
13340
16123
10970
11544
4762
15251
10126
8185
14251
8860
1022
11350
3519
6876
1562
9822
9877
5584
6213
3039
10760
3638
11718
2010
8580
914
10370
5028
15010
9255
1682
1173
4697
5801
8393
14508
13599
11655
12998
12616
13467
15665
3953
4595
15311
9738
16014
1809
8908
9071
1840
2149
11749
8507
1377
6170
4740
431
10513
1833
12641
7974
2181
2693
1038
1698
7994
4465
2581
13345
4263
16073
3750
5777
12759
3656
4166
5815
11181
16352
364
12508
13999
13325
5450
5515
1831
10449
13783
13847
9264
6266
4918
711
9021
8462
4830
3350
11362
13748
699
7976
3557
10467
7475
6114
15047
10305
4136
12443
3318
11424
9382
11638
1563
1786
2040
10538
13711
16129
9167
13784
2297
15766
745
15793
13281
3940
6859
14821
5204
3941
9816
251
13150
9097
9513
8678
11989
16267
7155
10687
13741
11333
10823
2483
2245
16044
1628
1884
4001
4365
9778
13205
10145
4751
13260
5904
2108
10332
15162
8813
10999
14851
1926
15899
1148
13901
2321
13596
2155
5730
12125
5268
12313
4723
4982
7531
13236
15337
667
8920
443
5201
4127
1084
14803
8095
15687
4402
7710
6577
13198
2105
1333
13412
11904
12245
12651
8485
13434
5942
15588
13786
8262
6712
13315
9118
13284
907
6147
1750
11342
335
7327
8209
13382
14023
13206
11414
12612
9431
12027
3822
15861
16377
2423
11089
10071
15411
5470
777
1183
4066
13810
1371
12919
4961
1569
16225
10797
12915
4572
12939
10081
6595
14475
12805
14613
2888
11106
1652
10237
2253
9717
15533
12935
15613
6744
13576
10707
13873
5964
8861
15519
13678
12702
10506
13199
12035
10860
14019
11540
9418
11576
12568
2159
5007
12423
8214
9545
11772
15676
9005
15252
11646
3517
3913
2884
15508
5166
54
5906
11097
8301
2460
9687
2983
15166
2035
14901
7294
15037
8870
15813
14483
13462
11171
8865
5326
1256
7435
8231
9389
10510
2182
13824
3538
8260
3525
432
7228
9452
8564
5379
8439
323
6877
12574
6278
13907
14968
4477
5695
13775
5419
9369
3522
1424
9861
14988
3595
12607
9013
9849
6707
11021
12860
3065
3310
2761
5501
6037
11920
13326
223
4543
7894
15834
904
4680
8366
11332
591
6056
14792
2365
11587
1760
13697
5458
5983
13579
2926
6990
16001
4771
13820
9444
1073
14949
5472
5176
12366
4757
15028
12992
3176
6777
6933
7911
720
434
10561
9160
8798
14863
4282
7687
10941
12962
8075
7928
4901
2915
2598
4200
7221
1146
10882
5634
4667
8196
6789
3279
8807
595
11518
1634
3689
2255
2003
5016
1299
14245
1992
4849
16282
4404
966
15329
14063
5666
5464
13699
8901
7693
5163
2553
4191
2687
2846
14164
10847
9012
12752
1207
10985
13000
5416
4704
14604
9615
8309
8924
9465
4269
14459
1129
12177
3494
8159
8024
7368
7077
2442
7534
14541
4951
8211
12341
9587
12564
1969
1372
16087
14746
11623
14506
4103
7932
6446
2276
12813
2259
5805
866
6768
12636
9406
6350
11369
7940
5438
7349
13635
11691
8998
7418
3358
13658
11199
1618
15276
786
11249
11771
6971
9275
8079
814
321
10675
10688
7388
5064
16080
5573
10133
15731
8897
2868
11532
3224
15844
11455
8237
9379
2462
4741
8422
13062
8480
5825
3861
5680
11275
13338
5252
1023
10929
16316
5084
5664
9808
6096
1582
3985
7905
14365
5051
10570
8699
13374
3548
3080
5225
381
5185
10834
9061
10138
10343
8155
9900
2311
10713
3424
11020
7416
6058
7219
12312
7302
13618
4550
5192
12434
8253
4463
6894
16160
3436
9066
6210
824
5104
1166
8045
7993
11221
6110
7173
14033
9926
10382
8441
7754
6663
12785
4651
13373
13402
16158
4606
4329
10718
15194
8183
3460
10318
7120
11343
9614
1826
2157
1594
15809
717
13807
3969
237
12997
14287
6907
14071
7533
6342
15136
10912
6290
6520
877
2170
1801
3456
1172
15373
6192
1686
10651
13405
10601
14465
1236
13299
4164
172
7709
8401
1317
11890
8158
6139
7806
2054
14914
13857
3225
3253
5402
11238
9601
11198
15725
3478
422
6407
3459
13876
9091
8461
11111
8369
15142
14997
14306
1361
1700
10756
16198
14714
4732
8070
11567
4003
10307
13694
6265
1063
1216
1128
6813
13925
15956
1764
10553
14416
4362
5861
8229
10354
15445
9851
6770
5108
6099
3853
8555
6896
3823
6509
5633
11739
2859
1708
968
6687
3051
1481
4042
859
6487
13734
8103
5895
4052
1370
9683
14886
9240
15165
11013
11581
10850
4367
6752
14161
812
9232
12958
8540
11049
8292
1550
14959
2826
1859
11577
15133
9033
12306
5328
14415
12100
7849
15921
12580
8491
4999
16046
14147
2541
8427
3825
6406
12546
16224
10462
7623
14047
16332
15542
7384
15352
6527
13463
2562
3516
14606
14339
4094
1757
13539
7953
10657
1723
14007
5031
11847
4518
2635
11774
1282
12982
11914
12937
13649
13719
14321
7645
11292
16234
1878
8642
7508
12595
737
12660
12950
16369
6836
2637
1933
9957
12547
10777
16242
7352
5508
6688
7091
12906
13609
6082
15115
11903
13798
8793
2427
11365
7735
13459
3751
15998
1193
9833
614
15371
3937
14438
3677
11705
682
6662
6764
10406
11478
8339
14650
13851
4734
11200
1684
15898
5585
11112
5001
9403
14771
4635
15559
7415
14315
2679
14626
7699
10661
2662
5962
5145
14664
7132
10185
5196
4093
11323
896
16230
8727
3050
9988
6382
3041
3545
9212
2032
598
3054
2785
16338
3049
13600
7707
3783
3831
2452
11755
13657
3840
3320
15343
12841
4994
11598
14345
13082
4818
11899
14611
6196
15642
14420
7964
14979
15684
489
16300
6291
9528
9405
4175
10729
11099
131
8958
942
2018
11807
3911
3191
9320
3693
14430
8913
11079
13772
5237
9824
7566
684
3326
7604
12002
4889
713
4474
10778
8497
12521
5189
5413
8223
16122
3486
3946
10770
11712
4909
4449
8291
5824
7692
9955
9644
10219
10991
10205
7923
9801
1738
15407
8841
4930
15565
3003
4560
9947
6618
10113
13203
11498
16184
10218
1407
9478
3996
4296
8845
11420
14679
2203
9007
211
9933
707
6044
12658
40
2633
5437
13024
13938
11947
15929
12433
7997
3170
13940
9763
4372
11583
16322
11428
7510
13717
11846
13117
10742
11679
6848
5934
3064
3836
9588
7233
10215
371
7565
4782
4109
12972
1671
6415
8686
7760
8364
3611
8368
9129
5541
9679
15447
8597
2000
10401
6993
6334
11159
9015
14708
7581
5625
6237
13887
7740
16099
7893
13654
14676
4665
14114
5109
13789
10647
4768
13103
1860
13482
5860
15847
3795
670
5245
