8241
10914
4899
5776
15658
10838
4122
14866
1923
3074
6854
6440
46
11835
4843
4784
16021
7045
8669
12747
9053
16004
7188
7450
6889
7674
9992
1224
5175
2698
13668
4375
7271
10794
11705
7344
8462
7548
16044
15494
12356
8463
1175
10652
14778
8916
12385
14902
8028
2271
12527
11298
2209
10369
7716
3842
10373
4709
16131
12977
13367
14530
7487
758
11597
3198
6915
16283
3064
6382
14792
11251
13756
15844
14893
1386
3060
15634
7012
5753
437
15644
121
11279
15987
280
13032
14048
15804
9962
12179
3919
1162
1417
6486
11209
3348
16320
2813
15393
2969
12126
14991
6489
4429
3028
3388
1496
9151
12800
9380
11105
12033
4335
10215
6633
15284
14485
1885
4813
11389
10516
16136
4666
14027
2582
4896
1747
9597
7137
7376
5686
6662
9977
1862
898
14939
9875
6711
5949
9264
14139
6862
2160
2403
7510
3924
14539
11248
6345
15967
2447
7477
8032
4980
12236
14555
14565
12689
16233
5987
936
5162
4325
1375
6248
9297
12526
14007
10395
13978
15463
14127
14671
5646
7447
14578
6370
8225
6811
791
13400
3725
8119
1495
6268
10833
3635
6680
7240
6090
6535
6326
3906
15159
5208
15517
9498
12054
91
9402
14975
13555
14862
15000
10162
9490
15553
14263
4080
839
15509
5071
16277
15697
13369
305
12903
2062
2431
8910
8381
13263
3693
15772
7141
12038
13366
2655
13597
9844
4238
5806
2788
15650
12529
10551
1158
3996
16176
7826
217
7644
11608
15414
4108
7451
307
13124
11763
12946
13239
11490
1580
7209
7511
10557
11694
1604
171
14805
1977
610
10125
5411
7559
15710
1361
12366
13831
13380
5274
8287
4951
5057
9438
15918
5283
13499
4590
2463
903
1362
9392
13581
4808
4974
12840
5647
3159
66
2923
6908
14302
14124
14857
11760
2568
14358
5337
6840
8398
2886
7375
2689
4383
4570
8137
10704
11199
8327
15407
1031
13433
5004
21
3923
9654
12362
12612
2189
1268
13796
10600
3823
10460
8125
22
85
7756
9819
16303
558
9200
13895
14755
11594
10002
9177
6121
1272
3435
3892
4494
9478
5368
15294
988
1883
11590
11333
5192
14133
10697
1051
13517
14030
821
6169
14230
2415
2065
7208
4253
11543
9885
5909
13800
2735
5794
5731
16297
342
13539
14616
8800
4066
14243
1542
5534
399
5994
2245
11473
5986
2021
6359
4824
15481
130
7049
5154
8522
986
8483
4932
3709
43
11852
3216
7875
7958
15253
15834
868
5644
12300
1141
13696
13054
15039
4604
4639
12785
13039
11371
13853
12459
6150
11688
13910
3625
2641
13535
7823
3474
4806
5624
3546
5658
13908
9644
5240
7343
3454
1447
15120
10597
15197
5341
13620
6944
6280
9635
9554
11931
6462
8756
14916
14264
2551
2464
7636
13495
2023
2764
1489
3372
6190
12579
3988
11940
10892
10666
6096
14724
6994
16097
4761
6379
14769
9551
7727
9122
9657
6474
10233
1947
12784
12032
12645
893
12231
5763
6478
3214
6718
9889
13587
7274
1965
3420
16343
11774
11762
5663
2109
12328
324
4897
4549
106
3483
4819
968
10971
9994
201
9340
7480
2497
9915
7217
2200
11466
12983
13312
3901
4385
10053
7560
14443
5808
8802
1540
11629
13884
5653
397
509
10632
16164
528
1466
3737
9673
8738
11819
2110
6679
11524
3270
14109
13669
510
6558
13783
7482
11495
718
16359
3443
3760
8217
2186
8613
13121
10124
358
185
5700
9523
7717
14903
2805
5075
2674
5187
13492
7426
10856
2120
6614
13398
1435
9557
5483
10434
11676
12277
9440
1307
1558
10645
1487
5524
5956
6594
3841
10474
12880
8938
15984
4401
6634
13820
7805
14497
6765
15929
3918
6394
8796
4073
833
5216
1484
255
7409
4041
13010
6128
4657
7066
11834
14621
3804
16362
3233
14238
1454
9130
10774
10791
1491
4033
8600
5598
14675
12141
13109
9294
3735
67
6113
602
5148
6022
4856
345
1543
9874
8246
3197
16181
10715
1889
10742
13407
10484
4117
14458
13434
13149
14283
15011
14110
1944
9585
5718
5519
15591
11951
10133
14084
13265
5580
9413
5388
1082
12962
15613
9363
16172
8487
3778
9223
139
4690
9094
11513
15753
1560
2142
15173
1335
5054
1733
5660
9706
4985
8270
3753
5489
12268
11294
7313
2804
8871
957
13591
12701
3968
8771
8077
5191
7815
4883
15229
8807
11188
6882
13795
4692
5033
8480
14206
7286
16024
11170
15741
3239
3859
1421
7602
13973
11568
14185
14725
13772
10903
15685
10258
1820
6693
9042
11339
15116
5495
4928
2020
14043
2537
12205
862
5770
5950
10191
12772
6590
11966
846
9471
15248
13024
10741
8975
714
1055
15452
14982
4321
10605
6517
5428
1336
13611
16156
15727
10116
1025
13882
15396
3174
13294
15374
7042
3316
12576
5380
5815
7424
5690
8113
9518
4740
12414
2005
6117
6291
12124
1343
10197
13210
2781
7326
5108
11655
4226
5017
2366
5743
15255
3291
6821
491
9591
10294
9138
5397
14649
15874
8447
12666
8338
3447
8170
2511
11881
2034
9316
4072
12028
9382
154
13911
14561
15099
12070
642
8860
1029
9378
14352
8355
126
3436
12249
10122
508
12349
2212
8631
14808
251
13985
1602
9087
1776
14307
1242
7416
7252
5858
14376
16083
10366
2270
14750
1324
2283
6309
2755
4511
15566
16280
4327
10488
7987
11282
6003
5902
10729
15859
11836
5052
13901
10706
15320
12676
14184
5093
3319
13725
3325
13042
15086
6778
1562
13378
2445
1378
402
7683
3849
9134
12633
14604
5478
10105
11778
8524
9788
4034
13174
5903
377
9088
10327
10047
14035
6100
9205
13137
16046
9189
12107
105
473
8293
2356
2102
9235
10314
874
6186
2083
13463
14016
13621
5751
5993
11658
3758
1607
13412
11825
13356
467
8594
1194
10417
1742
15186
822
11871
16022
760
8426
15856
10758
11972
1462
9497
10619
8464
14709
12597
6135
14892
4266
15028
7444
12077
4842
16299
9218
12536
9985
5293
7883
4840
10252
4090
14734
611
11563
12121
7670
1409
6751
1405
9353
6317
11929
396
6812
10198
4595
6333
10790
8634
12996
12541
14260
3195
10400
13390
468
15829
8708
5670
4236
15820
9350
8083
9611
15544
7292
7515
4888
12656
9324
8494
8439
12087
16333
6813
357
8957
8495
6769
290
15043
10454
12469
3106
13234
5792
4584
13626
5254
14494
12589
10192
5225
196
13962
13956
5957
883
1089
14177
269
6930
9191
13016
15750
1877
3815
14153
5536
11340
15793
5122
14327
13321
11980
13818
13866
9083
5027
8314
6664
8212
815
980
14631
11491
6004
3057
3329
6884
12406
10830
3629
9025
16325
4925
12766
15600
15024
13862
7561
12320
11270
5855
4968
3427
8588
12715
5020
13885
11249
14660
3175
4190
9067
12287
2257
13459
3127
4871
14860
7994
7894
1855
15391
9406
1240
692
1382
12911
4751
12683
8660
5790
6209
12451
13923
14338
8755
12478
13157
2934
11164
8915
1014
5123
15555
1398
9214
15292
1645
382
14828
10777
6803
7277
15022
8131
10043
309
13812
12503
5163
6623
4722
301
5596
8180
8289
12777
11126
8691
7283
9869
8359
1593
1436
5332
13205
9711
5417
15846
3191
9954
4565
2803
1942
4363
5764
10064
13355
521
7740
3259
4991
51
210
849
10772
15437
1957
2847
1169
8878
11434
7407
7420
8440
8154
5374
11451
4244
10444
16088
5227
16038
7445
6432
15489
10922
7387
8917
14875
1228
14549
13368
1524
15686
2848
15495
8088
7840
14186
3478
3771
1740
644
13466
5446
1288
4159
1364
13108
7813
3611
2348
7812
8940
10871
7637
9918
9752
10050
12553
1810
5083
7276
10500
2830
11396
832
5247
14945
12492
13970
6878
8817
2793
14789
14538
5548
8943
15072
9743
12260
1131
13686
6512
2955
42
7374
224
9801
10992
98
4202
4791
5302
9487
2058
1987
4721
14026
3756
14932
3390
2541
7611
9800
8909
10217
2202
9970
8637
8741
12861
8467
6484
6692
6802
3298
2193
5370
9302
1565
14850
8526
10194
3577
658
5109
2101
4474
5704
12885
9188
3861
14237
2531
5195
1689
10875
4805
10483
10797
11754
6749
1892
2897
496
999
9715
11016
12979
268
13175
425
11528
3645
6213
419
3304
8511
15107
14404
11613
6629
12341
11488
13713
6870
12804
7251
2730
3745
6471
2550
3970
7193
16160
3096
4276
6950
6349
15806
4803
2540
8366
12533
4496
518
10521
8450
3887
207
11173
12465
12761
11399
4237
14291
7223
4630
7575
14639
4419
14409
566
7922
7200
9255
14781
3131
13744
12908
7507
7488
16270
6252
2048
4881
7936
2569
3633
12298
10930
15980
7132
1657
11223
410
2623
14874
10365
13092
12757
5925
15360
12665
8192
10026
2636
4500
5960
6523
4631
11638
9595
296
5136
14625
14670
286
16285
2947
3278
15070
13106
7362
11921
6129
15132
10070
10987
4259
14953
14440
888
5740
1276
2614
13116
500
6315
9680
11326
12710
15668
2312
10641
2981
12042
7056
10414
1909
3322
11275
15628
2867
6545
5064
3987
514
7739
15594
4031
12438
9609
753
8655
7943
14957
10452
5200
7350
666
6839
8152
7392
8580
8584
5934
12358
12182
2924
61
11438
7140
10266
15149
7597
5708
1289
8082
612
699
11709
3194
2530
16249
14614
10490
9425
5158
11193
814
2261
1261
11447
11460
15053
735
1237
4612
1371
12980
2627
570
3896
8048
6753
13115
12780
10589
10421
7980
14198
7168
6987
12020
13257
15466
11572
14726
12921
5779
4326
5391
2807
9162
4213
877
6286
12171
362
2539
7268
14136
4206
312
15076
11888
5962
475
2976
10471
9528
1584
15096
16090
11206
3161
848
856
6687
7952
3219
4580
9757
8134
5043
3743
11531
14151
8785
10213
14765
11916
5576
9919
3367
12213
9972
14940
5350
2474
740
10520
13732
1085
2383
651
13601
3516
8818
9775
288
6051
11811
4128
13429
4127
10442
5896
273
9212
10839
10649
7238
9847
10979
13038
2197
14135
6411
15674
337
3069
10102
4304
1526
15541
5629
9830
4780
9664
14023
10951
12604
14432
6458
16268
25
10960
3156
2784
15972
2603
4568
10568
775
5362
13635
6849
7428
9097
8403
2278
10580
1803
14986
5677
2706
2833
14082
8114
4219
13632
3913
5854
2643
4650
2713
15716
10982
3393
6945
15306
7400
15434
11225
10834
4341
4705
12670
14696
4828
2181
1263
4329
8545
12279
5982
9636
5964
2737
14192
10040
15045
905
4800
15962
13269
14270
1664
13557
4220
7703
14092
12875
7073
4261
2733
5720
15474
3698
9573
14894
15336
4589
9211
16166
11056
1932
2161
5827
8749
3941
2277
6776
8208
10744
11856
5149
11925
12333
2791
6490
668
10188
8255
12174
9791
3018
13095
15691
1969
3751
10009
6047
9705
12686
13424
7583
10183
9783
114
7001
7582
2429
1869
13064
3884
6153
788
13964
15547
13421
1052
10683
8795
8929
14622
7324
15927
15059
15119
5089
6790
7536
15920
14401
11823
9917
15089
7775
14065
4189
3226
5438
5810
10428
12582
6966
11174
133
634
6640
13065
12818
6125
12732
16190
563
3147
10778
8797
3719
15235
10349
13569
889
12866
168
5280
11850
14111
180
1871
2601
5898
6453
12802
14240
2605
11885
1483
2074
3543
7971
15019
1091
6151
3431
9982
15993
2795
7166
8885
16371
8019
1189
7908
13929
4195
6666
2988
2375
4280
3646
11510
4911
15016
4529
3439
100
2460
10721
807
16105
3032
10038
13955
9963
6967
15154
3584
2762
7884
15723
5272
7236
3779
101
11391
1392
3283
11385
2809
5461
1321
16009
8868
950
7617
9957
1597
13487
1349
14890
4599
2030
10464
8215
16367
9946
6145
6503
8306
9843
11324
15560
10036
2029
6624
15712
1459
2055
6238
5623
4411
1334
2660
12556
6584
15584
6262
10371
11338
15280
7318
6890
10787
5504
10339
15934
2745
9578
9450
16152
9524
3334
3029
2080
7244
5702
1679
14250
5998
12412
9204
5040
214
15061
4999
14771
336
8646
11573
15997
12820
323
6929
13793
4240
4185
12388
69
2912
2115
14819
4591
11915
7192
3878
6667
9268
3599
1016
13012
5595
15529
6011
4197
9118
5278
10427
3597
8189
15909
13167
1298
7814
5522
10630
11918
12882
9880
3555
12229
9527
3263
15008
1114
2234
11213
4178
4715
5626
5643
2422
10874
4160
7080
5767
2731
11914
2466
13754
1953
9820
12372
5377
2148
5758
9666
6830
2546
13063
14879
1654
2670
13335
3722
12709
5835
864
2056
11184
3457
15657
12402
1648
2012
7571
3472
7064
14191
9283
8165
8969
9818
14061
13948
14311
3309
15810
2244
7431
3171
16337
9405
5327
12146
15593
14196
3364
15590
7631
4523
13909
1084
216
14180
6089
9154
7876
13575
2455
16286
2624
7352
5469
4208
10700
12940
10708
8701
8458
5396
3382
10423
13579
14047
7589
8852
15510
7822
16049
7861
2681
2870
1037
12511
2054
14385
9629
4734
8302
14281
12926
8542
8720
15935
1090
12449
8924
16311
10639
5669
4093
15302
9052
9108
7635
4918
2201
4687
14232
1849
16341
15355
12893
4685
6383
13837
5479
10989
7729
13816
14444
1893
5523
12331
11405
10654
3650
7760
4175
16364
15705
15303
304
10640
6515
5929
10250
12423
183
14499
4539
1028
13835
8759
11773
13208
4855
12421
11239
11947
6406
12595
1308
14438
5498
10786
6152
15285
8787
3920
16293
4029
976
14272
3228
12140
10268
14245
2119
599
4960
14746
16051
15677
14985
10792
7985
3005
7941
15725
9926
4405
3665
14199
198
10231
14537
8633
10920
4795
10323
5443
4902
10532
9996
12549
13531
5342
14134
7649
6127
1700
14070
13376
10065
1127
11984
5125
14460
8079
14454
9460
11007
14962
1732
15269
5061
7880
15493
1616
7145
12851
15803
11542
1666
5901
9778
4112
14560
13782
14854
1445
2970
7030
10956
1125
2448
10451
14408
3554
6034
1054
3141
11789
9626
588
2968
8582
3524
13301
3345
6073
8485
7117
1794
3574
12466
16355
14661
1591
1564
1498
15088
15769
3559
1519
4307
11920
15314
4249
5804
10899
1609
12694
13341
10335
4228
9763
15969
10138
16319
15041
13886
11272
14054
3036
7563
5419
12838
6418
10004
4924
5529
13059
5309
7912
869
3031
3858
13717
7478
4811
9054
13041
4438
6356
1117
7334
16042
9022
2123
14739
1106
1146
12160
6626
8503
13273
15121
8996
8431
5760
1924
8952
11128
221
16053
1842
2620
7267
13028
11026
15017
12617
10097
15498
8592
12318
40
15325
14815
14798
4422
1110
11615
5831
5304
212
7588
14770
12118
14511
12055
4712
12230
12797
4551
12674
9112
10867
1709
2854
2868
9401
10651
6352
12075
13128
4627
2230
9537
11368
12030
4264
4257
15343
4701
1132
8109
1227
8452
6473
13258
15087
1814
4982
3303
2852
9887
7229
11998
11218
14377
12111
14004
9481
12110
11933
10514
12035
8174
14422
2750
2751
2684
10223
13274
844
12992
5331
12399
0
3943
4535
8928
10670
1221
803
14406
14761
4339
6761
9647
5157
13468
9427
9389
11548
14012
14057
13688
253
6591
12102
7483
12265
8428
8335
3656
4205
12222
11855
8851
6754
706
7239
1269
6447
7939
6911
15870
5470
12122
47
3317
1973
10262
2637
12084
4214
2032
5087
5510
12049
12932
6132
15775
12515
14399
5783
11677
801
3180
14606
2829
10842
13991
12601
6019
2419
10136
1623
8020
6555
6834
6363
13672
3578
15353
9794
8370
12441
15854
831
16078
10218
4653
4353
3659
11217
15240
13354
3498
7305
3520
737
13805
14898
11412
2785
11120
4413
326
4361
10927
13526
5698
3085
8123
8621
12608
2527
5063
10850
10041
9153
12047
10608
6310
15857
6636
2770
2260
9717
7906
15778
2406
354
3710
12723
11347
7862
5133
1411
12624
9598
14686
6980
6245
2543
13120
1018
4943
8345
3900
6497
5997
14071
8029
1020
3716
5545
12267
13677
13141
16224
9375
2542
15380
3782
15944
619
9371
8570
6170
13344
6627
4818
2064
2845
8232
2151
8752
15646
9208
7437
14464
11276
3715
1017
8451
974
15912
6307
11029
13394
12789
8018
9041
5151
7075
1384
6529
11319
13014
10931
7494
11481
5356
1917
10755
519
6996
4792
7932
4475
481
7091
11744
7828
5721
5097
4804
4771
2122
13069
8021
1098
14269
4981
923
15064
10527
680
15526
2229
11681
2362
11456
6162
2863
12197
1472
1195
5788
11630
13353
14063
1015
14913
11840
11400
6303
2095
11956
5456
13852
11583
13532
4173
12751
7006
4432
2107
10243
5989
11095
15580
4491
13657
1164
8776
13933
4005
14041
5747
4114
2347
3250
11097
9125
2036
5775
1232
13999
10066
9414
7126
1395
4697
3742
2971
10151
1045
129
6766
4861
5390
13935
318
3930
2139
9017
14373
15441
2679
2317
12251
461
8191
15185
16043
4292
7977
816
11070
4262
11116
2945
13547
6351
15259
4583
2896
6211
1197
9393
4144
4199
16025
786
1951
4558
14869
15005
1116
7184
11779
4027
11843
8405
841
3828
8303
9157
1449
6752
13119
4677
5919
8593
912
2606
10999
16115
7196
15364
10413
15726
8684
14541
8300
650
8379
1888
12824
15413
15267
5926
9198
4618
13722
3718
15693
4956
4530
5687
8985
5475
1451
8069
13511
934
9674
2010
12383
4293
9432
7868
9950
7177
4891
13337
11263
813
5065
14937
7312
8342
7550
14823
10575
7763
6085
11467
14182
10177
1760
2518
14842
14930
13864
15182
9832
7067
14029
4756
10247
13988
2937
4544
6601
5935
7072
615
1647
5117
3746
15973
394
15961
10836
3412
3170
10160
8845
6177
8001
11704
13142
4141
9914
8377
14700
7503
15848
638
8330
6763
10970
6264
10429
8285
15535
2405
4149
12868
9287
7462
15868
10541
6227
12019
10990
10440
10011
7231
60
6580
12923
6284
13191
15056
6613
12015
15558
12731
4913
3008
4397
13435
12883
11735
5907
9943
3035
5426
6339
9400
14936
2452
15329
13176
2583
10263
270
439
8717
6246
13982
14178
194
3863
14229
11167
899
2759
257
8389
10913
4109
6855
13623
9026
11565
2935
12890
13132
9288
4954
10877
148
8824
7856
9373
4334
8267
1188
13153
2243
11355
2594
1661
7771
15537
13089
5890
11312
656
7534
5139
12886
15232
1642
3321
5335
6101
1874
8256
2451
3285
189
4814
7734
2282
6205
9571
1440
4594
13203
11210
11533
7115
6736
15950
6899
10675
11073
6643
13568
14000
876
12271
13918
1010
5650
1612
1532
16101
5842
15207
14378
10307
11479
298
4053
192
1905
7106
9748
16089
15392
9243
10272
10550
7532
977
1556
7378
8636
10383
11161
2388
445
1416
15268
2875
16162
6067
715
4603
6279
1614
8491
12194
5025
9043
1906
2555
564
14727
1816
665
11564
9925
3362
8177
4744
5472
13478
5507
2003
14877
7965
871
1590
2658
7983
5486
4581
4152
5035
14492
2894
15381
6087
13377
10841
11042
560
12835
15155
8271
1304
15266
9473
568
10750
5551
1373
15530
8846
677
4778
14002
3993
13842
9590
2789
11859
6002
6120
6039
3056
7942
13015
9165
11370
6759
3489
14835
14256
8774
8567
16167
3759
13734
7204
13058
8829
13228
6717
6588
1978
8081
8235
13317
4606
12417
5944
697
9796
1611
15506
5313
1898
10545
15680
12692
14714
13197
1034
989
8397
16240
1381
4443
3867
384
3286
10754
12660
6327
6182
10659
441
1770
14091
15869
4126
11005
1809
15902
13544
2377
2844
6909
9622
8281
1023
15110
6551
14963
3205
6903
5330
5120
4020
15097
5053
14164
12139
9827
11554
15513
11009
14052
12306
2895
12446
3434
3813
10821
8086
8091
2047
5755
13516
124
1358
7708
12264
1339
16274
1104
5532
7991
557
15417
4592
4356
463
1671
13550
4196
4355
12506
8376
7176
11749
14089
4137
471
6380
4235
1974
14546
3818
1856
16124
2141
14365
9109
2995
7340
2401
15545
1702
4702
5037
3428
7598
10295
12816
12954
6867
2578
13765
11242
3438
15300
262
11057
6637
7685
9849
1467
16255
15482
14106
2862
12755
704
2130
1804
7878
10509
8711
10775
10094
1059
13220
81
14607
9780
442
2073
1557
6989
7395
5502
6644
2502
12307
8168
13589
10909
4187
5834
1579
8067
14662
6510
10493
15166
4312
6240
10328
4430
310
7737
9465
13790
13998
583
2303
15573
300
4952
13625
9362
15126
9564
13171
3845
14393
12085
2831
6959
10859
16112
13997
2144
10278
12994
11682
8862
3495
9237
1156
8834
16060
1179
7114
1450
8639
15104
11221
13290
3824
13214
5887
14114
13387
11949
12407
1230
895
9860
6837
15616
14380
5013
7667
2634
12355
4452
2126
14208
2268
15945
11208
11640
14536
8678
12023
16213
8677
3113
8519
4809
11743
16037
11809
12354
9021
10424
11617
11419
8472
7741
11686
10226
12578
6651
10072
549
7036
6714
16354
2564
539
15421
14969
6480
6536
15492
12913
1907
6794
13419
1723
707
11421
4065
9653
2630
10621
4893
2154
4839
13308
15880
6575
14165
16195
14960
9342
4903
4616
10929
12573
9186
11813
4306
12914
5275
16318
4448
6760
7893
4537
16129
9863
1474
15617
13946
11227
3608
14961
11308
12321
1854
998
15201
4695
7418
4875
14411
4317
3327
1985
15263
2505
5241
9232
2086
7702
577
405
14683
675
8794
10985
7180
5270
8748
10029
13898
14820
8632
11902
4398
14268
16235
12513
12857
4078
15830
7640
361
12095
15349
156
14387
5791
4320
141
8368
6032
12074
11384
9560
3500
12763
6725
4103
4533
4994
13577
14416
2381
1998
15585
8155
526
1102
1686
4417
3847
15236
6341
9477
15739
13230
8918
8843
11553
12745
166
14014
14747
11443
4254
3248
4973
3252
2400
7063
12079
11369
10230
6300
11362
3378
6076
15214
15974
12212
175
2397
9855
1769
13990
878
2690
14681
10137
9423
5713
6516
5431
685
14899
1428
4336
11851
5897
15362
12646
13086
8062
8404
13281
15165
34
15784
4931
529
9886
14246
3230
11798
4424
4867
5609
8112
14584
6436
2917
3643
7254
9782
5547
479
13061
1617
10554
16332
5814
16050
7235
1404
8710
15807
7676
11858
5263
16206
12530
7332
9001
15208
1653
3915
8229
15274
4039
3355
13667
2547
12350
4231
5888
2187
757
10818
11299
10406
15721
9586
1006
1802
14437
6115
6550
7449
13640
13914
10209
9682
2695
9396
26
3403
8786
5849
3711
10547
7361
4508
11606
1002
15112
6138
728
1599
2091
14425
10466
9417
1180
1310
14011
5193
13497
12786
14330
14859
12476
4659
15550
10513
6528
11575
8457
9429
10003
9710
3721
4380
15323
6361
12094
9765
2004
1817
12528
3703
12460
10245
3209
15745
671
5592
5230
11993
9505
10528
4880
9633
13346
867
2286
13374
1030
8956
5820
2216
11523
8204
3730
8434
12680
16312
5371
11808
6144
960
7346
15202
13893
10257
3669
7291
9634
6985
9520
14562
10531
5864
6847
10131
1734
15742
7570
12628
6402
6562
15652
6735
10309
15175
3531
1007
15982
12039
16284
15003
3664
991
7949
13289
5165
12936
7630
1165
6724
15708
7107
1509
3051
11635
12290
1241
8446
15366
9990
9924
11496
15133
7481
14279
3123
14699
3300
10826
347
13675
4642
1860
11041
2506
9697
12918
6346
12817
2760
7289
10804
7843
3280
10141
10193
7544
9868
15348
10523
9364
15926
16094
10572
13932
6578
3587
8233
9671
10342
74
7037
12273
438
3561
6456
9480
6728
7657
7768
7021
2386
8856
15286
10769
5881
5978
15817
3223
3176
10953
2493
14964
3206
11195
11650
1258
8505
16048
11517
6099
15839
11100
7956
4493
14993
3972
11877
15243
2152
9602
5229
15459
2306
917
3241
7160
15178
5911
15665
2462
8889
11909
16193
14799
7032
4940
9479
11468
4071
8769
11027
10316
1523
8387
2646
3548
13554
5728
5082
5016
2396
13282
15213
6260
6043
15461
10006
14317
152
10176
5886
5618
19
13871
7127
7103
13148
422
12368
531
4941
2295
7845
2173
887
5364
2458
11032
10273
14284
597
6124
6030
9394
8349
2484
2450
13712
5542
8618
15735
7347
5946
10491
12950
7468
82
12569
15823
14908
7634
3910
6231
15074
13425
1326
4052
15871
35
7354
1601
14884
13071
10171
16231
12131
13509
1805
15473
15888
2577
7735
15389
2402
2368
4484
12072
7887
14740
866
776
12219
12599
3503
13017
10331
14743
7960
12737
13030
7857
7195
14598
7728
3083
11129
1838
9807
10001
11591
6055
1704
2113
7537
15515
6705
2226
10374
10756
9063
5129
16123
8959
9561
6910
14094
3389
15976
14931
7301
11485
15193
4841
12634
5941
8981
13534
12577
4561
332
1415
2515
16016
15457
10398
14503
7841
1107
11772
11325
1356
3912
2598
2657
7315
14617
7221
3095
6916
7961
15828
12647
10603
748
9443
3935
1431
14802
14791
12374
15212
540
2427
6323
11848
5544
13181
16336
7864
6110
9696
6603
14717
14889
4865
11968
4421
11080
5999
8416
9882
11424
624
13476
7120
8037
493
533
10571
7827
10032
10302
5300
2873
13460
13000
9999
3148
6783
5793
9958
9920
7663
2075
4790
2699
9988
14757
15694
7944
15262
9068
12795
5749
11614
16177
14580
3526
10707
8066
9759
9196
8737
13049
299
12009
11518
11872
4210
10822
13656
10727
5432
4767
12297
11240
10660
10025
13150
7897
9263
4512
1941
9907
11846
8412
7458
10556
7896
7322
13503
12278
9776
14570
10525
6236
5803
14627
6175
2767
771
5164
5554
9867
7999
6037
1286
9074
8288
13329
2649
1119
5091
6171
11065
12324
6507
3994
10039
9761
10051
10757
164
9661
11089
14500
2066
10482
5068
4007
6293
756
2748
6897
6898
5441
16261
5124
11726
16132
6267
11117
13111
3838
11529
4184
4161
327
2843
15027
6619
13441
10345
3945
6494
6336
15250
9515
4934
5439
14673
3360
12588
16003
3047
8625
15532
2072
71
2255
2331
11071
2085
14779
4863
7935
14596
7275
7848
6923
9472
13143
3288
1182
13773
1525
14943
5138
12654
12442
670
16351
1172
8521
5766
3386
4725
8729
8788
10658
1464
12974
15075
9747
6513
14519
5682
8517
14582
15955
10657
7830
2612
6658
11632
13887
3619
6136
1715
5385
10441
1680
5965
9507
3807
4656
119
8340
4923
9593
8378
1651
12282
15069
7997
13804
8264
546
2990
11927
13809
9453
16334
13652
2675
15766
11817
12906
10238
11417
5311
11633
11717
523
12291
8733
10007
10494
15970
931
13050
11261
5732
5561
10326
94
10130
8675
10054
12791
6992
8402
14034
12112
10799
10012
16145
13723
2963
11176
9303
6104
9257
8902
5389
12523
3167
15656
3225
3602
8699
5194
12403
14456
14364
256
2221
8322
3001
6222
12967
12132
8945
10880
2293
3164
4250
9978
2704
13949
7774
5100
11506
3344
8275
7317
4406
8609
5586
6337
10134
11359
8671
9249
12951
9346
1083
3805
2638
8874
14078
10712
340
11182
8967
4386
3108
16331
2147
14628
6809
5701
15331
13847
15448
2998
293
11063
10261
9699
15111
5631
12603
5938
10891
10669
12142
4442
4169
12313
13382
12587
640
11254
11795
1787
4378
2952
654
5671
10858
6876
8700
2135
5255
1088
9514
49
12638
13551
9959
7682
5062
12632
12395
2297
5744
3708
6013
13309
4541
15794
13574
3817
11890
794
13055
15079
1570
12376
1831
136
2619
5116
793
11930
13033
11147
13896
14028
1062
12793
13326
13769
12829
829
5012
12662
5375
10271
9741
12942
10155
12600
2611
4703
15406
14496
11149
9227
2712
2522
4241
860
8964
12474
1752
8990
9180
13349
5511
3921
4832
6856
10923
15344
11036
13576
2217
11256
14350
16226
9798
16288
7724
13619
3679
12774
11337
15905
12428
8905
6941
721
14952
2957
478
16228
7011
7517
62
7476
13897
12499
15272
12585
527
2250
7506
10681
4566
3792
9215
7194
13706
3137
14442
4879
2140
7767
3639
3155
7748
9685
9569
8667
4170
5405
569
1199
11642
14833
6247
9114
15174
3632
13788
6414
8173
7355
2523
8656
10114
4022
824
3648
3797
555
12691
12594
16356
13588
5824
4727
8093
6154
6932
14488
2287
11477
2548
8260
8891
9357
15774
13643
8117
2913
10090
8836
9936
7869
12217
3882
13741
8728
3224
6294
11674
11937
2610
10111
10499
4032
1861
4601
8276
5055
7551
2608
11777
15319
15640
3236
12872
13035
1353
12790
14274
9093
240
9314
5750
12382
8425
11695
5771
3026
14642
13316
8989
3690
3177
10128
7082
8931
11363
7838
674
5736
5768
1981
9459
2461
5000
3485
6312
16170
11039
9941
6942
3253
12724
7144
12706
14173
16117
7895
8419
12147
12746
3492
4854
5184
12543
15345
4394
12463
592
15505
16035
5558
14591
14278
8110
173
14569
15831
14315
2324
14080
16151
13553
8616
8386
11891
9755
12209
9251
12968
2482
11051
1274
16072
15456
11701
5505
6747
1996
10318
11665
836
12524
9133
12909
15637
1629
2224
15067
1338
1832
10269
8017
6278
6434
6750
7228
5131
2016
835
13332
15497
2823
12718
11407
1926
14115
13227
5859
9418
11908
8008
4694
6409
2077
12832
2834
4171
4223
6746
6243
9044
948
4892
4632
1528
15322
1357
10082
1791
15564
5104
7533
5981
12210
10113
4030
16085
2817
10618
6914
13680
9285
15825
2887
9403
620
4531
13470
1659
5127
4648
3075
11290
10665
6028
2777
12448
4478
2040
14038
1897
9823
10908
6561
4460
5754
3212
15554
7323
14394
6257
2127
7990
1407
7454
14144
15247
14276
6866
1720
8135
5243
1126
12712
3862
9512
3261
4316
13129
10935
9076
10385
963
11197
4874
483
7549
10615
1033
15279
12192
943
3653
3394
7652
13762
9940
9070
12945
2481
6481
6565
8784
5242
8466
11160
12613
6576
2806
12538
8557
6220
8679
5282
2093
4990
8906
10921
1152
12565
6095
9526
16207
1406
6428
2236
8977
10476
2088
7169
12825
8468
8682
16165
10663
1610
10753
7509
9784
7379
3706
5256
14189
3040
13372
2184
14296
1494
13727
5084
272
3603
14474
5585
13819
5628
13776
13839
15137
10710
655
6922
16225
2824
14855
10182
72
412
1547
15278
5183
1283
15917
2774
4074
9488
12969
12136
9834
13410
1327
7153
16296
6449
15519
1501
3501
10650
1767
1111
15475
7325
1673
12455
13182
9829
252
5394
1167
16350
15538
16278
15249
3196
12127
12431
7899
4349
11372
6568
4028
3767
12920
6509
3163
7791
6031
10187
2558
160
7759
6275
12021
2471
3780
95
4043
427
10287
8006
12782
5685
7664
13155
84
2587
8628
14907
9057
14295
15227
4593
14426
12891
5639
4305
16068
13130
6439
1057
93
13724
3475
2327
11873
6957
1216
9648
5217
8627
3484
12730
3479
4716
14613
16248
2516
5966
7076
9360
15703
10186
7257
2251
4760
10069
7962
2145
6054
1402
12163
9605
7471
14459
13721
1012
3276
5575
3401
10623
547
14515
11284
2826
4708
3890
13457
7411
14233
2384
2645
12501
11844
2039
13892
9563
3678
15612
12392
9467
15520
8111
11715
12663
14128
14887
3686
13009
8559
3446
817
3049
14620
7982
15315
11551
14051
2485
239
12434
7638
14651
9469
15029
3063
11502
6105
14910
7019
6560
2238
6522
3982
1139
13561
8731
873
8475
6281
2177
3332
11657
16335
14417
134
11862
9128
4110
9655
11824
3079
11183
2668
3647
5729
7025
8598
5077
4182
12899
9861
6140
4608
5296
246
8388
14137
6287
12453
15426
7033
2953
12557
6053
8141
9121
10430
1539
5329
4271
8978
15939
12274
12255
11796
14024
65
15639
8455
10883
16099
4574
7751
3046
2528
292
16121
8142
6441
9399
11731
147
9456
16061
10748
8997
10164
3208
884
6174
10204
6412
9799
4750
5232
7147
5813
12323
12707
6538
13843
350
4585
3129
5257
13351
3991
8702
12894
11079
5945
2693
13052
4107
1864
8258
4069
5719
15994
12000
7359
12485
6616
8277
5202
5167
14738
9391
14490
11090
5218
14659
4176
10280
11300
5226
8429
15340
13097
10653
886
5459
9766
12311
7038
13222
13334
8415
11320
6973
8974
13983
4338
13313
12100
4418
6234
13931
10752
9096
16374
1808
8911
10692
11999
5706
10610
12245
11539
5143
2724
10594
6972
14643
13735
12719
9594
3533
6027
14418
1113
12591
14141
7527
15130
6542
3518
2709
15771
9693
5176
12535
8560
11520
10161
857
9444
3865
12405
3052
8482
14967
1608
14941
14881
14147
13107
14557
8362
10277
5947
15339
3610
12389
9616
5105
3366
12661
4168
751
4314
1170
3391
9220
4864
9013
16247
12773
13600
10582
8986
4459
11283
13465
10882
13426
10336
4391
7248
5512
9234
5001
13906
13936
16012
5251
12445
12622
12206
8248
15143
16081
15103
13029
11863
2858
13087
14410
11755
1463
4680
10694
3093
9244
4909
8705
14629
4358
7077
578
12619
11696
1502
15539
12614
16155
12369
5613
245
4898
13361
11376
1710
11654
6918
15420
14468
8094
4775
9046
2108
6018
3122
11440
13168
4062
1812
14600
14656
9029
7573
7165
8987
14965
15855
202
10938
3950
8000
8219
15748
7877
5493
7513
13236
8723
11414
9991
8886
7610
6500
3617
5153
969
5971
10695
16360
14512
10411
6779
15682
8760
12424
15565
3835
4563
730
15664
11132
3979
4713
11435
12522
10680
11406
209
2052
3542
10784
3511
436
13682
6817
984
8316
7365
2299
2049
16378
6001
689
3430
12454
9811
433
13598
9261
13537
10656
3380
6519
12378
12227
13954
9720
7955
5608
7793
146
6891
13825
8946
6701
10546
11579
13952
11559
12629
8936
341
9352
2387
12305
14395
14298
4664
4939
4192
7853
6906
15167
2717
6450
9810
14407
6063
13520
10282
10796
9224
3821
5303
8181
14423
9504
15449
11377
14098
3595
8399
10443
9912
6157
1011
4469
955
4914
9538
5582
14328
11875
1278
170
10093
2902
15879
9183
381
11989
7681
12086
2087
13296
6595
15241
12168
2978
13572
15428
3717
1848
3341
6393
15548
6029
8768
11747
6269
16199
1619
8840
15040
11480
725
2011
7008
4059
3244
231
2786
7022
7835
7222
10297
12103
8420
10285
13373
10584
13392
14086
8045
13844
5839
12635
14636
5496
9828
2432
13102
4135
8859
5990
11887
3165
7020
1687
7661
4532
13020
13019
13971
1354
11082
5772
7302
1797
582
6172
4847
3126
6072
12813
10973
9600
8658
12970
16122
3793
6501
2918
6615
8548
7795
8518
2355
12046
16259
14120
16020
15731
8124
13549
2121
3951
2931
3336
2666
7339
9952
1781
6964
9193
1399
14923
1019
12068
265
14891
372
12432
9173
2207
4689
13764
9701
6587
2911
2756
5286
4497
1316
15835
7785
2318
13135
6033
4186
10827
10343
6853
9428
10279
819
7917
2090
15341
9612
16276
13543
13676
2344
11776
1537
7131
7937
13396
3361
2
10845
9975
8319
8393
8220
9850
3830
6273
15916
10587
14374
13832
3186
716
12226
9146
9199
9140
9007
6374
952
13972
7398
5552
4820
12792
8727
7951
13738
16272
12093
2535
9731
15357
5726
3827
10185
12057
14045
2757
8409
3118
4765
9309
12673
6377
6335
10512
1064
3855
12729
15161
10101
14722
4227
3922
6423
12762
6302
12826
14354
2850
9841
3302
10685
11570
7586
1266
971
9129
8839
2316
1437
11375
2205
13761
618
10574
7470
13881
909
7058
4933
14400
990
8927
6875
1297
8589
11515
7054
9387
3929
5879
12626
10771
14150
11538
8895
9256
13755
15951
8642
12335
5295
6435
11780
13850
12010
6589
11952
11896
6387
13563
7331
2337
4977
10957
2648
7595
5142
16316
15009
6823
10027
15462
961
7486
9769
12508
6654
2042
6797
16144
15865
13490
13961
2279
1818
11449
15312
2816
3775
1696
6508
14723
4037
16345
5073
466
322
89
1799
581
15907
6369
7824
10885
4693
1351
392
6305
13858
6585
14896
796
6057
8073
8321
15261
6961
11599
4757
7911
593
13684
3011
2079
1285
16173
5555
4502
2486
15037
11145
15398
15852
4148
6217
5015
11155
15536
14548
2808
15342
5821
12644
10156
8488
12728
7259
14170
10965
11059
11022
9719
2081
6200
14989
10013
6639
8820
1516
13114
15347
10220
9291
800
6354
13846
1927
16110
7198
8853
190
8933
153
12975
7684
1177
14534
12990
15144
5579
3749
703
7947
5840
9932
14486
3606
10981
4769
14019
11532
5334
6534
3514
1118
14181
4399
12315
8442
7463
2443
14267
9126
669
12152
23
5072
688
921
863
4209
1840
1952
15881
4641
8814
9971
10103
3003
10636
14421
1811
4660
2412
14161
7007
2050
10686
11768
14132
8043
7479
13169
15858
3576
1867
13240
4679
11031
12221
14239
459
370
2669
3512
15471
6491
1026
13076
14780
15577
15219
13925
13900
11892
14522
5019
11791
3509
4816
12208
8120
8198
3798
15177
7650
520
6887
1699
2210
13360
8290
3199
7714
16266
3506
5572
1846
3109
1441
1980
14811
3315
8513
13131
2103
16188
6212
9024
13670
12844
4403
12560
6495
7139
2037
7285
2241
12874
7005
6134
1774
10393
5209
13692
9553
13586
4120
6251
3816
13464
9838
9081
2509
13811
8998
2514
1735
15861
5261
5277
11430
11545
14277
10625
7847
10221
3014
7250
2768
7890
746
15579
7619
11587
712
5250
14853
12347
16373
14814
11123
12681
4989
12161
14351
1137
1991
4602
6732
11870
2544
13408
1852
10635
14959
2650
6433
9660
11536
12768
487
11567
14169
4483
11941
7
9500
10805
3726
13280
3182
676
9
9336
13984
10308
1672
380
9119
7295
9435
2475
9476
10751
5228
9687
4284
2323
15066
24
1171
5315
13564
2585
14695
3736
6935
3279
10265
6195
10601
12849
3187
243
7095
6283
3116
738
1226
14100
14626
15886
1792
4525
5338
10104
10276
1460
2253
6219
7190
8812
6780
6350
4102
7367
11659
455
8672
11021
241
9034
8898
7434
8286
5039
5325
15601
15330
13422
1072
7122
11689
11724
3843
2853
15242
6686
12188
3456
13275
8676
8310
15988
15576
13082
14797
5402
14796
14510
14587
12357
11958
211
12678
6726
1677
4950
12149
7945
13127
761
11043
16
2975
2057
2354
6554
5355
729
6102
2672
5051
14980
795
5601
5741
4838
9217
9746
8312
4944
11265
14577
4409
13514
8962
7844
6035
15467
7300
16093
6316
9366
6233
10492
10613
14466
13053
11687
13066
2325
8353
2812
2743
16204
3712
15026
1187
626
13098
11793
14469
16253
973
7203
9638
2456
16180
11679
8187
4247
15230
13959
14257
8031
5189
8879
11507
2133
3772
420
5641
1721
3575
14946
5733
5095
6199
16077
14888
13502
12464
1872
15979
3132
7790
10180
14984
15065
3593
2519
1685
11957
3476
14644
5318
3227
1529
6532
3107
7448
11158
5640
11431
7605
12044
10840
14473
15891
2663
2094
9529
328
7744
7696
3814
983
10270
1633
7523
14949
4191
14346
6180
15140
14954
4138
5168
9723
7769
9386
15435
7802
1948
6720
12064
5689
584
11500
13025
10975
14498
8099
4747
6041
12289
351
13295
6313
6475
5861
5666
15335
6476
8252
2985
13718
4802
5940
4045
13350
3266
6755
13212
5703
6729
4935
1376
15001
1834
1342
12014
8804
810
2628
423
10391
981
11019
1365
14129
13771
657
16219
5287
13493
659
9203
6777
16344
4011
11974
13521
13375
5557
79
571
4008
6789
9817
13013
2980
14610
6148
8326
2374
9398
16380
4662
13653
15598
6919
9777
4472
5324
16118
5236
11806
6207
10392
15042
9603
12574
1185
11281
16104
14944
14282
13637
2595
9592
5185
14609
15711
7632
2363
1916
15928
55
3480
477
244
2001
4050
15653
9385
9049
14318
1196
14316
12016
281
3777
5042
13003
12234
8892
11304
13302
14107
2442
5106
12239
5525
13770
8780
9142
9846
3323
5645
482
6880
15571
2009
7689
5845
9876
2166
8394
4370
6609
11742
1847
9404
8777
10353
11321
195
1468
15401
197
12484
13880
15764
4764
5757
8169
3571
9289
9698
3764
12004
11913
2220
13140
7125
2018
7403
14273
3932
15607
12394
16196
2043
5635
7230
1071
15882
7201
15115
10100
7808
8070
15747
6997
14559
13489
2825
1535
1827
5416
10132
14040
8122
179
12332
9900
13264
2340
3004
2311
2326
2379
5340
11624
10397
12375
505
14508
10303
11163
14588
5465
5880
78
278
14844
8904
12944
12017
13173
10538
15713
1563
11719
10782
9840
13613
14341
13525
6049
9790
5611
818
1013
16250
5386
8166
3569
12178
992
9155
15184
3237
11458
13666
6015
7048
2752
3990
8854
2098
3662
11076
1432
4571
559
14638
11943
6479
10092
13481
12720
16005
6457
9986
1512
12202
12443
73
13347
13491
9169
4600
11280
1990
1331
7833
11821
11124
14745
5384
8206
3916
10952
4758
15368
11112
16091
13100
11353
10498
1273
5735
5832
15020
8601
15142
5206
3590
9397
6928
11610
10017
1902
3893
1086
11214
2345
5032
12034
14871
7496
5427
16034
1882
8143
10301
9814
12639
5518
16033
12839
8478
2393
1903
12270
5882
14564
8167
12119
7183
6659
4668
3487
8686
12590
6325
10348
10170
10633
13314
8183
2915
285
11226
1314
4009
2089
525
5067
12545
3846
7662
2631
6660
14655
7731
8430
1641
14154
10300
3429
5577
8051
8278
12837
11024
1208
3765
11139
9906
4717
6905
16045
8324
4291
10869
5317
5410
218
2992
9762
3869
13874
14813
11803
4155
744
10567
2117
6276
2549
11732
8612
9149
15187
118
2761
16135
1881
3078
4381
7720
1153
14692
16347
6178
6442
3873
12672
11030
11501
6610
9273
4000
3466
15258
3724
3527
6420
8328
14846
3588
7040
11912
13617
6263
13647
11721
2022
10173
2798
10409
2871
4151
15599
695
880
6198
5889
3333
15500
1233
10968
8156
9156
3634
1190
15423
10098
3747
5285
1875
10377
11997
1096
7089
5506
5637
8789
1444
3829
6537
6564
15503
2665
5161
4296
13431
10746
13711
9230
9192
8107
724
1582
7104
12584
1041
13664
11429
4218
10172
6675
1757
11475
7921
6163
13951
10888
5656
11237
4965
9672
4461
41
13161
11141
16183
1824
5268
10216
9928
2171
6574
15418
3218
7287
188
2647
13072
7213
10055
4036
4962
6098
713
5477
14735
115
3054
4462
16218
12233
14079
901
6468
12190
15937
6827
8721
13753
14253
2359
7096
11064
3536
13
15436
3419
3914
11711
927
843
6396
14308
15660
15447
15648
14754
276
1300
15761
9164
4298
16361
2545
9700
306
9751
1452
10573
10143
15455
7730
10382
13279
13700
14489
2579
2008
13196
6372
13791
2633
3885
8849
763
9662
8707
14731
10355
5423
8492
11365
9726
9543
1586
13573
5497
12575
3666
8914
8884
11088
12154
15131
4810
4670
7854
2322
4303
4718
13365
3697
2575
2880
10453
4279
14138
6131
9351
9286
12928
14520
12008
6156
3482
556
11797
1844
3613
3470
15816
11628
6709
11386
1746
14772
2138
8116
11171
8408
16262
717
12104
6012
9864
8027
9856
14653
11555
10030
3540
16323
6631
2946
5503
7284
11757
10228
6691
14398
267
5170
8118
12364
48
116
3215
15282
14885
12682
8984
1443
416
686
1073
7690
8333
15033
15956
1418
9280
10281
11750
8506
10585
1355
1001
8441
6386
11471
6713
5080
10911
15631
14929
1530
11015
11926
2827
346
7469
14036
15901
11787
15899
15216
6865
2449
13213
11341
9009
10829
3740
12631
7142
13828
6427
11253
9409
14697
9055
1503
5717
3453
9274
647
13322
6785
14586
13841
14775
333
13386
517
9326
13123
15502
5359
15947
7429
6344
12120
5885
2973
3416
3188
9703
15150
11136
5976
7950
3949
1160
15073
10242
7175
10439
11895
6256
7465
15108
398
8063
6888
10897
15220
11153
14336
6355
5826
16382
3422
13528
6690
12641
6605
4872
14477
14010
5363
12170
6395
3962
374
12056
14527
13225
6496
10142
13916
3992
14244
1478
15782
9468
421
13393
6952
16133
400
15204
1994
8108
7004
13091
5399
13907
1625
7709
3704
15048
10337
8071
6329
6665
11106
5501
371
1259
1766
16011
2984
1469
11959
13084
4738
4762
3550
1074
9902
16184
12344
9170
9702
5951
16032
15145
4139
11738
5196
10370
5588
2538
7226
15977
1480
1780
13612
15770
720
9437
11727
14812
4323
13246
4768
12041
13473
7133
12001
13779
9071
5188
6581
9426
6845
1566
3494
8651
3231
7660
4193
5326
9934
10015
3903
15504
8022
7770
8965
2174
11764
12063
15025
1577
10201
13462
465
9677
3618
3620
4752
7622
7524
1954
7110
11113
13540
1967
10894
10901
1958
11653
1880
7898
1665
9756
4621
8761
2332
12295
608
14060
14168
15790
12929
11917
6452
12286
9566
15427
213
2622
8719
11266
5207
5610
449
6835
15996
8023
12738
14509
15483
9127
7309
9470
962
1912
3785
1231
4964
4746
12387
5979
2983
8734
9922
4449
601
11457
11514
8245
9310
6176
11673
3463
11177
5449
5605
9369
10283
8803
12981
10800
9246
5961
15965
13989
8295
5802
8552
8913
6107
1256
4281
1275
11737
5564
762
15922
2811
1550
10085
6191
16376
882
3967
6757
10954
7694
16102
13890
3971
8709
1457
13673
5159
7612
14218
9298
7973
11303
8307
16066
11130
6524
12964
7061
5180
13855
14022
3120
2652
5352
4343
16157
297
14720
1675
2498
9065
9105
6825
10334
6544
10168
8894
1836
8199
14589
14017
11122
5021
9038
4681
6953
13634
8254
1032
8350
7850
7459
5531
10189
9904
11453
2024
4877
5805
8331
11508
7541
10887
8599
9236
15293
4665
1145
13860
5655
13136
920
8262
13328
431
15433
5847
5917
2613
15756
387
507
764
5715
13559
16096
6181
16142
2994
12195
10495
8543
9245
2701
14858
8444
14514
2041
4672
8659
4506
16130
3311
4070
10902
12993
12470
5972
12949
3048
10010
5606
997
16352
6
14050
6023
14042
12204
14013
12129
12596
827
5632
1988
9282
2741
6106
12153
12516
14650
6650
15134
6931
12360
8158
15013
16306
4564
13187
13260
3142
1782
4777
14983
14003
3984
14320
8577
14669
11013
8411
11571
6990
12690
6872
12067
5430
15932
645
12544
11345
10811
5877
2068
9328
2533
13513
2300
1250
15382
11258
4967
1360
14074
13256
13343
10222
2814
11083
6017
15570
3104
6360
11805
10813
4035
9039
13806
9565
15403
8923
11874
7885
12841
11066
13781
12570
4644
11267
8685
5867
9961
414
5853
12534
3262
16036
6348
7164
12803
13506
11521
3166
1914
2153
266
4673
13447
3981
7093
4658
5246
4352
3685
5444
14275
14356
7698
15574
12090
8635
4619
9749
7186
3099
15885
12408
5155
4267
13854
4018
3955
7016
3774
4402
10431
1511
311
10854
14999
10604
9822
15485
3978
8649
15147
5948
9951
1884
1209
12966
247
13792
5069
13833
11830
9949
2031
14131
3729
6784
5014
2617
3006
3539
1234
13940
15724
5612
4407
8976
1683
8688
12365
14187
7128
15297
3562
11052
7293
5492
14784
3938
15228
3238
3247
1235
4966
2822
11354
9921
1105
12881
8352
5451
13960
12261
10819
5778
1056
2170
854
9359
2235
12371
7539
8792
951
3326
14487
3071
15913
8779
3822
11995
430
4350
1717
8507
10843
10936
15105
10399
8040
2989
15587
9027
10018
6684
3061
367
5515
14125
6042
12702
12864
9659
11205
13915
11381
474
11636
10844
14698
15192
7901
12559
13699
13614
8230
8664
3948
1320
10798
16300
13085
8555
4222
12750
3672
14088
13827
5060
15699
8034
5967
15351
4927
4830
11002
15533
3084
3654
7762
13271
2487
14083
7394
11436
13838
11838
15209
376
9767
13444
7079
1270
6540
4076
10609
13320
3114
11829
9240
2163
2290
5691
15419
6767
3444
15669
5102
9137
15836
9332
4691
7088
14363
11067
13170
11734
16242
1738
9973
6206
1755
7083
9938
10781
16275
7967
11004
1688
7993
7207
8516
10958
12518
14915
9905
10322
4116
15670
2237
8172
9542
1618
7206
8259
15732
3338
12052
825
5668
14749
15924
4782
11578
4908
8740
5266
12158
15371
9247
6173
13814
12436
11698
2188
6482
9449
12176
16070
14391
6771
16324
3211
809
3802
2925
108
14501
2922
1983
2573
6306
12422
2507
12550
6318
16065
3657
15781
378
7385
6103
7680
7832
1109
13934
1050
6208
11619
3294
14523
13307
11323
15151
9541
1933
3763
1
6328
3594
4730
14556
9502
1575
6596
9092
954
6599
11229
2198
3133
12514
5852
6079
2439
13585
6201
8072
9005
11944
5738
10548
6477
11741
2775
8597
10763
12651
1500
5649
16126
383
10469
8765
12353
13139
1330
2694
6229
6311
9166
6719
237
7003
16039
7273
9640
9312
11395
7299
6852
14981
16028
12342
13427
10642
5141
4285
14112
6467
6094
2749
10169
9684
10358
11343
3891
14200
1340
4092
10898
5607
567
3641
123
10588
16257
6648
6807
3589
14583
9965
287
13877
6733
14942
10110
15445
14435
15889
8641
4922
3558
7330
15623
11484
14049
11978
7234
11905
7262
2338
9176
3850
14146
11313
12223
480
11255
953
5860
16141
15196
13556
4848
12472
9821
10195
14419
4133
1217
15930
14005
4910
9562
7310
14413
6184
1853
11882
12288
15595
15796
12796
8160
12836
11278
8364
9030
5692
10878
11718
4849
11547
1387
52
15791
8730
3713
16192
701
3517
777
541
8626
14231
7818
13701
4868
113
10808
10515
8474
4873
7018
5587
9998
9331
11175
6271
5786
3153
6159
5921
6635
15057
4099
352
14951
5597
15649
9577
7413
4075
10976
3185
12540
8523
11179
261
3269
11264
3387
44
39
10690
12547
12386
7566
8175
767
12308
13697
7136
600
16256
3354
6005
5485
1249
9773
5249
2164
10962
3229
4947
15405
7564
16254
5234
11626
6077
11499
10679
7382
4545
16221
2828
7623
15453
2999
2708
16314
1313
15224
13068
14099
1163
890
9267
1488
13873
12238
13733
12101
15136
248
7974
1183
12457
4753
10181
11649
7959
4983
6417
8076
13655
3448
3661
629
2304
4895
5484
8030
8102
1508
1248
5541
4420
289
7442
13815
5928
16100
2503
6239
15496
15527
8050
8348
6014
579
7718
8200
3537
13552
16103
5239
1759
12144
8912
11402
15226
12246
1634
1347
8937
7613
5223
1476
13986
12668
13685
4455
6521
7609
4957
4826
7732
14292
13583
8437
4451
6075
15619
4834
12117
13524
14447
1479
14864
6298
7779
926
10745
15296
1370
4528
4992
14248
16368
7526
10723
14118
7581
5279
8525
3411
8354
11331
13981
808
8347
9556
3053
875
9124
2155
3732
9492
10749
9152
5290
3937
625
15642
7998
956
15480
6937
13878
2076
3331
596
7341
9333
4904
9058
5543
13889
9085
16214
4788
10202
6385
15822
9003
187
3013
2938
4729
9253
5724
13336
16289
7753
1603
10747
13628
15542
5912
7529
3549
3256
5009
15695
7357
15729
3351
14334
3699
8661
15914
14897
10614
1306
1605
7572
1821
10470
3299
11168
13780
2677
8537
4242
9610
1210
7174
15373
9020
667
5599
14225
2517
7807
5913
8556
2204
9993
12566
12292
16073
313
13389
1038
9367
3591
6194
227
15786
14018
4576
9805
5620
852
5664
6059
6553
9365
1979
11364
14748
10208
5841
8283
7348
16116
14326
7475
13595
9317
16058
6579
635
10127
7803
9837
11716
5963
1060
1837
8922
3009
13937
7697
12256
13241
2836
6960
155
12542
5422
3652
9779
4993
15629
10457
603
15589
6052
15124
13671
4739
4776
12
6254
9241
6114
10259
13631
6788
3757
5395
14763
3899
5490
2256
15044
12956
2659
14563
10463
7574
11761
7338
9368
4490
16379
6926
7245
2919
2562
11723
6547
8604
7370
10153
76
12105
8423
9275
2866
15316
4674
14162
9408
5114
1772
12062
14130
14921
1876
782
13235
7314
16169
11133
12012
2105
12846
469
9552
11038
4204
10672
15948
14259
11413
3655
16294
3844
6078
102
10083
11220
3458
11200
12779
4067
5500
10210
15271
2309
6586
4901
10561
4860
5022
9676
12759
4412
1962
13689
6250
13919
7179
9135
7892
10206
8065
13166
13888
1485
5801
15287
13609
4553
11832
7721
3909
11994
9896
9969
14222
2132
203
12520
11621
9532
7249
8970
6806
11992
97
12984
5915
16244
10602
9718
3866
15411
10814
9931
3642
4272
13395
7519
14773
3534
4239
11661
11509
9036
13358
10564
8417
10433
16200
11827
5705
10199
6045
1069
9190
10402
13172
7057
10857
6142
1971
10919
15181
12159
199
7825
10435
15260
8949
9195
1144
9793
3907
6375
820
14601
4686
1280
8648
6606
2882
1154
7438
15840
12743
13248
8214
13323
11302
10714
9509
11121
13891
8772
4628
7910
492
12329
10627
2771
10060
7149
450
6841
1461
11257
13399
2425
9787
365
15390
15602
4588
8106
10045
10948
15659
3976
14389
12280
4636
6677
11596
5010
3881
4047
4104
8514
2231
16153
13194
774
12764
15276
353
13941
12898
6371
834
9632
14882
8512
11692
15438
5899
12003
12483
1536
11143
14713
14465
13488
8392
10462
14
6202
14289
7920
11880
14917
7528
7396
9894
13074
15429
15326
9742
5968
10320
444
1624
10304
220
8064
2818
13331
7456
10693
7099
12602
6289
7167
7855
12235
958
204
6999
4200
14764
9522
8085
14472
1328
6818
15478
15690
16171
12833
8465
1684
11420
15388
3897
4578
935
13284
10994
4134
9555
11219
14624
12934
6727
8697
12080
5078
8747
7013
14179
11408
2192
6920
3251
9174
6024
15512
2616
14594
11967
4012
1027
15054
12348
13876
12900
14157
2457
1048
15672
7308
9533
8269
15080
2653
12130
1764
8858
4400
3149
11357
2997
7047
8722
15443
5908
6793
14085
11814
13957
2879
13627
12753
16052
7199
1798
3442
3267
15305
2744
6166
6577
13950
2943
8126
12859
6241
2972
14836
10502
3100
16339
14786
5201
708
13292
9451
9624
727
11432
12870
13327
2765
1788
4479
5235
5535
1305
1315
10506
6642
369
4431
1739
3297
11576
11397
7377
3271
2656
5173
15762
8395
14593
12525
1510
1284
9534
15704
6502
5725
7380
6669
4466
10824
5126
14992
15156
1112
3563
4676
16140
1622
7792
2936
3567
5980
8897
5401
2772
4499
12734
8652
15872
11804
11557
12106
331
11818
3462
5538
1829
573
1891
1890
2179
8145
5789
7182
4969
14194
3154
8424
828
7498
11839
14227
2294
131
1705
2903
8606
12564
1486
14685
15630
6933
13745
254
1281
2942
11753
5923
14872
6706
9301
1021
7298
6673
7707
1850
4495
2125
12458
696
6274
8683
10390
1790
6050
14948
13786
6223
2727
7957
15963
7938
12439
8823
11033
11169
7031
3200
8724
3396
14210
12186
14619
8798
9330
16315
7916
13179
1198
5002
15415
7068
14977
7353
15776
13291
11309
5905
4217
4887
7783
10477
10058
802
631
11327
1140
2389
11648
10159
12157
7026
15923
3383
11498
3070
13662
15508
11544
8865
12416
13899
15188
9491
9899
4467
13917
1545
14266
3627
5467
5988
6426
7321
1333
11186
15583
12059
12904
2436
3856
12410
15921
994
7306
3173
9739
150
7187
16086
8811
15718
9069
4678
1935
1482
6934
10290
16018
9583
10232
14513
447
5182
14526
5011
15222
9545
10717
9694
14618
4215
9012
16191
7320
7399
8044
4485
14431
15004
13979
11025
12167
9028
127
12393
14449
8391
4646
7039
4340
2799
6764
12652
14571
15215
10359
13105
14212
10879
7928
16056
11519
235
11739
339
12733
7711
13245
14331
2240
11085
8481
8496
1178
9724
2688
5680
13278
3058
390
1681
12667
16291
12151
3583
7388
6288
161
3570
7489
15971
12855
4936
2454
5253
7614
7372
4894
8712
5568
8445
4488
4163
1168
9475
13001
12325
12415
1481
6570
7669
12770
2908
4836
6638
7430
8190
4611
15733
5565
4698
938
8024
14572
6791
13822
9354
10019
10886
7484
2473
3340
9803
6196
2559
11577
13452
8318
15647
16202
4620
9185
9348
8587
3292
3810
9463
5661
3460
11401
10593
1999
96
10542
15425
5550
15190
15707
302
2033
5992
6197
15270
12636
12630
1123
3365
5952
12156
15479
5777
8213
6397
6698
2600
10296
1644
6048
3290
2910
4283
5654
1548
4315
15488
5865
7675
233
5699
7436
8833
3034
15337
5137
4857
5636
2006
10260
5709
3946
6410
6082
4953
12005
4552
13821
639
1222
143
8666
16353
7782
206
16067
12854
7738
13138
9145
14484
1186
784
7051
11023
10351
8223
5408
591
3876
5244
13324
4064
11876
5516
424
14911
9231
8960
11393
4799
3115
2944
6721
12468
13927
7829
9161
12189
12184
13963
12873
1063
10662
8128
12767
162
3638
5710
8941
7242
12418
12834
8808
6592
11118
9728
12938
3449
6297
3000
3375
13311
9587
9898
11410
9536
7765
9431
9539
1203
9815
2939
7358
5066
722
6573
4121
15127
3015
16027
16029
11151
6373
8947
9407
5959
11746
15911
8176
2000
13683
1191
4371
11924
3027
7002
13449
10432
15265
12748
1388
13996
13391
4025
6571
14719
14972
7555
6007
1785
2376
15684
1638
7015
9525
11352
5288
15217
1779
7647
10599
5457
11622
15012
14827
3496
3493
9888
5642
12228
1559
5716
13088
5291
9721
10980
3952
11893
11349
14658
3135
840
1058
5737
13219
13404
3676
14152
15569
8704
8100
12198
11707
11469
3044
1504
8421
9729
3840
9270
13592
15198
10211
8459
6851
672
6829
6147
14329
11452
6739
13665
10855
14927
7473
2696
223
747
13383
12138
16109
9675
9032
13467
3077
1663
14852
1691
10865
9300
3128
8305
1621
13659
7593
6168
4622
13304
4629
12740
9639
7121
16234
8210
10984
589
5421
11792
14684
13719
4942
12512
9202
4970
4733
13674
9318
4735
1303
787
5264
4851
53
4536
11234
13471
6559
13728
6299
660
16232
11212
3911
3904
15164
151
3803
13848
1393
1446
2349
13232
4252
8850
769
7090
1115
6290
8763
8695
1193
10306
5169
10549
14506
10076
5953
14160
10939
8696
11165
15376
15767
11492
1930
6649
13110
11782
10368
3076
4365
694
12252
700
9390
8972
7700
11623
13079
7282
5526
4546
5683
6330
7695
2408
6672
2199
15877
10478
3402
10288
10321
6563
16216
1534
5918
13938
10415
5872
3264
12299
13178
1719
5166
13401
15408
11018
9484
5049
3705
8469
9037
14816
4988
10362
9175
12815
6266
6645
1693
8680
970
14590
13319
13056
11487
8757
12655
3925
6422
7934
15903
9580
12711
12607
1745
10299
9797
1229
2499
12997
497
3220
3038
13330
1143
10828
14414
8863
7780
15801
9228
12471
16375
2691
2339
1458
10310
12361
1173
9725
13458
9219
502
15557
10317
5092
7017
10926
14478
8336
6976
13615
9107
3425
1522
4458
13318
5900
15875
12220
10412
9930
14956
5868
15867
8493
10044
12285
11700
4700
5046
12664
15298
10688
11666
14688
14355
5546
10762
10563
12739
12125
15409
14640
5110
2500
14505
12917
5695
11969
15900
14402
10873
3190
181
13606
7554
16143
11035
5220
11403
3324
10163
4388
11898
11040
9299
6946
10553
14293
4359
12433
3426
6235
7504
8533
3335
5345
3150
9132
10241
965
2059
3682
9075
12123
14829
12384
12620
9995
3864
1108
14467
14059
6204
2552
11699
12225
6506
1527
11448
5838
3098
1507
12487
16055
3880
7460
6632
319
4089
15424
4275
6425
452
7658
11634
1499
2468
6815
9854
4929
10617
12548
11781
15615
5307
5344
11075
4609
10140
3021
10703
10626
628
14382
12657
3680
2996
16238
12013
1845
2071
15789
13714
8565
9976
14215
12848
14676
8103
5571
3369
2196
7263
2780
14476
5150
15849
12191
12985
16006
4188
8919
12467
11291
8297
15514
5822
6704
3357
2342
5549
13023
9225
13953
7433
5727
13679
975
1081
1414
2007
16301
10099
4613
12481
14861
10139
6557
11020
8810
4597
9334
9293
8291
9770
9455
2167
12850
11668
1878
4332
8876
6745
11305
6321
6697
2520
15780
12196
12999
250
4229
4598
11868
1148
6647
11000
14567
4132
1835
12787
7216
1668
10319
12650
1730
10117
2413
9048
12082
4181
11180
11526
7988
8296
3969
2143
1097
13548
8611
11786
6702
1078
1317
13571
2800
9506
6670
7979
14810
11765
4961
16223
14113
1047
2584
10459
1662
11084
14183
10884
9744
6831
7342
5336
16084
15332
9372
12262
7587
9002
14664
11540
3621
616
10344
379
7859
3488
5937
10795
12685
3612
15372
885
6401
10422
10964
3604
14912
13768
13158
10437
4783
11230
6846
2284
5603
5765
5031
1643
9692
6948
7816
132
6715
12461
1995
2920
6907
7627
1521
530
609
14996
11759
11802
4654
14223
5781
5442
13944
10558
15205
1959
4833
6366
12583
5651
4550
11476
10179
11669
10178
14262
1939
13958
8546
15200
10629
16002
1008
1040
13385
12346
13007
2274
8764
14575
15715
15964
6026
37
12115
14175
13757
11094
14155
536
1390
12259
5812
14553
10997
10235
12145
4663
5985
12627
7777
12444
5460
7270
1701
14344
5904
14345
13743
2705
86
12783
5094
4723
1151
4862
7678
1385
2654
847
11211
4995
5837
1937
13596
15291
5306
13939
15546
8436
4166
6070
11204
6080
6518
13417
11207
484
7607
7211
3677
9412
7453
15058
1963
14166
9735
8078
7860
12496
11945
3628
7232
4963
12303
3999
3622
1518
11348
2176
3179
4720
1035
10728
1475
6582
7797
9159
14097
2168
2476
14615
5079
5372
1005
3888
8242
7316
1319
15833
4870
3977
15737
14001
10264
9281
10227
15402
10212
11938
11857
2467
5570
8084
14142
11710
8098
6334
7269
2510
14332
8489
12263
4313
13840
8304
12482
2114
1631
10347
9679
9457
14826
8407
8268
6192
3414
4444
4234
10711
11950
9320
14340
12758
4153
14641
13678
15981
2526
2906
12671
1729
490
15567
3450
7624
15792
15832
7098
8908
9614
9953
501
16309
4731
12902
1636
16205
15245
7086
11527
7643
7081
14905
434
8500
8665
4328
13183
10765
7687
5895
11044
6543
6975
8549
8623
3513
13992
13096
13533
1922
8171
11470
11482
1094
10108
1492
5436
14286
1964
2888
11159
14412
8311
8882
823
3234
15507
5101
1946
10529
13031
12781
10379
3623
8243
2416
7752
11383
1568
13090
13930
545
8261
1911
13461
2096
10696
7516
9665
1423
15412
2333
5712
5672
623
15777
4124
6261
14703
959
6258
11801
924
15307
8681
7485
1223
15787
914
503
50
4480
2420
1225
14126
2438
12754
12637
16265
4471
9415
10200
12257
413
7074
15826
12852
5996
11932
4294
15736
404
7059
8837
16328
7406
11233
2683
11946
2307
5630
14450
6822
260
15549
768
4869
1053
11960
9550
6795
16298
10311
12615
13872
11996
12002
6978
10537
12771
4683
2787
2264
7633
5828
12098
15730
16194
11631
1718
11072
1583
10667
7562
865
11611
15788
15350
6056
14066
11691
13450
4519
2702
16179
6008
15363
3275
11394
7540
7531
15163
13251
10166
14822
16189
8009
10809
5748
14729
8380
8358
3370
14736
2038
14693
6921
6938
12568
7604
15958
7642
6988
12266
15862
1783
7412
12877
3875
7655
2639
13409
14093
1299
10524
12250
13709
11154
2838
2820
11293
16313
11558
9006
4470
7749
10291
11373
9254
11512
6787
7393
14067
4278
12377
10418
13177
3958
2391
13420
922
1986
3086
3081
15678
1660
4049
6431
3025
14347
10246
8848
10904
1077
2754
13823
15106
12215
14117
8313
5050
6404
2893
6881
15824
5817
9947
15359
3347
14517
1997
16082
4322
4423
5784
8766
7205
11837
11504
8105
13299
4623
10673
4051
12892
15091
11516
1426
736
6358
10698
13325
6332
16243
6742
586
13836
15645
6598
1727
3631
15522
4821
6979
2320
6828
2162
2839
12546
8005
9116
4079
14938
13011
4288
7585
14648
11462
13824
15206
12275
7307
10846
16198
8384
6695
4669
13195
6237
7653
10724
4732
12958
13716
7889
13162
13215
11427
16263
11675
11602
7672
11901
14702
3499
4477
6149
7105
10364
3421
6415
15451
5115
2881
11600
7915
2747
9750
2305
9630
291
6058
10024
14032
681
14053
2404
925
8951
9897
7927
10820
4130
11077
10816
2398
13748
2028
3545
1277
15289
13286
7014
2593
6183
15805
13527
10149
15978
11198
10543
4348
711
159
3020
11378
2495
10517
11196
63
4586
8735
2146
8550
1218
7846
14794
7446
1049
12316
9857
11627
1737
8515
9866
7984
4308
14349
2982
10735
6531
8900
11287
13254
1929
3437
3089
283
12648
6848
1716
10394
12283
9356
6498
12193
6338
3667
5096
8509
14830
10405
13747
12343
3692
7863
14167
2726
2183
14103
5130
3136
8308
3508
1350
942
10286
2732
3305
6782
418
15528
7584
15277
9690
2414
12243
12322
1765
1003
14096
9148
15146
2553
1554
14900
8195
11049
1538
15199
6965
11971
10237
10034
10890
3754
5429
7590
9575
5452
3181
1628
750
1372
3461
5591
14342
5058
45
12224
5433
13345
2892
8315
10144
858
10473
12309
13512
8460
8238
11441
637
14448
8012
4846
14924
3538
6681
15919
576
10167
16186
7337
15378
7996
8714
5843
4866
14839
10404
11236
3130
12097
2472
5876
9388
12971
14637
13538
13522
9960
10831
4801
14730
15231
11241
16047
6943
8605
11522
11387
2676
1748
29
13654
15959
14219
2841
4387
13440
2907
7333
752
8471
8130
7918
15673
9377
2604
5212
6455
2104
4649
3306
9461
9194
7603
7576
11224
5723
16346
1708
4852
13270
967
3961
8251
8470
5540
12088
5171
8901
8999
7404
464
13482
10668
4845
8973
13731
11965
9772
13766
2206
4273
13180
2353
12819
11807
2203
1656
930
9445
13851
11861
14807
3936
14873
2596
14800
2246
3240
9011
10487
993
3800
12089
4615
8529
13690
4044
6081
3281
13500
10522
3940
11771
14728
1129
2571
12211
10646
3564
3145
7754
7518
10832
11189
5284
13428
15333
14958
4001
12586
853
8581
7158
15031
929
11317
8590
9851
12713
8339
14926
3728
3573
11243
14323
2950
12912
14306
5848
16187
15458
12788
14848
14689
12744
1377
3368
1761
4085
1337
8133
5675
11550
11703
2861
6993
11923
12878
8690
7546
5638
3002
15169
4907
10910
7713
8014
7290
215
16014
4454
5224
2275
9014
4156
4699
4207
7159
7758
7084
10861
16209
7722
12752
9558
4265
7071
4344
12363
5308
2773
3607
5179
11690
2165
10106
643
14159
8101
4347
4516
3417
2769
10889
1993
7408
6485
15925
7181
4486
5829
8104
12978
766
14064
8226
2382
13921
10969
14657
13726
4468
14741
6533
10118
11685
7329
13687
7405
12821
9123
14979
6940
6774
12775
7995
12134
8538
16246
14361
13048
2878
7491
9836
15317
11335
1311
3092
10788
5387
274
7545
2758
5103
7976
5294
13518
2469
3356
12242
11975
1918
9078
14682
2716
4136
8698
781
13243
10256
14420
3433
15746
1513
5696
2369
14325
9668
3809
7041
8877
11332
14838
8033
14249
14202
9072
9708
8323
1678
4972
5509
7134
4286
2409
13388
13879
3781
3510
9927
11086
15933
1465
8090
6602
1192
9421
13057
1369
10234
1448
13125
2859
8783
11012
10416
8554
12853
3744
16215
4645
663
11884
11733
3616
2045
8953
7070
8888
2035
7778
15949
554
14025
8586
10993
9607
7688
710
11758
8227
10267
14870
5003
16064
10112
10481
12998
15883
12521
14922
13297
13902
6139
15346
6253
5059
13206
16019
3293
11425
5365
6061
10425
15983
5633
16001
7871
7053
7772
6108
14742
3033
8569
8253
15609
2134
1352
12889
28
1784
15655
3783
238
14710
7178
14602
4441
9576
2974
12479
11001
10928
13622
4101
9966
1401
8002
6167
10298
9111
157
8059
15687
6708
14843
5119
10450
3523
16071
3258
4638
10154
4057
3832
13483
2586
13283
13604
9062
3582
6618
11953
12024
13164
7629
10375
5088
8274
3615
11465
1367
11712
15356
13204
10943
684
1439
14252
5517
10346
10972
14247
5799
1410
12269
3934
4476
11592
14211
163
14116
9806
8486
11074
2259
10924
12397
11268
4203
315
4162
14427
5086
3017
1211
11318
15957
9625
15534
11137
4998
6954
3986
7457
9890
13163
11215
14379
12437
14608
15561
15301
838
2932
13339
12207
2411
5468
15324
5252
14804
5514
7421
10119
5567
3392
13603
7929
122
9858
10046
4342
12675
14856
15384
5190
10293
8778
633
9637
7553
12982
8551
8596
9559
3868
12948
14319
10126
12304
4147
7806
10073
7356
14375
9623
1960
2219
7799
4414
5871
13750
16237
15352
6737
3926
8007
5454
3140
9517
13650
10780
2678
14457
15524
15818
5752
14603
11252
11285
10419
13740
11111
3598
2191
2156
4582
5674
13869
5991
4921
16307
4377
12036
3871
12398
10731
14236
3581
15113
9276
10158
2740
7266
13777
5036
12986
6187
2883
9548
5714
70
7368
1400
6130
8149
6218
6668
14633
2521
14552
1544
14974
4518
11346
4573
15625
11156
653
14680
14928
15092
1262
9259
16267
10386
4255
1302
908
8866
13255
14906
5973
9115
1726
8561
8298
7567
16098
3125
7746
9567
9579
10005
7163
2428
14545
451
16007
5348
15890
355
6689
9305
6232
7369
2392
3791
3727
12173
14105
10081
9279
6893
2869
14224
9086
10075
11800
5312
2877
4748
9033
3193
14480
3521
11388
2554
6723
3289
9139
14009
15239
1076
1934
1068
10135
16317
8418
11598
5569
14718
9381
14825
8205
7327
7335
14214
103
9308
8826
6118
11651
12703
6859
12760
10852
2700
4083
6020
5975
13661
11350
5424
13808
7520
10881
548
1908
5221
11464
13112
11942
4489
6597
11119
14148
3117
7972
9100
4465
8744
10251
1722
321
9544
7673
9704
14369
12045
3761
13578
7427
1895
2796
14752
11194
2477
2941
7514
11450
14783
772
11560
13479
4324
4157
14978
10078
15813
12693
4013
16120
1130
3072
12700
14529
1287
11245
15759
13151
4464
2099
13047
3658
12040
8284
14037
388
16175
9035
12409
2433
5376
8793
10067
11172
15082
691
6270
485
11109
2711
9339
13006
1698
14158
15486
6376
6652
5297
6832
10089
15158
385
13974
12618
14055
6320
2898
12843
13976
12933
9574
13977
391
11404
9956
9474
10147
294
1252
9879
5600
8645
3255
10059
613
7113
3532
2247
15128
8844
7858
6123
6221
4521
1541
5659
553
13560
8821
2208
8890
14918
6886
1207
13036
12078
11006
13681
13287
11054
11678
3468
13566
12756
10734
9454
3423
13200
5883
13370
9764
10530
6901
9910
2239
2112
15139
12865
4793
13223
8857
9786
7989
2707
9923
939
3731
12741
15821
10701
2685
13027
5499
8301
12293
7092
11262
11087
5305
3630
851
10643
1533
8057
11660
14254
12616
456
15379
9631
13967
10647
16251
9442
5977
12952
3789
13987
11271
15361
16076
13558
7381
9877
8725
7130
8449
693
11983
14205
8510
10465
8773
4063
1920
2100
4526
14258
985
2298
5346
11011
14386
9296
6364
15171
8643
14691
1749
15365
783
8961
14108
9379
7719
2372
12822
10031
6472
6391
4094
10313
1585
13315
15172
12440
13868
443
11185
2407
4263
6991
14995
2512
4513
1655
837
10719
3246
2889
1531
10978
2718
3702
7671
9099
4016
12181
9434
3398
13926
15843
4425
3942
15491
14821
12502
7402
1332
9120
1589
4473
5445
13338
7810
6488
13067
12061
1567
9113
2097
13252
946
1707
2116
5481
5574
632
12987
4428
9229
10606
9458
562
7150
1075
6583
10761
10109
14787
8056
4095
9736
4906
10447
14886
7214
12317
6066
14831
641
10150
15313
5589
8805
12726
1157
15621
5578
10945
11928
10381
6086
15179
13438
1627
13720
5614
2262
9939
10725
5029
14261
4216
7253
14535
14751
8422
11899
2444
11062
1348
13707
15610
14039
14383
8640
9019
5662
11289
1213
14046
2629
13262
9272
15135
7616
8758
3087
8739
1697
9826
1244
9642
11784
741
4379
13008
2857
15157
7873
6744
5128
9008
12116
9210
8948
3734
904
4180
6716
8357
10705
14753
9452
31
916
5559
16080
12742
11497
7648
5657
7699
6974
12169
2263
14462
15211
8042
54
5480
9384
13413
1422
10977
10577
9845
15055
15666
4395
8932
15992
12697
10783
7794
1928
7472
1219
2424
2697
6630
5563
8046
5665
13060
16095
5463
7000
10702
11662
271
88
7556
14188
10165
7981
8249
14834
511
3202
5414
8115
5271
4978
6857
11987
10732
5621
6968
15578
6483
6981
7143
4434
7646
13705
6399
8713
7173
15071
1943
12143
2739
1975
8921
913
16310
754
15257
7151
16092
10519
5573
12330
2301
3477
15225
8053
11203
8121
1147
3770
3820
177
279
6179
10338
12218
894
13536
2026
8595
5258
10028
6710
8432
3459
3776
8571
15273
15129
10768
3342
3358
8782
13188
972
12847
14481
11775
4684
3385
3404
16366
11585
1427
10511
14502
9433
915
7191
3831
6657
6071
5147
14665
3854
1561
14333
9802
5222
14455
12927
13199
2536
6255
2905
3933
11061
14990
9483
1899
14634
6133
6768
1775
1825
2832
11609
1950
13405
1771
7710
6216
4268
4984
2991
12031
16119
6429
11228
585
1828
799
10340
627
9168
208
4357
12185
3413
12462
10598
1639
2722
9047
8144
1453
996
11574
4167
5684
9758
11637
4096
4920
1201
2930
8346
14122
5667
15614
1552
4415
11963
2017
12509
169
10835
8443
4243
10896
15884
1915
13798
3272
225
7787
6792
1613
12722
3405
13905
3374
10157
1490
7218
14542
16127
4048
2846
7924
5044
3242
15785
3059
11157
6860
630
14849
3152
8689
9278
15738
7062
5343
200
5930
4046
1092
12593
4773
13813
5560
2746
7035
7888
9462
3894
10590
11706
4366
11202
9239
14883
360
5474
15375
3050
5707
9678
14793
13261
12696
3954
15081
2082
8479
13133
10998
16178
10407
6505
13217
9878
15941
4524
11162
7747
2909
4373
1555
2015
16327
16383
3825
4447
1134
9695
4086
15397
3596
12879
6141
1711
3343
16329
5616
10341
13980
2710
13708
11260
6612
13913
5756
9082
5464
3007
8715
11831
4919
2289
14371
4023
12477
6885
1796
1741
2190
9588
8341
3786
11569
3964
16163
8074
8873
806
1122
10961
4002
13562
9060
6798
2640
4408
4061
13144
13942
9813
9582
4885
8745
9304
15586
13875
14207
6038
14174
13004
2350
4859
5476
3839
10056
4481
8292
15531
7227
2723
14209
10324
14994
453
10860
13122
6116
2802
3877
14592
7849
16369
2267
11752
5378
4042
6463
8369
7750
3471
15783
12037
3151
8716
15953
9064
2254
919
167
13414
7363
10779
7621
9812
10996
4125
5892
8280
15572
9131
891
92
2964
7578
14072
4233
5796
8638
9248
1282
13507
7870
9323
16147
16282
8816
732
679
8790
10121
4277
349
10518
9570
11329
3609
13145
10895
7986
8240
3790
7415
16322
12810
14677
6843
11541
3592
6895
17
1255
11826
10508
8736
8751
6567
2223
15090
2815
8535
13216
8325
4607
7851
13432
10963
15399
8536
6995
8498
2951
12076
4087
12177
12727
10526
1101
3691
9737
11463
14950
13702
4014
3762
12497
11904
8484
8473
14033
4150
10115
314
15052
9891
4507
6408
11439
15714
3755
5697
5412
11356
11948
8694
2423
15683
4301
14062
11911
8332
15153
6936
11936
417
3687
10737
13787
2763
15896
6699
3103
10035
8060
9345
10079
8247
1159
334
10966
1389
9547
13094
2581
15671
13594
16149
13651
6421
4831
2534
15952
11474
10812
6368
11556
15827
486
9187
3957
4154
15487
8781
7992
12232
11820
11102
1870
10148
5734
3232
15641
1004
165
10244
4119
7272
3119
15588
15878
2453
3872
14123
14343
14255
14441
15015
11535
9872
15311
13703
11847
2742
11292
1931
13636
5566
4540
6527
2002
2352
9144
2626
428
8041
5745
2172
5322
3
13515
14516
13830
12649
14533
4302
5024
11148
10631
5415
9486
15946
13224
12794
7390
10255
6986
15551
11103
12109
7171
9216
10684
16000
3553
3565
15608
1940
12989
2360
9707
1155
11380
12370
13201
13693
12769
14909
14935
14788
5811
4547
10566
9171
10560
2417
2465
9091
6451
7913
12011
6065
15543
739
4882
10581
5924
2589
5562
7618
14987
14101
7189
15604
906
13306
12830
4389
7279
14031
2131
14044
15470
14635
13146
10699
15450
11445
1236
2738
3295
4726
1762
1442
476
5816
15221
7620
9670
15431
12488
7389
897
14968
3965
5910
13903
5466
12625
6956
15663
12869
15692
4955
14220
10676
1851
3637
3481
3989
7599
12567
3733
15808
15085
9901
2430
14121
13288
15203
14678
13749
13231
2872
10773
4450
15385
3451
4118
14339
6526
3010
11878
6342
661
13802
4345
7493
1887
1826
11910
9768
15814
228
9160
3766
5299
13043
3301
7118
3857
4164
12606
5875
4798
1166
8461
9968
16062
8414
12721
9713
8926
3720
2801
14933
7948
12684
4054
10806
7170
2566
544
15334
1065
6215
5112
4457
5214
12842
10866
1637
4439
12327
489
15811
13093
8025
2440
7065
10785
11216
10062
12581
1945
4362
11720
1894
10942
13894
407
15034
4829
13077
11582
8435
10420
8499
4084
343
14251
9106
1257
5269
7258
8236
10014
8273
14824
6842
12862
4446
13767
7296
12137
4211
10847
1135
10485
4822
10592
8979
1873
2310
3579
460
6625
3644
258
494
3065
1768
11034
15744
3738
7280
15960
12404
5215
3221
6444
117
13966
7579
8036
648
12504
229
16229
6416
16381
1576
9306
14451
7490
10607
12065
14668
8907
11652
9265
7842
1184
13849
16114
3330
15863
7152
8939
6230
3158
1822
5933
3067
15183
5041
12491
15556
522
6511
11605
11390
7225
12338
1786
11416
12642
7336
10120
8608
8194
12113
14672
8282
9182
2426
9178
6295
9862
5245
4436
4258
1549
5357
10946
14366
4876
2513
4077
3787
9059
12060
12447
14433
10016
3296
1079
15006
8703
9073
359
8068
5604
1341
9513
10438
9233
15180
9419
8532
10682
14612
11977
9667
6593
8815
8132
13616
13505
5213
1743
13494
11494
1290
9172
2960
10020
5797
10864
4560
13446
13599
10916
403
4548
7757
13642
2900
7552
5955
5145
12963
14197
3073
15751
13607
6210
2346
10510
13078
15068
8052
11091
5615
13867
3310
7467
9651
15626
4959
9000
5199
14405
11979
11783
13384
7596
5462
13406
542
348
10637
8963
2891
6228
8983
2341
11053
902
15740
3689
6016
10071
15256
12148
13402
4671
11108
742
172
3376
10986
6896
11140
448
11092
6296
1200
9646
6285
10736
1215
6146
2899
6520
4318
7052
16013
7172
10063
8614
2794
6820
1434
1615
1329
4364
13746
13856
16030
10408
11068
14652
9147
964
4556
1833
242
4979
6381
2380
13443
7904
11722
12066
11273
10207
7278
9207
11939
4492
8993
7530
9519
7351
10074
5400
11125
3985
77
15743
3586
12133
3556
8234
411
5447
14479
5450
798
6712
16125
4827
773
7592
9103
9016
12258
5533
12058
2580
8186
2390
14337
10236
12801
15308
8562
1128
11534
8831
13423
12937
7109
5787
7542
5593
1344
4368
6225
13073
2851
6741
6879
8982
13593
8375
10037
4759
1546
2357
16363
10536
15873
13968
14424
6226
2736
1044
15416
13371
506
2570
9997
4916
1150
10743
2014
18
590
12071
2106
932
3172
12390
15327
7492
892
8663
3870
13276
4351
702
9572
15892
11584
14544
8732
1813
15018
11740
11549
1024
2673
16054
9260
2494
16168
10446
4088
4772
4844
11297
6324
1438
2797
10240
8662
621
15460
6438
10848
16245
8401
16057
15904
5237
9596
9604
12537
11586
4890
14073
3097
2492
6971
9358
16290
1900
12539
12887
8706
4787
11246
12480
9689
8528
7686
6700
6036
9733
9347
12659
6819
682
9937
10569
4996
15047
1744
5028
8754
11601
10205
8504
9789
7212
8544
10766
9929
15676
11991
6010
2281
2410
12254
15410
14058
5373
3339
4198
7060
8502
5539
13469
8828
2232
734
9252
1919
13859
3605
11663
4123
3505
8360
13266
5739
12991
5316
8344
9104
4300
10565
4514
14104
14737
9712
15758
5007
10152
12863
10461
3928
9955
12108
15763
13803
552
1070
2175
4766
10254
5081
5156
8870
15439
3956
6097
6083
7508
11906
13267
12135
15233
2269
10203
13045
8930
6773
4310
7577
75
6688
1430
11274
14721
8456
14304
3395
5048
16150
11134
11301
4333
4158
13778
5520
1379
3110
896
14368
10552
14415
15606
14524
1260
14966
7522
14324
9040
12272
9018
8263
8534
4704
230
1841
861
15310
6656
15118
1318
9485
4290
120
4174
15395
3265
10305
6403
15698
2013
15511
14461
11296
14595
2092
3055
440
1553
6068
14760
7692
5590
3415
7679
2470
5583
4131
2370
9980
10917
6111
7297
3282
6861
13648
8653
6770
9656
785
2378
1517
12187
14551
12505
2227
11964
8239
3168
15675
16340
11604
3812
4309
9892
10925
7303
12319
5916
12380
5132
8867
690
11788
3834
8578
11702
1323
5851
4997
12214
11869
1220
12326
3274
386
15148
2524
1380
15638
6621
8047
8668
9979
4437
4741
2977
1138
12128
2719
4779
9853
636
11269
3497
14782
12605
7162
2703
14483
2335
5936
2137
8847
3983
3204
15633
6566
13863
11935
12427
13418
7464
3707
13184
3673
15760
513
11725
10455
15795
8881
13737
15109
6683
7034
458
2966
13912
11311
15114
3203
11849
8129
5301
5508
7651
9785
9110
13542
10937
15898
10426
109
7345
395
7384
812
709
3105
15841
12314
9983
13633
1149
11815
7565
14463
5970
907
8201
11358
10661
15931
12096
15077
11790
8406
10504
4797
8813
12345
1578
1658
15023
7761
8016
12941
2599
13947
3953
10219
11708
14817
982
11382
9221
6446
11769
12704
910
137
13630
15152
2044
3535
12915
4987
3318
3600
8687
14081
6924
12953
6530
15468
14265
15568
7766
13845
2720
6674
14674
14228
7078
6388
4179
15050
5798
9503
14301
6850
4058
3359
7786
15049
5627
14102
7788
14581
5034
2321
4024
859
14156
13126
9848
15138
949
14647
4297
15094
11767
16015
15968
5099
15897
8508
9608
15442
3714
11903
13695
13118
14654
11050
16377
5830
6064
10934
14300
13639
2296
8497
11672
15938
4587
4221
10388
13565
16107
3651
4453
11099
10361
5361
6314
7422
11988
13870
2855
6413
10354
13799
3062
12489
15162
4886
13221
14716
14193
4194
1728
5617
14706
15563
6504
13641
11037
15370
4900
2069
7328
7055
11982
6407
11812
6826
2572
7881
12888
1966
12175
15002
9967
11486
1100
4815
9606
5267
3088
8207
16134
7852
14768
11934
15603
6541
3879
9250
8058
9945
11081
14801
12828
10479
9031
6646
789
14290
4427
3313
3410
6958
4509
4172
10057
14280
2662
3681
13763
12495
855
9051
10853
6762
7963
1972
12162
15866
12799
1879
7839
284
4360
3041
9913
15709
3851
184
11078
15275
10664
1456
13445
5045
14547
4376
1823
2273
1800
9341
1858
15755
8138
6525
7706
1009
15472
11351
9335
8585
2790
10616
3529
15170
6622
14056
13156
16146
13485
3794
4634
13026
1239
8674
7219
8216
15195
7628
10123
11503
10022
3432
11886
12699
11785
12301
8629
4625
2667
4201
11411
8726
2914
3748
11833
15369
15354
805
14705
13883
15893
1396
11607
5795
13022
275
3696
6871
11367
6707
830
9948
1712
7419
13945
6984
10628
2576
4557
9376
3811
12806
14203
11865
9197
5366
16079
1706
4626
7108
4812
1600
13218
140
1725
15490
5437
15611
11181
7742
8374
16069
16342
12669
5856
10915
4719
6259
15754
1133
614
8880
6454
6155
14837
1807
9045
8615
14077
5553
10730
13160
8893
12805
678
4098
1103
3363
572
15290
6470
7626
14880
8372
5351
3796
9989
4463
6796
15802
13610
2063
11131
10634
8433
7497
14313
7155
12580
11656
11756
6046
5177
10995
13104
2434
5884
4569
6400
1295
6214
11894
12475
5018
14790
317
11330
5418
733
4796
1670
7743
1773
14579
4610
11616
3688
9738
14372
10292
4905
1961
6734
1795
12609
10950
12200
3491
944
11842
8995
15014
6663
6858
8875
4143
9883
13342
16279
12808
10312
11864
6353
13018
1819
12199
4614
7817
7900
2128
264
6244
16087
2588
749
13922
7112
3320
1587
12018
14242
10713
12069
2213
7834
1949
2315
9338
1505
15283
14976
38
15098
2959
7233
2437
2182
8991
9619
14988
595
10507
5314
790
11644
87
5634
15060
16281
6185
2779
8566
10396
11342
9839
11639
303
4737
13546
10740
6160
8139
8476
13359
11
9730
2067
14832
6242
11751
9510
1676
363
15701
8385
9831
8644
2776
13541
5404
13710
10983
2778
10533
11976
1514
2225
12425
15194
6804
9315
16292
3352
14666
4714
12294
14867
8620
426
15422
6203
488
4917
2876
12419
10862
7383
3684
3210
12749
2940
2373
1099
1703
1202
7087
13590
12381
14008
9683
9521
7256
13238
11645
12995
2884
15552
13861
8373
12201
3162
12621
14195
4745
7281
4652
14863
13736
11379
4212
15989
5023
2491
4393
2053
10239
16258
12592
368
6805
5679
16348
4661
2276
551
4260
9464
1646
12276
4958
11247
2532
4111
7931
7784
2185
4605
6405
6092
9023
8830
13789
11766
5383
8250
16023
14532
6801
604
4858
2272
8955
2291
3784
1214
1271
10448
15702
12456
11201
12623
7764
178
14470
1205
11530
15842
13834
5085
3848
15523
10579
3886
9098
6913
7043
7202
1520
4433
3525
8753
11392
3939
15582
16197
364
13530
10687
2248
4106
10315
12296
3694
11505
8602
14645
9311
11098
3314
16075
8579
1433
7439
1346
5146
401
5328
15309
15469
1142
8861
5134
606
8266
3101
4711
2313
8657
5874
5995
2459
4728
12519
6694
5932
12611
8827
5939
12831
13250
7535
9824
8883
13192
10253
6390
16338
4410
13785
16212
7821
15383
11336
3213
1238
5289
3660
11860
11014
5152
3467
8197
14776
16349
12164
687
7210
15254
8799
2136
1368
7432
1176
11729
850
6676
4038
12688
5265
3399
4390
8718
7701
3944
15101
6772
6062
7964
7641
4354
2567
10912
16139
7360
5197
7156
10333
12180
8822
14707
10591
15998
182
12571
14090
1984
10893
7185
945
8294
4938
14901
11048
8150
2308
2821
5681
5458
12081
4575
13969
10849
1714
3138
9416
10330
8159
11316
11680
4706
13051
1425
1606
8944
1571
14543
470
7243
1477
2060
5730
4021
5074
7440
6864
9873
14353
14774
12248
5513
6696
4930
3541
7940
10718
8647
13397
8184
7975
15851
8869
2265
15525
13475
2343
8337
5248
1989
10249
7820
15635
10738
5121
325
7260
13070
6641
5521
7119
7543
3222
498
15700
14611
15051
2504
3675
14895
10372
12244
5339
2890
11288
2483
1022
8603
10596
12901
316
1692
8746
14213
10576
6628
16241
1296
2358
6556
2661
4635
13189
7625
2819
6088
6963
2632
11409
13994
15559
12640
15377
8361
356
673
10863
11770
9349
10947
3963
14068
7665
12922
3068
5974
10770
7866
1291
9643
14690
4774
4785
7215
5440
158
4230
7094
13099
12092
6808
3090
3833
14285
10739
12776
8244
5688
4562
4248
8383
8164
7265
9136
13739
14518
4504
9179
2561
14430
940
9206
7836
6362
6863
14973
15749
13103
12957
5434
435
12643
11101
8438
13362
12972
12500
15141
9143
12114
9734
9649
10988
3381
3337
12658
15940
8864
15975
15095
3585
8547
6109
16074
9716
845
15010
10497
8089
13040
12396
12798
8968
10449
12486
3560
259
5005
13797
14758
10933
9295
9909
5140
14006
4374
8622
7903
6021
3043
16211
3701
14491
2686
6917
14314
11816
3723
9933
1649
10378
454
1253
10145
9374
5174
7723
4807
9499
9709
4396
8855
11828
335
5836
7111
16148
16010
10944
5931
6868
11455
580
6947
9911
9601
4289
8558
6091
15860
13649
10759
408
8583
4515
3112
7386
14809
6009
5090
3144
14299
12765
12340
4145
765
8178
11322
4440
8148
2565
10505
881
2782
12050
2441
1251
110
1863
7874
1204
2266
7371
8390
64
13508
8202
1955
14294
8367
1312
11854
9745
9141
16269
5528
12827
3424
7441
14785
1936
7601
4068
13484
933
4640
4794
6982
9226
6877
1294
7294
13159
9581
10540
15798
2927
2479
3066
2933
15797
8427
14287
9213
5873
9842
2027
4971
7024
3695
1736
13198
8624
15063
15985
7502
16026
5625
3408
3452
2926
83
11191
193
15618
7547
10801
11593
4926
11603
9077
4382
9066
13442
4682
393
8841
6367
2574
14362
13801
11003
1572
11589
3883
11867
575
13154
10352
6188
15696
15799
1865
7668
14795
15338
3773
4404
2252
8448
15999
1592
7148
5281
14597
12450
12705
9859
4017
14241
14919
15189
4786
11985
4003
15895
12905
9410
918
7364
8934
14020
99
8309
9740
8980
2864
14234
14384
6671
10815
5809
14558
12531
12867
2084
11810
10190
10991
8228
1279
10021
15252
7102
7100
3349
11144
7474
1843
429
5393
5358
14176
12029
11152
232
4837
4724
4517
7557
10722
9482
15046
11483
14163
14970
4006
13113
11745
4770
12965
6331
7425
6912
1394
11045
8092
8320
14605
11822
9895
6060
524
3671
14429
535
15465
5178
7129
13062
10033
14998
543
15620
11306
11664
7501
9568
7926
10274
11897
7512
20
13237
4577
5785
5693
2525
2394
3469
10248
9615
4295
7525
2783
664
15223
8992
6384
12907
3572
2597
10410
2563
1594
9355
6678
5172
1420
1366
2129
3157
1694
5056
3530
6800
3178
5262
10825
11954
4763
9496
8767
7800
14554
7138
10458
2365
219
226
3966
7009
13437
4100
8075
2962
5969
516
1120
16358
4287
8539
14381
9167
7069
9613
3465
826
2591
13455
1121
13165
8958
2728
7594
16185
16059
778
11714
5866
10810
1789
4246
15518
16305
11190
2949
16201
11008
2929
6189
10539
12494
15800
16113
4416
1866
11478
7819
16106
3997
8477
4555
1093
8371
11107
5622
3624
10095
5379
16302
11900
4337
5482
11684
3042
13439
2954
13190
8182
6006
6000
13715
3143
14925
4097
3799
8334
4510
6814
8775
10760
15876
2556
15624
10941
3308
1042
3547
13629
6838
13691
5782
12931
13730
15966
1901
6977
4647
5922
10436
561
2367
9090
12359
15575
13904
16158
1345
16138
7891
2865
3183
2987
2928
9101
11232
3169
12334
2242
16154
9732
10068
11166
9627
236
7010
4331
2302
3739
2158
5833
8196
8950
532
9439
4311
7028
6392
6653
3741
5
14201
12988
4482
446
8607
