8786
3025
11913
14227
679
1082
10793
6691
8803
8934
9839
16064
616
10238
16169
8396
13219
11380
3061
2659
570
8845
7695
343
13535
15638
1820
2411
9870
16239
1676
6989
5587
16218
2555
6958
831
10860
8346
10999
1508
14593
4930
7331
7514
7190
3844
8700
9421
12337
3204
1705
10779
3132
14119
9746
10018
8131
4368
11829
5045
2702
2431
13706
4956
6798
15088
8640
4621
8957
9284
2619
6435
7016
9957
10849
11149
10162
10903
3670
15167
4857
321
8715
4722
2794
5300
91
12095
8802
1215
15265
12986
4577
11453
3773
15889
8931
14319
5230
14665
13614
14241
9945
14059
4824
7569
15727
2892
2956
9389
13635
6428
16228
6396
11114
4847
6554
4234
4258
1419
10499
8610
4026
1960
7521
11695
11890
13424
10507
61
2134
3103
13655
10777
15610
8128
4175
1765
1312
13315
3879
2000
3595
11247
15537
6017
1688
13759
10820
4776
4174
10929
8781
6663
9371
1193
5556
7423
8240
13132
1167
2695
13658
11648
11772
718
4934
12506
2696
15157
15520
344
5096
10842
3627
11254
3282
5741
3109
15095
13689
8913
2878
1827
14783
15991
11261
7073
1425
13161
2774
9529
3867
441
2381
3424
12161
2546
9670
15545
6567
3804
5752
6779
13575
2391
8386
14409
4508
9993
11047
12928
14452
7147
8335
12397
9312
1054
9710
10830
4374
8776
510
7784
4970
4989
4188
7040
9843
10718
1909
2887
2396
11446
6683
1913
2103
16040
686
14909
12936
15137
5294
3940
11381
1011
5779
3256
6913
3556
3930
6635
10760
6029
16327
12117
4800
12317
9437
5019
11583
4742
10382
11549
3423
14951
11538
4792
4235
2825
11323
8627
11673
8228
2666
633
5565
10757
3421
7051
3221
16176
9667
6557
13014
10124
9195
9889
15733
8757
1281
1554
13580
2947
4548
4789
11224
2149
9043
5876
16050
4955
7544
8751
5447
11082
9159
1168
7340
3335
14176
10691
8092
7215
4525
1263
8634
2691
9682
8163
10639
6633
4176
3532
1739
5454
14747
40
8459
4097
15189
11490
2756
2190
3267
10198
14020
3970
16073
13740
10040
1792
14574
4698
4967
15056
2347
2216
9217
3317
7981
4774
7020
1225
1050
7734
986
8709
14692
286
13283
949
2962
2545
13304
2360
9226
6676
11031
770
14209
12248
4276
9383
9645
1904
2278
12010
7224
8514
476
13513
12345
586
12497
13761
5407
13137
10602
8282
4333
13064
8989
12754
2510
8792
3736
12009
10083
10069
6581
4662
3695
2420
4483
15881
11429
3395
2368
15342
8283
10155
15316
6524
11101
1180
1693
12777
6254
1780
1325
2780
11496
9370
10414
14403
13552
3307
10319
14718
10443
3007
7973
14309
9659
15730
14589
7641
2212
9287
12249
3372
4973
2758
950
9024
9734
3592
329
9132
5
8460
15008
1432
283
5434
3571
9302
1977
14836
5198
1098
7437
8018
7783
8340
16111
2227
2036
4821
8220
14635
6788
16342
7582
8946
13958
1271
1385
15463
14984
6140
3006
4535
14232
9808
8190
5144
2395
11593
15184
6796
12100
7954
12701
14690
5821
4459
10441
15938
13743
7033
3914
3364
1506
8741
13732
10387
12846
2016
7083
8625
14751
9971
926
12926
870
3162
12493
3566
1213
2415
3519
4269
15651
2108
3179
11124
5607
15226
1449
7847
5830
15203
8815
7725
12140
10142
14570
10508
13856
8930
7359
8474
12779
5939
3065
3075
14168
3122
2951
12339
7511
7591
7322
485
16215
9829
2128
5033
10601
378
7657
3293
12642
6876
10009
984
14878
9184
8628
564
10920
9151
1906
8401
13521
51
14734
6730
3459
4494
5857
8437
6297
11456
7058
1809
139
16365
10255
14545
14864
5193
84
7930
395
7414
7357
10637
1209
12587
4752
7710
1347
14437
5023
14370
12658
11521
7601
1968
7884
4462
14278
3555
16221
16030
9427
3528
11290
8576
15805
11525
11544
13120
10036
9915
9193
13851
12128
8794
15152
4919
14580
8003
8352
8897
9155
5931
2088
14500
11587
3973
9133
2075
2640
7096
5743
4874
5167
1322
5418
8387
4043
5094
14606
16091
3899
1304
15734
12478
11838
7048
10865
6339
10458
4208
12598
1418
14149
14509
10898
11328
7334
4775
1847
8778
2171
11994
5555
13757
14673
6015
8544
14986
14407
13102
10243
5183
14852
4473
9219
7136
3008
16130
3771
13942
13825
772
10612
11658
7777
821
13486
12416
8480
3432
2910
11167
5627
10394
8101
13630
16321
8854
16121
9557
4444
4907
6299
14167
8343
11866
9845
13643
13320
15477
9927
2704
208
8874
9913
6950
6668
15641
9422
5293
4218
4490
15458
3345
11474
609
6948
2124
3090
4013
9328
3749
11345
4865
4287
11253
10098
9970
1333
15139
6670
234
12733
9932
4616
11494
6117
8959
2807
223
11984
10346
6270
12753
12433
1074
3193
8390
6851
5011
7137
15621
433
11398
202
1103
4563
7219
1574
4971
7903
6391
4102
14383
1316
4684
3178
8157
16277
12992
6206
13763
7023
2996
3913
7861
15117
11341
16292
11289
5440
2191
15273
6019
3653
6295
11993
14076
7265
4714
5078
5887
2797
10750
14145
8179
3676
859
14379
1700
13001
3861
3464
14123
3706
6501
3119
526
837
10998
4008
11822
10962
12208
14243
8024
3478
12721
8086
11394
11498
6674
15125
9900
2698
13186
3765
14163
11568
3727
8736
3808
3985
13613
10256
7226
11572
13623
7231
7637
12890
10017
11372
15143
4015
7614
726
15218
4529
8331
7831
6278
5735
1407
15107
2285
1053
9545
6366
1307
5364
10415
2634
13968
1521
9066
7218
11851
7402
1686
3499
4215
4136
558
4372
2657
12355
13519
6358
14174
2005
9607
13634
93
14994
7311
13673
11048
9145
13222
15985
15541
5211
15796
460
7034
1763
13718
3609
13921
13022
10862
16325
9777
4094
7821
12806
14434
6460
2868
13087
6625
7567
14497
3283
9286
8912
2448
12628
6772
6774
2600
7146
13514
14765
2168
6312
3525
8252
12526
10682
2872
1479
9769
848
11778
13010
3408
15526
2826
14706
4842
96
4335
9628
7159
8906
8199
5530
7651
4557
2700
16344
14179
8052
15927
14198
2977
15351
6995
9737
16138
4518
13905
3807
3766
1127
3715
13600
8884
14774
2839
1851
2030
1340
10794
4343
15746
11683
15794
13723
10045
8296
7527
3183
392
14069
10728
4978
13902
11820
4886
7469
12750
7731
6367
14907
4033
10821
4533
4755
731
2451
5020
2982
5499
2295
15960
11853
13807
8532
10730
9818
7463
5082
607
1055
14542
2057
5683
6571
12284
12961
6474
4724
4302
3760
2958
3635
12211
7063
7187
5906
5568
1884
6778
11422
906
12187
10633
403
5730
8723
10546
10497
2542
12297
5713
1679
3780
4796
11808
456
5298
15838
11430
11584
12918
3484
5896
11193
8886
7399
6173
13810
2489
4318
4337
10067
12667
13410
1914
9055
3069
1940
3216
15556
11349
14205
495
14294
15187
11287
1533
13923
8780
10184
13506
3959
2638
11448
3471
5200
12569
8868
13307
3845
12946
2934
595
12446
2189
2831
13951
2552
3147
4384
8624
1221
15498
16174
1833
8769
7252
11850
1573
2409
9538
7210
12518
6547
6700
7431
16175
14143
16373
4454
2973
1102
8932
13487
3733
2054
9288
5611
15451
15106
13360
14701
5755
13168
2204
6445
11585
2256
7383
4780
9610
2449
658
8111
6152
11590
10304
129
12656
13088
9084
6908
2211
15918
6130
14939
9981
14787
4388
12558
16078
14026
14779
12272
13494
5405
1558
7000
8119
8614
1090
10214
7850
10846
11273
5228
3124
1865
13188
4461
16107
5275
12773
2129
5055
14860
13819
9157
15248
10586
12016
2447
9752
9691
11285
4480
5591
1417
12850
5453
8108
1145
2819
11098
14800
14018
6896
7381
8817
14911
1482
1463
11578
4602
14378
12730
13888
15379
10963
5883
8307
2232
11375
6491
3922
6321
5361
8639
11234
1908
8434
9484
2208
5803
7575
16353
10363
15931
4610
138
5110
10711
143
10226
3960
6406
1844
10430
14499
3260
10312
1364
811
4767
5311
1234
6768
7171
252
14060
8072
798
7397
14828
1572
1815
10227
1370
10839
6827
14599
10848
934
13520
8344
14568
651
3878
15098
8567
11750
2597
10679
2919
10857
14573
11207
5526
4468
4295
15377
3167
12937
14384
7986
11123
3988
5900
437
3509
14024
7723
10884
5063
8308
6481
9858
488
6530
4635
10099
9382
15427
13884
10272
724
209
10712
5973
439
15696
6584
11586
1403
5135
11860
6202
177
606
9436
1770
11503
7320
13664
16098
2145
4763
326
11327
4948
5119
2598
1539
15956
8102
14359
1518
1614
11878
9865
2525
4649
10492
13201
10771
8693
10545
15528
4379
7416
5344
12111
14329
1262
8714
1742
12149
12303
1993
10044
12851
1
3017
14953
13841
25
8590
9790
9841
12360
15741
14608
1996
7209
7766
3443
9402
5475
5924
12063
7199
1279
6272
10068
11947
7976
3245
12945
6880
1051
4353
12738
13133
5040
852
7615
8650
5996
9919
12175
1734
15478
3759
11180
12877
5345
3951
470
6545
3339
6024
2554
6177
3955
7411
13992
15552
14506
15825
6746
11314
13911
1269
13529
12770
5553
11564
12044
2611
11332
13156
4813
16251
15680
11459
578
10900
3281
8885
14914
12439
12639
11963
13537
4990
8551
10978
13429
4959
141
6455
9292
13747
12685
87
5215
16155
2339
12174
1174
3829
7471
12023
12159
5005
4963
6907
11523
7183
9345
15241
16232
7786
2109
14001
691
1115
12743
12364
6897
16323
6119
10605
8718
6161
15055
14552
10806
9850
14663
14334
9291
13946
12421
13502
9642
12783
4805
4870
2280
1718
7315
2354
1510
1487
7251
11324
1798
15283
920
4352
8118
8636
8246
589
3997
7119
8294
15158
213
6222
9922
11953
2373
5997
13867
1746
9540
1866
236
7004
4040
5629
7750
1871
5252
7565
7307
8513
180
13737
2028
10972
9700
15488
7451
16062
13363
3982
13971
9177
10835
10784
1222
12510
11656
5668
7813
3349
1696
1564
14564
3439
16380
467
492
8223
5946
642
13720
15292
13866
494
14678
2418
5800
2017
13832
4019
7944
4267
13860
13581
15653
4669
12491
6588
10277
5870
3964
11117
12871
3406
16313
12812
10905
12288
15086
7881
8771
781
4999
14330
7166
12901
13020
9470
10078
7890
11317
14097
11426
4783
10240
5037
5679
4536
6946
13944
13008
12984
15205
2760
12351
14798
2806
9004
2754
2859
9677
12624
1616
3
6302
8685
9856
2100
9596
8691
3655
3641
14445
12674
4922
7867
14863
7762
10369
9290
15147
10260
116
6377
13321
7810
14941
16149
1199
12559
10765
15212
179
10476
8339
11163
10642
11510
11661
2270
15737
10103
10327
11119
2258
8374
13038
6706
12714
13868
10773
15708
3859
9095
376
2869
12139
9925
11771
3262
8317
13127
14705
7729
10186
13467
1096
14874
8126
6390
4376
7432
13736
14504
9283
13067
15383
1587
9869
13615
103
15540
1077
11235
7788
14634
233
12496
11007
5920
13305
1697
262
9100
14838
15065
11300
15238
6033
10569
10565
13957
4734
4024
2767
3620
11391
9364
5436
15879
1777
8033
10625
4433
3472
15652
11338
13672
5288
9978
12077
9994
6773
3202
1522
14662
892
13966
15394
5798
4897
7117
13333
1698
1466
11991
1500
3022
6182
3581
4201
3915
6604
16298
8007
7942
1274
12885
5992
11121
3048
14918
10619
14739
9537
14810
14162
6103
5538
2160
6748
16186
2064
2063
11199
10782
5828
7701
3785
11702
1197
9603
10853
1715
9040
10258
723
6310
4607
13301
6067
10398
94
16154
12896
15990
5706
3135
15932
5248
584
12099
9944
15286
13721
207
5661
1523
2153
11823
4315
13699
4404
10385
10622
14853
8067
14380
11542
6087
4587
3412
229
2219
3665
615
13390
12792
7115
6869
3529
2136
6568
9088
7281
13739
15979
16093
3542
15930
13238
8395
15818
5639
8426
8655
13476
1647
15080
2975
4358
6389
9904
461
3777
5010
2901
9198
13339
14084
6031
5013
14042
11286
2519
11036
8206
7457
9417
5437
10885
1383
3316
14655
5059
14182
3537
15791
15473
3739
7325
3368
9824
9963
12567
8180
3543
10997
7683
4131
3492
12430
8740
7958
12619
11884
11436
6941
13126
13372
14976
2240
8760
4111
12387
1890
255
5296
14518
7386
7099
13692
2693
284
5510
8278
14462
8286
10761
4733
14053
2862
8800
1253
14052
14845
14791
6569
12732
11504
2437
14078
1019
4630
9609
7975
1310
9558
15370
13557
14916
1408
13657
10344
7213
11215
10828
4502
4172
593
5808
7839
1546
4580
6736
5192
9196
681
6885
6955
10100
8372
11911
6279
2345
519
3079
7822
323
2387
3251
11505
11571
14629
15111
3725
11777
9174
5452
14122
13611
16334
13337
7892
15793
9708
3366
15671
8416
10632
1502
6770
7872
14442
3810
4770
8706
15346
2300
13150
6288
4346
3375
11515
15691
4914
8968
5645
6681
11635
1196
5847
14977
12632
1300
5204
98
7531
2371
4941
4859
14104
13208
6331
6590
6427
6176
3585
3351
13349
13284
2272
2497
16307
9086
2433
8478
7293
15860
6079
9916
2282
12927
8058
5954
410
9488
12998
16244
2138
5217
671
7415
5160
8789
4012
3154
4328
4791
5676
10809
7864
11786
9072
15750
11244
5321
2228
12665
1006
1998
3463
1125
656
9317
8748
4884
14651
5376
8958
13844
5617
6353
1878
1690
10196
6845
14077
11447
9334
15786
8494
15285
8945
6328
15550
5912
668
938
298
9314
12911
5459
10039
591
4938
9539
4573
6740
6253
4313
12447
13098
13369
12274
2775
11418
12480
8145
3916
9013
487
5638
5355
8362
2084
6415
10459
11499
5035
1751
14495
9030
9668
13362
352
9494
8826
14342
12768
15712
9197
3637
3701
6553
12072
12825
6059
7444
14222
16229
15802
1121
12940
7929
7335
945
7046
8734
6697
9650
4446
15027
14968
14601
2789
9953
13919
15949
13206
14603
5064
5378
14258
8162
1536
8039
3433
8169
8979
10729
11805
16057
10137
1681
11427
2718
13282
11143
5961
10659
6314
4900
16082
9946
12325
9504
4250
12827
9951
3677
9140
11457
11069
9391
12609
7160
2687
8563
2361
3530
15611
8774
10521
11868
6446
10800
5759
12974
13677
10066
2924
6658
8651
12966
226
6939
15637
7499
13269
6492
7928
4056
7180
3498
14188
5164
13773
6562
13679
9172
15969
9497
6753
1788
5196
3989
1203
11240
10005
5809
12426
3983
9815
6892
4795
12880
6069
3083
2987
1410
1728
12556
11408
6088
10973
12046
2010
610
1784
7330
10246
8191
1756
6156
12519
11526
9026
11670
13952
9298
8285
7157
248
8263
4275
1016
5697
15514
10269
4299
12802
6710
7968
4998
652
4895
816
14760
6903
7
14668
6179
3728
6354
16266
273
10471
15481
12424
2864
1455
5835
5373
8238
894
3705
12395
13986
3987
14807
7577
5158
13073
9218
8731
16097
5324
12005
11208
11981
8121
14450
1860
3057
5049
1671
14023
5239
11726
2847
12955
9173
5336
2355
7001
4367
6030
10965
6973
7599
2719
13225
9038
12702
149
11916
2762
1038
1337
2631
15599
15915
6224
2302
469
7364
15349
8664
11043
1195
4708
5139
1064
7557
15977
1868
266
76
4746
12007
14724
14483
7741
7998
11599
12185
12212
13302
3023
8271
1430
11891
1491
4892
14753
16045
9722
13382
4632
5534
4341
6149
14411
6611
15296
9170
12833
2793
10799
11999
12282
6563
8136
3273
5495
13080
2900
8520
2333
7205
7804
6431
8938
7113
1047
2044
11672
1392
7294
13243
16087
383
2990
2989
10502
6116
2034
5908
2628
10132
7489
8287
8455
13172
3806
13885
2461
1021
14546
15801
7502
15214
9652
12697
3945
13185
14733
2297
12649
15401
15145
8243
1682
4680
12610
3473
15159
3943
12402
4264
2503
9753
3489
3455
3020
9612
15548
10670
4675
4387
10877
4186
4232
4325
6450
16256
13435
6296
9995
6477
6084
13393
5213
16151
4543
2455
12342
15534
9577
997
2268
14268
65
721
6824
2175
3683
12126
3640
6418
2855
8793
4360
3791
10649
690
12455
7870
979
832
6686
7317
15028
15923
11347
4532
14667
7082
6660
1170
5633
13548
2031
10396
8926
11189
3871
5540
15895
11183
7249
13468
1136
9208
13117
8332
7914
497
5421
8889
15232
5126
3088
16317
7598
10175
490
9275
11063
7994
204
240
9022
8983
9902
15476
12001
12870
9183
13626
10629
5263
13353
275
5484
11923
11612
1375
16077
11476
10737
1966
7417
6999
6620
10486
6503
10135
11749
6233
11937
2894
6613
4829
972
15271
16350
802
241
1900
6325
12767
9091
1438
641
2221
5962
3279
7775
6777
3968
10478
8435
15700
3367
13314
9074
15547
13528
12490
3100
9974
10945
13980
12554
3977
12144
768
2444
14195
12088
9573
8531
15962
13444
10229
8167
1493
9251
5988
846
518
2214
5898
16216
9754
4005
4527
4002
857
270
8355
9215
6243
1580
10367
13583
13669
13644
7612
7669
14750
9703
3015
6586
10589
975
1351
598
2259
7941
6000
7468
7234
7808
11053
9757
10562
1046
6979
1942
13388
9479
8506
11233
412
10092
12841
13492
557
736
5613
5817
10542
16140
1955
14900
5957
7246
4504
14825
2890
272
10215
7597
2287
6018
2187
7885
9384
987
1243
2490
4511
9827
12517
4223
8479
8042
212
10444
2788
5220
5746
4645
1916
4596
5754
15274
5740
14322
3949
8208
4166
14418
14287
15467
7793
14314
3113
12646
2591
11960
929
5471
12041
2882
14529
11073
2249
8856
3085
6705
7730
3243
7385
9649
2565
12735
15017
7662
7105
15393
7707
15175
9456
16147
6504
5994
9430
3168
4100
2098
823
6153
7943
1738
10445
9879
16286
12180
1889
4611
10288
14778
9518
3875
13280
6760
3646
11996
5003
11307
10891
2301
13357
8388
9748
5820
2841
5203
2539
13762
3589
13420
7007
504
2353
14034
4537
12676
5951
16222
5902
14699
2683
8813
11373
13059
12141
3539
13179
5786
6878
1256
13036
7408
16242
15758
13138
803
11556
1141
1076
4651
1140
12982
5057
2763
16179
4706
1267
7094
2087
12694
4471
12441
7107
10588
4944
12798
13170
10578
8716
4551
9698
12561
10376
14744
11629
13428
1689
16086
16158
74
9832
14321
5039
11780
15208
14121
10537
14283
13906
8956
6076
13198
14855
9716
10513
4802
7095
449
6722
6323
9765
231
8448
4035
13011
14961
15022
9882
14970
6257
14823
1091
9975
7446
7102
13926
9680
8214
6636
4937
16273
6656
9884
16052
14072
2423
15398
991
2358
14948
4544
12551
5631
7244
4720
54
1290
10840
1440
10062
1987
6040
9834
4822
9049
12503
2795
13568
12930
3073
6407
3596
14386
9035
5262
6982
2880
7276
4109
5851
8438
10265
6201
2949
7456
9907
14974
5701
1476
11509
10261
12882
11100
8383
4184
12251
15324
2267
16033
4418
9467
10930
419
13525
2019
2589
16249
1447
4155
15063
13252
5559
958
791
15123
7696
4123
10384
5537
15689
11148
16369
14913
60
1779
13912
8194
8557
15405
12255
7084
3074
4273
15272
16173
366
10531
4994
0
15335
5350
1877
1703
4183
1744
1810
907
13701
11265
1869
6158
15146
7156
8637
10136
13683
1329
6032
12710
6472
5569
10677
14826
5686
4113
14932
2166
8674
6551
7843
3290
11730
6442
3462
8113
5535
7828
9054
5318
13327
13561
6993
6127
5604
10029
6454
10514
7912
815
11654
9867
873
6037
536
4327
11294
4898
8292
11269
11480
891
10309
15050
8649
3220
11182
11788
14146
976
13549
12852
2818
16199
8534
12655
5524
3583
4460
16020
9009
4888
6128
7920
13976
780
2637
13653
11274
1402
11595
7916
6338
916
824
15480
9162
10034
11173
5394
15090
649
1802
753
1646
108
4259
15315
10808
13540
13589
2916
9885
4831
12703
10515
9394
358
7855
14391
14467
6078
14745
12285
7353
9560
14686
10856
8096
8462
4036
13963
11232
15647
3996
12123
1791
10378
1444
8529
15673
10208
8085
12329
4195
15128
4681
15180
12406
7684
3523
6624
3160
7010
1527
15182
3334
4219
11129
7526
16295
10302
4020
8306
977
14808
4017
16037
5626
2642
14933
15830
62
14602
8470
9477
6049
387
15769
9476
8752
5533
5562
15469
634
8801
884
1831
13084
7800
6662
6387
6558
4489
7770
8762
14112
2392
7548
5972
11420
1723
7236
5666
13591
9525
11601
7032
9794
218
5810
2467
4623
9812
12086
5093
13632
12742
9950
1439
8822
7342
4077
5122
15724
13154
3513
2543
12543
801
106
11987
12115
15164
5802
3917
15940
12756
13229
13230
8439
4626
6046
6292
8008
7980
370
13086
13395
4692
8502
12090
3628
2288
13050
10019
11056
5042
14405
14987
10640
227
2960
6170
14260
3631
13090
6244
13234
11969
10759
727
12623
5304
8654
11983
1224
2743
6516
14365
10355
8464
14265
14671
11113
12585
6230
10716
11455
5677
4086
11804
3825
2686
7131
717
4180
9514
12265
1457
9118
1774
13541
9683
12368
3673
13442
63
8440
13189
6805
156
1344
14317
5428
720
6713
6005
10130
6971
86
9810
11491
6860
705
692
2945
11998
15841
8093
12428
14554
400
9147
6550
743
13294
15975
1309
12069
4592
9332
15845
3634
12142
9807
14098
10843
3745
8647
1442
1830
197
5551
9052
1713
10549
16192
4324
11609
9258
7475
5998
15624
123
9034
14459
12612
8013
2827
5527
2177
8947
15054
16225
2541
12429
9398
5131
13878
10121
15710
6346
7563
11399
11176
4451
14058
4475
13276
1451
6247
6050
8807
13485
3094
13207
13659
3654
7675
6862
15672
8830
5978
693
1655
5852
15926
13622
13949
13891
3106
514
2594
4772
8952
15490
15587
6285
7611
1282
7915
9113
414
3087
7534
12366
4694
8273
1559
11731
11003
14531
15677
7737
10151
11242
1579
9548
178
365
5108
10795
12915
10814
6790
6949
16146
4655
11365
15839
1852
8690
13620
14558
4860
2332
1588
3265
14656
12194
459
11203
16308
6123
6719
2310
11251
1187
13210
11440
13355
2042
15454
11095
16202
11122
1541
13498
6097
13531
3110
7170
1189
6961
936
5814
13242
14716
8671
6647
13005
5829
11896
3047
10593
9823
6831
1923
947
640
7932
4216
2644
50
14441
11762
4732
7434
5338
7752
7393
9006
15301
12156
1431
3796
14768
15263
6466
10544
13478
6757
954
1008
15917
11352
14544
16311
6379
9239
222
11899
15538
7642
7285
8616
15305
5747
6759
6305
13726
7708
425
13223
7658
2672
3330
13174
2359
14804
866
10094
2296
15486
10383
8620
12771
10582
12565
2630
317
12122
8791
8887
5400
1951
4737
9785
10841
7550
4562
16358
10239
13338
9404
2389
184
4168
6195
11201
15857
5673
7964
1532
13374
11141
13744
3772
1219
13943
4604
5381
8245
11992
11245
4385
8677
2926
15738
9617
11794
170
7596
4049
15424
1001
1029
596
12627
10952
1297
6480
14139
12941
2508
2645
11722
6994
11037
10301
13798
14947
8707
14790
7535
565
15618
6600
479
15268
9165
4756
14196
1130
11946
3506
11930
5242
11728
15378
6742
6505
8533
9252
11736
889
1137
7661
4391
9787
7445
13536
5788
604
5264
10648
7851
6447
8027
7676
3159
8241
5219
2001
8035
7030
11986
11973
4803
2950
14895
6051
215
1460
14047
10756
4342
5922
1708
2562
12306
6335
12835
16322
2085
13822
11767
10701
8160
9673
15000
15220
11536
15770
8949
10356
13562
3880
1947
354
85
9989
3966
10683
5438
9526
11995
1755
1494
1353
6429
10547
7486
6047
12958
12164
3117
5153
12959
10638
2738
8574
3567
14254
3597
4363
9363
4092
13776
15093
6807
4517
12934
12223
12864
16370
10689
15706
15105
2262
5884
9660
9779
12036
853
747
13840
408
6692
3953
6552
12483
12385
3948
4839
10936
3133
11741
12388
14256
12168
14996
11223
4406
6489
6834
3295
2656
12173
8430
15567
6188
13853
10434
3565
14652
7035
2321
12669
9406
5080
15369
14406
2331
12813
544
1660
4347
601
10358
761
11657
10485
14898
13260
11834
15826
13148
15257
3196
4046
809
8130
2925
13406
10707
5138
15313
11320
6919
10006
1989
11950
10928
9372
16152
1870
4589
12709
10908
1238
4854
2233
12643
10131
4663
3986
3058
1231
13818
15740
10628
12298
10409
7207
6157
5234
10894
10466
14757
13171
15135
8423
13245
14152
2732
5995
4906
11520
5062
8997
14297
15408
15787
1341
11856
10758
5251
11200
10552
14165
4143
15683
4366
6249
9338
11745
9998
2382
7898
9972
10316
6671
5945
8546
2275
264
16352
5963
10178
3208
14772
11719
4139
13376
1720
455
5558
14611
11493
15085
10769
7069
13826
12764
15306
3002
14444
13874
13214
2052
3978
11552
2776
2452
10284
15521
4141
6870
4825
9443
15064
175
4075
2376
14103
4512
4182
14012
11388
1757
10201
3682
3461
15471
15777
4932
7271
386
867
1876
7838
1376
13306
13114
7072
13518
8589
2593
10263
9410
11065
12219
8321
560
8288
2058
6664
10829
13070
5844
265
4899
12589
2715
7297
13470
16212
15119
807
4638
15897
5807
5166
9178
15941
676
3531
15210
7743
11591
8570
7906
2753
12353
15664
14758
8324
3241
13688
11641
9786
5268
13783
13814
7666
5943
14046
1873
14915
12555
5669
15150
7354
16343
9809
630
3779
12040
15947
14438
9587
9471
7559
1772
10047
3169
7893
11573
16302
11614
10538
8814
10501
14114
11546
13990
13830
496
5487
315
12034
1084
10587
15031
6068
15590
13019
8515
15580
7739
1595
15553
5325
16207
9699
3066
3299
11854
12017
2065
16000
14872
12716
9388
1468
9507
15278
14065
10735
15814
9450
7120
13838
8971
7816
16171
575
509
13286
9887
2669
8787
7571
11079
5855
12279
4378
6132
16096
6348
14159
7075
7070
3502
9300
3033
7195
4266
10696
5290
11502
7650
12028
13318
5285
12680
3493
379
6866
9278
8923
8665
775
7632
8851
5426
394
6086
11783
14141
3414
13978
9181
340
14089
5342
15639
3726
16279
7344
14839
8811
11879
12448
6621
13053
16063
3393
15094
5601
5647
1525
11871
2402
2812
3675
10647
4310
8967
1240
15475
8904
4676
16049
14436
2274
9053
2370
1496
1838
5341
15678
4950
11470
5000
4124
10245
3107
16203
12921
3923
16246
13418
7937
5314
7258
4469
31
6308
11302
161
15546
12868
8834
8508
5797
4439
14276
15504
9799
12592
1601
4779
2362
15732
163
7161
2533
5472
13183
2481
5907
3266
14022
4246
8447
4877
15942
1285
11334
6126
513
205
5476
14067
6521
7826
9007
942
14685
4984
1666
12107
1902
4118
4591
14693
12758
7540
10381
8942
15303
13065
12760
2472
2188
8895
6136
1397
9085
10527
1094
2197
969
5600
9982
3271
15433
13040
15728
4885
8095
14279
12311
1017
13293
13755
7648
14153
13175
7351
9802
3572
6782
7672
6274
9984
8259
7229
2035
2564
7500
15426
11957
15981
4450
14556
6802
3436
14346
110
5113
3873
7118
15495
13408
12061
11308
4402
3803
16348
7022
893
12641
4398
5048
5722
11956
5919
13299
13125
16253
14228
9636
15227
9665
952
5468
5760
10623
6043
8256
2685
3854
13593
6482
3031
14773
4474
6795
5549
14203
16223
4762
12065
15380
3404
5845
3101
532
12553
8960
4510
8006
15974
10061
10927
12234
15230
15657
14713
4568
8327
9169
3329
8237
5801
14199
5745
16065
2845
14285
8832
12320
1212
8725
3411
1711
11563
13610
14563
6990
8598
2995
1022
7562
3248
2814
2318
9175
6881
6315
6453
1725
13352
7347
11954
8777
8378
7616
13169
7727
4968
14363
9873
13344
5979
5460
8767
2913
1557
4133
15749
3063
3614
8645
435
16204
11443
8041
8919
13809
13774
9838
3024
7931
3979
5718
1110
2572
10165
14613
1171
12540
15963
7698
9917
1373
14938
4197
1835
2316
4455
2507
8365
12183
15225
7654
3849
9375
4863
7520
5575
6146
12571
5123
9635
4437
1555
6718
5060
8187
7144
6816
88
157
13790
7517
6832
8233
7779
7624
12563
16103
7694
12909
8568
1459
13056
13648
8754
9923
13769
15194
4500
7639
2567
12604
6004
10938
12410
11500
9261
3514
4316
15133
1239
45
13746
4751
11825
930
1514
6609
10818
897
13431
6589
5694
8717
7212
8827
418
10956
12449
9820
5109
2618
7406
14263
14700
4754
8662
15387
788
6699
15674
7319
7327
4798
11159
8493
6890
6801
3347
9694
7951
14035
3470
13724
15474
9342
9343
8076
8966
14660
2344
5386
9793
5517
10788
13262
11406
12015
10057
3929
3723
6531
13865
4317
6169
9988
14063
8002
6603
13007
8280
15016
11812
1453
2816
14991
11849
7767
6399
8812
9474
15429
822
9941
10357
5623
5245
14016
13711
14930
14526
11577
4750
7130
8347
13103
6560
15584
1298
3152
3822
12906
13474
10189
15222
3269
9742
2243
12129
4664
1999
9817
4370
6444
13862
6165
10332
2633
8043
6438
3236
2494
2137
11106
15631
4309
11716
6262
15563
16172
10665
592
9353
3288
10273
115
5208
9567
7148
2458
665
1520
2680
2570
14902
14099
13567
2622
11460
14565
8858
2963
5291
16021
6174
11134
12861
3536
6319
11340
10631
15682
10974
14646
12599
10653
6792
14958
5086
15431
8032
1680
7092
2229
361
13247
12188
8210
12435
8530
15840
4519
5187
8070
8010
1248
10949
12804
3851
16281
5133
5403
2328
13024
2752
741
12613
6666
9065
2107
11026
1939
6945
1584
12415
4296
4958
13454
12744
9058
8382
3195
14543
3541
4265
15372
14541
9160
10032
627
7163
16
484
8796
9418
8524
970
15069
3888
12344
13893
2210
9718
3358
3217
7818
14414
15294
10692
8526
3104
10734
3466
13553
15629
5177
8202
15835
2073
4486
7594
9319
13018
1462
6498
7006
608
14161
3181
10108
10354
2710
13108
14038
2462
978
5351
13508
1925
7923
3118
16088
4286
3237
4613
12594
10643
1565
2223
7799
13916
5539
8316
6238
14963
3397
6754
9279
10228
7403
15492
9697
16284
9711
15757
1971
13621
1363
12196
8476
4600
8599
3906
3630
3055
4007
33
14501
12840
10775
13922
4640
13651
5582
6583
11967
11753
11539
4212
1049
5675
8153
12252
6601
14770
14172
5507
287
325
11669
10976
1158
16255
5199
9934
4925
225
10468
4992
14412
3617
4209
10171
5756
1901
9109
8127
14484
1880
13579
3669
4806
12704
14130
6546
861
5197
7044
10743
389
7712
4505
7177
5362
13758
14921
715
4009
9097
16026
13192
13447
13159
1356
8756
3746
3526
8555
11530
5302
9565
1206
5478
7934
6383
9094
10400
843
2066
4747
11385
6180
12513
1654
11819
12336
2403
4786
12469
11000
4080
2674
9657
10641
173
1846
7751
393
13812
12682
13932
15102
4298
2205
14032
12693
154
10250
16099
1509
9111
11486
2436
15082
14253
6914
11862
300
523
11191
2516
12412
16133
927
4658
516
13592
3741
4976
3882
11857
5101
8679
15679
13463
42
15485
2860
12848
15018
8985
10510
1377
8274
7116
1975
11707
5333
6496
1424
6525
3056
11361
11387
6595
15955
246
11723
5682
7239
7957
4202
8391
10506
10700
10259
14482
12654
12888
1845
9201
10125
9821
8621
9784
2739
4449
9164
14200
14355
10826
2213
13241
6098
12393
9930
4636
710
7076
8604
5811
1790
491
1861
15668
8846
7465
1381
12181
9167
3227
12535
11615
6434
11666
845
5609
8924
2939
6854
5625
13044
8385
2944
5827
10786
14051
11675
3876
12662
7268
7365
7910
4125
15856
6725
8489
6927
11091
1421
1452
11663
35
5804
11304
3151
9121
10095
8244
14206
5571
12698
11545
13678
7746
6362
9316
14520
7300
6651
7356
7541
7387
6056
4606
9921
8652
13002
11316
6984
10872
11442
13298
9039
4181
7426
12775
5379
5709
4594
783
7289
12509
7827
14647
2946
8461
1948
4951
11989
6209
9648
10864
9566
5763
1973
4383
9341
11955
5236
9571
10303
3721
1235
7493
6535
5295
10895
15178
47
10571
11900
10609
7979
8764
12216
1320
11528
6987
13861
7991
5576
13481
7248
12995
7454
14648
15038
3353
8486
3387
16183
15577
645
15533
15883
3145
12310
5794
4178
10616
13967
2689
8818
955
15366
1768
13684
3629
8174
4244
1369
4227
11146
9188
8525
4114
11555
794
11305
8978
4799
12260
13006
9602
11416
12763
2244
13727
13263
16227
7733
196
7869
10152
4476
2247
11425
2018
15821
5201
3672
11162
11698
2502
10296
2305
10535
4686
13328
15922
7634
813
5616
9714
5518
2250
7845
2527
6689
5118
4157
3907
7132
2918
2582
15789
12965
3388
10896
15650
14305
16009
13803
8351
429
13334
5488
11029
1173
3446
10451
3884
8663
6441
6622
15852
2231
625
7874
295
14244
6225
9405
6607
2276
4229
8260
15318
183
11760
7052
3650
4061
7628
9274
6041
1589
4147
16367
15570
4126
11929
11054
13534
6317
4321
2465
4881
4348
11553
49
11151
5698
14458
4988
9225
9500
9888
15782
15699
771
13095
3518
9313
6397
3553
5353
13700
11127
2722
3194
1470
7714
1552
10
5624
10575
3046
13697
5944
15626
12572
14192
1856
13786
12059
14044
16029
3480
6290
4291
9761
14661
3698
3212
9997
16011
12461
8363
5147
2364
1624
9028
14865
2342
185
3826
1832
10882
11766
5267
3605
10456
15045
14560
9569
4603
12365
9762
4128
15685
3710
9099
9958
14422
2023
5149
12849
4614
7078
5589
5834
318
10079
10203
5596
7476
7201
11529
9455
12098
128
4055
885
4354
1958
12689
12854
3816
13751
6208
14832
268
14398
7488
10654
3102
4524
10472
13639
15339
4230
674
5968
11746
15284
15053
6838
16368
12972
10568
9643
9461
13063
7644
4823
4158
11220
11588
2667
2245
5826
12985
8859
16080
6977
1365
16187
7834
1581
13546
238
1261
8357
4084
10755
5501
2457
9544
4814
8413
13027
9126
7547
8407
3579
15397
13228
13577
3863
13848
9068
8061
14343
6191
13021
10429
2254
9893
13358
2340
9859
14942
6519
5871
6102
11252
3615
3225
3356
4903
6992
5842
5637
12056
13128
1045
12731
11907
9206
3121
8065
14307
3311
5776
13792
4660
5233
1301
13603
3984
16205
9928
4581
4546
502
6936
3431
14584
13831
7961
12423
15723
12600
6687
15340
9114
15173
11837
6264
7605
10405
3881
14417
15364
3967
2488
10283
7027
446
14797
10560
6602
776
517
2935
16135
13356
10113
4303
12192
10634
16125
4263
12616
5415
4457
1863
1537
4340
8995
2727
12392
15536
12747
2492
2530
2239
2169
6526
10413
10096
9029
8861
8936
12293
1218
10754
6410
11360
9045
15790
10854
10170
7745
5620
12948
16285
11557
8446
10282
457
6006
14252
5449
9428
11688
8075
10043
6485
4311
12257
4957
13375
13530
14138
6461
15345
6930
1609
15307
13003
10323
11497
11807
2119
11018
16148
11019
15295
748
15921
5838
7389
4784
6682
6443
6829
2809
3289
4028
2074
7927
14582
11970
11133
11715
8377
12356
10156
15116
10604
11010
1712
13488
14516
10115
2003
13663
6135
9339
5205
14720
11170
14917
162
8358
6273
650
9352
7674
2501
11236
11855
15812
8129
13257
8336
6371
11887
9354
6291
10424
8367
6618
3139
4520
15667
6940
2123
11725
5705
7175
6259
3238
11487
10416
15512
2994
14957
11512
9990
527
13993
4691
4257
14106
11942
11495
5508
7323
4646
118
1729
8819
12165
3768
4423
3198
15836
12925
1750
269
1551
3086
9156
10935
5953
1553
4425
6818
9487
10969
1132
6514
11384
11644
15640
7852
1200
728
14528
14764
13728
5017
5504
2917
14952
16142
6336
4943
6211
458
10179
14030
8441
1259
3893
7711
2694
15496
12796
14424
6858
7090
7126
13680
15389
5976
1934
8739
5873
9190
9938
7074
9731
12083
12494
3205
4
5171
3440
14031
14215
10816
14267
6163
14137
14489
16046
15120
9912
176
5806
5678
3175
2898
2335
13026
2651
12837
2222
9408
15153
9592
399
15376
14397
11356
1612
2879
15061
9877
4093
15204
12912
551
9310
917
6329
12691
4725
8755
15775
14762
7400
5380
6301
11909
10778
16236
10669
16333
13662
7491
9199
13255
3783
13109
7656
4283
3332
2257
14910
12019
14533
11046
7449
7682
611
10399
15705
542
3458
10607
16100
13785
8155
2885
15312
11473
2735
15565
4878
6014
14068
6021
7556
3093
7037
15234
7420
9092
13096
12560
1401
14151
11021
11831
13917
259
7719
5483
10473
11230
5479
1950
5044
105
3576
14649
12151
1013
5707
6980
7088
12442
15846
3750
14324
3645
7917
11513
12533
14208
6027
15256
14850
3623
14477
101
431
12534
3287
15522
15660
6260
3936
7646
2641
2523
15978
1733
12944
2881
11689
5189
11041
10338
8821
12686
7497
7243
4856
12277
4484
10480
10326
7876
2011
1118
14461
14962
6732
7613
14073
15244
13441
2186
4478
2838
5712
9285
5885
15785
13422
3527
647
10252
1339
8038
3207
5909
5486
10442
11527
6917
14368
9551
5665
13340
15806
8330
3185
3465
10417
1104
8193
7043
2968
15876
4549
7877
8641
3286
13398
11343
14083
3512
10217
9638
6022
280
10370
9119
27
6066
160
5491
11371
14177
2978
5276
13522
6690
2078
14841
3156
2522
6693
3348
7149
13910
5528
3711
12749
15452
8849
7814
8990
790
16090
8572
12225
5761
9076
7857
2829
9836
3240
4947
9908
8318
2439
16061
6327
11977
8795
10967
6555
960
13638
11775
1534
7038
7339
7999
8025
3608
8314
9589
13364
12470
10489
4369
10187
5018
2573
6294
15644
12696
10182
15681
10658
7098
9505
9027
1586
13501
4428
2200
4233
10532
4067
5952
6007
11321
5359
9305
2617
1191
3521
10823
14763
15046
11397
14679
1254
4781
1829
13253
13177
12638
13602
3941
3809
14610
12549
7680
220
8055
10290
6217
14670
11326
5281
985
10551
11944
13907
7509
5512
8020
8495
7477
4280
11690
12386
1128
14485
10435
8729
3370
7358
2914
702
4584
904
14420
11187
15711
10740
15138
5207
7019
10059
2883
5621
3613
6871
14109
2540
5597
16132
10221
701
12232
2905
15118
2707
14236
2766
3261
9651
10986
8825
6484
13415
7220
9614
5259
5593
1025
9840
4631
1477
746
7716
7722
6073
9385
10540
10487
10994
12778
4844
9947
5921
696
7756
2055
3173
1313
8613
3180
16126
13668
2731
2466
16081
6124
13448
7854
13617
6822
10422
9962
10117
10825
14298
13312
3278
599
14759
14088
3437
5880
14027
2991
15438
9674
4349
6099
12979
6967
8591
4659
6449
4137
1306
8747
5916
186
11276
16109
16106
11038
137
2183
13955
9924
9247
10126
14341
5790
14292
15341
12500
1048
7182
8069
3385
15535
9407
13030
4307
9116
11755
6597
13588
8432
1268
9760
360
12719
14432
8427
2747
13082
11357
13880
15952
6819
4217
1033
9110
12776
12033
7765
10627
498
3548
13329
8937
672
1661
11514
4882
883
7135
11843
12348
5358
1859
11864
6758
14538
908
7655
849
12913
4736
7200
8510
8345
8028
15851
915
15928
4357
8393
15174
13925
4926
3148
15954
3309
13974
648
6968
7873
12363
15571
2408
8597
587
8402
14320
7553
7425
15715
7065
5416
14975
9144
14691
8505
2863
11785
2068
4643
2832
9770
827
11241
9805
12357
2485
8458
11296
9556
3206
8338
2369
6509
15934
15466
9842
9512
9078
13
9200
3453
16141
524
14372
9863
16356
2923
6016
5866
11797
9081
4559
9626
1295
14641
4270
14387
7235
5516
8973
7645
11090
2173
12967
11087
3840
8066
6373
10671
11092
7282
2581
6234
10483
8847
9249
5860
2117
3407
15663
3481
15407
16159
8090
5481
1283
1658
11795
3422
6228
15505
1946
4612
11396
14883
11467
5724
13820
11671
5935
14
6118
1687
14430
12451
3336
4432
6652
5458
9189
16290
5819
7803
1142
5365
12096
14400
14703
16032
11116
16296
2032
507
7607
3507
11990
11280
8403
9980
1450
12547
15885
3500
9135
15011
16044
10946
5095
1160
5548
464
3360
12411
3516
14401
5886
10801
9163
10990
13143
13076
16048
4561
4493
8684
5910
4292
1260
3659
3902
8257
2608
2039
7863
1030
6034
2520
10457
7179
2330
8991
15246
1464
8481
13616
12335
988
8784
13898
10726
5721
11506
8203
4401
10745
7422
4274
15084
5586
5339
7811
12688
10621
4177
11727
8429
5765
7670
15081
5865
11847
10475
4099
9380
14754
11414
67
15837
4569
4332
14021
12789
11077
13387
15759
10477
2372
15058
8785
5141
966
12489
7566
6219
15217
15020
5523
5927
9952
5574
7481
14395
11905
3864
9221
12108
16104
224
2407
576
12468
8353
9267
9713
4758
13800
14612
9763
193
11110
10855
1837
777
11602
8496
9606
9689
1645
16278
1560
8266
11634
4790
5904
2334
4849
14827
15437
4901
15500
1162
3010
10081
12278
836
4041
12681
12220
9451
8467
6360
4203
16092
9740
3098
7238
8404
5833
9152
3377
953
7228
13857
1332
12205
11483
1075
16319
11769
7871
11469
5004
10285
6440
14818
16119
4087
15068
5764
2603
2441
7373
1786
15156
9294
11904
4339
13913
3890
12021
1358
3188
6048
8356
5214
14999
1781
15343
10465
9176
8475
629
7815
10561
4688
11652
13196
7017
11218
9629
2022
15807
15831
11153
5742
9255
13641
13396
531
15169
1762
8436
13890
6861
2343
12637
9265
15804
8939
8409
3557
2988
338
263
16112
15630
3231
12315
13265
9322
9269
3018
10247
6981
13725
4405
2509
5595
15023
12093
8749
5277
1740
8972
12458
14340
6646
4397
12671
13665
4804
7174
2248
14722
5406
5129
3847
15197
602
11458
5283
13346
673
10366
12734
6654
12314
11216
6145
14402
3284
3123
9830
7911
14261
15221
9224
4088
11696
5529
1413
808
8933
12678
2765
1087
14425
12101
6539
12138
448
5107
2013
9416
12289
5608
10570
3331
2787
15021
7332
1071
15615
4595
3258
8768
15902
3546
8060
1824
3547
14148
13570
13933
7196
1995
8986
751
8701
10871
6843
10611
2908
1576
15331
2438
1617
1570
256
6313
15493
11125
15001
10548
12765
12929
14117
7104
14639
16254
12322
5370
8342
7558
11198
6421
12541
10798
5046
15242
7574
7343
4972
2277
3799
4661
8262
168
7312
15057
6239
14025
2967
15573
4741
914
4214
15720
4165
9112
2790
15066
16320
8089
9059
16289
9692
528
13788
2161
12471
12772
14344
16005
5543
12795
11076
14775
2393
2781
1156
8643
10320
5660
12283
9515
5652
10620
15866
14717
7233
6799
5711
1967
9041
16022
3642
5685
127
13510
14688
8623
10785
8687
13122
14086
15726
10766
14834
2580
10469
11255
1012
12081
15300
9142
10681
15412
7296
4441
16211
3044
5053
11623
8766
2943
1737
3435
9244
11739
6476
2728
9327
5938
3050
10077
5901
5087
10004
12124
4101
10657
3976
5990
3059
9337
9396
6766
5404
12939
1099
12419
7691
13331
6138
6378
2799
6171
7946
7380
14377
3892
3709
1228
8539
12873
10957
10438
14293
10202
12673
7429
506
7862
6154
8742
14940
15982
685
4496
7306
12586
11619
16004
11596
15753
15430
2837
15442
946
6975
15761
5619
12050
9891
6585
12148
13994
3801
11547
14524
14728
1599
5067
12166
7782
5580
5882
3476
6657
13730
1956
8492
10318
14514
8468
12121
2948
1433
332
9401
320
12552
9365
6532
5308
2469
3903
8483
11249
7436
2002
6143
5137
15803
53
13129
657
9553
14102
12079
9439
4241
4160
5983
3115
15010
10233
1797
8559
11009
7061
3272
316
6096
6835
4924
12445
12866
13046
4879
13074
11628
14712
10917
5083
4144
10987
14702
7280
8469
10314
1648
324
10650
9154
12588
13336
12254
6131
6372
13772
14410
15043
1067
4060
10539
819
12171
8615
3887
5412
3588
4820
6502
12843
10177
12908
8951
11980
8603
11606
12994
1659
13403
1907
15420
11419
535
11742
10781
13604
4817
1556
14809
3128
8696
12575
5932
12390
12301
6720
3935
6573
2972
12477
16084
2071
10420
13936
7545
7267
4058
2470
5174
4936
4392
13471
9475
4650
10351
7842
10988
2199
13215
4673
11574
8134
12881
15216
1178
13272
8902
4701
9570
12836
8452
561
2616
3577
10075
6341
3378
3099
14882
2004
6345
1278
4326
7396
14752
11790
2920
2940
14074
14431
15703
4503
1620
8247
114
8816
5777
405
14831
8231
4081
13249
2853
14749
11478
3954
11275
477
8890
3070
13049
655
11268
12401
13915
4426
6083
4290
15970
4465
5092
5195
15966
10144
14657
14622
10512
153
9987
11479
12038
14771
7184
9600
6026
1591
12999
878
2566
11961
9572
6527
5323
10073
16332
7554
600
4728
11713
9397
2903
13997
3900
6115
3800
7579
1872
11393
7974
12062
9546
4654
13134
5485
10714
9033
14843
13409
13354
2547
16184
9063
1874
15368
7875
10102
289
15037
12378
10421
14587
4579
2974
1709
617
2498
12905
6728
2426
1434
1112
2155
10163
3137
11370
15298
14880
6763
2131
6370
15532
1241
14259
11562
15179
14160
1252
9788
12479
9848
4394
11131
7572
166
2056
4837
9852
15980
6303
15087
12593
1879
3998
16267
10452
10697
12102
5843
7455
5098
2745
6109
5232
14521
15655
14572
1362
9044
5422
12722
12570
15202
2029
8267
6612
8326
16210
13077
14537
9325
15440
15725
6548
10709
9130
4619
328
508
8151
9905
15870
4871
9531
3077
7952
13833
3901
9037
3394
14095
7189
11445
15642
5027
9771
4039
4098
6844
695
9115
9735
308
6009
7270
14041
8248
1042
117
10453
13920
14738
14676
3305
10333
15124
3011
6398
5505
669
14742
8607
8414
5612
4717
13731
34
2116
1578
6420
1335
6164
5383
4883
7962
6134
12380
12202
13708
15718
11227
8454
8417
5417
15675
5178
4213
4672
583
3491
142
9702
8161
15780
10037
6375
3449
4954
14530
12250
2349
13702
1848
3841
14214
6544
8036
11331
6826
4902
7967
1014
9583
2341
9214
7168
15596
3981
5503
372
1821
15275
69
13140
10708
13182
7956
2383
11720
2654
7921
13712
2733
16156
1287
7286
9798
12377
7302
1550
15767
10851
9574
14056
468
15391
13624
10509
4713
3814
14581
10375
9141
5224
13184
14761
11291
4872
11567
7496
11364
15224
9608
10042
5127
14561
404
7438
6258
566
8860
3898
643
8415
1475
5375
3454
8798
10941
11537
12692
13489
13806
1938
4190
3972
9137
11976
9139
4834
11511
8527
2050
4173
6101
12914
8698
4766
13598
16226
13197
5664
15353
12947
2730
8619
13130
3950
7899
8810
13439
2874
16083
11172
6659
2629
10892
12022
13572
14971
1855
10603
5644
6591
9048
12039
12
15868
5106
15525
779
4667
6934
2505
6951
5030
10270
2132
1192
41
11259
7255
7441
312
13097
13365
1503
4116
2771
15411
9465
10426
9899
5772
9351
14281
15392
1207
13322
15800
7433
5812
9000
3125
8078
253
12566
7623
7165
15862
2120
7697
15003
5165
6830
13119
7188
5058
3037
6223
15754
15609
8944
10579
15768
3510
11461
7630
8653
5134
1318
6159
7176
11815
13873
13434
4073
11793
4715
6364
5301
10836
5918
12097
6996
3129
14348
2643
3774
15558
4570
12075
8703
8087
1571
10869
12440
10805
1089
16101
10975
8579
2141
548
9776
8074
10425
11188
172
13729
15304
11262
14920
4945
7592
11468
14540
13499
10553
11701
1346
11064
5210
689
9675
12233
3302
5331
10739
14857
3376
15344
9658
135
14789
511
10525
3425
8831
6769
1106
9796
6594
6542
3762
5725
6915
1007
16166
7508
810
13939
2388
1862
9301
13239
8373
8221
4644
3413
4771
11432
896
11213
14892
3292
2844
13564
7631
15894
11433
3230
1675
14741
12819
11972
6403
1717
13091
2999
5366
16194
11691
1498
14224
1992
9216
8783
428
11751
11012
5691
8313
10244
15181
2070
6529
13991
11649
4677
4748
5212
15264
6473
15308
10705
420
10271
12891
1922
10752
9499
3092
15887
319
1764
2703
4853
7309
8988
757
8371
1663
4407
432
11922
5354
14726
5085
4949
1133
7764
8879
9968
6400
483
15697
4719
7849
1399
12521
3096
1388
13852
11711
2139
12404
1888
1840
2577
11733
3209
7279
9561
10678
7222
6478
3836
5079
8147
6684
10026
2699
1957
903
2443
14997
6626
14820
16338
4876
15568
1769
2242
15588
8232
11570
4083
941
16328
15890
15416
10280
8123
5815
471
9619
5850
10844
4810
11346
8538
2604
5816
2866
12718
15163
11284
3883
5929
9704
2889
12601
2425
12004
3656
840
10148
1120
8521
4297
5890
3599
13879
1665
16305
12321
14223
5893
5335
12349
745
13279
407
11803
12158
489
12860
11086
10850
5753
15237
505
12457
14625
871
7753
15280
14191
7997
7138
4016
7990
15060
8168
15445
13872
8291
1237
9618
13004
4647
12432
15254
6508
9709
6708
13289
3505
9413
13009
5310
10349
1010
13310
158
2286
8198
4435
15575
11932
10924
5002
11067
7891
3582
9386
11732
7700
8782
257
8839
14118
12781
7713
13547
15034
3153
13693
14246
9293
16181
10577
11674
7795
10688
7498
4565
14301
5956
5225
9549
2928
4918
7536
9758
4224
13000
5911
13250
1265
1258
8235
12899
8682
4962
13713
4889
7288
8516
8081
10368
8184
9641
1932
8745
8201
8310
16306
5009
15104
12635
14181
16341
16163
11362
9090
3817
167
6918
3584
10847
5202
4618
14029
3756
11613
15367
1962
10072
1842
6925
4120
15041
10052
1678
11832
8062
6565
15585
10753
11827
1391
5368
8915
12683
11212
5729
10174
11717
3937
2456
11112
4199
14859
11405
8980
13734
4491
12106
2114
11266
6268
13863
7103
6574
2964
14624
16360
14965
8898
7748
11451
1446
111
8713
4711
14636
11383
1674
5657
6433
13560
13042
3712
3182
2942
13287
15893
14475
11444
11243
2884
195
3686
10699
12340
11734
8465
13173
14311
8109
5949
12820
8594
2324
10185
10278
4416
5329
12590
2786
6107
3361
8712
12230
3795
14289
15229
4601
13998
9158
1899
8333
4396
9871
12332
10336
7996
1805
2755
6194
12484
5770
13901
8049
15959
11840
244
3651
9296
7817
7787
16346
12651
8148
2877
9373
9464
1526
7703
8666
14013
10787
16012
11518
15219
14308
13710
9983
4247
15101
2740
2865
5001
3012
14017
1641
4115
13609
3482
3166
7172
15030
4578
15026
5115
10173
2712
8738
13597
12578
14899
2049
15554
3082
15425
5948
5867
11678
5863
3696
9791
12047
1390
7405
7972
5423
12956
4288
1220
12973
14366
444
7360
9222
8808
6820
13480
3213
7608
6451
10294
1080
1164
5546
2779
6991
10991
5780
7771
858
7977
10815
10913
6374
6680
4838
7401
820
14361
14600
5563
9031
3775
10474
5464
14374
15099
6172
9496
11403
7367
14185
11472
11336
285
11390
12312
9452
4996
228
9730
7129
10574
12824
6785
7882
11033
13391
688
5663
13264
9743
10563
9213
9209
4410
450
4448
4952
77
6342
11921
11492
4089
7241
9469
8566
8001
6405
4262
134
5402
8315
8349
13859
2115
6324
13037
6696
3229
3918
13028
13261
15543
4482
3633
15971
940
7377
1223
9751
6797
6868
1435
14619
4453
1542
6340
10824
15270
4753
10635
15984
12711
15122
10827
12780
15422
7551
13240
4571
3855
6011
4931
2764
11962
5654
12636
16340
2734
211
11190
11058
4169
4687
8962
9036
6645
7913
1146
6920
12474
478
9281
3707
14829
6541
13948
7140
14247
993
12879
12163
3870
13827
5456
5492
5227
11597
10352
13666
14463
11882
13472
16271
15861
7202
7578
15993
13847
15665
16206
7735
3314
6793
13801
2048
5399
2337
5930
12024
11488
11211
3174
13351
670
8023
9616
8669
6911
14812
7097
4361
11297
2174
7366
10379
12652
7688
4560
14631
3671
4421
10837
3694
5021
6095
1415
14421
7230
782
995
5960
10241
16079
7820
4134
13628
10050
935
8581
391
3130
15040
14633
15213
3003
8209
3524
9835
8841
7754
1334
5306
7759
15564
5744
9595
11508
3021
1652
15992
14719
6875
11205
14896
15513
7232
2810
8569
4320
2289
1513
11901
11083
10087
3259
6953
7768
9581
1577
6210
5247
5498
1897
15946
4683
9911
15736
3758
6938
2179
7900
3383
806
8772
347
11161
3496
9444
13199
4210
9967
4006
2283
1208
10971
12504
13607
1563
12204
2636
12726
181
8047
250
13685
10305
10401
11466
11757
15875
10591
13775
14585
16330
4910
4997
14129
6412
10961
2102
1911
12472
5813
14683
104
10564
13682
15419
9647
2385
14862
11382
1461
12690
13277
3097
4278
4300
3895
3399
13437
9016
10251
5186
9727
1478
1165
11379
7908
1893
14890
1849
3060
5985
11093
13347
4487
13054
7806
4575
10481
11206
10763
7794
11865
5209
9056
6012
3897
6065
2773
6764
1473
8732
4709
1495
774
14173
15336
13571
5066
14782
3306
7448
9331
2195
3429
10210
3218
2979
482
1323
1068
7370
11228
1963
14924
12498
12579
10983
12049
2424
4293
10534
6811
8040
5502
16108
9630
15321
16331
72
14127
7833
14273
10870
1288
7506
7439
9023
15849
5868
15067
9996
7588
4105
6836
11501
7856
14675
43
6010
10747
14682
13735
13316
15132
3474
11485
8135
6935
10491
2273
1179
12700
11137
12403
7421
4764
722
919
10023
10372
550
875
14973
7259
8200
13413
11439
5121
7464
15371
11830
15409
6072
16071
5148
784
6196
6125
16113
1303
2983
2933
200
14966
3815
5184
851
9323
9070
3639
5986
11533
14786
4986
15193
12125
8891
10027
9182
734
15487
14730
2401
13131
9047
81
313
6667
10812
11325
1545
12328
15623
7504
14005
7338
6599
10276
4161
8743
14050
5892
10141
1978
1032
13660
10153
2606
5792
7237
301
10861
666
9615
10317
9093
13146
9120
10008
6904
2912
887
9299
210
3872
15903
4268
2486
11697
2207
868
7362
13741
5152
15039
13482
6707
14735
16161
374
203
5987
396
3792
16003
7995
7047
9387
15603
7643
12653
860
3688
2953
7801
1629
7984
12745
3488
4862
9516
16095
7555
14873
14423
6582
2417
8996
6245
2352
9280
11481
4090
2045
4514
6886
13232
14201
13216
10313
8457
12910
9890
10341
877
15559
15583
11768
6289
5012
10732
12191
9392
6762
5577
5853
890
2922
2668
5117
15625
1598
16376
16137
4891
6926
11315
10348
12748
8255
13817
8088
5469
6008
869
1166
8137
14404
3850
14233
3354
6385
11867
11428
15593
6464
15843
9107
3813
2440
8975
3894
12801
4301
5176
14557
932
7164
15967
10010
10054
1311
14547
4531
7101
15776
5656
14522
5889
7606
15661
13213
10845
11637
15762
1393
14135
10347
9886
8379
7720
13914
13017
1566
1230
2020
2261
13656
10150
13578
8994
15435
15948
82
14217
5758
7938
14748
12239
1961
8380
3150
15215
9547
7758
4550
8312
12661
9082
10275
14715
7922
10133
11392
7368
10831
1883
15233
1041
2226
15524
14964
3326
14998
13965
7738
15951
3410
3534
6042
14234
14659
9194
11450
7025
10093
4308
10464
8903
13846
293
5457
4921
3649
4620
10719
7823
14620
5025
4965
1216
4961
8229
522
9536
7333
2346
13897
15950
8999
3374
12012
3794
480
16195
854
4826
12074
5513
13947
10767
1456
7789
5573
4593
6960
14349
15277
8348
6520
7316
271
8110
14007
5162
3865
7677
3919
11873
10519
10488
2840
9883
9326
11594
2579
3382
6160
14562
15190
9935
12980
8056
9508
9866
2952
5783
12055
13983
3184
9473
5194
3127
6523
13895
7987
13511
1348
7593
1997
15771
13099
3483
13899
7173
10310
15591
10204
14415
32
8870
5274
8079
14428
5933
14990
12302
8688
559
5175
5490
7525
9559
15103
14680
5557
16041
13754
1319
12595
8242
14881
1994
9846
15007
5061
12794
8925
8609
738
7836
14277
13194
15865
12078
11144
6559
10254
4205
9262
7204
1117
307
15262
11257
9203
14664
8011
15819
11664
16243
2110
3827
15719
9701
4843
11776
2306
14464
9844
2684
10520
7490
4145
12502
4905
744
15855
15070
10111
14922
9083
5726
4112
15742
12190
16220
10147
12583
9211
6744
13341
7633
2664
10907
13691
13465
8176
12290
11876
12924
3131
1719
8585
12338
8132
13300
9851
11686
9506
5494
10120
15561
8117
4054
9833
4334
12679
12582
13433
15418
14687
14447
1426
1651
14014
14534
1630
3005
11186
12859
14889
2405
10119
16042
3999
1982
6499
13881
3419
9311
1974
14621
12492
11917
10723
14785
14503
15659
7181
8852
8012
10232
2009
66
279
16230
15994
7487
1981
4248
3927
6425
3304
1467
10720
500
13587
14654
11925
11692
59
3540
8258
11600
5398
11824
16124
15310
1732
221
8279
2796
7617
6771
12951
11852
4282
3835
7564
1936
12295
2828
10393
1707
6497
6402
14170
12876
8295
8156
8350
12803
7009
9374
13048
15939
10000
14006
13690
6642
3379
8948
1930
13460
14310
11943
15089
13343
6241
11102
6070
2777
5387
5036
15012
3064
4350
7382
1057
10397
13694
12596
1372
9532
4052
13556
13877
6468
2414
3590
2500
15078
15620
10450
15751
5070
5795
5970
7152
1920
2726
8667
12052
10921
9240
2813
11603
12917
3105
4556
15649
1927
7830
1926
1887
1547
5352
11174
10460
1753
739
1349
15648
7673
15891
882
6380
5254
12602
9245
11081
4960
14487
10504
1229
6184
2971
12002
2394
7621
15809
13969
6564
2692
5500
4840
3324
11282
3201
4982
10959
9986
8009
11959
4187
1611
9939
14352
1935
5445
6767
15899
9527
8512
5155
3191
7313
14033
7247
13795
7963
7106
6365
2705
5089
15172
3535
6002
14248
15886
3146
9268
9604
12084
4185
9954
4588
14338
5748
7133
13695
635
14465
8419
2584
3818
6044
9429
8133
1808
2336
5714
812
4703
5179
10391
12522
3680
4735
16047
12997
8063
8418
12172
10594
8029
10364
15079
4443
13599
6181
15692
9811
5731
12629
13104
10947
3869
6452
7348
16153
13407
4833
9259
14264
6199
7965
6673
7214
15608
3389
12608
2895
13144
7791
1726
10937
7568
6475
12883
8406
4929
3143
12527
12427
10353
9803
844
13554
10014
10207
237
11796
11897
4699
6817
1124
14008
12828
11622
4159
13517
3275
2801
4731
8552
7580
5634
7337
10011
440
11441
125
4969
7647
12902
13136
4545
6359
4031
11759
14992
1040
14803
6381
15530
15850
10160
14327
15279
996
12788
16191
10193
13565
1009
14166
9601
9775
1627
15192
15517
14946
1061
4761
7114
3561
2599
15871
1519
663
3956
10192
9243
8553
5397
3190
14830
13961
1169
1622
15765
15646
12950
9309
10127
15864
2499
4096
5191
15209
14274
15904
4983
10889
9897
10505
2460
5541
13569
4793
12243
6309
1202
3029
2014
12444
7474
3820
7939
573
6430
653
6242
13687
13411
6593
15453
15815
11376
15472
9940
15096
1181
12375
7049
2993
9304
9276
7260
1986
5913
16364
10915
11810
2660
9961
8692
11313
15334
863
6090
6879
11061
4255
12120
16264
2721
3313
7679
8661
12507
8556
11239
10086
4152
2607
15690
13987
12201
7576
12523
2478
4851
8073
3603
11667
16363
14315
8659
8375
15976
13637
14010
2279
639
3860
16315
8728
9462
11301
10041
10138
13079
10902
11933
14767
8497
9270
1972
15177
12105
12618
989
12025
15729
15569
2454
10993
1771
7253
4344
2148
512
8571
10636
4434
8503
923
4634
14695
3294
10863
15323
3717
9959
11703
699
6105
13426
1569
5514
14394
2224
8217
10412
7029
1321
5007
9010
7198
4458
2291
9057
15362
10190
7970
1328
13612
1081
6120
14496
16014
13696
15168
7846
10286
15907
7388
2930
16231
121
637
14609
5926
11438
3748
15033
11197
16094
8026
1722
4377
944
9523
10876
15479
14392
16293
7595
2477
8953
14333
3116
4196
12326
10308
5241
14666
15986
16117
1379
15739
16209
9346
10694
11859
13875
3729
4053
13886
6093
14197
6745
15518
9822
2737
2870
2281
4029
12462
1662
11094
16379
9143
5420
12118
3298
14101
6106
830
9517
8185
6148
15592
6814
14884
12094
1931
14905
1803
4509
3544
2251
8394
14637
6644
14480
1035
13989
10167
10015
4148
6261
8054
11489
8976
957
5653
7026
2639
4738
4909
13116
16280
13401
5289
10618
8182
4151
1752
12473
3990
12963
2757
6627
7665
3852
11306
13381
122
6665
11535
14216
10893
5172
10530
1386
2915
7461
5532
9448
8862
14598
1226
11918
1185
7291
814
10811
9712
14396
13821
9131
13414
992
10838
1368
5414
10209
13085
13270
13716
6417
4051
12631
12195
9468
5451
8719
14549
10248
11272
16115
6872
7837
9662
6344
11842
15328
13419
7178
413
5297
5897
10592
8224
8600
14080
5317
6200
2292
12235
1056
14817
796
15643
7829
16309
5768
7706
12707
14286
13855
13324
5116
4506
1472
10321
10595
899
7036
13291
7552
16182
4429
3975
9806
4656
188
12119
14901
3142
9631
10932
10149
1488
2284
4047
15223
9687
3210
13892
15878
7761
9655
6311
2725
14448
13940
6855
3679
7384
6849
7186
2513
5733
2937
15188
11044
5114
14470
6457
14271
6900
9340
15051
12842
6985
6957
10887
8216
14107
4864
12051
12109
11016
4400
15115
15006
6320
6543
5278
1895
6265
4625
7450
11164
15141
15142
9359
11120
9644
2322
6712
12054
3026
8517
4179
1409
9593
2430
12512
12752
15869
11039
5269
10428
2623
261
8872
2749
6141
13576
4633
15455
8236
15972
10297
2096
15207
7376
12805
3400
10749
5693
9046
15402
13671
6357
3689
11195
9781
11581
590
3992
9960
9060
13451
14382
2748
6465
6232
10832
661
6942
10704
5188
14313
8892
9679
13625
10049
16300
8196
15459
847
13767
2366
1745
2514
6787
3095
11682
8823
6755
6162
6821
16282
12367
10001
12253
2113
1422
12832
10834
12308
13777
7690
11630
11522
14207
12027
2966
3834
14251
11561
2178
15484
9125
1143
5542
13296
466
4552
12829
11605
274
14028
14981
13563
11310
4564
6638
9492
7349
11763
6275
10024
9562
13278
7671
967
13495
4119
12307
4189
16074
2858
797
11665
5793
14980
6894
8828
855
5891
9575
14451
588
7740
624
10770
7460
1088
13303
10159
6704
13152
12699
5185
14169
12200
13062
5448
4923
7659
11319
8829
8518
6577
2482
9101
13432
12659
434
1933
6863
12614
7757
11740
12755
4319
8323
3438
14985
16357
1205
3819
14128
12003
13858
1561
15320
3763
6606
4207
1710
12831
357
9750
3761
10427
8540
4240
16248
14110
7667
12045
8697
11869
10645
1727
6361
14943
8797
13778
14125
7361
1380
793
1741
15044
9898
3757
15357
14158
5016
9909
14211
14157
4261
11714
1795
12053
15014
13590
9432
14842
925
12650
3618
660
8905
2041
3144
2140
14446
310
3908
5073
1685
16240
6791
8721
1891
10790
6556
1653
13619
5360
12394
14369
11699
5031
6752
2040
3108
11914
3568
7620
8820
11919
14092
15701
9273
2479
28
8658
6867
14950
5244
10822
1428
15390
16201
13496
3274
7717
2101
10071
13717
10680
7744
13180
5632
6395
12189
8804
2299
9933
12369
15662
14212
9366
7586
13574
8299
7926
3052
2830
3158
3019
5655
7398
8424
10021
14048
14362
1069
1585
16299
4718
14235
4409
9964
15779
12210
11353
10091
15245
3042
9223
12305
15539
787
7068
4045
10212
3782
7692
6003
4427
14851
11875
14819
3051
6737
2938
5771
3925
2008
13057
618
14517
5261
2464
1315
10085
3622
8107
12668
6538
6765
12695
7404
1186
5692
14326
13052
8744
10590
10180
1214
5216
10496
1405
4521
11011
3226
4850
3652
4586
4221
8016
7546
14886
5393
14879
6724
4933
12276
23
834
9463
7728
10230
15900
1227
1204
2024
1176
7841
12460
11001
1352
14358
4599
5140
15423
10526
10819
1020
3392
3341
12834
13768
707
4818
9080
2033
1583
10020
7685
13894
15760
8880
3770
10060
5307
3371
13627
14187
10576
13793
3601
913
11895
10925
6439
13618
13061
5554
14780
1667
9686
13909
10181
4156
14390
14150
5849
1965
9542
10614
10161
10407
14184
1023
5618
7153
73
12875
219
15858
2487
5391
2534
14085
2517
10183
11680
1590
3812
15909
3445
8759
12893
15483
13151
12346
5015
10875
13389
3155
10888
5767
15358
8855
5313
8558
311
13071
9543
13722
4030
8561
12537
13823
6456
3578
7483
13883
11920
7905
13072
12621
5229
1338
5544
109
6237
4364
1816
2662
11040
10922
6912
10899
16105
11560
1657
15360
16051
7518
10343
6062
15684
13417
15329
963
1210
12976
5125
13515
71
6649
10706
9171
1593
6500
14351
4666
355
619
438
11940
6608
9435
11088
13503
3830
7886
13461
7663
664
5432
12399
1366
7011
11608
3607
4704
3254
1910
7796
1483
1949
7018
11085
277
16039
15997
14550
981
9931
14840
12359
5769
4068
8722
10328
11811
13845
16102
8392
4542
6641
8227
5385
7328
5564
1085
3533
12333
15523
11870
7257
14793
2126
3699
880
151
9942
10104
14847
6794
8935
13573
11250
12434
7878
11802
10804
7539
5320
7982
6111
9166
6566
8611
15269
131
1149
15824
11764
4390
5008
2506
2842
13220
13654
1015
833
12564
14011
11096
2575
13985
15944
8410
10371
15350
2081
879
6572
4034
9103
4253
8230
6197
10334
8501
15384
14849
2896
10909
14155
2218
14919
6916
4091
7056
6964
2856
4153
1458
15702
11779
5111
5312
13412
13237
1919
14856
3833
6151
14846
14474
10231
8080
8322
5773
682
3691
14788
3239
795
8537
12286
5854
14515
15155
3319
11744
8376
6731
910
11344
7807
8575
330
12874
12067
2899
15872
5396
13075
5878
10803
214
14136
13380
5099
13147
10330
2595
2717
5270
7254
5130
2583
11951
7462
3318
3994
14189
12436
9105
14945
1247
11115
15888
3030
7278
14714
2217
620
7250
16258
1314
9168
9901
9102
7085
9588
15555
15713
83
15482
14795
4641
406
6355
10724
9
7031
1139
13784
5388
14617
3346
12014
5716
2723
10140
13479
6761
9874
8528
7776
5142
16036
12867
6091
15983
2069
7193
12791
7988
8788
10764
4362
8144
8866
2021
7950
11754
9868
6250
4211
5509
15059
16366
3004
12245
6859
8596
7225
251
15206
415
4411
6506
11721
14478
9744
1760
2875
6469
4819
16018
2615
15695
8030
2965
1406
10725
12514
4010
1079
3054
3120
10897
8354
14357
14643
78
6080
9849
2012
2560
6877
11264
10235
6213
388
12091
10025
16269
2665
9690
11217
3072
13248
4412
6207
12011
7305
15072
2202
785
16168
14427
5799
15601
1604
12352
1881
10007
6432
159
3232
276
3415
5984
13714
14995
9395
5923
8125
3648
6240
15240
5074
6846
7287
4403
10667
3868
2891
15091
1787
3932
4975
4066
5411
1596
11997
6307
7197
3036
15693
11748
13244
12443
8835
7947
14318
2379
5703
3575
8138
16197
11801
13342
4787
8805
4852
6369
2867
2742
14488
503
11910
862
6672
12550
10410
9210
6634
10242
3477
2678
11155
10418
1331
3636
337
6631
8381
12131
5566
7625
6306
9320
9307
3214
1275
4648
7894
15444
1898
4522
3163
12291
1161
14908
2688
14057
12970
10557
15183
6533
2746
6114
15131
7290
4386
16310
12127
7519
9153
7635
4371
13436
15953
9599
9721
3663
11636
6416
7626
150
10744
8366
9485
3235
5097
15417
5441
13045
9449
9369
15460
5875
1151
6570
12169
10439
8824
8765
8838
6205
3724
9390
12562
15619
152
2059
3035
380
15052
12687
11226
6352
11377
13379
3469
14071
6893
1436
5253
13934
9782
12663
4880
8369
4495
3428
7933
3743
13162
3297
555
3858
4657
3993
8276
16116
10035
16362
13555
9831
7227
7896
11060
15365
2172
1371
12907
5429
12591
9738
8341
11369
75
9854
15911
10112
1286
2319
10944
13956
11800
3296
11072
11374
3172
12960
148
14781
4730
10881
11975
5570
9409
1420
11204
14732
1921
8632
735
2483
14360
12725
12971
13443
3738
11894
14626
13361
9586
9321
10813
12241
16274
14508
7412
13370
15491
15716
13236
11017
6064
15311
6695
6734
14140
1867
7424
12736
14291
6898
7392
3594
4059
8122
2741
13235
1759
1086
5154
6775
15694
11221
9756
14347
14079
7879
3460
7275
6144
1480
6959
6113
12400
3832
5572
14385
2849
14037
15154
15898
14642
12417
3009
14096
12146
13477
9906
14429
12020
10916
13155
15503
1367
10600
7780
2380
9955
9229
4670
4452
8421
16276
521
6025
1194
1691
10791
430
2077
15827
16351
11135
4065
4466
5409
15395
4574
4801
13193
6252
5455
11872
16059
9019
12170
15613
12904
2751
14393
1758
5738
6928
13311
11400
10462
239
10123
10447
7636
1198
12358
11885
12178
11582
5837
11068
13055
7959
5265
11765
2061
16007
5646
423
10500
334
9434
7760
13093
15510
9192
4916
898
11903
9483
1060
364
12244
4430
8660
12728
422
6089
11926
7066
9550
2015
13267
16213
6537
10498
15774
1800
7505
5322
9768
11966
12030
5065
15586
9075
5950
3789
7538
4330
5969
6350
15616
8444
11639
198
9937
2709
6437
2147
2442
7993
14592
3327
14449
10598
351
15735
4785
15259
9654
1806
6738
3751
3933
4467
1412
14978
9729
15432
636
146
14731
1915
2992
11724
13538
230
2556
579
15810
5670
10454
4497
10455
6678
133
9966
6536
8500
16136
5710
8057
11358
2298
10656
14054
15602
14306
3233
12247
10919
10388
8554
11700
5181
10511
13509
11985
1003
8000
267
16001
11410
10359
2907
3586
29
11971
4760
12316
2263
11074
2067
7825
1918
3991
7467
12184
16190
1548
10253
2378
6800
6943
12887
327
1113
1131
16381
6630
4408
5695
11413
9282
16241
1396
11152
11861
5425
4598
7622
10673
8140
15988
2086
7141
2984
14269
3490
1643
306
11070
8250
6540
12048
16019
10529
7242
13670
12273
4745
9277
11130
14004
5531
5615
4836
8084
7391
716
6637
12242
13870
8106
16144
8170
12267
15299
11421
2911
13770
174
8071
13964
12538
1484
675
10432
11813
3043
14743
16224
12147
3032
5641
15235
3719
8918
10168
10404
8694
2535
15428
11886
11367
367
3508
16053
15354
3560
8408
5630
8275
1249
11982
8617
12409
9237
14934
1073
2613
4442
8304
12226
4995
8535
4464
258
9936
14481
5157
15654
13490
12548
16374
11524
10541
6629
5246
13105
15859
11051
786
11142
8192
8940
13794
12818
15126
11978
5343
4605
9017
12727
3515
14576
4252
6368
1264
10361
698
5739
8320
342
2309
9914
12545
7321
8142
9263
10727
14331
789
14672
4470
9847
8083
10495
13633
9333
11592
16015
6780
14230
9920
6388
15910
6610
7530
2112
2792
2661
6648
13962
8955
3788
6833
6715
4875
305
1812
5271
15326
5461
9783
7155
6471
5024
9348
10146
11359
1794
12162
9999
10116
9896
1201
1492
9233
8954
5905
2587
7447
9347
12774
9062
12884
8234
11770
3934
6404
8207
10090
4979
1175
7394
10672
3610
8104
8699
16013
11465
13545
16006
10484
15501
14435
2484
3574
11409
7427
12217
1233
9736
14597
10031
64
3554
1291
11283
6888
8638
3697
14275
1150
3333
15196
5170
1642
10013
132
13984
9256
1944
3080
12136
11434
8082
5050
11607
3559
11617
11342
8678
11281
10129
5642
16128
7840
1217
11295
4652
9124
15916
15333
15834
7529
965
9472
9633
4689
14616
16263
15996
14457
5497
15239
12922
1423
12179
14490
7778
14413
14868
2351
1677
8177
15542
8675
3342
749
11202
15449
16164
16189
13047
8984
5823
3381
5699
773
4915
3718
9491
7355
14894
5091
8124
15461
4070
5974
3944
6809
11222
754
3569
6703
5047
9329
16377
15924
12032
2524
10395
4935
8213
9014
4018
16336
613
4108
187
13043
3390
15589
13791
8488
7570
11238
7292
5965
4389
13584
2308
10923
14756
7093
7832
12237
8519
12666
3857
15763
3787
6281
11404
1631
7059
12580
8405
6343
5766
15161
2886
4095
4447
11516
3563
12785
12977
15348
13142
3321
11598
2759
6714
3909
3657
15077
16024
13918
5520
10918
8850
11906
13233
13594
14472
9438
4782
359
501
3735
2043
9242
729
1183
5567
4069
15293
4700
8577
6227
1114
12259
6848
5034
8284
1638
6175
1702
1538
10731
3114
15627
15062
13473
4953
9778
10003
10274
3752
3126
2427
10030
14869
1232
15502
15614
5928
11773
12229
15566
5585
4695
9681
3793
15913
2158
9813
2327
1246
12154
1485
13256
1292
9149
16329
16375
13681
2144
15743
348
14468
10339
1928
3624
3611
8901
5667
4920
11231
4249
13157
304
16250
16198
2601
4966
2165
13854
12989
11263
11645
11136
2997
16002
12425
7395
1941
4985
6334
4617
10236
14081
4740
14993
12938
11015
6214
805
11097
9985
1272
11931
12524
5959
2046
3252
5367
9367
8004
2220
2820
15933
13139
709
8370
10783
10307
3276
4170
540
2315
5687
8573
5043
13733
6966
9637
2092
11062
6534
2835
48
8863
10287
9442
5684
7303
14303
8399
14471
1154
10219
12389
11848
2133
1078
15906
2585
8746
6166
13959
14630
6057
14335
4685
15636
13246
10613
6944
16270
11042
15896
10517
8445
13399
10065
11028
3049
335
15645
4251
10056
3660
6970
8269
15325
14373
10768
3264
7924
4743
13449
11610
14288
5038
7918
12968
13271
12508
6282
13705
7983
8264
11881
5515
684
9534
8059
15381
626
1395
10873
12757
11109
14354
9486
1692
15404
95
2413
8116
401
7819
13703
3754
9021
12246
5936
453
5496
12898
9541
1619
4585
6349
15935
1481
4716
1398
6063
3363
11482
12058
6422
9447
8606
5480
1985
9696
1299
3910
15519
13348
8593
12897
8433
8648
12209
1885
242
5084
5357
8215
12182
737
15813
13937
9797
5145
2475
5966
2410
13469
3593
7510
2602
4539
2006
5431
7960
6972
6467
11075
14811
4110
2761
13869
10143
15140
1980
9248
2927
12942
13924
14300
4289
9008
644
8017
15151
217
2857
10580
9433
6986
15499
4472
11002
10390
9431
12916
16359
8021
3853
13438
12530
9816
12990
9881
3811
12116
15670
1343
9929
1535
6549
9361
12262
3224
10567
15186
3268
14087
2785
1065
6347
2770
12520
10911
9535
13650
8720
6167
4768
11858
5964
3658
9393
9423
10392
9804
11729
12787
15799
9530
7516
6316
4744
5169
572
1811
12844
4000
7028
2729
2062
10572
2314
7089
7310
15236
1796
3384
12858
5392
12933
3357
4908
13953
4305
5349
6304
8914
15658
14454
12373
5408
10463
4828
6071
11792
10833
6853
2961
5975
7039
6392
7627
14262
3451
13864
12073
11507
15436
3325
16177
1361
4572
1695
13828
7091
14618
1635
14113
368
5841
11089
2511
7109
12845
7142
1242
1236
828
15415
7721
13876
6825
7668
2574
2095
10979
10293
7897
5132
7273
2909
14658
933
10717
11844
1429
8965
16287
13458
346
7953
7194
2744
1743
8844
1148
1360
12207
11880
12617
3028
14893
1853
2473
12076
11758
9362
6901
3197
10403
1637
7079
288
10022
3924
16303
7304
3702
2624
2557
2529
8337
7191
16162
5419
5190
7769
8626
9894
6929
5240
2823
15937
4507
6969
8710
2348
12292
14364
9598
7008
11435
11386
1991
4004
8541
7936
16324
15097
2264
9880
9202
2588
13988
5430
8290
10299
14132
14579
12856
1896
13195
3355
7050
6823
7561
10584
341
7532
12227
5872
16252
6721
10964
3891
2531
11676
8173
7528
14375
9625
15594
4085
120
199
15199
6723
16120
7848
8211
5888
10685
16234
12996
14967
11589
5895
11756
13462
13112
14854
14674
13749
15877
11108
5659
13787
9205
1273
7492
15958
14708
3621
3632
6837
12740
12167
6743
11030
9136
6061
3249
16167
10939
2375
4154
5424
11013
13218
4981
13297
13742
11761
11818
11625
9272
15597
14532
15162
9837
7888
15317
6055
1673
15032
14240
8309
12134
2026
13504
1625
8981
6617
5989
15276
2609
712
15773
3731
6216
2399
8683
10493
13900
7802
1058
14245
3625
1072
15925
12516
10536
11883
3747
8425
11424
15612
6255
15707
9513
15965
1875
4162
10128
2317
11395
534
2238
12712
9186
9303
1172
1134
7064
375
4014
6036
10989
12746
921
3837
8253
11709
13931
9632
14009
8928
9563
4479
14043
5648
3170
12270
4021
12991
2255
8631
7732
15004
9828
3076
3165
9723
2194
12822
5672
8400
9503
13226
6147
1721
553
9179
8536
15755
12799
12384
5305
12920
13493
2225
10950
16354
10772
15676
14870
10573
9613
1543
9480
13889
16355
13753
11576
6983
10266
1531
8397
939
2434
11014
4946
2521
12741
11681
4629
14684
12224
309
886
7124
12420
577
6229
1326
3253
14353
13204
14725
15414
14523
13106
12957
8428
730
10655
15347
7221
3742
10955
2152
14443
2571
9814
5958
12536
4980
9976
4639
6623
15447
14257
5056
11270
574
12634
10858
2800
1706
14316
6458
14266
13368
15456
1350
6058
216
8726
1122
13366
11888
750
5689
6226
5869
13016
959
10599
5640
5832
3687
16067
3517
11462
2076
12287
14596
9493
1327
9138
6479
3161
554
1636
901
3784
3396
8672
7203
9356
12060
13452
4488
2162
856
8329
15047
10223
15808
11784
11633
3734
8420
10200
14815
14835
2803
1839
740
13608
10901
8689
11650
2090
2980
9857
13078
2209
3467
12878
7272
7755
7206
11706
12431
14040
15413
5775
1129
14142
4702
15574
14858
2906
1135
5072
4540
714
9355
8
12677
4904
9073
1400
16318
9855
2985
9379
8969
533
15309
547
5688
8836
14698
6716
12499
12057
5839
2716
12035
1517
8300
9123
6733
10406
6882
7726
9801
3681
4516
7880
4420
3946
14302
249
7371
15605
13950
15166
13836
7533
4038
6578
2986
5128
7299
15847
5014
3838
14677
3138
14399
11660
15766
13507
3027
2778
7889
11335
10350
15884
2959
13118
4707
13929
5778
1354
13455
11464
12597
15731
14144
4739
4693
15396
8864
9979
928
14755
7522
9918
12615
13782
8842
14000
5299
6094
7060
2551
881
1603
11551
4679
4242
475
5077
13319
14875
6
4582
14935
8867
10281
678
13475
4238
2852
303
4463
10449
14272
5774
1626
12644
3014
1979
1512
8773
9018
10197
7013
4393
11735
5751
5825
3039
8646
1101
5103
7724
8941
14511
13631
10191
7507
1317
12715
10315
10249
14969
189
10055
5282
14769
3310
11022
5521
2428
5266
12839
3558
7277
10583
4260
2670
4712
13332
11454
5674
6954
10467
3263
12640
6711
3081
12071
6488
3511
5337
15936
1505
10559
9482
15332
9061
5462
13676
7512
8270
4773
12228
8181
5022
2655
8051
14694
7470
5328
1731
1153
2569
3961
8077
1302
10216
2253
16131
3619
14510
15905
792
16143
14802
9457
6701
13115
2163
8150
13675
3666
5628
13646
13402
6436
14931
10981
4355
16058
13566
15198
8927
11132
5805
1063
8523
1793
247
10776
3034
2311
5390
4869
13165
4710
7363
12256
8779
3401
1822
7585
7413
7374
9875
6187
2053
980
3479
2142
12066
5719
16238
7989
6850
8592
3778
15250
4135
8302
8630
8044
703
10748
12313
1059
9579
9264
11209
11196
7660
11816
5717
3434
13551
4399
6803
12847
9067
4044
9732
16335
7100
7443
13066
11279
15912
14954
13558
6271
7781
10080
6750
331
3468
876
10118
1644
7773
13212
10306
12135
546
7772
443
6108
8673
4528
10264
8212
16027
13483
9207
10780
5643
10097
9707
9127
1905
1684
11662
581
3303
13281
2548
7860
5603
13205
3430
14070
758
7108
15092
4705
5734
11156
14045
13069
3228
3134
16055
12152
15403
10528
13167
10479
10063
13345
7472
14460
8896
9605
9977
12371
9519
5955
11256
9624
10218
9528
8222
3969
13709
14904
973
7217
12042
13383
15617
11157
7442
3456
12215
3703
12919
13559
6493
7537
10660
15388
8164
3084
3522
4228
7216
4121
10206
15686
8943
5550
16139
16257
3839
4281
2663
6280
1294
14604
8680
6028
6393
12782
13797
15551
12708
345
11774
15127
10205
5822
11128
9862
55
16237
16283
15228
16314
14527
3244
8261
12739
15136
9077
3222
9096
15745
7883
2627
5413
13674
6784
16035
9676
235
11710
5467
8451
8463
6933
11974
353
10408
6789
8091
2682
9230
2493
5560
12137
8068
3638
7949
5257
15267
15901
2476
14476
4597
474
2957
5068
2750
2512
5636
9425
6976
8319
1095
5782
2294
6193
6632
2679
8758
6287
16214
9232
322
3684
5372
3931
6204
11192
10105
5519
13094
10109
12000
5671
8115
5937
5522
1818
14927
10523
9204
14876
2824
4285
1785
4351
14336
732
2357
15108
10234
614
11449
13642
8873
15820
2406
13542
1028
12487
15772
8205
10868
14239
13060
9360
13543
15562
2936
15024
11817
11653
13640
7581
11299
7308
22
3255
2206
6922
2265
15529
711
10262
13789
100
192
9554
7805
1704
14003
10311
4356
15113
7139
12218
3344
14949
4974
8225
13153
11008
4063
1632
2266
9620
3487
16262
3690
12398
2459
15914
12089
350
13308
20
4566
1105
2861
2304
10736
8183
8301
4553
165
8877
7274
6382
2848
2307
11839
8188
8888
12814
5334
632
8545
7985
15356
4841
2976
10651
7925
15211
6220
7812
541
1983
16025
6332
2559
12620
13274
2363
8064
11181
15844
9759
11718
3277
16134
15995
9522
4345
12213
5940
13704
11084
11484
13309
4964
4727
10360
766
5433
6318
4794
12176
254
15144
11708
8471
13505
6974
5161
6909
2184
3713
6413
1445
2241
6808
7375
6038
9308
9510
3398
3842
5578
10088
10874
15176
8910
7573
3369
15957
2468
6411
11569
1244
8761
6236
7513
2954
2648
11863
8542
6653
14736
4827
11604
5781
2445
8921
4541
13805
10522
12177
15811
5104
13941
5789
15287
4284
13780
12542
12863
14498
13330
465
6419
9458
5450
14332
362
5136
8543
3164
8882
15290
3291
2808
1324
12323
3616
15989
697
14569
12268
14959
4164
5727
15607
16337
1549
15251
13707
13145
13649
2105
7067
8368
8005
7341
16070
911
4777
14746
8158
8881
11267
3722
13124
7081
473
11893
994
12790
14389
10374
1748
5592
426
11293
3790
8159
10402
2176
12969
13427
5146
6998
15129
5598
7480
12584
1886
6884
12437
11066
39
12018
16123
10033
11575
14553
10807
3587
13176
7473
12153
10968
14229
5681
9128
13904
7024
826
13292
3186
3403
11747
13178
6952
15572
7747
7524
6035
9533
11979
14126
14479
1959
5796
2822
16150
369
10337
9495
15314
339
14960
12605
628
11924
8218
15848
4894
16297
11248
14066
9025
1943
2060
10490
13500
14799
2888
6910
10702
3753
9441
13100
14632
6887
14356
14494
8595
11025
4991
12797
8178
13698
99
1773
7352
10878
5720
10448
8633
4858
1052
5347
13811
11309
5075
7054
14887
11704
3939
2329
6655
11626
6856
13107
16312
4583
12962
6092
5180
15457
15464
9241
14512
15049
10345
14219
15421
15722
11798
10703
1037
7045
11154
7430
13526
2815
12532
10866
14704
12505
15832
3685
7705
5465
1043
9766
14979
7515
8099
2303
8466
4431
12450
12630
1640
16118
6895
6142
10267
7866
6828
7702
8053
1701
5427
7709
5054
2350
8612
13083
5934
13224
409
8251
15009
4815
2374
3612
7428
16008
8727
5235
7410
11169
16129
9789
9860
9684
1952
7162
11185
1378
6899
16010
4547
2093
1735
9227
9706
11632
7112
10914
3942
5493
3550
8733
2421
1499
12529
15581
14590
13459
14456
12261
12826
900
13647
13497
5112
11049
6747
1126
5041
7346
14075
4001
6528
14339
4816
6874
5346
8950
9122
12633
13203
11333
8499
8642
8165
4231
12869
8917
9358
14925
13512
11351
2635
9622
11534
421
232
11828
12467
299
2215
6675
9926
12751
14175
1245
2106
1070
14433
8472
2724
6643
6937
4050
2558
14607
11045
12664
7211
7609
4567
8473
3417
5006
9424
4256
7689
14555
5824
1515
4977
5658
2025
3200
14284
3962
402
10652
8857
9678
9511
16060
7798
8507
13290
6619
14937
14727
9315
1628
5861
11743
3441
8046
14721
8268
6702
4890
6596
7435
12713
4696
9426
11027
8195
3323
2104
14116
9509
3674
912
3199
14822
12759
4237
15816
14213
765
15873
6408
5206
3896
2646
12525
1606
6384
12807
9733
11034
2367
16188
7589
7610
5696
9627
1293
13595
12341
14225
11168
8586
9948
381
8498
10762
5917
11949
14669
759
9180
2652
1672
3495
12486
15704
190
10733
11437
9876
11329
4277
15247
1188
5466
3140
8875
14548
5356
7948
2404
1826
3402
2182
4867
2463
9671
7619
4913
5401
14697
11005
9992
15375
5762
7785
3270
12300
2450
1864
4193
15666
539
8175
14644
8909
905
8657
13945
7419
8114
5120
1026
5102
667
16180
427
15385
13141
3337
12475
191
12043
8364
1656
16382
15231
5124
922
499
15633
11846
9185
5482
11184
382
13771
4608
15148
6931
6507
3928
15964
8239
8328
14090
13039
243
13453
5981
9695
5052
14513
5156
3447
10154
314
13110
4306
10524
13275
10942
5273
12672
14519
4485
5243
14419
9755
5728
16288
13813
10646
1359
16114
6363
11179
119
13808
5369
12372
10157
15255
8511
15628
16170
5784
16294
8605
3828
1649
2429
5443
7693
11611
12114
10662
1783
3053
14376
442
14202
14640
436
4395
9108
3886
13954
2196
11952
14249
8297
15747
7560
16056
6522
10122
7736
7859
8582
16219
124
2146
5856
12808
68
6198
8103
3171
10741
15363
11559
12975
4103
7604
5649
451
12981
8412
13031
1618
14282
5650
2157
6997
7495
3189
11147
4627
2151
14255
5971
15013
3831
1799
3067
1119
8172
3501
1250
12889
13081
3426
6615
15288
11260
13882
5561
4191
11105
9220
11471
8015
13350
11050
14381
5473
8443
14571
7012
12113
3136
3000
10684
7978
1284
7021
1454
2833
8848
12330
3947
829
7466
6694
6110
15441
14108
7458
8587
11646
2697
842
1894
10101
850
8911
11337
10695
4419
778
16196
13440
9949
8293
3315
7003
3938
9349
16034
15121
12724
11928
11948
13999
7269
2236
10666
15797
10698
5846
8547
10742
14055
16023
11402
3823
12495
15249
2127
10802
10610
10958
14536
594
4206
7150
11111
12817
4678
12150
13425
7919
6351
6924
10106
13326
52
5993
14237
2027
3452
12396
6129
7853
10446
10224
493
6045
6246
9745
2193
4138
13405
14345
14848
201
6401
6053
9582
3091
5723
11150
4855
8635
12354
12104
12784
6052
8482
8398
3301
9228
14180
12299
8484
12943
5226
5581
3475
1841
11104
13850
962
3192
14270
13686
515
14866
13092
13445
799
13970
11057
2125
7350
9257
15439
14926
14983
6592
10954
12923
1736
974
16085
9585
15281
5749
10581
12391
2675
13930
9772
11655
10194
841
10982
1544
10064
8907
12531
4697
4062
11543
2080
14231
281
16378
6013
14653
11915
15606
14049
961
12452
9335
756
8992
3700
10796
2386
15185
6104
3580
5081
6081
13981
13221
16076
13191
5787
13317
11229
9591
16260
8853
16110
11684
6203
9524
10668
16157
4609
3716
1474
4322
3591
9861
4042
7718
15071
8311
9187
6298
14061
13738
10437
24
13058
6518
6283
14250
3661
15025
10211
623
4312
8869
1083
5410
15833
13313
4653
10789
5622
13034
8197
15282
9235
4271
5395
1782
16372
8098
10433
7111
3111
12334
16245
15509
16066
8305
16326
5690
7240
11935
15549
13928
11787
9453
11348
7824
4171
7907
44
15882
14595
2412
11579
3247
4140
7185
10596
8171
3549
902
12240
6235
13972
5545
4225
7479
4150
7895
13973
15920
762
8668
371
1924
4615
11175
14505
687
8384
12143
1575
4380
3457
520
9590
5286
11836
12611
2836
12949
3740
12544
6709
9295
752
13258
680
11642
7407
10166
2784
12026
1163
12008
11412
8900
7600
14737
11938
909
4204
6576
12660
7678
14439
1504
4682
9489
13032
2544
1669
7314
12892
12809
6423
6386
12488
15100
15783
14062
8608
12603
6688
171
2094
10960
10494
7835
4027
15578
9381
11178
15579
2504
6459
5222
14535
15005
10533
708
4622
390
2711
12092
603
1801
6921
1342
2614
10951
5221
7005
14064
8775
704
7749
1276
1066
9412
15160
15756
556
2260
11078
15443
12987
12466
563
15987
2397
9318
14131
6650
336
763
2252
15560
14388
3365
2893
1251
3246
6293
5791
14689
5899
7901
113
12481
12811
11620
2312
12675
8562
14178
11874
14650
11638
8753
1005
15074
14134
1092
12574
4492
5326
46
2811
12821
8929
800
8833
11659
2904
8670
11651
15170
10751
4304
568
10195
2234
5635
11687
14972
1605
18
13745
13539
8564
4759
14578
15688
13385
1296
9403
10074
2981
638
12657
9306
11318
486
864
659
90
14784
206
12625
4032
14304
1836
13423
2122
15709
13824
245
13960
6186
3157
2495
4323
10134
9705
10661
11809
998
9719
8871
10482
36
16316
4723
14796
3755
5840
11964
5250
5858
12766
3552
12438
8485
3732
818
7902
13217
2568
14164
4807
11258
8893
7284
10070
4845
8509
14923
6963
7123
1804
5700
1683
11566
3980
3957
3176
8146
4037
16069
13416
5238
13871
3885
14466
5237
3520
6409
2377
9597
5280
3798
1825
4554
11165
13585
10016
15337
14885
6739
2713
6337
12762
9011
15721
4079
10675
12418
3545
8629
12857
16361
8982
13719
11004
3068
11298
463
6669
12577
164
481
5579
13750
2528
6735
4939
11912
7549
7143
11934
3647
12482
11415
6269
9965
4832
12383
12296
631
5836
15465
6947
7041
333
7629
11322
7844
1389
8724
2480
3821
956
7699
4873
7378
9129
2596
7208
8578
3551
567
15557
5614
8883
10910
12823
6266
1108
8601
5168
15515
5032
3380
6277
4987
1489
1530
15531
14220
1123
13211
8277
7704
9420
12231
2821
11059
14776
385
1147
10904
12953
15201
7584
1633
5444
12459
612
3497
26
6988
4074
8360
7542
424
5552
1441
530
16265
3285
4011
1964
12465
2620
1277
11158
5316
10934
13209
983
11171
725
1694
654
7134
11668
2804
417
7992
15450
10331
11118
4142
8272
16235
89
8449
8334
2843
2198
2164
1097
2902
14491
4057
2701
2323
6873
12626
5143
11627
11107
13516
11939
2632
1062
10985
7261
8204
2998
1528
356
8034
3257
3744
6598
15253
12932
6640
10738
2625
14156
3644
8963
10012
3958
1109
9234
10617
14696
4243
580
10436
5258
9191
9656
4896
7440
15908
11423
3905
8961
15714
7966
14906
16193
80
5435
11103
9973
2167
1817
10431
12769
5881
30
6679
1100
2154
2491
15075
9289
16259
3921
15083
10859
10879
11580
9117
545
15252
2121
16145
12511
3391
9012
9032
2474
6263
10268
11020
10461
10188
6218
9728
297
6077
12978
13430
6330
11531
13645
15854
16122
13491
15788
5785
13135
8686
4927
7523
9501
6039
13457
70
1529
872
11475
11210
12528
7324
7887
13667
9580
7121
4498
92
17
8806
12006
13397
13051
3448
13815
14171
5651
6221
15842
10713
11968
11965
1211
4022
10566
13158
1004
11023
9266
1594
2159
8584
7583
9376
13160
13163
15945
3442
11814
16247
3112
1819
13533
14805
1093
1747
10970
9254
10386
10373
13996
13113
543
2156
5374
3486
10110
13938
5914
6212
5708
6463
2626
5272
1807
6487
8325
11237
5584
12381
13927
13325
4812
3444
5069
11225
15508
12723
15527
6902
14416
12103
8750
1621
6470
2150
384
9005
9726
2326
11781
2435
6751
5680
11640
11219
8708
7484
7485
12258
12222
9640
15929
4830
9792
6776
15019
16345
4523
3692
8298
7057
7971
10676
12931
9552
3912
302
12729
15595
4422
10966
462
13181
9568
2203
13035
12031
