13902
10299
5202
5350
4891
3829
9887
9268
4623
12163
6918
4767
15828
14630
15941
15384
8089
2889
9036
5231
9142
16010
3993
316
8137
14225
880
9535
7106
4312
3000
16054
13941
6424
7994
6512
9878
5961
2242
12584
2987
14527
13323
1529
3222
14035
3041
5304
7632
15446
320
12918
7658
10112
8028
13326
8520
14113
6822
2313
12673
11317
229
13757
4601
4874
12374
3063
11237
15411
12808
3210
9294
10681
9413
3199
7823
2854
2138
6581
8434
15356
2508
6129
7594
10155
2813
15467
3161
7412
9250
8512
11501
13847
1720
9880
4008
11462
1399
14762
1814
9361
4130
14371
13756
4958
3608
9565
6664
5629
7431
9255
1602
15947
10070
6414
2838
1246
15081
3535
15889
1854
2043
15112
11443
6167
8920
3214
10896
10337
808
7134
2027
1104
4928
3159
4671
14239
15882
14530
6870
14109
1708
14184
11838
15320
14828
11819
2117
3871
1342
3811
9470
11469
286
5327
13151
13922
989
11284
4191
13198
14976
13959
978
5335
11970
7933
10008
13044
7347
9821
13440
11328
4513
2062
3295
13903
6773
14748
2604
13845
6648
1700
12624
6601
11240
11391
11084
11591
3932
15187
12235
735
9788
80
12691
15063
962
3328
4207
14730
15539
8837
9541
12920
1555
2528
5878
9398
9981
3704
1243
14994
13419
7025
12860
16140
2446
8981
1359
14149
4761
583
5666
7191
4887
11045
10304
8759
1762
12418
11040
10893
4004
13101
2130
6901
14099
9436
10667
2368
3896
3951
15864
14022
9529
1582
12561
12945
4467
5374
12535
4529
3914
3612
10516
12117
965
15420
9039
15670
13846
7722
12805
9719
13346
7402
13178
4652
14705
10746
14560
6165
14880
6764
6923
11477
2675
4895
4964
15817
5097
8699
5980
6519
3554
12246
7491
2791
2973
1754
9405
2192
11261
15873
15330
10223
23
14205
13535
10788
7142
2150
6382
11698
13604
7840
1095
11994
3903
2808
12098
9566
8712
5975
12700
14093
12174
7726
3106
1658
7409
7627
7481
12102
4719
3340
9488
6128
396
9748
4040
1330
11400
9555
13474
3776
1255
11595
2640
12806
11735
8447
13123
7568
11734
8035
15192
15101
12111
3934
11644
6953
856
13718
6261
12425
14599
4125
14731
3238
9630
15174
12001
14098
5332
1462
4884
6109
11488
12149
14031
6001
7130
7301
3035
5996
4788
14799
5910
2136
9845
9678
5036
15807
16051
2676
13462
699
5043
1300
7460
2693
4573
822
1605
2718
6203
2712
11676
2256
5021
7074
11704
15326
8667
6526
460
10073
14421
12260
15016
15541
11238
1370
14741
13473
673
12540
11731
3713
7531
5572
3365
2336
12843
11063
7462
6742
1107
7905
12892
15563
4275
10875
280
3173
6213
6843
4023
12495
15929
2851
10379
2992
4016
2762
3505
6776
4209
5901
15744
6546
8423
15470
5279
11982
10092
10178
14145
2305
6268
5262
11372
5782
4865
6693
7001
11150
6307
12803
4009
16240
10652
4906
8586
807
7610
6856
9504
10789
6549
2414
6939
11497
5372
4534
16155
13418
8986
11
11655
6674
10678
5589
8958
12693
9205
13350
212
7971
7076
9623
3784
12987
1721
8185
9760
14817
7999
16310
1777
15916
15460
13820
12814
4490
13265
15403
15627
11739
9836
14683
4254
12780
11909
9499
2268
2257
6474
8988
16383
13659
4612
7271
9957
1500
4314
7067
14689
14047
2915
7919
15500
9071
287
7466
1782
2681
8620
10815
2302
1358
8355
2474
7965
10196
2920
11748
8280
9621
11590
1206
13575
16074
7779
7153
5019
1497
5549
12543
16315
175
7672
14182
6246
6701
14120
14213
35
9869
14312
2423
15259
14360
11157
5974
13480
43
11005
16377
6437
2832
5104
14452
11683
835
8903
6770
15853
11164
10076
3420
11419
11424
658
1410
12395
466
4346
11700
14930
8496
9495
15352
1230
6045
5799
6966
10891
9953
3606
13836
7276
686
11247
15804
15681
6838
4481
681
14313
8380
3263
2626
100
14627
15761
10523
12212
8000
11468
16269
14511
1685
9524
14288
10068
12711
11448
14932
10310
8940
15089
5958
1753
6220
3587
12636
14845
8909
11533
9286
2911
3128
10017
7323
5907
2455
2399
974
11097
10498
6359
7444
11527
13679
3709
3058
850
13823
13212
10403
14443
4461
9167
717
13957
236
7763
13763
5530
8128
5870
11541
181
15375
4271
15901
3997
14942
4692
12029
14446
14275
14891
9048
8458
4808
9442
5764
12426
15495
9801
7358
15288
1746
11785
7332
1821
13551
13028
1849
6743
12329
13322
11701
15040
11253
3568
926
10983
3884
621
7767
14578
12639
3881
1516
12491
6352
12391
2962
3193
11813
8683
6446
15927
2442
5035
4375
1828
8987
14655
8796
1558
7292
7
13976
1800
2689
5430
10552
5276
694
7880
13032
15757
12990
12094
8888
16210
13546
13993
11292
10599
11837
8536
15965
2654
6064
10696
5340
13674
7057
8404
12308
776
1146
10374
7220
5311
14919
3478
5638
11076
15912
1953
6725
11290
14376
12397
2295
4726
14357
3079
15544
4083
9464
7527
11953
12702
9634
14856
3597
11459
8134
11002
10695
14790
14388
15289
12197
13171
6593
7479
10535
16056
10340
3380
6982
16378
967
11657
14096
12244
2288
6899
11409
12478
8321
15838
15880
13708
8432
6692
12695
9725
14043
10170
2104
11026
12465
5249
2928
12669
12699
4780
15629
4078
14553
15132
4510
15529
14134
14733
15098
3689
13352
14674
4997
4857
10345
5447
15318
5248
14108
15877
7608
11318
5271
10825
1731
2573
2239
14302
8613
14941
10606
13460
3230
15186
3028
9022
356
3317
3265
5031
6504
2685
15058
3773
4579
12354
12555
6235
16156
2119
721
9214
14483
1081
10970
9695
12930
4856
7428
5275
5228
12985
5157
4325
90
8732
780
7749
5953
497
2759
8444
11485
1365
5478
5224
6329
15158
3404
2370
10181
14290
10767
1320
11282
9243
7976
12380
15450
12719
3355
16343
4904
1897
3878
10483
5443
7504
6739
2645
6635
11950
6439
6098
12893
5918
16196
12306
13880
7602
15508
12910
11991
10689
9224
8852
4661
7541
9720
6394
6171
691
14350
1701
10998
11393
1304
15623
6328
6844
2979
12712
7022
8704
8155
10421
12175
5814
16008
435
5044
360
2873
8522
12151
6076
9227
14904
5716
5632
627
9637
14778
15767
8783
10146
6679
8930
5011
7802
766
8066
11744
7844
10435
7227
4796
559
8572
15718
11823
14542
13445
1408
5496
13439
9130
9874
8290
15655
14567
1150
14384
13359
11717
8911
15542
1310
11275
348
16314
1722
8548
1464
6219
9045
9297
5158
16307
3064
12773
9006
12153
10389
13223
13233
16036
15445
14794
811
13258
9302
2663
16116
2707
15562
6846
5494
13294
12424
12867
14259
8099
79
6874
3461
14061
12431
4267
3701
9218
1578
16242
4316
13488
1484
1651
3083
1498
10981
6930
4654
16022
12877
1907
13035
4
7870
3793
4352
8182
178
7065
2951
14952
814
4695
11718
15287
3347
8403
2490
9903
3162
1297
11997
10409
5604
5353
757
14751
10978
2233
5155
5464
12980
883
1337
3600
1400
6347
13386
14971
6016
14183
5348
3984
11152
7822
1385
13950
7364
12084
2779
8393
9135
9053
2496
7306
8666
2572
9776
10615
9872
5042
10518
3413
6390
11056
1883
11778
6067
6207
10811
10790
3949
15448
12838
15672
8165
12746
7820
4669
2890
3628
8167
6590
1411
3298
12314
3010
3003
16101
10842
10718
14359
9944
5655
749
4723
5237
2684
14825
11573
10227
5361
13796
14673
1620
9750
8524
13084
2096
5998
14062
4295
5072
14123
4307
11397
7530
409
6847
9357
6053
6772
6557
3427
13930
14940
9646
1168
13907
13309
8694
3553
12991
3718
2596
9379
6297
85
10736
12454
1668
10105
15589
14701
2418
10361
15310
1482
6097
14645
13643
1698
13388
8147
57
9166
7750
10595
6401
12074
7725
4072
8812
1278
15920
11524
10541
4385
616
3130
10526
294
6020
13382
2037
209
8675
4496
4176
14854
12169
3038
8907
15229
11873
5383
8141
10913
7449
14222
11761
7388
10646
4413
5331
8096
14262
3745
10714
14981
12092
6209
11283
4864
10892
5295
12984
13074
7816
9461
2329
10839
5675
9314
2680
6755
5213
8003
7000
4395
12297
5459
6218
12498
13202
510
13889
8158
9770
1889
3816
692
15055
7457
10106
16234
4923
10643
12476
11458
10000
9943
6986
11145
12141
15441
484
3115
14131
9996
9919
15463
8731
2803
7391
11199
9557
11715
1292
8976
2800
2199
5316
10866
1773
16151
12882
11768
8914
3390
15473
15281
11478
4549
4185
2960
2309
7477
8686
2175
11907
77
45
7047
5406
6290
711
2820
14927
6216
8771
5282
15624
11359
9171
15592
2396
15872
12729
12818
10408
14409
860
870
9862
14631
13724
12822
4343
10648
7349
16169
2511
11687
899
4863
1921
1655
11302
16277
9988
12474
8525
771
14867
13965
13021
2886
9336
4992
13909
1491
2971
8928
13608
13635
9339
15558
13982
778
3842
1787
5026
2947
10450
8775
4959
15237
12914
1459
1345
2208
7452
8645
11773
11059
3417
8145
4670
14514
15295
4319
13953
3769
3078
203
10576
4265
7764
3385
6349
4714
12376
10427
15532
10553
13372
9247
14115
10465
7066
10591
4460
14162
12911
12082
12588
10251
3089
12116
3730
4196
3751
12191
14044
13168
786
7781
2806
4469
9835
8874
1125
8894
3837
5979
15830
15487
2017
6021
16099
2945
4430
6362
13116
3545
10738
13623
2849
1596
5752
15419
3500
15564
8564
8152
2753
720
11891
4268
8488
6524
12250
2484
7517
5407
2143
14060
15791
3799
1449
15362
6683
8510
16308
8542
5595
753
5634
13989
15478
6113
9737
13499
3577
14874
3209
1039
2132
14073
16299
8773
7367
9104
16185
13963
7631
1263
4213
5246
15939
4126
7458
3817
1842
15321
7156
10425
1045
4429
12118
8629
14958
7759
8678
11296
16058
16181
14601
10423
15284
12798
7643
5136
12605
15870
11338
675
9156
15477
3672
13934
7209
4049
9546
1830
7848
609
10996
1947
12181
11509
13994
2882
4635
98
2780
12778
13658
6075
12820
4542
8851
397
7043
14924
5892
3201
8171
2609
7125
13895
11853
13317
5815
14757
8630
5025
7018
874
14862
13750
1121
5922
9362
12223
10194
4881
3434
12904
3798
4717
3266
9585
7700
15531
1174
9324
300
11377
13905
37
16170
5515
2963
4768
3806
12740
5380
1575
11265
13713
12390
14151
2847
12219
15734
602
6489
14505
13355
16136
7204
4940
7613
15522
11839
9341
390
2121
13744
6188
14641
6548
2936
14582
14916
10712
14612
3703
9415
11884
1649
3748
15232
15097
7136
11139
10647
6955
13706
13249
4327
5471
1532
3308
3889
3358
3620
5150
12251
10989
9553
5872
7811
9435
659
392
12581
7780
7740
14911
62
3260
3920
3254
14901
3391
12204
9549
12585
503
13478
119
12609
11470
8265
596
4106
1876
10474
12917
10583
7926
5384
7277
8760
12366
5107
10995
10022
9161
2692
13812
9123
7187
7621
13490
10244
1766
7329
13912
16191
2705
11869
11177
10856
14798
238
16309
992
7739
4039
10804
1100
4354
11502
13471
1675
9659
4781
1202
13403
15606
14559
2154
4538
2524
14203
8792
1543
13557
8843
635
7500
1305
9768
5846
9812
15294
10533
6417
6253
12263
13908
11135
476
9492
14943
6137
15626
10273
6819
5750
9002
11070
15480
4318
16085
3680
3699
15534
6339
14206
1201
1637
11864
2618
15123
10747
4828
3104
8164
11429
13921
539
7921
16065
4348
2497
199
12905
701
4962
6829
11792
14963
15057
11902
6540
11412
8413
13857
8644
12960
11487
16077
9132
4052
10419
9049
11369
9582
9134
2868
13550
9295
5808
12421
8776
8057
16067
1236
11612
4149
11353
16175
13913
14777
9615
1563
10663
3604
12686
2532
14140
12435
1767
13344
11492
9118
3763
5917
9576
11111
13500
4418
12770
5040
15415
10812
12823
784
9792
3840
15750
570
3691
2284
16046
11811
8126
4582
4861
14672
2420
14356
15921
7026
597
4462
14379
2021
4571
13837
9238
15924
11630
7599
151
8805
13627
12756
398
4235
1755
2214
1719
4465
3312
452
11405
13997
14529
8122
9152
15279
6281
5517
16031
3414
179
2582
11421
3621
4358
4378
656
12668
9383
13203
2745
15572
15148
9055
5920
2307
15898
8535
13629
9122
746
10783
1867
15771
9076
5977
1983
3780
430
12113
6456
1375
13946
2055
7222
13104
3684
3617
8104
11337
5180
2276
5012
947
2914
7793
6845
16328
14476
3208
8840
2697
7497
272
9971
5564
11890
9558
6766
10289
13594
1562
2193
15070
10616
6148
7644
15596
8684
5329
3802
13830
794
15440
7588
6936
11818
1260
16114
12562
5599
13154
6501
8723
11229
343
6402
11195
917
7593
12345
11291
14600
9165
12125
9307
13712
11360
12556
14352
6971
3325
6922
6999
8302
15367
9061
3331
11663
13157
51
5618
13314
4595
9052
5951
8107
8219
3143
2444
14448
13183
1118
11750
214
10797
12310
9898
1986
9847
6895
2157
350
10829
2159
580
5756
6396
10570
4188
13727
7652
10768
3068
819
9024
6215
2026
13253
6464
5855
12683
2982
15268
14240
11007
12865
5286
5424
6970
1180
4181
12899
15183
2287
7796
1329
15720
16356
3293
4565
6614
4700
11366
10122
3616
7648
3603
4197
5455
9360
15491
8289
10848
6463
11544
15037
8638
7762
2045
8803
14111
6450
6853
1196
14212
10167
8261
14805
2539
10818
1169
2671
3635
4944
401
10702
630
3850
7946
12359
482
10046
12470
16042
1966
832
7564
13395
4738
13960
6751
632
5290
9767
4724
11721
9706
10175
8237
970
15260
2139
7305
12057
7647
10857
7990
11080
5726
10525
8821
3952
2205
8494
9177
5806
5685
11375
6138
8485
5461
15459
13158
16276
7135
12049
4622
9330
13772
10950
8925
8743
7794
505
36
10871
12489
8209
6350
13251
11431
3262
3864
118
11219
2092
10719
1273
5192
14328
3351
2860
3939
8549
6559
6379
11604
7605
6642
6891
6131
14826
14574
3740
13985
796
13389
9013
11691
3950
13257
9778
1915
6757
3090
3609
4419
8341
2739
14814
9515
12040
11949
2030
5936
205
5607
268
10066
16107
9382
509
12638
15650
15528
13964
4186
14233
2623
1470
548
6682
5537
8064
15424
7375
11682
4015
9766
13262
10938
1437
9522
6240
13066
4256
7986
14908
3710
1648
15128
10366
13227
6989
8460
8941
16288
8189
11747
5411
15309
7981
12786
3076
7775
8381
14057
8855
7335
9370
5008
9345
7612
15613
10597
7934
8060
14411
10343
14596
13192
10603
14732
2112
4351
11099
5467
6136
3762
5381
60
6535
3539
4116
7178
11800
6833
10793
8336
11344
10898
3102
4641
15917
1228
10231
14614
7040
1926
2819
5611
10123
14336
7857
8870
13790
15299
1344
11039
2667
13377
2797
2400
11711
1672
2986
14875
8081
15846
2314
1791
3563
12921
696
7427
4230
4394
9747
10744
8610
8546
10221
6644
14754
13211
7244
4251
11534
7660
7701
876
15764
1856
7637
685
3158
10729
4973
1434
10665
14439
15417
10743
1210
4544
12646
7887
446
16367
8079
2948
11722
2754
5143
11583
13844
6479
7522
5567
4065
16150
7171
710
591
9808
12292
1640
2101
15231
5187
5082
2740
10773
13181
13653
7757
6583
8658
420
13531
10975
9136
1356
9945
3549
16133
6224
8513
14330
13733
6387
12565
4410
12432
5603
12419
5102
15591
946
13613
8839
9312
12961
467
10889
10411
14922
10521
439
8739
1804
13449
2615
4503
3233
10777
8359
3513
1610
1577
9453
8470
10751
7856
15379
3467
6120
13920
4027
152
13539
8314
2346
4138
8192
11127
1281
9714
1389
2918
12226
7052
7212
15000
16278
12964
3405
9219
16345
3961
8578
9444
5093
979
4563
6000
10444
6409
11227
10939
7830
8210
14167
4581
4148
4144
15048
1034
2272
6952
14243
10449
8353
9441
9704
4744
10080
12876
1421
15498
12675
15721
15163
14989
4775
813
6383
12655
6589
10006
9937
63
4074
8259
10621
15595
13318
8954
5081
12038
1235
8881
11345
5822
13987
4032
662
1155
5109
8005
15087
16003
5092
2940
8890
15966
1360
11806
6422
3149
5778
9015
4415
9484
2796
2561
9938
9597
12245
9040
801
12248
1919
6745
2560
12176
16215
14706
584
10585
11406
972
12752
10951
3050
4615
8401
7424
15737
7668
168
10514
2316
25
11387
13966
11233
14791
10217
15611
16094
3315
10282
4281
4561
2822
2980
5941
12685
3962
13360
2181
1441
15517
4321
9180
15191
13342
1018
7677
8634
13175
12265
15703
16339
11294
5582
9580
10136
16354
7542
12071
1764
11180
8427
14020
2114
9062
4108
13991
6047
3933
206
13174
248
6100
8831
3271
7233
13971
4368
457
5741
7346
11030
4965
5127
15673
15010
2550
243
2331
8877
2163
7161
14417
1608
8949
1794
13923
5148
15884
9455
4689
2771
11894
7193
3116
3999
1006
9518
9807
5349
4064
8260
13070
10821
8827
7509
11117
15708
11252
5440
10045
9203
902
5664
525
7876
8295
10673
2118
7423
4816
14245
12846
9931
15579
4748
3915
2521
11642
16089
11745
11255
5736
5147
5584
5824
3569
10577
6451
869
5017
11433
13735
12524
1261
4166
2824
15488
7707
2345
9017
7035
1609
16211
2533
3468
10992
8230
14054
4852
5757
8376
7344
15945
12415
9723
4515
14434
8204
9772
7659
2595
10312
4245
852
3765
7865
13743
13325
14102
15551
6217
2465
1046
1403
10404
13573
5293
5523
259
15282
15243
10305
4883
5032
12637
1355
8899
159
6354
4301
10376
16047
8856
5281
1363
11130
15995
13862
9332
493
5854
2410
144
6561
2376
5120
3707
1786
1877
758
7037
3054
5588
2616
2202
13545
7068
13093
8370
3509
5791
12148
1086
15342
14909
6044
8092
3007
5526
12336
15902
7925
8196
7513
5579
3415
15153
5827
12750
3907
8342
1383
11311
12766
2769
4374
108
6364
3459
8067
4294
5185
3439
1647
15315
3270
2435
13840
6961
7713
11608
13649
15008
11827
7272
6912
10454
16066
15689
2795
12730
11857
13099
4987
7964
15816
8225
7433
729
14217
11826
8623
14851
8187
8222
13919
15769
6287
14933
14947
2286
728
8628
11578
11788
844
10455
14084
11277
8492
5858
14404
4817
5233
12650
7663
4590
10468
4362
10118
13815
13115
13885
9795
6575
2091
695
4498
6954
779
10880
11877
3466
5099
14628
1960
12510
3857
8415
1994
3324
952
5562
9799
5823
6700
705
12003
7148
9928
12064
901
5617
10690
13401
7606
1894
11494
8354
8697
11938
7070
12726
11031
11684
3112
4557
9594
12855
11841
12398
12797
14191
3507
9735
2298
7082
10491
4025
2206
8592
6428
11871
1858
12009
13463
6380
4943
9290
646
14526
1514
5342
1456
7578
15537
3011
10840
10226
3791
5770
10010
3994
15461
5992
792
14837
8970
5991
7798
1397
12654
4101
3014
10171
9690
2011
5006
2592
9746
9384
2162
2952
1413
12105
8132
5504
15937
54
8300
5994
14747
5728
6712
7297
10634
1450
8366
2703
3093
929
1949
4093
39
1222
6663
2195
8841
16043
12442
12592
10914
15859
11258
9946
7356
1583
3379
11476
556
12088
2166
9627
5619
10213
3743
3316
5947
13893
7704
9176
1042
2328
10482
13890
4447
56
12326
13282
4110
1758
4443
3113
550
11386
8389
112
7804
7685
3543
3465
2900
7023
750
12622
12446
2912
7630
4643
16361
13610
8059
3453
5236
3455
4831
4038
4539
471
106
12025
15854
2565
1913
9729
2585
6153
14993
634
14321
12205
7129
11207
5378
10601
833
7266
4696
11242
15246
5208
7137
3422
5849
12185
1277
4414
5519
9581
12578
11314
16379
10739
918
2066
32
5986
2713
5602
5389
908
7674
8326
9926
14822
14625
14380
15971
8662
15100
519
3660
3082
4774
7118
12406
13633
6174
12317
9365
15547
6594
14991
2985
4012
10926
11065
2145
8751
9650
14691
15631
16336
4626
5394
15661
7776
7805
10500
9600
10924
254
8148
6472
9530
16225
15657
345
16113
8734
13242
15090
4870
10019
6839
3217
9223
3192
12450
5596
13894
1002
13487
12466
9900
4404
15380
10771
13472
10415
14199
13509
15339
10684
15133
10184
10258
1752
4981
12144
9269
2461
11209
15697
7546
12096
3521
7377
4061
1074
7499
10263
2877
9233
14950
3924
12441
11014
9502
2577
9622
8450
3133
2617
12072
14322
6994
15341
8762
15698
5343
7243
13349
924
5362
12759
14431
5578
13707
15527
810
11304
12447
15745
500
12143
4317
8968
6470
14265
6331
3179
3732
15963
5995
10864
7172
4120
14890
11178
8410
4619
5101
1289
3758
6245
10546
15879
15004
14490
15042
13475
130
14694
9088
13330
8373
14332
6721
10088
5731
8263
2714
158
4048
12869
5724
896
11179
16012
5482
7232
9950
2022
13117
2134
6729
12463
15109
5018
10284
1572
16275
13237
6806
12618
8653
8484
537
9140
4550
4690
7167
9038
2002
4759
11383
1638
15116
10683
1110
4505
5277
12591
8730
12569
15276
3446
15863
5057
11861
7666
16221
1318
2540
847
9014
7983
5610
2613
1710
11772
2278
10003
11769
4631
8538
14267
14720
855
9163
12005
1576
9537
3330
6768
3335
2547
9514
14172
14766
1992
12471
11941
15641
12168
13397
7745
12536
7534
598
10677
3160
13980
7098
13079
8661
6942
8715
12485
10085
13968
8804
1431
14653
14718
14985
7544
10728
423
2009
2373
7790
14605
2700
15619
282
7662
3666
3744
14143
14251
1022
3644
7455
15987
4795
8611
3989
2165
12787
12199
14103
16040
9913
13348
4030
7951
6652
13162
4683
6723
4400
5804
8214
8487
10501
10909
11526
7095
2669
5705
16223
442
9126
16183
1457
15140
2337
16088
5863
9673
7942
4199
9182
9753
10478
463
11234
10494
8897
15080
14803
12013
14883
9349
8680
13078
7879
14230
3140
4344
10819
816
22
12551
122
3694
5903
11167
14988
8633
8527
1744
2722
15919
1795
10031
2095
13482
12131
6705
13452
3963
2223
9626
6508
7239
14454
6459
1588
4702
4756
10472
6295
6443
13385
325
6976
8241
1650
10386
15593
5771
8472
3021
12259
11288
10586
4583
802
13817
2749
8169
3510
10436
15361
7403
486
1376
1477
14442
6313
14170
9850
8724
9230
105
14737
2105
15580
15071
11213
7069
10920
6305
1833
7716
6376
508
5890
6625
8705
12737
3679
14074
1412
7225
2660
10655
562
10629
10218
3862
6250
14241
16317
16256
7581
16368
2910
8055
3145
5220
3983
14224
15717
5126
5077
10841
8156
7550
12582
9894
281
5103
8905
4322
8612
5534
15438
4658
78
7180
14238
910
6927
3001
9918
4440
8643
12473
12156
6518
15449
12355
402
2013
15311
8948
273
16231
408
9143
1468
3595
12832
12804
2245
5874
1479
10140
8253
10177
12368
5733
11665
1478
16344
8557
5291
1545
4672
14366
12791
9113
8737
3176
6368
2706
14859
3232
9366
12749
13559
11173
235
1237
12625
7809
2756
2729
10047
11895
9586
2888
12028
7936
15765
7143
11322
4373
11166
8816
13264
15538
10297
10228
15476
10944
1623
142
7186
8010
6239
13511
14708
4464
5869
13045
14223
11654
6568
5020
13252
12034
2494
6778
6229
15607
13906
1050
4313
7072
8140
110
10007
12916
4113
14709
14531
9387
84
15234
8106
9111
11074
9004
3435
14471
2792
14510
1666
12150
10023
1315
4031
4085
2402
3986
4837
10935
799
15266
4960
8429
374
5113
16281
11335
12358
2750
14227
3121
10459
16300
15841
10042
16292
6099
1043
2736
14
660
3968
6055
15662
4488
6801
684
14619
12568
14813
10675
2080
9422
13784
8688
738
10102
513
322
8879
10782
8090
16059
11840
1680
2553
14566
11510
558
4406
14002
8053
961
3017
11749
11102
8664
14834
7715
7077
8378
13477
9571
3473
14588
2804
5913
1902
13047
13809
13825
3540
5160
14801
1751
15230
3906
2644
5388
5676
2247
8296
12859
10917
91
5552
10548
7501
11013
14250
6680
2070
7839
3786
14964
7371
7920
15474
9635
4953
6850
732
7539
14334
4848
12392
1832
14196
6341
11481
15645
14304
6415
13841
14291
4575
10792
16073
9727
4274
5188
8701
13828
2683
2210
8608
15225
6500
3401
11467
1809
7850
13235
12275
13124
4779
4086
9090
2189
8910
653
14413
11246
6577
9840
8541
6531
1044
15773
6779
6639
4270
15988
252
4858
4888
10927
1182
3061
12963
8382
13952
11444
1522
4219
15908
16324
232
3494
8248
3029
1535
14457
11248
14475
9329
11268
15222
5818
12027
10269
6880
14280
10169
114
12725
6638
11423
4097
9964
13558
4367
15410
13201
13690
9907
2012
15434
11589
15482
8339
9430
10698
6749
724
9675
14758
15167
3398
806
9841
7859
534
8245
1928
2182
14286
1634
10522
4258
8898
6949
124
15079
6077
3918
10392
3294
629
3979
323
11667
10486
1564
13414
1901
4587
11269
8631
5176
8395
765
14995
2620
5357
10442
6162
9732
7454
13598
1353
11648
10557
6486
8935
13638
14427
6920
2303
3364
15802
11220
9215
5289
1187
7144
1501
11388
2591
14219
1990
7609
11300
14071
3323
13926
12953
15503
9570
5422
10315
16080
5493
13204
2274
14602
10405
15597
7496
7384
16353
1350
10371
16287
10437
9087
3550
10290
7583
7654
8294
5669
10176
1734
15868
10925
4822
1871
13453
5668
11455
14804
14846
217
7469
8979
10147
2579
8908
13507
12630
15451
13671
5080
470
1364
9684
1090
13803
3251
13400
2196
11963
11251
11303
8777
11032
12501
5704
7372
10530
13393
2058
8262
12456
11197
969
14410
11287
8437
3721
4594
15265
3532
3619
2069
5400
9153
4285
3291
13910
7473
4919
2389
6945
9498
14482
10119
6345
15736
13851
12560
3508
14116
9424
948
1621
13185
1301
2072
14346
6596
3203
12104
14692
3639
1083
16132
15457
16075
10377
2089
10224
10199
7406
11659
11607
9431
12467
14086
15930
4871
14248
15351
8047
9318
6284
13167
9644
5796
7670
324
2679
13121
2777
15041
10018
5761
2556
2823
5460
11438
13590
8349
15181
1284
9242
10659
1234
4540
5825
7858
2005
8041
11658
14412
13327
836
6826
5672
13161
11866
6212
7049
8157
10382
1102
1
2426
15219
8794
10207
2167
8990
3531
11079
3567
14187
12089
6257
5662
4969
10908
1128
4578
10582
1030
2635
6816
8040
123
12480
2081
10569
14589
7398
8279
4371
15325
5002
49
6485
8801
3756
8114
1142
10162
138
5068
722
14025
318
16213
10711
16233
5598
7755
4171
9074
11222
7518
383
6724
3692
13973
12162
2757
10322
13285
5457
11153
15954
4535
526
1288
1509
14325
13879
6541
12576
9344
14987
15127
9256
957
2652
9445
9304
2344
7834
5843
12173
4393
15066
14917
15722
14838
12044
5506
15881
6646
8162
2338
3944
1112
5542
6907
4320
13986
15590
11647
14535
9433
13290
12986
4834
10641
9865
10784
7011
5835
13648
7514
1679
1279
14029
14242
8660
9774
7937
8756
7004
1239
8602
12633
10957
10016
13730
13184
458
14173
5210
9698
4423
1296
5524
8609
13607
2352
1109
3583
1628
620
6643
13011
5376
10370
5483
8191
6285
4713
12333
3100
8857
11349
8738
3342
2639
15518
12080
5789
1765
1319
14215
12875
5338
6336
2277
7396
8220
5781
346
11236
3727
9226
12956
6344
16163
15314
1171
13153
9271
7005
10833
9968
5784
8622
3348
3824
5474
67
3236
11765
12596
9174
4021
13655
8474
8729
9151
16303
1394
7557
6862
5198
6569
10960
15530
8617
417
1274
7815
14485
8062
4829
8136
6124
1903
14032
5893
7765
15264
9323
2291
2903
1055
13945
4996
15570
14863
3273
578
11426
5687
6562
5556
111
4568
12279
4710
12300
11733
3674
7892
10503
3885
12667
1458
8135
9935
6269
13785
1490
13139
191
6084
3908
6627
7718
1148
9554
6852
12196
7586
14277
6813
13765
2839
13363
16038
7532
12523
11048
231
9679
2747
12557
7589
4043
11376
1834
4174
4920
14300
5274
283
6189
14889
16112
12410
8859
3787
14811
9595
15338
5894
6086
12861
9390
15293
5326
2023
9386
3712
7219
10613
2998
8598
11579
7006
8749
15111
2452
4392
14715
13383
5915
10009
6902
837
1878
13367
1327
16248
2325
3430
7166
10272
13152
11125
14295
2537
6861
7145
6300
14368
3256
9285
12724
10551
10517
14478
13855
14786
15806
12594
7888
1565
15514
16295
547
3425
9810
16144
4494
15511
9888
9194
2351
4336
3992
987
8639
4602
5178
13042
48
5657
61
2161
11752
4446
13364
1245
727
4403
147
6837
8045
218
15209
6810
11966
8278
66
606
12826
6595
5359
3716
5159
120
313
4976
15639
14738
8386
7215
1837
16270
4466
7124
639
4880
8883
9780
6070
4002
853
5944
12389
6318
11860
11100
11651
1671
1724
2459
16127
8160
897
11272
12753
16304
4264
1711
10973
1510
13751
13752
3057
2488
11121
12520
15685
8902
2186
3695
1091
7980
12825
11668
2583
9201
10876
15124
13406
4720
7855
4640
2633
15407
2231
15687
1893
7733
14937
5923
4435
7957
141
5707
11779
16143
10631
8946
10030
2942
4434
4621
13826
5218
8929
9469
7249
5886
5714
6698
12008
1951
2634
708
3584
2628
12701
11182
6563
1567
2090
11486
14468
13172
13949
8252
4073
8703
2815
1451
1257
10362
12864
1512
2243
1348
192
7988
1539
6925
14190
10072
9967
6010
14075
11403
4516
9410
7960
16125
7788
2460
2324
13332
2933
1770
13333
4527
1440
12728
12433
170
11356
7101
12936
1506
13182
2621
5227
3134
9020
5574
87
1980
2169
8351
2053
4433
4892
425
1818
10838
6205
7524
15665
11688
11336
7956
14607
4476
10368
736
11697
10907
9534
3775
4417
10336
10041
9125
15559
5965
12445
10036
11398
11603
7407
4617
2859
7731
15581
7123
667
14586
8486
14727
9532
12758
5960
13600
11830
5691
5621
769
10150
9503
12617
4930
3943
6324
7174
6616
7505
7296
3219
6867
8299
2129
7843
15576
11561
2040
15958
1998
456
2211
3131
10451
8985
11047
2431
7867
3334
82
14637
9080
16142
645
2379
10573
12889
16260
6330
1361
10313
12742
6430
13247
12347
399
15892
8276
15502
5576
4349
7579
1946
745
3876
1190
13027
16267
1717
15439
12874
15382
1815
2567
4288
3690
2385
15899
8691
9483
15337
6964
3187
881
9711
4089
4830
14235
11929
11613
3070
9616
4135
3095
5895
10502
944
6481
464
7916
9266
16289
2778
14135
2434
713
9625
8218
15540
7651
2871
14923
15250
3443
12020
8912
12188
13191
13631
7177
7334
55
15735
690
1465
11068
2761
15373
11109
8974
3319
8828
3426
10640
14611
6932
5108
3123
7738
13410
9496
5862
11935
9656
7378
10087
7411
9117
9482
2519
12239
310
12708
733
4663
4335
5807
4693
10249
911
1705
11695
16123
16039
11804
7720
8875
13244
10353
13683
5924
2275
9606
15774
6812
5749
7490
7852
13860
8491
11000
14474
945
13578
3582
1641
15359
5270
6793
12881
13319
11018
3711
3202
4932
2084
8718
6808
6938
10542
3611
6873
13848
823
12897
3135
14204
1768
9951
4721
16235
11128
7058
8176
3982
1553
3969
15121
11450
9620
15925
11910
14629
4935
3836
10144
1784
7536
15336
9743
5071
3705
10241
7754
5373
10462
12315
9149
575
13100
2052
13144
2514
480
3832
9842
8563
2171
12165
1473
15894
8657
12967
6948
6139
15844
11357
13484
6527
11563
2250
5790
6587
6296
14984
5498
8972
2209
4236
15388
5887
8251
1378
2542
16201
3120
12628
10235
2641
6266
9674
4709
6758
593
6544
13632
11599
7102
13516
14050
12486
12878
14081
9198
15150
15479
7487
3138
4345
11940
8750
1733
8095
11557
16369
1591
3309
13791
678
10708
8835
2050
3578
5377
10431
14519
7417
14309
12532
230
2412
11200
13875
12110
3127
13096
15713
10588
15980
1712
15117
14502
10968
15730
12016
2923
13676
5543
5013
4910
4698
7528
6799
11190
15972
7303
1504
13554
3571
10823
12479
12735
450
3287
9551
16165
9784
3045
13232
1064
14543
472
11542
9478
3643
11244
13456
16218
4941
1162
13206
14729
14621
13933
8330
194
15876
9170
515
8566
16229
10772
4444
5677
512
15833
1865
9406
13356
4826
14869
7265
13404
13494
12496
10609
4886
3375
7597
207
14023
10905
848
3887
2492
258
772
193
14287
8581
13169
10873
15207
3895
4437
4675
1460
5179
8014
15680
12553
3893
7958
6940
10086
16365
4019
9749
2500
10791
5087
12231
11653
7903
3389
973
14538
4470
11568
5162
9260
15768
204
11196
7073
2526
13612
12658
8641
3279
4342
10346
12951
4363
6694
495
14613
5512
737
10921
3560
15758
352
6023
2608
3191
4559
3022
15604
5065
9249
16247
4986
11355
7571
10759
11693
1783
1134
1944
3652
1122
7997
9459
10976
4555
14549
6487
4697
3171
10407
3226
2793
9602
11264
10869
15513
6636
11132
13375
12254
13215
198
985
7355
14168
14271
10571
10480
7437
11921
10693
3314
12388
8736
11984
13213
10851
8530
3344
7998
2365
4936
13863
9319
4564
6576
1011
13222
9932
12751
13618
15800
8832
5690
1822
6168
3259
11141
3972
8919
10090
14273
12839
11147
10817
15839
2334
8763
12222
15104
9155
16322
13667
15428
14010
9526
3036
2826
13458
15523
11656
5431
11143
531
10330
15210
15727
11256
15054
13931
11729
3777
6689
12030
15324
5971
12159
15239
2677
11641
4706
7818
1961
10756
15144
13523
4915
8129
514
7529
15776
2606
8038
4607
12694
8108
8819
379
5004
15360
4846
13087
4638
10785
9700
997
7758
14512
12962
10230
10566
3169
15553
1200
5810
15322
12792
2898
6608
1615
1874
9572
13540
6025
3720
3822
7442
3886
2260
9686
3867
12407
15725
9371
11516
6612
8130
12318
1824
11148
16048
1771
15383
10024
553
8190
13892
2215
4792
10890
11993
2666
10734
5009
8175
13179
13229
11216
12408
3228
10853
15699
7251
10836
4000
15088
7636
2989
3337
9199
768
6400
11134
9321
15967
15660
1280
16302
8998
5673
12452
13164
13691
8293
6003
13775
3182
1941
7045
485
8726
10277
13308
8217
2701
3547
12241
14255
2588
12573
4035
2124
11474
4280
600
5665
4737
13587
14793
8966
9086
4664
6312
157
3936
13917
6163
11315
14036
7861
12339
954
2451
14591
14681
7062
14807
10900
13759
6267
13740
9649
13876
843
9952
11546
6937
161
4725
10117
2120
10720
13819
2259
4167
9217
15156
16355
4799
8501
13238
187
293
16342
247
8168
5171
4862
12552
7295
14680
2782
11746
3681
4458
6629
12983
12714
4798
10954
5154
14541
795
9465
7340
15875
15747
5337
1204
783
10460
594
8917
14593
16122
15122
3795
11702
4109
5688
3444
6715
15493
10182
12076
2562
12055
8215
14556
7526
15835
15319
12589
9569
5435
429
2856
9486
5527
5386
13050
10903
14899
16024
4284
10654
13380
14865
15984
65
12777
1934
8854
5648
1312
13226
3126
5938
6827
6661
3894
12193
12377
1258
4649
11512
3464
5742
1789
13025
14633
4933
4882
932
6528
10348
7044
15977
14562
756
5908
12276
2103
2731
14281
10402
8960
2282
2109
2958
4747
1508
7635
1806
15617
5076
10565
7162
15858
4438
7690
5418
13561
3814
6830
5439
13240
2837
15794
12743
3009
7278
5937
2322
3051
7570
15742
289
4243
3476
7253
9956
3975
4059
2688
7538
12616
14441
15401
4644
12902
234
8363
13701
6828
12218
11832
6397
12302
1444
4431
7339
285
14774
11786
12912
315
1339
14428
9291
1932
13345
6655
11368
2850
3675
3512
14533
4676
9758
10915
13297
950
11974
12769
11821
14719
7896
10787
7122
10061
7563
2505
7322
15277
7164
12542
11289
6848
9408
2599
6993
216
10303
13196
2004
4456
15691
11660
13714
9000
7689
4483
12270
9693
11795
12042
3320
7086
14565
6093
15813
3249
15934
9734
1774
3733
13483
8900
5681
12384
11955
12455
8892
443
15169
9404
15159
166
8007
12779
6719
15615
7285
15953
13804
1812
6665
1732
4949
14753
2730
12272
7688
8498
3960
12214
8179
5027
2386
11333
6645
14083
1220
8414
3080
9640
14049
3928
4211
15867
8853
11636
8327
3794
11320
14957
10378
1367
4261
16341
6727
14871
12521
4485
6323
7728
6035
6737
14935
3108
15751
5800
10397
1351
5267
10434
5085
8576
6260
13357
15716
12018
14617
6292
10276
15784
1424
4764
1170
5571
9186
2240
4183
14898
8174
3729
774
3925
4397
9434
9793
9098
10456
5776
1432
8082
9150
10798
4122
6351
8569
10338
5134
1549
9427
14820
9830
8387
991
13669
93
10125
11594
2341
10632
8938
9701
1429
9993
11801
9997
8533
1749
9183
9816
4300
1186
14742
1652
2039
7748
7352
15772
2358
4293
6434
14297
11639
2404
12400
15185
1820
9342
2135
1416
9655
3400
12900
12061
4159
14042
5888
4497
13269
12593
14210
10669
15711
13150
4387
1776
4411
1965
6586
103
6809
16279
8195
2172
10135
12227
11901
11023
7801
5911
14903
15175
6582
3475
11976
3945
3879
3304
10246
12757
12413
9068
8180
1693
7908
5613
12296
5096
6658
3288
13219
5566
5798
10339
11759
6759
16063
8846
9138
8383
1212
8264
3311
6505
11165
10554
6885
371
1761
1001
14331
3737
15172
15307
14829
9446
2875
11638
11937
14326
15515
14112
16145
11259
59
12356
8813
11555
3132
4945
10050
2735
297
4905
12112
13992
11384
2648
11611
12483
6617
221
11996
5969
10592
14055
4384
15142
15573
44
12739
3687
5182
16115
6631
9959
14430
3588
10152
7053
10726
9699
13615
1929
8361
16149
10972
8109
4210
11951
1852
1875
5811
14339
12800
16291
7777
13722
11012
12220
6080
9112
9275
5330
1311
649
8243
10620
14608
14931
11192
10296
11088
15851
7240
3449
15509
1548
8915
13900
15396
4877
15845
12075
2814
846
2805
14193
14665
3030
9885
2301
12583
964
7646
11798
240
3749
10545
6887
5525
9060
4955
14306
8310
6036
3276
2744
6392
13571
461
13526
4613
11389
3245
1502
10255
7157
14944
6247
12448
6477
3329
12590
7252
15907
9146
6588
5318
719
13501
14716
9050
5788
1387
11956
12031
16286
7710
571
12337
16053
7197
4278
9657
13715
5404
15644
15001
11986
12453
9490
16098
2742
9667
12387
9814
11855
7165
3781
11215
12790
4819
13159
5445
6031
13374
4598
682
3655
11742
5399
6914
7899
1423
8906
1386
6276
9765
6432
5650
11916
14504
6110
1476
6965
10803
9764
7596
566
16186
11025
2355
13002
7361
9739
3408
12754
12139
9652
13305
8822
38
8238
13470
10928
6746
7115
14198
4715
12124
10710
6717
8508
1975
9352
6494
10614
11725
7747
16102
15843
11934
14338
10979
10904
2672
9139
6733
2449
998
4842
9517
4600
12363
6915
3307
13143
1016
999
13802
2965
16280
15520
10188
15224
13009
15883
11671
5209
12115
5303
504
6201
1546
13300
9439
1911
11525
1972
2816
2866
2536
12652
2308
12411
9618
10267
50
995
864
9412
11094
10658
6145
10089
12676
15061
10578
13259
8476
12799
5328
5484
1780
12574
15922
7832
4853
11254
4770
5163
9883
4982
11374
15084
4787
11675
13723
1587
9983
14555
13274
14354
8975
1886
2870
4282
8207
1954
7741
5184
3797
4436
3502
14498
10355
2874
11635
6753
15096
13621
5241
10001
11138
2493
13068
12741
6497
10332
10832
12950
11849
9472
7898
362
13849
13664
4755
13672
8999
13498
10307
2717
6794
15345
4253
2544
13155
13097
6452
12436
767
4879
12796
10104
2304
15197
21
10458
6815
5930
6897
9392
1205
5653
4341
3739
5587
15677
14572
5429
15179
11610
7523
8824
16232
7432
5593
10039
1632
5269
6784
1314
13038
3519
10861
71
154
8995
13544
12482
15217
1208
11417
9009
6864
1692
12402
3012
12070
10704
10997
7984
7200
6095
12119
8343
10637
7404
2094
14027
13729
7825
6062
8757
11472
9817
2760
14912
3460
16207
5487
6348
13929
1513
13835
887
4098
3868
17
9065
13698
4070
7768
5177
3463
7869
7168
1306
8845
11149
10721
12184
12262
8442
4062
8671
11446
1859
5738
9288
15632
3966
8673
3043
6195
6630
10786
9574
7808
7392
219
7629
6706
7111
1988
1115
6904
9796
185
14402
9359
15975
12896
10209
13568
12657
7506
838
8604
10941
791
2527
9513
10040
7059
12531
1799
8392
3747
12816
104
1884
5149
1051
18
15258
9021
2695
6311
2568
6855
1308
7438
12305
14839
6560
9710
6499
6024
5646
15990
15335
13186
1855
2724
1541
13195
4383
603
11194
10741
13958
9220
11158
15162
976
2501
12200
5721
3483
11724
11623
1556
9456
13188
11834
16068
5446
8967
7032
2010
4733
7083
11666
12068
2224
9363
3898
12558
5501
13148
8659
15749
11719
5845
11906
6447
11517
6840
9468
12564
3923
6640
13301
9831
7873
13362
1808
14003
15447
10645
14558
7421
10463
14345
8227
15667
2520
15021
15799
14861
2369
2266
9276
5347
6160
11463
1332
14925
14960
16321
7369
5539
1443
3902
12294
4158
4092
8436
8668
4730
14453
10214
3973
14528
7282
11451
13371
13293
3098
614
1221
9309
357
1020
5047
1153
9423
1298
6670
9403
6860
15202
6306
12999
438
2831
8647
5371
89
225
393
15754
6052
13302
13073
13864
4090
2140
10470
15600
1495
8212
4800
7734
1167
15836
3129
15251
3026
15643
12313
15526
11046
4878
2458
2042
10705
9368
2230
12944
10464
2941
10617
9651
2299
3368
11627
6126
9091
3948
13657
13036
11052
16340
631
12371
14743
5414
7498
14361
11699
1955
9773
3441
11972
10186
12664
14342
703
5533
1863
15436
3194
4315
607
5462
14827
10723
6831
10243
15083
7408
4609
5438
6091
12360
7519
9590
3433
13661
3917
15443
4931
8161
4292
5034
12663
11408
5323
12344
9239
14165
321
9897
3967
13622
15598
2845
3492
14682
10902
12943
8505
12036
1518
6107
15022
1203
8681
16126
4637
7558
6242
15938
7331
15973
3667
11619
10037
1067
8123
5712
13728
6695
1427
1817
13476
885
15283
1997
14966
13642
8700
10932
7717
7954
6315
7729
15740
10484
1569
9525
8385
11580
8926
5064
8818
5699
5671
10358
3156
3454
1488
16274
2787
3900
15409
11142
14847
4610
2123
7362
8357
2217
12566
12747
9044
13777
10844
6442
6343
14698
1161
14192
5486
1252
4745
11793
12451
7684
9106
11163
12503
14887
14808
15015
11933
16245
4673
14426
7940
10604
5660
13412
10649
557
8554
1264
12083
828
14643
2014
10250
3244
15371
7463
8871
3150
12969
8438
13732
8049
5395
8689
13003
12382
8674
2397
5232
1151
4058
5412
10668
9989
6730
1888
5415
11975
1922
11810
8774
16338
12933
6009
11710
9301
5608
10490
16271
12880
14569
9350
14644
6263
4820
8616
14163
13455
14017
9672
2988
13013
16376
6006
14550
13336
10222
14407
6013
6102
9103
11250
7574
11692
11678
5200
7389
12365
2642
15766
6506
6771
12232
940
8247
15271
13602
2944
2517
3591
8648
12544
15584
9354
1256
13402
10452
3954
2922
14320
7020
538
2491
13461
4810
1978
13666
6286
5884
301
11771
9019
4172
4221
1579
6043
9745
14792
12060
930
9632
14488
16323
13726
889
11441
102
1335
3518
14879
3959
2842
13261
9451
6851
16250
2466
16237
9966
11760
15504
8197
8696
70
10713
13827
13947
1267
14664
6395
15069
11095
1654
9879
8740
4983
7680
10077
10564
10656
518
3514
6890
2149
9437
1716
14365
6490
3708
4833
12404
13394
4524
1494
3632
13611
10974
13536
6089
4060
7321
7676
14749
9023
9744
16041
196
7213
8170
6622
6449
341
6063
7147
13277
8012
12015
4572
9990
2694
1598
1323
16246
6977
7746
4478
10579
5900
15136
8052
15658
7201
2531
11480
3888
8676
3921
8528
7155
8091
13782
2249
15869
3369
14816
2755
10963
9475
10286
6413
2293
3669
3726
10555
1075
12611
4369
10934
3592
7913
5630
14509
1503
3752
9407
6048
5682
1560
13464
137
15827
5510
11815
8943
9162
9272
9955
14263
6421
14045
7620
14564
5767
7966
12095
11559
14844
5948
2727
10352
12858
11503
1631
10488
4208
12240
15421
11540
15418
12642
3851
15368
9531
9334
12801
13228
830
5710
7439
5129
13438
7183
4938
588
10229
14261
4926
5842
8084
3976
5931
5123
455
1825
6849
2949
9752
14610
5131
15211
15349
1422
11539
14372
15469
2570
3370
13059
6944
5128
6206
6573
1124
9688
11554
9619
4630
13398
9417
4486
15994
982
5074
11520
8073
812
3436
12506
4179
11794
10594
15483
14064
10433
10438
8258
4237
11532
2232
9258
1189
8323
11323
4164
13040
2076
5479
14654
10354
5748
10694
12989
1810
2738
14671
14094
6159
6372
817
11720
308
7110
1604
10327
3099
7397
9607
8830
2810
2554
11155
5793
15077
14677
15793
10426
535
11092
10952
13299
13280
10429
14881
13413
12672
4231
2809
14432
2897
13141
5859
10584
1775
10827
8719
10309
12690
9866
8692
13525
11712
16272
10872
6491
11185
10697
3665
15625
13800
3581
7885
12301
3929
9642
11093
7199
14171
15028
5841
8607
15328
5436
14270
4543
9893
328
4129
7313
1259
3835
7889
5795
10828
12010
8315
134
7041
4605
7838
1831
11957
15935
3551
8407
2930
12824
15147
1959
2538
8316
7995
128
10612
8977
1227
10489
6647
3048
1026
5437
3688
12707
5490
7290
1939
9096
1676
8605
4442
7401
5069
8153
3326
5636
10930
14067
5292
10240
2146
3221
14464
394
10653
12472
8913
2394
3516
2499
1993
15340
7080
9579
12827
13616
3124
15433
11774
6279
11854
8636
14234
10128
4487
15249
12545
3872
14481
16206
13481
7882
4897
2221
1540
4855
1723
671
7495
9335
7714
12210
11973
8467
1707
9712
4995
13037
14604
2709
6597
14972
14398
5683
15616
14962
13140
10633
16370
7989
14577
3947
4355
1435
5370
12979
4972
14836
2151
1183
12595
4924
2997
14105
10635
132
8416
14830
7792
11346
14650
2031
16298
58
15850
9251
7189
3190
2407
16262
11381
5553
7864
3770
6545
11307
3956
7730
15895
8203
11060
15119
3771
1945
8747
14773
5090
5054
4869
1869
4606
6790
14735
502
14579
15455
2077
7217
7283
3353
10234
2737
13450
1058
13603
4554
12106
16002
12971
4801
3860
8842
6085
7003
11235
4735
824
10961
12372
8054
4244
14821
4112
14101
14456
3397
3374
14868
1071
10619
14174
4593
6991
12718
10499
11879
4909
14675
2629
15811
11674
6804
15458
14652
4233
14011
3445
1606
4421
10572
4477
16220
11361
8255
6536
8303
11862
2899
1154
4794
11952
12793
2632
5485
15706
5633
7150
3200
11789
7784
2479
14684
16023
3040
16045
13254
5500
14161
13369
6713
3448
9094
4053
12285
9027
12299
15017
2424
14236
10356
15666
14785
11123
11616
2416
10448
9994
8412
12253
13067
10672
10287
7878
172
14702
16202
9974
3224
13495
2522
15959
188
2470
6741
11881
6786
7476
15729
1489
8464
359
16166
13685
2427
15696
14458
14518
2264
938
9338
2057
1218
5976
9779
2001
14496
10202
11513
7316
6225
5379
12298
14946
7931
2902
6078
10375
8780
5283
14878
8244
13716
4057
14740
16096
11694
15586
6127
6200
6180
15726
11299
11522
6241
14892
5583
787
12264
6807
201
14866
15390
1982
2471
4911
6537
14424
13567
7016
6606
797
6223
10860
13874
6872
9782
6783
9560
2078
15047
1393
15812
3633
8308
9654
13376
8495
6393
337
12361
1819
1840
16106
11922
10999
16027
10145
3458
5934
9536
12577
13680
13052
12123
605
7928
12032
15914
14532
15236
7698
7551
5410
6996
11835
14540
11705
4625
14685
7611
11652
15292
14897
6992
9916
1197
11133
4266
15030
11029
15134
8240
1976
13799
11535
5898
15110
3826
2504
15
12033
11689
5175
14007
13058
9991
12289
11425
4900
9902
8111
494
14466
11055
13861
506
5949
15078
8568
9355
12509
8823
10495
1084
9666
6051
381
4946
11775
8133
4633
419
5532
9500
5753
14722
14335
15557
1374
12351
4970
11631
5448
3693
6073
7482
2593
4287
7743
10033
2098
2323
6071
14455
13197
5280
6911
14480
7094
4441
13051
7510
2830
10922
8344
14385
6282
1372
4566
10011
3085
16062
15932
5161
270
9703
15221
12323
2330
9489
15614
7300
2776
5680
14661
1530
10004
7494
1396
13640
14815
5306
10254
2892
7706
4772
2785
12541
3470
12352
8873
14016
6981
4512
15684
916
9911
15301
7686
14231
2765
1119
12078
7092
3700
6722
13741
4628
14100
8770
12381
12873
8944
5207
6483
9043
7152
9066
14552
1633
1896
13422
11925
5763
10324
3971
8784
16055
9999
6256
8866
7967
586
15291
2406
3488
7982
2430
10608
6166
12705
14305
7735
10253
5786
13852
15006
5516
3495
92
6534
4047
11824
9131
8298
1145
6251
956
13542
12706
8072
3988
3601
9016
12307
4388
2251
12906
15943
10113
12108
14247
1699
7203
6623
3757
563
14307
5468
11571
11903
4504
2409
13263
15043
4006
1969
7141
4119
12073
13977
9089
2546
11175
8556
1873
10093
2371
13988
2710
9147
8124
28
11783
7893
6666
2241
13787
1324
6714
16135
15678
523
8594
6495
16148
6143
12081
14642
12955
6288
5130
2428
13884
10879
13605
8348
9127
10439
10849
14097
15423
4740
2543
530
2598
7415
5735
5405
14770
6769
2290
7548
12177
920
5852
10568
2551
2929
15612
14855
1625
9881
10549
8893
12065
16200
9936
8080
4001
11536
11900
8573
2174
129
14573
3783
10306
6910
16305
13681
11523
5139
861
4303
9977
6935
15710
2180
7284
12505
11276
6990
13411
7645
6517
15983
1105
7846
8149
4306
6337
4037
12230
5719
14389
15171
8744
1805
15323
3736
14208
15280
1390
10210
4947
2131
11352
6900
4448
8848
9393
12976
14451
2383
2203
668
12462
3614
4255
5453
10026
6367
12634
5254
13518
7090
15240
1690
12024
16257
14347
14358
1469
12378
565
3215
906
7737
3383
11990
10373
13519
3985
11410
14492
12621
10385
3651
7511
5358
2481
4232
1299
7543
6117
10242
5644
15312
9904
16285
4873
9070
12492
4811
590
13088
7208
1614
15865
5253
2702
5029
13699
8307
13444
2518
734
16180
16110
3987
10602
16335
9460
10980
1678
15821
2318
13275
7229
3
665
9736
1404
11367
744
4328
6514
16033
3844
4054
10193
4087
693
2509
4055
15465
15178
7955
4523
6653
3676
9819
4844
11479
4017
7930
8663
1862
977
7241
16312
377
95
14189
7760
3910
16332
2
11401
15205
10051
12795
5256
11413
3489
3229
11449
13108
16190
994
11466
8931
14085
1094
424
9011
10774
13911
3978
11756
9741
13069
3590
74
3096
5503
1895
12812
1130
15506
15999
4272
2197
11649
382
14211
574
10824
11364
14494
7881
14089
3013
3812
8693
10931
7554
15177
5560
1249
14416
6069
4939
5181
6221
4024
14913
1973
15724
9791
8009
9375
4474
9229
13569
8333
15688
2061
8637
6418
1231
12439
1544
6377
10208
1127
12178
2664
2187
9886
16265
6803
2661
4290
10513
7254
2038
8895
2273
2227
7492
7972
2964
15575
8932
10958
8923
5801
4678
7540
6522
6620
12332
1136
12888
5559
6277
10058
11326
6049
4214
16261
4646
303
13510
6484
11847
9298
716
6532
3419
12228
7311
11796
1673
7884
5889
481
13125
11385
3663
12703
7486
10947
3662
14308
7357
12050
2357
14831
3153
7623
9848
1624
1659
12866
11325
4162
15659
13687
1639
5839
6155
3610
933
12268
3163
4165
5100
14065
9682
11987
8116
4914
15267
1066
8779
10858
5521
3813
1405
10732
2099
15728
2906
3246
7262
9385
14784
1630
15454
3107
9923
11464
13678
3220
14136
4353
4492
6603
7385
11560
5773
2362
2074
8283
8221
9479
11044
1937
10232
6842
2861
7320
3957
1492
4170
6696
16329
3141
6391
12322
4679
14493
11859
13761
7261
13292
16273
5396
1759
9209
1092
15940
7405
2670
474
2743
11098
788
3940
5590
10187
15377
7572
12829
624
11867
10850
211
12947
11057
177
5197
4071
5222
5
14796
15852
11454
7562
5079
13891
14323
15262
9210
11078
5001
3258
11995
3227
8201
9972
572
5112
14920
4081
16380
7079
3536
6059
12427
12
13427
6132
16359
5427
7924
13872
3991
11008
4041
15952
8864
12970
922
12494
6886
10082
8621
12166
10185
3306
12539
5238
3297
1763
3172
5857
11281
8559
11740
6736
14746
253
4684
7012
11672
4624
6291
9785
12349
445
11062
14620
1968
14269
459
3517
12234
12449
4790
14606
1131
16128
1188
14119
16117
13818
9694
10845
12401
637
13220
5091
5670
14918
1461
3958
7317
11597
1957
7379
8790
7584
1157
3801
2361
4115
2503
15814
14603
9680
1694
12215
8916
12571
16034
13387
3015
9663
3386
5700
10236
5287
6707
2611
6513
11159
14310
7561
6550
1294
16092
12575
3815
9148
9105
14598
3204
7922
5921
10843
5783
6578
11519
12854
3387
5339
2041
7950
5030
4975
7170
6875
7107
10725
8021
3859
3772
4876
12959
3296
1113
8787
7871
652
2999
6571
1487
16184
117
15269
13225
12077
15364
3336
968
5620
5368
7104
3346
11382
13315
7464
4202
5954
14414
8523
6034
1910
1743
5221
3626
15194
3697
4489
9348
16222
8287
4567
10205
11751
5802
9487
14906
3537
14348
13758
536
11799
3242
10885
6301
3421
12763
963
943
1287
2285
16030
5964
2253
1505
8650
10651
6567
8567
2360
5816
12172
2485
8461
2236
8173
11228
13798
15161
11743
1619
11528
14857
2752
1317
6243
5252
3904
4849
16118
12097
12579
13210
4153
6283
12731
10505
14775
3638
12283
1778
9717
3019
11737
3755
4238
14712
6386
8885
4132
8118
1268
700
14699
5387
295
4028
1725
3631
4157
1885
16371
9610
13298
412
9949
6426
14104
4104
10560
3175
15391
14152
14197
10985
14159
4331
6357
1079
4783
12221
9702
5520
9497
11221
7416
7450
986
10369
15395
5441
2016
11116
8982
224
9072
15647
2019
13786
15910
1683
10982
2656
15998
3497
8547
4916
406
10025
9899
113
1836
15223
16306
12600
13644
11399
1366
9583
15432
298
11073
12966
4257
5492
353
12164
549
4901
689
10699
6134
7298
9273
14146
4389
14299
11085
4758
2472
3574
7400
15933
8002
14195
8632
5709
4299
14499
13361
4639
86
9075
13245
13978
12744
6026
4249
8795
6543
867
2035
7381
1660
6346
14616
8471
6360
13881
4739
1156
13888
2437
3462
5624
6791
4283
1930
5114
15831
8223
14646
859
6141
13867
11596
15885
12053
14069
12768
6027
561
11506
9003
16105
1087
174
13996
13493
14800
10624
8672
5000
7991
1851
949
9547
11495
10420
10441
10955
6340
10084
4727
2855
3457
14934
4797
6690
1485
4688
13409
11191
8455
2440
6605
15753
3661
6008
9588
327
16259
7315
1024
12811
5203
8304
14283
12350
11646
2880
12145
354
11019
12167
7337
8016
10580
10401
3534
1748
11203
10398
2378
5333
7359
7927
6941
3362
11977
6353
5472
2000
3281
7075
9617
12844
14401
1198
6228
1341
15203
8362
5649
15242
15406
2909
3042
13224
6177
3081
9604
5978
777
1984
15456
12158
14272
6740
3023
5616
15027
12608
6438
6130
14724
4691
6876
14048
4656
3292
14399
1917
2601
10596
5403
12715
3290
4814
15018
13129
10735
7363
2687
14279
9912
13194
14087
7693
14806
2993
5244
6273
14318
7475
11572
223
5322
7060
9097
8267
6259
13131
13719
8102
3839
12130
13974
5070
7687
3723
13576
3955
5003
4471
909
8465
937
9232
625
13405
14449
171
11707
3819
9647
6169
12459
6385
10320
1528
9963
13768
592
980
5693
4722
9556
1381
5173
3645
2954
6802
7987
2636
4791
16147
14329
7756
4218
5352
8963
10868
7795
12924
8807
6881
3125
10562
1185
15840
15702
6156
5186
363
13006
10095
9462
5747
5955
2381
12101
8992
1347
5167
11858
11362
14378
11618
1129
428
1193
4999
7657
14077
8768
5586
5219
3277
8969
8596
8545
1398
6173
15227
13014
2515
4707
3289
5557
4929
2584
5060
5868
2655
7549
11430
8817
6710
165
6316
10388
5725
6399
6238
884
5268
5049
2133
10691
6278
3077
6818
11249
12965
2843
6702
5950
2006
7117
15587
16366
7173
6338
3909
4484
16141
4241
12497
9281
1166
2229
3424
375
13134
2840
1272
2261
3552
5259
13166
299
13970
3648
3731
14148
4789
712
7649
5817
1797
5614
5444
13689
6007
6114
12836
6096
15549
6909
9411
12563
9114
13593
13109
10700
8200
16078
13491
14656
9724
4311
3388
5024
7448
2086
10946
9303
15982
16313
939
9895
2622
15193
7064
7642
15157
7108
13586
718
12972
1645
2580
3506
953
15705
10351
12606
2127
7109
1499
4728
6365
11295
5260
4547
7281
8188
16082
11363
934
8334
3005
988
3557
8097
8748
3658
5627
5652
5925
7194
1927
342
2457
14780
14040
15453
7078
12926
9184
2746
12208
12023
8421
5137
145
6934
146
1923
13944
9892
8665
8746
261
12047
8418
12434
2853
15690
8786
11198
8400
11727
8211
81
16179
4168
9927
12011
10391
8810
1493
1792
7465
8996
8088
4212
12054
11971
14548
1069
8797
9031
9716
10929
12615
5288
15082
12458
5355
6445
10316
15484
4216
2191
12997
13030
13709
9331
6262
3586
5988
11009
13779
11812
2643
15245
3863
12209
11883
3841
15252
8860
13193
13999
11706
11983
15166
9933
4296
6570
5061
1472
6066
13007
3482
10593
6686
296
6028
6555
10987
4390
3668
385
8205
661
9562
2073
9236
805
6641
2113
622
2222
5642
13384
12291
14147
2200
13160
7120
8166
12120
10292
14928
13834
462
10192
14056
251
8624
15548
11131
6304
11205
3167
3657
10390
10161
4824
2691
14812
220
5345
9763
11181
115
9527
9805
8766
9543
9463
13654
4370
3196
11802
7961
7831
6298
9364
3768
12681
14462
16134
3927
12091
545
13710
8891
971
8599
15906
2659
11354
9834
10923
540
13135
5170
12849
6410
13871
1906
422
10878
14139
11896
3301
13408
5832
10715
16373
3760
1164
1940
10159
7386
9172
7703
16216
9240
7929
3004
14949
826
6154
6319
13331
16154
16333
5631
8364
10360
3630
5172
8025
8078
13365
1008
6108
12422
14469
4703
10660
13822
7813
2327
3714
2876
15430
13670
364
368
10265
13762
9241
10692
6111
15285
4142
2711
6280
5174
9262
14470
11260
941
15290
3496
3268
7387
11091
640
8301
4813
886
11332
12883
599
15565
1003
2919
13552
1607
1439
12932
1843
454
14076
9851
14422
10035
6196
4912
227
2018
16363
10139
12048
16203
6255
7010
8698
8184
16351
680
11156
15861
3759
7812
3243
5037
10291
14058
1065
14517
11738
143
14021
7071
6461
10561
7456
5456
7365
10133
7959
16015
6161
9624
13205
3572
7429
6435
9121
12278
6061
13641
4838
10428
7307
13560
7891
4990
5255
8468
511
10160
8011
9697
1418
9676
10266
7138
6787
13745
2741
13338
11204
7205
10481
16162
6609
15797
6226
15215
4425
16255
6697
13512
14158
16001
12549
2487
13789
7949
11690
840
12679
9591
9563
2153
8242
8146
9643
9539
782
13528
11496
12837
13207
7008
1123
6950
5659
6444
3656
1346
10154
2966
12748
6919
12385
8451
5442
5989
5881
1738
7279
7345
8882
15182
6236
7573
12713
4701
11592
373
10054
8391
11453
8889
1195
2649
1172
15327
5536
6332
4136
4020
15208
11917
1415
8997
9589
9877
3804
7552
7697
2049
8068
96
6465
1697
15731
2363
13132
2463
3501
7547
14125
13824
8534
7515
12831
1566
11703
8553
14980
1900
7393
8849
3084
12537
11633
4151
8579
1176
3724
5502
13260
10005
8593
16174
7575
1999
9305
6325
14033
5299
7817
7319
12187
3890
8408
10733
14915
1899
11461
9781
3869
15856
4917
6030
14623
6419
13614
9277
16079
1262
6797
3416
414
1343
6893
13119
6158
2467
14678
10114
5830
1254
75
1936
2164
3055
14138
10163
407
5225
15154
9740
7577
6792
3845
8317
11928
8273
15485
9447
4611
2798
15363
4530
6433
9119
7399
11411
11223
14180
3105
16331
7114
11066
9917
10027
15052
11605
10098
13353
5718
11825
9033
6274
13967
1331
9920
15143
13636
10538
6657
14590
8269
7485
1603
15507
10760
5320
10248
53
1475
5010
5803
15848
820
15569
11551
16028
9730
5230
13995
11061
6979
14534
15357
12975
8482
613
3039
6967
8420
4903
4309
11918
12949
12444
1068
4453
4105
14767
14438
14860
581
5546
14840
9440
15805
7034
11777
16097
11531
13646
10069
3834
13697
291
4807
13378
14895
9664
1595
8590
4365
6466
12201
13147
14772
4473
13513
9713
12870
7139
9419
1007
13218
9129
3754
10808
1149
2835
2589
15741
140
5078
5473
3157
8297
5016
10953
15200
3491
13048
6592
8682
14237
2719
410
528
8399
6208
10233
10532
8390
11530
14544
3269
7874
3654
15149
15555
5151
9317
6193
6355
14974
12931
8352
11677
14382
2025
10487
3117
14571
12534
11392
1611
1175
7615
6673
2728
9374
8791
12257
8497
2244
1326
13795
16130
16209
16087
7202
3653
490
3056
5416
14387
6122
14736
9225
3541
12046
3753
11435
15300
16173
6151
492
6672
326
7116
1438
13086
11848
10300
6760
2665
14576
7694
5896
1270
2502
20
1962
4180
2292
5041
16188
10357
9520
13504
6734
13190
14383
15413
6883
7567
3396
7163
1447
14038
1000
3646
12217
9825
2321
2723
14059
11992
542
5053
8101
4269
5132
336
12295
3047
2300
6106
10367
15654
507
2254
1076
3321
13089
14117
10056
3484
5296
13065
1735
14144
6411
3267
4010
4139
4432
3049
11310
2183
3579
13448
4753
1594
9120
9852
5199
14876
2725
3522
2891
3394
10278
4541
10745
5551
13673
14670
15536
7176
6454
1571
4051
10897
4668
10536
16219
5302
14289
12890
5697
5957
14639
7773
6750
6509
15519
1486
16139
11108
11566
9082
9978
14082
9193
451
7681
6946
4762
15009
2297
3025
5094
14841
12502
2862
3188
12443
239
13597
10395
4381
14744
7854
3170
6381
5805
11577
3300
14177
4137
3283
69
6181
3659
12269
13684
233
1309
12194
12666
16004
496
9391
7993
13420
1909
12908
1135
13766
1847
15492
11980
11626
13927
13774
6342
13180
14500
11936
618
14554
15180
12396
2085
4517
7912
3883
3919
14802
7333
7374
271
11576
15832
11621
3789
2802
865
2280
2726
12373
10424
12645
12697
14178
8503
7742
8584
4580
6539
15247
1702
5058
7669
68
8235
14252
14615
9798
8043
3152
2207
9628
2270
9910
12782
13436
1816
4765
11051
1474
5116
5206
15036
6480
309
11154
10165
10846
5962
14781
7056
9477
1601
2398
8504
15505
5469
5310
2574
8292
14688
10329
928
5509
14157
11313
6065
5706
3564
9803
15671
13339
10563
760
8679
10775
2720
5307
10053
10396
16020
331
7133
3599
15115
13110
8199
10183
12006
11999
7158
4889
11456
15402
2651
13288
12845
12898
3234
4189
7236
8896
4067
3827
4998
5568
1040
5891
6889
4805
378
14695
1402
8115
13295
6530
1948
2513
7184
14406
2549
568
12794
5476
8441
8031
2863
10707
3359
12414
14760
2836
14343
13634
11049
8800
11831
13075
3905
3008
3423
15809
13584
14226
3037
11888
4556
12513
9633
4063
10575
15257
872
9315
7126
2155
13873
13112
13072
13230
15394
15961
6554
4868
4145
8328
4648
1061
13442
2218
15392
6763
4118
15822
1283
13016
6116
6823
12938
2110
10779
3880
2377
9811
3235
12477
5694
726
13700
12767
2108
7996
3911
5956
15738
13468
7453
12684
4576
8876
4825
15834
4033
2799
13296
7890
8651
9914
13335
7827
4978
15533
15748
16086
1240
15679
15471
16060
11582
10862
5987
11225
6988
2065
15900
6917
10886
914
2766
9322
10674
9056
5216
5906
13831
10865
13843
5106
99
6529
5528
10627
878
13381
14986
14585
4741
14525
12420
3402
10795
857
2968
14282
9721
2326
8844
5544
13599
14640
16360
7970
12776
7338
5086
10506
6384
15044
12189
4841
10937
14662
4326
6179
15376
8687
12674
3086
12069
404
101
2833
370
6327
3854
14759
11728
13628
2190
7711
8076
5217
13721
3198
16084
11432
4007
8177
3264
3671
1729
2469
4845
4520
7566
959
2631
1586
9839
1916
4577
9822
7836
14034
11754
7628
15700
923
7237
770
9376
10994
7679
8918
2619
10556
12147
8050
5754
14835
13924
16153
9084
3931
8125
14580
5777
16000
4785
7941
14679
15739
983
4734
4699
10688
3212
1853
11064
4507
8654
8962
13865
14392
3808
8249
6103
2523
1126
167
2343
3807
11082
8858
13281
11120
11979
10834
1097
4682
4323
7188
14220
6079
10071
4069
12901
15610
7545
8282
9414
8120
3440
7894
1950
14391
1448
6985
7753
5243
4143
14051
6460
7721
10977
10126
2262
4050
1098
5945
12572
7380
1664
9905
11886
7274
4247
12152
5656
10991
9311
9092
11945
5819
11882
7169
6704
5073
2306
6951
15760
8802
12857
9987
8324
7678
15808
4757
1635
9320
7638
1177
3299
139
654
11585
13897
5263
5023
10910
13351
14137
10055
12122
5183
4948
7441
6817
6898
14848
7803
6231
14319
5836
10661
4918
15913
7897
15164
14440
7235
7640
1056
8274
15583
2152
2335
13005
7918
7618
7336
1471
13008
13788
11780
5679
4391
6498
4592
5365
7641
9995
5046
5875
10166
6125
7031
11863
8880
5419
4056
4229
10874
13983
1952
5563
3207
14486
11483
12059
13334
11189
13039
10014
1276
13310
13942
6564
3006
7785
7851
11632
9367
3452
12934
8597
5169
15497
1580
4705
15393
4248
14575
5570
15792
8453
3515
13998
3761
6565
1313
15272
12225
15386
2462
6373
1616
8820
3529
4339
12937
3805
15168
11755
11373
13515
2429
9051
12484
7091
6222
9813
804
6249
15002
9409
13278
15779
4005
6118
14965
15862
8811
9960
13651
4080
3828
8769
1533
13887
1414
10132
5265
15355
13533
5144
5354
7033
15064
4224
9396
10173
11514
5538
10867
5229
13303
11137
14563
560
3392
15944
13063
6050
12341
15942
1217
13962
4749
16081
4018
4366
15031
7592
3556
7029
4993
10110
15785
9069
5727
11767
5737
14423
2530
12559
8833
4334
7600
4128
8127
15023
10717
5723
10701
9769
7866
3650
12879
186
6720
12303
8194
12132
9573
6119
2413
5993
2767
5402
3033
2279
13107
8103
4134
11762
12599
12977
8706
10074
1073
10138
10293
5518
7520
10830
15936
11394
8338
10524
8459
8246
16214
7902
5605
4234
7664
4732
13392
2956
5463
3981
2646
15003
13373
7471
4603
8959
15011
7325
453
7863
7914
1225
15968
5643
5194
1881
13231
4223
11521
13451
1727
12851
5769
4094
12696
13122
6547
8463
11119
2575
5141
16158
42
1908
3715
4029
162
1669
8006
3002
16029
16239
3570
12192
14693
4250
3225
13521
15976
15842
2339
8098
1428
9448
15694
7304
15560
13588
8409
14068
276
15199
14285
1636
2983
10831
7682
1663
10318
5124
6662
1887
15398
4454
4526
2576
3339
8305
11206
3858
3053
4528
6121
2269
10638
6320
741
5420
1796
14381
16325
11087
8256
13969
1407
2380
7093
9081
9196
10948
15991
2439
7895
6660
2943
5912
14776
72
2008
10748
10410
16018
3838
7634
1536
13547
9418
15605
27
7342
10341
14150
9041
15510
1224
4508
10598
6398
11331
6005
6748
2869
10298
1803
7712
11865
14755
14349
2507
40
13936
7030
4308
3428
9283
6157
7624
4364
13882
2478
3155
13246
1890
2317
8110
12613
5612
8980
5050
12004
6777
8964
4082
1970
16168
12157
3247
576
11876
12709
6604
3255
4773
14872
8034
4123
3942
426
12103
11643
5156
2938
4401
2690
10515
150
8778
12821
12988
6370
15106
15053
1537
3349
2699
262
15674
12099
3493
3485
4859
14583
10334
5189
2708
10529
8017
10211
16284
3381
4718
13358
10984
6407
6272
4252
818
10618
13915
3833
7128
12762
10259
11151
15130
1626
15108
12280
5308
564
12723
4147
13548
5999
6905
8284
10453
12328
41
16258
12850
2529
11114
9400
15029
4596
5876
11096
9179
4966
8973
5015
5364
8710
2044
0
9327
5743
7051
13537
5028
3305
6074
15545
3874
10381
4260
10706
7195
13538
12885
8942
3912
2828
13662
16282
6866
8717
12648
4925
8865
11609
16319
10100
8039
9726
7081
6685
1253
9042
6572
6374
8234
8033
2991
10901
4570
15435
5963
6135
552
11224
125
6492
7196
2064
13000
15663
15118
10531
7256
11434
793
10780
11297
13955
12785
5336
10111
2079
250
11140
11679
10349
14568
2179
11634
12266
9454
3526
6265
12412
11170
6164
12670
3696
12206
305
6146
1511
6185
2647
2678
15306
8113
7493
644
15263
14374
15370
6987
10063
3274
2525
2916
10363
10855
11136
3282
15561
7555
15909
7474
2384
7975
12601
12375
12342
13313
11231
5165
3580
15633
15946
12653
12894
2597
9849
12567
8793
16192
4708
3148
7113
7250
10799
10507
12928
12614
7806
8788
14896
16244
9159
2226
16052
1977
15723
6375
8071
1550
14707
1165
6333
2770
4177
8670
15261
773
15151
3074
6404
9261
9289
11645
14726
2102
2896
2625
6599
4491
8119
11567
4277
6104
9986
1589
6800
14789
6865
13940
8406
10172
11122
7341
5703
6732
14418
10422
1600
11358
12847
14503
10215
14107
7310
255
10083
15032
3447
9450
8446
3020
15787
8635
15770
3803
9837
1466
4289
173
6453
13053
14447
12288
4439
4760
2408
2445
619
3735
14886
16205
10969
6956
6906
2841
432
2510
15141
292
16032
3593
12651
11270
9185
6457
16131
14268
13
15888
15218
2931
11600
5294
14436
13256
10057
8742
3151
3533
12547
12417
5983
6366
3702
14870
2137
1864
2662
15422
9596
11379
6978
11505
1597
9046
12321
1745
6147
2432
8027
8957
2015
15896
8884
11211
9253
11923
9658
3372
6083
9108
12872
13250
12277
13306
6088
10826
2534
3118
9204
2878
10103
1996
12171
3354
15120
12925
11954
3137
304
13806
3407
2047
13187
16049
3930
14221
1726
4777
13095
5489
8163
9775
4182
9287
12457
9102
15152
12198
4977
2034
30
8452
2955
2097
12273
1798
12580
5973
11437
14768
3892
15466
8521
2265
14990
11942
2332
9777
7038
15305
384
9924
10703
13813
8755
11033
13019
6825
365
13239
1010
351
3738
2454
8728
7783
1872
3561
12109
7314
12886
5701
10245
4161
15763
5826
1033
14132
12856
16357
13138
10757
1063
6403
698
3970
13137
6762
389
9863
12692
4333
5315
2495
1369
16069
12913
6057
447
15948
3623
7692
6551
11058
6656
15981
8867
2228
14353
11245
3766
4569
2281
5640
11586
16182
6566
913
7814
12207
9389
10662
3866
12868
7483
1425
2419
12364
13098
9343
10038
7434
4660
1266
13466
2957
13738
702
6523
8951
4913
2657
11732
9228
1286
3119
5746
7420
3820
13869
6227
4632
3286
8394
1860
9195
10314
12994
10650
3046
4357
5622
4127
9067
9542
3977
9692
8945
11781
13071
4428
14188
7945
3678
13585
12597
9026
13276
10149
15212
8625
13829
3111
14246
10387
8
7257
4203
9191
1703
2610
14513
226
14063
13062
8886
11833
5847
9175
4382
12043
15256
7535
4584
5860
551
8767
5885
3698
9631
13437
10758
11341
13432
5115
8015
7719
2422
1078
2932
5375
14581
11968
5985
10302
2571
15145
12247
10127
9742
5809
2794
9278
6878
14996
5554
6105
11365
16159
10275
5135
7368
3996
5658
2194
7833
12330
6959
12993
9505
15405
9854
10956
6877
9160
5968
3538
4618
8121
26
11969
8435
10219
10359
10628
12114
2638
13255
10666
14294
4685
15781
12842
16005
12863
4014
3642
448
9457
16337
14907
16091
14832
4854
15389
3333
9310
478
14176
8008
1728
14344
2908
9922
15444
190
6584
10081
16007
9313
5351
15331
608
10814
10644
16167
981
14667
8713
12511
6754
9
2456
15783
15577
3935
2844
1005
8878
9818
12311
3069
6388
3877
3373
3016
3719
5902
10288
15381
14459
11042
6334
15429
14609
8318
6738
8224
9636
10990
7650
14771
14557
8329
11662
4746
5775
16070
13447
8939
1691
615
5401
9372
10971
6963
4499
1080
9846
16164
10475
2125
5833
12052
13904
6309
5434
12760
5755
12647
8151
7622
10319
7327
14254
5972
11543
15216
8847
7160
2682
7512
10239
1526
10763
2984
907
6214
2751
15974
347
9829
13090
5454
8727
2927
2438
761
13746
16199
1531
1179
1585
15034
11892
7708
8753
14700
6869
4500
12968
12627
9057
12290
10344
366
340
15333
13060
5264
9443
13624
10418
1108
6836
8927
2024
11285
9855
12982
877
10664
6302
11266
3946
628
5133
14756
6624
2176
6476
15214
5929
10079
7318
8117
6957
10164
15602
5840
1219
15891
13446
11905
14765
1684
2969
5897
6767
1247
5240
6197
4146
10727
4124
1967
15005
10918
13948
6144
12126
2548
11241
6455
8411
2817
4585
7353
12512
12195
16076
16193
10383
4259
14669
5834
16026
10686
11550
2763
13111
4872
4026
12678
5667
4034
7268
7508
14377
4298
4279
898
5768
10870
13208
11037
126
15956
12775
10940
10534
5360
9958
5879
13502
8448
6684
6820
8950
2541
15819
5356
9859
960
2559
2865
15350
8473
3384
1433
3066
15960
2733
3843
6520
3327
13199
2921
3109
4493
1657
6633
14400
1085
4851
517
8075
15546
11482
14545
1687
2054
6204
612
2935
8481
11348
803
11124
3318
8022
14723
9544
8785
15652
4452
882
3542
12312
7289
3664
4396
6637
6811
4457
3091
2586
9771
10189
11071
1199
12996
15173
13984
15366
11989
11329
1140
4399
16296
13811
12437
6744
5787
1271
7242
10794
827
10753
3670
12468
11343
2605
7308
10600
9980
8142
4812
9875
52
14959
7054
2204
9592
11428
11669
5007
3899
7821
16316
4198
14114
1295
405
9891
516
477
15950
4468
10032
12529
1713
10636
12802
10911
15468
11214
12716
1060
12810
7810
3486
5363
4907
9308
4597
2475
12019
83
10116
1207
11880
14524
3520
7226
13459
4193
7656
1920
8806
14626
2340
1338
14858
1912
4742
4832
8397
11144
395
15387
16352
1772
7299
2864
4752
10685
12067
1088
2033
2448
4657
990
1241
3097
8046
14852
1467
1382
10394
9575
6502
3399
13091
13020
5692
275
13677
7503
12086
11475
8469
14787
1114
9921
9882
1879
11021
8627
4548
13665
7699
6038
11146
12327
4402
6929
4133
7089
8475
8428
9985
14118
2996
7590
2020
15578
2950
762
984
9471
4562
1557
15189
10049
7484
14523
14948
9481
4636
6521
9947
14460
14788
5774
2704
3865
14676
10722
8850
3322
7181
12809
8178
4246
15397
6211
16103
1561
15970
10776
1054
3154
15992
11829
5873
3792
1117
6423
6634
12252
10671
1160
2364
4463
11764
13833
14091
12834
8426
9683
10766
2366
9280
9213
8993
5592
9337
6140
15949
15073
8477
7904
16061
9867
7979
15669
1987
11489
9552
14782
9018
1321
11920
369
7791
14396
6440
11790
2353
6015
5409
11809
8358
7260
1101
13609
10406
11371
16224
9820
9244
14515
1362
8440
10151
16374
10623
11574
3352
7619
9353
14873
13094
13311
14317
2858
2557
7560
14905
288
8322
2263
1714
15775
7849
11874
15512
15651
15826
13717
12720
12623
2087
3559
7028
6675
14489
5105
16161
5580
2734
12774
4553
11508
7829
3103
13739
317
5828
1455
15756
10919
8720
1099
13347
9047
3779
15712
9670
1704
11897
15091
12783
849
520
12255
975
15825
3641
15588
1120
2535
3800
10884
8509
9274
14129
3891
11011
12286
9705
11998
8037
5334
13990
2283
11493
8345
9211
11309
11797
16108
7576
13972
9380
4222
10847
11230
6731
5966
13506
2716
4802
7328
97
15824
10400
12186
15024
13553
7786
12922
5477
10509
10283
6997
13626
14066
706
13596
15138
2425
7422
6427
6879
12526
12644
9351
8277
12170
6960
10916
9265
601
854
1139
263
5745
9207
11499
7175
339
12514
14618
13508
7039
14570
6496
9109
335
400
2846
785
13429
1971
12817
5702
14622
7015
3870
5933
16217
8570
6671
3523
15007
1904
13543
7324
11965
6931
8226
6868
8991
13896
3849
6090
11784
2059
12853
5168
6510
15129
11870
9192
10174
10131
9388
15628
3341
6678
1388
9687
7772
6896
10737
9110
15201
16264
13031
6871
13583
10158
13564
15146
12736
7944
1515
6060
10143
11267
2696
5284
5547
6998
13877
1644
3469
6654
7131
13524
3094
15996
521
4330
13271
9222
1785
3605
4885
15951
1813
8439
10479
16006
7877
11562
2884
9523
1211
16349
499
3562
10520
14141
2003
10894
6369
15427
7343
14992
13937
388
10279
8516
5191
5505
13939
10157
11828
8502
8074
679
2482
14666
9246
8270
135
10762
3750
11915
4954
674
672
12546
8789
10764
14648
15184
15780
8603
12138
12887
3546
9510
919
7223
15656
14818
1159
7974
189
13105
15050
4627
14893
555
8901
31
4827
2558
5408
7587
4217
12394
13270
10988
1938
3363
16208
8640
15329
9998
573
7002
2356
3284
709
3184
5300
8365
7019
5121
2905
4629
10099
3683
15278
4359
13503
6669
1158
5601
6908
7673
6921
2764
4866
3555
13747
449
12002
12041
15603
14809
9190
5425
9757
8004
8202
10936
13033
8690
15668
13321
14721
7013
9063
11814
6042
11075
13530
9397
1214
587
12612
3788
5871
8480
4226
12190
5166
488
12403
8228
5765
2421
5927
10471
5190
626
14200
13532
1781
13454
14632
6469
7907
1417
9973
2894
16251
2349
13273
11471
15099
13932
15275
14697
13156
10191
10238
13527
8462
10813
4427
4263
2829
12570
8375
14926
7828
6607
13236
1730
8356
8070
13010
4163
7953
13146
11846
15501
5324
11319
15857
1593
585
13778
11726
6054
1223
15049
13899
14156
15743
9507
13668
5111
7231
13076
8402
9399
14258
15608
6841
15165
11927
6230
4003
11948
4360
5561
11415
10109
8814
4840
8752
11552
4075
3146
10519
312
12517
15125
367
5366
4591
6194
11843
1036
7413
11615
12051
8552
6892
14046
10512
5146
11850
1592
8772
4694
13842
676
16152
12183
13619
11306
16283
5495
5550
9578
1250
8229
742
1523
11518
202
3809
15137
387
8507
14004
1807
2512
64
9939
9509
8350
8869
15092
1718
5797
888
7617
13145
14595
4994
10134
1943
12324
12135
12136
4971
403
12840
358
14734
4653
6471
15346
1481
14355
386
7228
1077
6248
2602
222
3615
14008
5838
2148
5145
5577
900
16121
9420
11327
15076
7247
10308
2367
14005
1395
8725
14690
15228
15105
4036
1739
13142
11263
7978
12978
13433
670
2075
789
5758
15692
3624
14337
5713
2178
5883
4604
9394
15543
1275
15019
5266
577
11183
15636
5005
13731
2028
9429
527
798
16124
5258
14592
1880
1914
875
15038
11770
7350
4042
12062
5914
8798
6210
14450
5298
13082
8532
15886
9824
12871
9783
11350
5935
4479
4942
11787
13771
6650
13291
3442
7185
9709
13457
6378
2450
13425
12237
4511
16119
8499
15790
244
12127
5056
14587
2046
15649
13267
6270
12155
7418
12995
5674
3742
3937
9267
13579
14506
12548
2784
6591
6795
9263
7151
13801
15343
12671
14185
5110
4156
15752
4304
3558
1406
1209
4979
8589
8519
3088
15709
13807
14761
2238
12981
8782
16064
4227
15302
10416
12688
11176
12021
7886
15369
2115
669
13379
3764
10260
4952
12490
411
12499
11160
14218
2893
15686
11776
15220
5084
14649
7973
3682
2158
12087
5391
6708
15085
9940
1285
868
15107
13272
8493
1925
8615
10115
4961
12662
3527
11904
842
8032
15796
7923
9208
12907
2600
5625
1981
14257
1882
6184
434
6556
9426
15198
1892
9599
4475
9601
4518
12629
11115
16350
14013
14284
14752
7603
6687
7190
9979
2246
6765
13118
12527
2350
10770
5689
10477
8232
7702
1517
13928
14155
11243
4194
9794
9245
6289
6254
4155
1052
13898
1958
14052
8443
8042
2564
15978
1302
9568
11050
4422
3343
14951
1229
469
7154
1454
200
567
16330
6068
2773
13017
11083
2415
4084
5393
264
11650
6651
473
3310
16212
8388
9605
2939
8887
9860
13505
11271
14160
6798
11370
3139
2216
4616
10268
4405
9254
5821
11171
3634
7952
13870
13660
9598
8934
5055
6835
14900
16254
14370
11836
6152
1956
4522
311
4077
6613
11673
15957
11298
7868
10393
4228
6747
13092
16120
3831
10447
2258
14110
10413
1336
4647
10611
14477
3361
1215
2790
16362
3185
2848
13647
12661
13625
11112
13565
623
9608
1827
13085
5201
15782
1848
6579
242
1918
16194
3576
13102
15068
1964
1519
1021
12460
14978
8048
821
11447
4099
5257
6133
7761
921
9032
6834
11553
3818
2774
6271
4502
2827
15317
7595
2088
747
10964
11899
9550
9012
3796
3206
3706
14153
6716
16025
10
13773
3360
16230
11844
15051
2698
927
15837
1846
9761
8023
16268
15704
5312
1757
8405
10630
3177
8319
8758
8311
6186
9786
14975
6659
9206
14415
15378
182
7436
6004
10048
491
9577
7724
11807
10198
13176
6275
15552
4519
5820
10731
2160
1191
9124
13954
5928
14635
12007
10212
4823
9722
5261
1924
4750
13012
3406
15788
10469
2545
3144
4356
4013
687
12335
7096
14885
13029
2111
4968
730
16187
5647
5684
1038
14316
10605
3071
11581
4908
10504
5481
12056
8094
14520
10270
9299
3856
3741
1096
16037
6482
1368
8233
6425
9158
866
14594
7286
3181
5715
4079
14142
9077
7216
183
6621
3882
10064
3178
4614
13343
5744
8580
1053
6610
15244
7291
3677
8685
3451
2067
6468
775
8372
13694
1426
15683
7472
6788
13026
1612
1551
4899
9564
7447
15928
5695
5531
7938
8618
1178
13783
10854
15931
13951
14041
9707
11593
11212
13370
7085
925
14429
7036
12035
15490
9259
15918
9511
6703
13284
650
11305
10399
3237
15255
1629
9270
7766
11932
1534
6888
11529
4980
5943
6170
10810
15094
153
7099
6182
12022
3524
1661
15204
2885
8745
14521
131
6796
1328
1715
6033
24
14884
5193
349
10060
1138
4046
5142
2821
4902
14467
14216
5033
3075
5609
11081
12304
4066
4957
12440
4818
1507
9738
11420
2476
5066
13279
4420
10966
3548
5083
10755
8953
829
7751
2433
14997
5942
16347
4095
6983
3926
11321
5919
7842
14516
4286
589
7312
11239
16334
10581
7360
11931
6429
7410
13435
6538
8924
1013
12603
11696
935
7736
12998
13580
3272
15640
1132
8838
15923
415
6515
8331
10899
3686
8030
16226
14311
180
14228
1059
6858
5909
12500
5952
16375
5831
647
5497
9428
15303
16243
11022
12631
6190
3821
260
6252
5696
1290
9029
6975
3622
1829
11981
14375
9826
15408
12789
1029
13656
9034
6926
863
7985
14902
2887
14169
4045
15762
16013
6814
15849
7395
6903
14001
2555
2686
10622
1709
7048
8741
11017
2144
13399
13514
14537
10806
3953
7207
13703
1989
1442
1841
5075
2967
9025
8340
2235
2668
11126
3472
4588
3627
3065
13136
14000
13283
6488
16364
14009
13866
15412
10274
15086
16249
7238
11036
3059
3165
8781
5272
809
13720
5045
5196
12348
5861
15442
8013
14030
3474
9641
7440
8026
14397
10962
3357
2895
13961
4169
6014
2473
11564
9178
4634
7121
2082
5164
5865
11340
9561
7446
14522
5866
725
7665
4372
10237
8254
2319
15646
5739
3239
4560
15020
4291
2048
4784
13004
11077
7294
421
9613
9638
8479
3480
7061
4704
1216
8829
10264
5848
11016
8367
246
14714
8024
10285
11004
915
1452
5904
4424
483
15012
13431
13943
12128
9639
5926
1057
522
14315
16326
6192
4096
15524
15621
9252
7097
10108
9141
11161
15964
7046
12224
663
5239
12293
1844
3790
11872
11330
4160
10809
11217
643
14849
12331
16238
1047
12107
9476
13114
1023
3432
16157
707
10247
10949
5722
15622
14584
12493
15911
15695
10326
11416
14293
5215
800
8281
13337
642
15452
11708
13421
12338
2926
16014
8360
12236
15860
3594
4215
9473
16382
14658
12508
14877
330
14910
2995
12429
8374
16301
2650
7853
2248
15354
9756
2977
1334
9282
9369
1377
12946
10364
8721
12935
13024
8709
1931
9838
4836
15176
6264
6087
10467
15170
5734
13859
1106
11926
4922
2975
4651
3410
12461
7633
11681
11670
16236
10709
13328
6974
4184
610
4521
