373
143
4544
12558
14636
8984
6720
15231
5447
10630
14012
5748
12945
9455
6344
1911
2348
5481
10879
3074
8367
6283
14217
6864
10589
655
2247
15432
1518
6145
9571
11438
14527
14247
6175
5595
1224
2246
15647
13055
15367
4529
5615
2583
11063
13947
12225
8595
15197
5296
12951
437
6551
14186
929
7859
1260
2627
15869
13704
1679
966
7773
2227
12298
518
9734
9094
9914
916
10074
2186
12013
12700
14725
14010
4897
11808
8235
16005
10447
2207
3481
1836
15386
14842
11643
9620
14607
14356
7754
377
9796
5293
9311
6970
11149
10438
8943
3196
13556
1151
9957
15136
8152
11254
8155
2279
12575
13691
15532
1002
15548
5544
14630
15825
15013
11365
5370
7293
10545
12771
2490
4965
6965
8221
7154
9545
2468
7037
6525
1078
15392
9855
7115
15079
5191
16262
2376
928
5718
13780
2972
4976
8241
11241
12533
1852
1859
155
15882
3260
12247
13477
10638
112
12928
13322
9546
16325
4651
687
1635
3448
7232
6625
4255
2477
12481
1375
986
4789
12426
2822
16344
15426
9452
2648
1039
9517
15300
1424
7191
12998
275
10040
8869
2285
15569
13027
12346
1266
10184
8649
1413
1254
1443
12617
16138
1556
9554
8313
11005
3443
450
12691
961
4341
10591
7810
7992
14869
10009
14662
6430
15767
7756
9355
1746
2895
4507
53
14418
9381
5969
3624
9456
7433
10167
3037
14866
14714
9171
5175
9612
1294
3078
6993
11007
12106
6579
2702
10353
322
468
5894
5841
5686
8705
179
8550
8121
12878
2036
10416
6786
598
6609
8871
3869
5708
11382
4461
10560
8537
10874
1353
1848
12423
15140
13933
5555
9718
7710
15232
8525
13752
11044
6823
5987
14310
10700
497
1053
15812
13442
8894
2788
9037
8182
3167
3933
6491
11377
5337
15874
13686
13030
9787
2993
3549
12314
1156
8855
6626
5989
9284
1007
2903
3660
3281
3310
14590
9600
12564
5773
15641
16075
16291
6076
12816
13332
9784
14786
9633
4095
5450
7426
4909
4019
2942
2725
10766
10417
10110
12046
9322
6830
11079
5282
9719
15338
309
420
15146
15171
5829
33
15980
933
16232
4271
3766
5238
5281
1163
7442
2268
9670
3921
13910
3813
13174
1024
3662
1639
4079
5913
7416
5509
9300
2135
6501
1567
9827
1089
2280
4565
1243
8275
13869
5752
8185
12187
9387
2503
10484
15592
13700
9604
7734
711
11385
13404
12695
5276
13069
12543
12249
14227
10317
13151
7481
9088
12942
11010
14697
2814
4460
3532
3729
12375
5700
12904
12348
5903
3745
11262
15798
5046
5217
542
8844
9221
5868
12344
8092
11727
12107
12645
13352
820
10645
1489
14986
9669
8200
478
156
5505
7905
5606
6544
9092
663
10614
9992
13708
15000
2790
9235
15931
8771
240
13493
6278
16115
6253
14237
6929
71
9445
3254
7188
10833
12694
10551
10039
9722
12885
12703
755
15876
10452
14671
4659
2883
9163
10151
2107
13056
11132
824
265
9349
14629
10183
11364
15098
13302
8063
12347
2963
4546
9089
5522
3381
11521
6134
12770
15694
5004
15472
11085
5130
1757
8679
15937
8412
14314
3862
416
1493
4229
7456
9415
7157
16039
372
15761
12780
15648
1494
8561
4161
9538
7975
1601
12541
6449
2540
5574
10637
10355
10030
10522
4606
5192
14177
13799
10289
14273
4028
5354
9453
6670
10494
8002
13211
7752
2317
14296
1437
6279
8726
11901
575
8349
12911
13017
8282
1406
6139
6030
12143
11166
13283
1261
6196
3275
1141
6724
2046
12526
2900
15984
14886
457
9104
1255
10091
9004
5591
8708
1478
1540
8605
14429
14850
2389
5996
9122
1853
3449
16052
13367
10534
3317
8081
10932
2051
10454
15104
16177
1049
5032
10300
8387
8210
2061
12090
15191
8839
13400
3150
3895
1168
4260
3778
15696
4736
12286
759
7223
5320
12060
2018
14782
1499
6441
11127
12011
14971
10997
4294
3850
7515
3368
12555
7918
6943
7026
14669
4136
8360
3173
3757
15122
16105
15434
15460
9242
11930
1931
15613
520
11344
9848
15430
10597
3418
9930
911
11743
10631
6122
15491
14126
3354
14840
124
2428
7252
10029
12698
2340
14462
13038
236
4420
4922
7858
12126
10784
16085
3528
12682
5747
5799
11032
10921
13713
7619
4189
5429
6150
9688
12594
3683
5985
7570
7494
6406
861
12988
11803
3046
4571
16060
15687
3396
476
16326
8601
11737
8123
13497
2740
11159
11685
10850
1389
4934
6445
13844
8472
13368
433
9090
11550
8408
7194
13724
9865
5762
7411
14343
8183
9797
9150
8178
1374
4037
7750
13468
7388
6048
8924
10274
6956
10294
1910
10643
5362
5334
2915
8940
394
2329
9754
8604
1010
15454
1351
14772
342
10005
3594
10801
8140
10513
9219
6986
13072
1740
4875
11957
14792
7608
11884
3801
1772
4295
750
14127
584
90
8195
5897
10915
5153
7979
14773
2396
8837
8325
2258
10993
4876
14216
12955
5623
272
3402
7990
12814
11031
13390
14880
8477
4504
15553
13487
4636
11
6090
4274
3423
10791
6888
7030
10142
685
11458
7828
7126
4089
9084
148
1972
7930
8495
1462
13702
13964
11931
8732
10586
14204
12120
3291
8815
537
4750
15524
15529
8640
2675
14500
7647
14281
3210
7553
10089
14053
13060
1750
9557
6878
6060
14604
4844
5941
14996
7174
14375
15557
962
2089
5284
11635
2888
13657
7967
15394
16228
2856
6412
10737
5587
2488
16161
2684
13523
3507
9419
14777
12869
6884
12750
5690
1696
3290
15327
12633
12996
2203
10014
6025
14358
8441
7600
7499
12425
15215
63
12035
15180
1066
841
11202
14175
2610
2931
15358
134
6136
14804
9551
3379
13388
9271
2882
11002
5002
12235
13181
13327
4543
7691
13125
12324
2041
8529
4959
57
2015
1346
6466
3605
10386
1184
8611
9907
10511
13414
3604
2507
5390
5628
9342
1805
4883
1561
13478
8784
11407
9101
8868
7740
14390
70
15671
4923
3165
13254
16050
4690
15717
11139
10752
4811
455
7189
3846
16145
15317
13066
2240
1170
8665
7
14809
9031
10778
13588
12929
7165
14155
6685
6486
15225
3917
940
2938
14999
11396
10033
16074
345
4426
13183
3727
5974
7657
8810
14114
4719
1361
10910
4292
9665
3294
1038
9998
2863
7470
2480
8627
10805
13982
6881
13169
11656
1587
15438
15145
12754
4065
14693
13252
8923
6913
13896
2940
2454
4800
8749
3658
14410
9416
2422
9742
7244
9580
7076
13453
4180
1854
7660
14330
10051
13610
8637
9887
6504
2006
2007
16093
13798
2799
9490
8697
12414
15455
15816
1329
7403
10888
8430
12139
15053
11271
11126
5258
13057
14951
6558
11074
9810
2463
13330
846
11721
3370
10628
243
289
2491
10121
11281
2328
14681
8199
2860
11578
3879
8760
12108
11446
10224
6340
14052
7893
14892
1590
13755
12854
14547
12161
5898
13167
14286
16167
9424
5950
4511
15380
10615
6688
12976
10707
8124
3697
1765
3295
7224
12337
14980
7946
7142
13537
10202
8304
15804
15288
3861
11859
101
9942
12740
7886
10872
3241
8342
1992
10952
10211
9838
13188
7455
11494
6414
10590
4924
15959
9321
745
5241
646
2699
14570
1113
11888
9376
13379
6169
14264
3104
9013
14546
15015
3158
1827
12797
553
7329
1487
11143
12722
11608
3168
13396
10310
9696
15414
10754
1185
7210
13540
12947
7914
2837
5156
11750
7590
10789
12833
8819
5174
9379
11441
5828
16170
16053
13133
15484
1460
1129
3130
6682
3109
12463
8677
15527
4655
3017
1634
3148
10070
15124
5412
15272
10812
10671
5992
2701
6094
13675
2483
12460
7489
1880
14682
3072
8884
5977
7779
12371
5707
14498
6216
16263
9369
7319
14598
264
3359
2865
11966
7000
4536
15704
13405
2136
1059
11630
14602
6483
3024
14888
13510
14198
14862
5590
6665
902
11145
14118
2796
2665
12228
6472
14411
5097
10946
12944
1087
9225
16047
6781
5405
11689
13342
10204
7639
3285
5393
8067
3080
15162
14278
14558
113
4302
1469
2695
15224
14771
4610
96
3524
10804
6886
79
14359
16070
12889
11090
3916
6773
16059
15076
6766
11981
7898
15365
8881
12388
1277
5374
12953
1240
2231
900
12071
13295
4074
9530
8463
21
3807
3036
3943
11484
7943
4268
13539
6963
12461
4118
8823
3027
13558
84
9756
10935
10828
5809
4597
6771
2508
12265
13975
1810
4692
11688
5211
13410
3363
13734
8942
15918
2509
14037
1932
7949
1142
2437
5172
3756
5526
9173
521
8054
6147
5736
8523
9666
3367
13886
2105
12673
1134
2190
15726
7432
6951
1470
11015
10113
13514
15525
1800
5805
13032
1589
8048
9849
8998
9943
6698
10248
13195
14354
5223
7451
5280
6357
964
3362
2194
252
8427
11016
6027
2117
7419
391
2102
14179
7925
11655
8951
7911
5448
16250
11648
15940
5464
6289
2150
177
10069
15640
15266
5122
9272
5367
5766
14933
3619
15910
13426
4196
225
891
9518
208
16046
2605
8005
9460
3215
6247
6398
4519
4190
1429
10413
15615
12679
14017
4623
4743
15039
9691
11187
16007
12858
2115
1364
13132
10186
3203
12618
15340
10021
9105
5000
15276
5116
12185
36
13645
5783
568
11210
6443
3435
5652
7247
11606
1327
12599
1268
14407
9622
12336
14599
10813
5924
5488
10639
8744
9521
6962
15281
13073
14234
218
6228
15946
11503
5124
8444
4910
12273
13586
11668
4023
10450
12865
6321
5237
7454
11175
8634
14637
6203
9413
13290
168
10641
596
6664
8338
11218
636
7071
12403
3311
3853
11006
3711
5740
7196
13816
12200
12131
10762
11232
16008
1633
8232
10743
4382
3019
15478
13161
10980
8245
4956
3982
8916
5627
16013
13234
11956
12711
2069
12696
11762
9059
4951
5449
11369
8131
441
7164
4877
15165
11625
117
9247
1145
12977
8016
12318
10777
14988
7376
8879
15793
13996
2097
11618
14483
3655
2152
12276
12430
385
3382
777
1920
5589
9862
12435
2166
556
5648
3384
13808
2149
6695
13203
8407
11226
1350
15177
4573
5350
6294
13771
13206
588
15957
6718
9166
15093
1251
1791
6478
2266
11221
4857
9295
15853
456
12612
14389
15044
7449
14503
11761
5610
15412
10364
1806
1676
15866
8137
14084
4395
8852
3957
14573
7977
15139
7651
6120
5478
11591
12186
1295
7050
6952
13832
7429
7552
14466
15676
15760
424
4377
16285
14447
610
10192
11923
14316
5530
10907
49
6512
4237
5493
1838
9348
10527
11599
10328
11331
10716
5221
3641
12935
12482
9708
1912
1282
10770
3427
6000
18
12800
2606
15389
7999
6934
14923
10792
14941
15737
14666
8551
6306
11252
13147
14128
7555
13456
12294
5529
10360
10002
627
14241
1891
2238
13545
216
11800
5653
15082
14507
8531
5259
2588
1132
11326
8970
5180
6753
12627
12152
11879
4898
8097
9193
1645
2239
8490
2451
2600
9328
5843
7513
8486
3040
266
2747
1085
8489
6500
9139
7056
922
474
10346
13705
7506
10223
6560
4233
4465
8703
4289
7084
12074
10141
3012
13547
15712
6317
11109
5827
4073
8394
6795
1193
15248
10056
7098
13965
1305
14078
6765
2162
3819
12498
6305
555
11361
5080
11595
10116
5944
2127
1741
15285
54
2156
5552
7236
3948
0
570
897
14496
12054
11368
13963
7266
15382
5385
9218
15447
12781
13774
10059
14732
12625
5409
10019
748
730
285
9990
2880
6806
9697
12180
8990
3558
12147
2516
2415
1557
11104
14758
13538
14399
2124
12529
5442
11448
529
8755
702
6167
12114
14269
9044
6903
12163
2935
9677
999
6275
3249
1377
4870
13150
8827
6851
8763
15345
9325
14563
16354
8622
2743
241
11414
12455
8262
4503
11246
13359
5111
11935
3476
9919
667
4673
4339
12705
3650
16139
4372
6833
3703
1264
10307
10807
6054
15187
16176
1464
5506
7895
12033
2048
9558
3172
16148
16245
10514
15961
10699
1426
11636
3219
12176
813
10744
3828
3500
9470
11067
8883
2346
15299
5672
7856
10926
13621
4785
13039
2722
9962
11838
8078
5324
11380
15800
3349
11111
2078
6831
10239
14872
10042
13129
12925
6268
228
8836
15794
752
2023
299
15200
14183
12725
3764
13241
11979
1159
8896
13163
15597
9249
9761
6053
7279
3694
15716
9918
16166
1664
511
11810
10954
4241
3274
5780
1102
7261
7378
9081
3774
2262
1941
7113
8806
6637
1593
11078
6778
8376
5335
1976
3752
7331
10819
9543
9265
15568
5955
7493
6696
11918
8588
15653
9220
5811
10427
5072
14538
215
379
7277
5090
12668
7133
10358
2868
3530
12741
14060
926
1507
4822
1107
9042
11142
9969
10909
4036
8641
15214
1291
14963
10751
3205
6042
4172
10279
3832
4553
15809
1794
390
811
14759
12366
12315
14077
16371
6021
13927
3793
10369
13519
1550
5844
4548
1965
8116
3791
11411
4795
12145
9248
4114
16348
503
7796
15179
3726
13375
3651
15143
11314
7326
9427
2182
2164
15431
9755
5803
6405
3576
8904
684
15469
13634
9282
11351
13476
12875
5617
10156
6092
7765
4502
14086
12859
7951
8279
8277
234
4482
6534
12549
14161
14244
11381
3555
2676
12472
4763
14721
3739
8626
2387
9102
9997
16198
16246
2040
6304
15263
13979
4557
16312
1828
9641
810
4122
6316
5981
13446
12896
8560
12848
1017
2423
10367
16234
13644
8474
15050
2211
14394
9795
12383
8401
11581
952
9496
12798
12288
5820
3802
12166
2419
10176
3426
16049
12408
9003
15665
6229
2556
12422
6485
8090
13908
2425
10794
11467
15407
1551
1292
10052
5368
176
11224
2853
10305
13602
3394
1727
10153
9230
7323
7747
14796
5303
13791
7160
2412
11875
1519
5909
832
4453
14620
12491
16356
13044
13261
11289
1293
15078
12213
11526
9175
6423
3340
9443
1982
13796
12115
12666
4053
12923
13848
949
11134
2506
12613
9542
11395
6045
15735
7317
3425
1564
5308
13101
8856
13438
5028
2519
13492
6756
13041
15328
4526
2884
14762
6333
9946
6095
10786
1216
9927
14868
7520
6098
15206
1047
13021
13109
4285
1285
14074
16201
5214
11222
8075
9107
5417
6643
1421
9054
7735
5684
10022
3201
8716
14348
13535
1325
12345
6847
314
11504
14283
13243
15026
2064
77
8000
8473
5254
171
10882
6714
8368
5463
10554
12568
10857
6487
8007
6019
2913
16271
8069
2594
9226
24
839
15833
4249
1670
15636
10745
9578
6186
5161
13824
320
10867
1257
1136
13988
6644
5497
6315
7980
1712
7847
10230
11832
4200
9961
15585
12313
8570
13067
11117
2222
9471
14279
10798
7483
13308
13088
7587
4757
14364
2237
14795
3039
159
9549
538
13929
6874
13552
7014
8889
2349
13706
2901
3489
7744
5086
13912
5559
6075
11317
8021
7760
7144
13578
13570
9145
5285
9816
12165
14374
15116
4706
7324
12001
10071
10916
3677
3436
15955
9850
5078
5483
7673
2927
12630
4602
6172
9981
7202
4434
11466
7358
7564
6132
12641
1029
9048
9968
9252
14423
7679
5720
5960
7664
152
14149
4807
3456
1652
4054
3283
8639
15045
8046
15425
386
353
3503
3198
14977
12714
13669
4170
5677
6241
5193
8609
3537
2871
11049
12791
3971
11223
14130
11198
7055
11264
108
1035
11644
16184
6314
3627
4829
8647
5945
14218
6822
8072
145
7541
14224
7838
7170
9871
6083
4797
2937
15378
9695
12478
12849
12081
11315
344
7283
15602
7105
15090
15398
1367
15523
12002
357
9619
14036
15262
11387
12339
6702
12162
9009
14311
8242
14752
838
5583
10380
14791
5023
2500
10491
7510
1341
10585
10259
606
1508
4397
10065
16032
6326
6909
14680
4999
6221
271
535
161
9582
16109
15506
2625
16350
967
201
14085
4911
8925
4442
587
16057
14025
13636
7171
2829
6593
3941
6219
10662
3413
1682
1195
4988
6809
12181
7783
8847
11945
12018
7471
9432
2322
5500
12537
609
5356
2573
14312
14119
2434
638
4880
3891
13000
9570
6554
12554
7059
9257
1985
10756
7900
4014
7778
3404
11144
8283
9019
7957
13165
6274
13527
2653
15310
1642
3995
11754
2260
8733
14551
4696
6125
5125
10332
1953
5411
1603
14806
7075
13219
5081
3784
3585
11690
11003
5477
7095
7829
5675
558
13767
9142
15587
13536
9844
15646
14749
11654
8874
4276
12528
8960
10340
3712
7982
9737
14433
12622
9638
1144
12927
14991
5659
2621
14945
1538
1288
5549
6703
5434
4751
9178
7370
3258
13617
6113
15805
8049
312
14192
13138
12170
2274
16331
6087
15848
12769
5029
12721
3616
14533
12277
10979
6923
5024
16308
13837
822
12356
5336
11523
14645
15347
15461
9721
3642
941
1228
6981
8934
635
10660
1885
8074
14485
9115
14125
9479
7623
14961
1775
8457
14569
1339
3174
4408
13584
9760
5
14132
4947
7669
14828
4899
14779
6653
16314
3050
1795
1082
13369
6539
14328
5427
3543
9632
2388
7517
6618
29
2555
4907
13059
6750
10174
3546
2264
4591
3878
12059
15709
14639
88
6456
11051
2758
11340
4982
2335
5689
4348
5699
5911
7696
7083
15628
2505
16011
2528
5433
6084
10421
15208
16087
5921
9109
2815
5435
13024
10475
14859
11785
13386
7103
15312
843
5088
1575
3390
470
11321
530
15482
8224
11509
14481
2457
14747
8264
4421
9404
7593
10535
6650
3696
5759
489
7408
1899
15777
10608
13649
1121
9937
7172
8484
11294
3980
13122
5441
15088
4888
11517
10897
14665
8720
3625
6621
15763
5698
9483
2844
2484
1594
3620
5817
127
2892
395
11949
10337
14578
10090
7435
7637
10320
4580
15715
1095
8988
8526
14492
8510
857
6224
4256
14879
2746
4539
11163
10836
15858
7473
1861
6529
14633
770
860
1417
12374
5650
15474
3233
3301
11669
12504
9636
15619
4775
2515
724
11499
11288
10262
6108
3617
2638
484
10567
3678
14882
12387
5618
9769
10877
15172
14720
11157
9151
4762
13919
13692
4793
2751
7234
2295
5266
5721
4450
10735
269
16341
14568
166
9559
4633
4686
9165
14068
3463
10845
1705
1524
14378
1410
12572
6850
6759
11758
12729
15667
9132
3864
327
7005
8372
10374
3153
10154
6624
5007
2256
11174
13416
3621
11594
16231
13654
6033
9743
6286
9026
9738
4137
132
109
7635
8521
12565
11290
15058
12083
1662
3077
3151
5068
15227
3175
10045
5586
14317
1130
14108
5439
4462
7954
791
8906
9950
14070
15163
13207
439
8913
5997
2032
13953
13236
15904
15684
7996
9614
9264
7158
15668
1520
13622
3928
227
13967
2109
2664
2637
12901
14005
4779
8830
15267
2757
10093
8633
7682
10383
13978
10592
11728
764
16323
8317
1205
15173
2001
3113
12937
4140
2920
1560
15391
4436
4952
2058
818
1510
9985
16055
7835
4425
4356
11301
8919
3328
12050
10998
3517
825
14520
11421
6680
8223
6056
13232
11713
5378
1855
657
7824
6516
13395
10402
5848
15554
15065
2831
11130
9513
817
10515
9560
8370
4338
10467
11547
7854
13608
3403
11199
354
16260
11679
10249
6319
13607
12746
1739
13542
6684
12066
6260
7217
12520
5026
6799
13809
11256
8456
66
5576
10460
15520
14109
2498
1844
968
3344
9780
14729
5149
11514
8834
16153
6346
6792
1730
14473
15420
12492
11896
4649
3214
11320
5302
2712
15660
8432
11452
5928
3236
7360
10203
559
4316
7560
12873
3299
11892
10084
2572
7032
13818
12624
13472
3998
8954
4551
6328
7708
1711
1265
15066
14303
1945
1382
8329
14565
5013
10607
6974
6520
10171
11275
400
2066
14650
7822
9915
3714
12281
14649
1314
4158
16337
1069
13751
8821
9548
1687
3954
1052
15883
6111
6944
7846
1110
2543
5498
7668
9531
16088
1539
3377
15618
7509
4590
14815
5728
612
4257
9523
6518
2318
16149
14663
15831
4748
8628
14471
12846
13341
13180
8903
11878
5360
6875
193
6790
2734
6458
15884
11065
6976
6721
11684
13002
12775
10809
14807
4820
3383
12309
3945
3557
9717
11569
10759
4516
14673
10100
3100
4574
4001
10901
15572
13184
14906
7031
6940
6796
14029
14517
12118
15441
14176
7149
718
12110
15610
6819
4135
8932
5873
14989
1316
9258
4235
15514
4232
11640
4647
9776
12828
652
522
16220
6662
14166
5569
4459
4015
3284
11429
10201
15159
2083
8045
8843
14644
16051
1747
2168
7207
11787
10948
9553
11119
12981
13660
2501
13753
15727
226
12667
6995
8735
14962
13441
3157
12992
11206
9454
9268
865
1690
991
5050
7200
712
15319
7603
6308
2356
3415
410
1330
4128
13201
2120
1281
8159
7776
12026
1879
16042
6323
6352
15242
5949
11670
5466
8106
9070
6213
11657
13898
854
11951
13693
6727
15921
13543
11372
1763
6152
5763
13471
2745
11729
12385
1452
6528
14306
3833
12835
12614
3814
16002
16252
11579
10713
11080
992
8980
7892
7150
8719
6735
5769
10842
15942
13544
10451
1770
1238
10489
12917
10213
9484
1302
8803
4927
2308
9883
13143
16213
14793
8273
13348
178
7060
5462
700
5098
14444
8032
4782
14163
15351
13783
914
281
6552
1023
5947
13298
8260
10574
10987
6570
654
10485
7163
10359
8600
2504
6281
3564
7661
3777
11626
15475
10226
3657
10667
9824
16169
1813
6632
16248
7145
7586
505
3138
1905
10661
12619
5535
4476
14833
13858
4667
9683
9007
15591
6349
2403
3184
6337
9653
6103
4770
12906
10569
12513
15451
472
7458
7889
10078
7292
8607
4108
5546
1289
11355
11050
8492
12320
3579
3206
14288
14414
6212
9896
4631
8721
16135
11853
12237
2805
15368
2762
12862
4085
12243
6151
16141
273
2367
5104
10079
12203
3411
3509
13319
15936
2080
150
5876
10538
14634
10696
15099
16351
12438
11253
6917
14717
1380
8493
14601
10036
14292
3339
8950
12293
15801
3769
9262
2218
4747
1928
13213
1585
34
7969
9888
64
9584
4701
8675
13266
15632
10664
3270
2485
9353
12452
4217
9080
14477
7106
9749
8795
15277
319
13623
11297
1094
7558
6882
14783
1307
5863
15307
772
1096
14211
5825
2459
4688
12322
9428
10973
2473
782
12883
3058
1436
8099
12069
6772
11298
12127
13052
11902
2979
465
3781
1385
781
5940
3262
13905
2956
5665
14476
12915
5333
7699
11379
13311
5906
7626
8927
8062
3401
12138
14632
12173
11975
14764
3705
5901
9536
851
15637
15178
2996
10370
15415
6399
13191
13106
5472
7722
1722
1219
7341
7459
1091
2964
15012
11258
6492
12776
13895
10650
15754
2139
679
4936
886
14835
46
539
8012
15932
13068
10771
15953
13385
3495
1684
3565
9208
11213
4608
15448
7147
5696
5012
5021
11847
11343
13250
8893
11366
10493
4176
4837
9363
3822
8479
4258
2980
4288
6129
1054
13496
6311
6206
683
10306
13437
5165
6476
11106
8910
6469
9098
14576
8992
13199
7070
13
4855
7409
15852
15369
13728
2090
16297
2070
2660
3083
4009
6699
13758
11906
7092
2255
7365
5256
3431
6256
15070
15334
11958
9167
10795
3131
4325
1236
6262
1980
7852
11505
6761
9603
4617
14691
10172
11220
14202
11863
5100
11704
2706
1870
2479
1663
7935
3934
3661
292
12527
14393
12872
1521
6801
8986
15396
8786
3779
5641
1480
2733
9195
12446
8098
6603
8867
13301
374
13966
2435
12229
4662
5148
2399
14333
6843
11870
8036
9941
569
15364
5322
2817
8127
6895
12433
3013
15400
8880
4
14391
12340
3749
12245
4230
798
10947
6230
15755
6097
11920
859
975
10188
5418
7054
3076
7251
10324
16320
2379
13685
11520
9763
8497
5902
3932
15030
248
3582
4759
9639
9130
15774
954
13600
4882
1812
12766
4711
12997
4223
4329
13697
11744
14700
2808
204
3967
3085
14000
460
12789
15134
13170
13019
6038
8347
2550
703
7085
15217
7709
12626
8177
10682
7209
5620
1689
7275
7297
2711
7417
1782
12708
11323
8691
11089
8506
15979
6342
14111
11555
7937
8554
9203
15935
3323
13744
15581
2384
7390
14515
9821
13350
7230
9468
15355
9562
15433
11267
1491
7715
13135
2243
2426
2613
2197
6950
3841
163
2843
3333
7530
2859
13033
115
11666
11527
8685
15722
9232
5560
939
4734
3810
8448
9158
2591
5129
15945
12058
11168
7291
8271
12483
8571
2351
882
9485
573
9588
9116
12333
4259
2930
15806
5750
8373
13128
2738
1485
7393
7865
6320
830
10950
14800
15865
10372
412
9181
15608
8542
15888
5365
15989
7179
1733
11008
9374
8995
16110
10898
7482
12196
2889
10816
14079
13338
14813
15593
7950
10760
13370
7769
3246
4261
507
310
13742
3041
3444
10905
4718
10646
3090
5821
11650
13557
6067
6043
9393
11052
8687
14917
8071
5213
13034
12260
11638
2512
4841
4298
3593
4848
14712
13998
3874
14032
8294
3053
13601
7374
9074
4887
1092
8655
2445
10412
16077
14541
7066
5117
7475
8645
6583
12916
7282
5733
2163
7883
12501
3032
9845
10684
14950
4981
5664
5539
3960
5890
10194
3550
13470
2161
3559
8547
9645
13955
325
12831
3220
12280
14535
5547
4226
2174
5751
13585
13349
3747
6610
2225
12819
15115
13139
9202
10266
11784
12171
10118
8290
13759
14838
12547
2196
2668
3707
15885
1774
4524
8502
3926
2835
2071
7609
12950
11687
1947
11739
13401
10143
6477
726
16111
14924
11570
9306
11742
15005
4773
5395
2511
2195
16026
11247
6561
10782
13115
1077
12421
14816
8807
10540
6620
12994
15126
12661
8583
376
5633
6800
11907
11413
15236
1513
85
3601
990
6495
616
4296
1623
13082
9753
8011
12355
988
5753
9085
917
2249
471
3429
2019
2872
12416
12991
2554
974
9939
8694
14855
1824
5304
1607
13524
329
10164
13745
874
7347
5106
2565
3182
9119
10365
10728
6629
14344
1296
15881
7082
4607
14265
12556
12208
13778
15861
11680
14919
16265
2562
12397
2652
339
5608
13684
5957
12579
8643
10389
3002
8023
6659
10063
9728
367
11628
15473
6524
15624
829
2513
11714
6427
14812
1172
14677
6202
6052
5679
930
11283
15324
14656
2357
15510
15480
15843
11338
7368
7294
8557
13248
14922
6731
10235
10119
11734
8865
14363
6706
16239
16222
11530
10371
7287
7995
12774
16012
2354
12812
8162
8817
8485
12376
1274
15982
10177
5128
4540
5784
1758
4851
1788
7841
4363
2217
13687
2079
514
15211
998
14137
7457
1938
11552
4351
3598
5375
47
1186
2416
14324
2981
10753
2686
16289
15513
5131
11376
2049
14532
5511
12104
1404
1901
16068
1936
11816
7816
11652
15656
13900
11815
8390
3615
11239
2764
14193
1008
6475
3990
7681
2038
13551
6497
12146
10502
2521
8890
8546
15976
6804
13681
12244
5834
4514
8024
1921
13107
11865
16361
13741
3780
1179
3504
1950
7904
6211
5604
5431
4291
9859
12702
5638
9214
13729
2325
13420
12398
5993
15859
6089
283
13997
11748
9647
9842
14731
3142
10020
8737
1704
11741
4954
8449
7134
9905
5983
5208
13726
1055
10304
5614
13245
2723
2716
7088
5915
12895
16066
10115
14683
8533
13797
2770
100
15138
8380
16352
2126
13701
10498
9994
279
2368
2897
8228
8989
3922
8758
11912
9436
8638
12357
7987
5332
2326
7445
4447
6358
8225
1969
3538
10977
1568
4760
102
16123
1111
2198
12212
10849
12616
4973
11576
2063
2962
8606
4164
11506
12610
1785
9764
7490
3314
760
15247
7486
12832
13316
1529
7097
14009
16261
9304
12689
5739
11025
11304
9765
3803
7775
181
4664
14497
10787
12400
7453
13131
4672
14608
72
12524
2365
602
8268
7227
8203
481
8469
11756
8629
10401
11805
7124
9297
6762
15966
12606
8331
12142
3251
713
13300
1433
16003
15666
12882
4754
1440
15571
370
1595
13009
9987
14837
4347
1890
13413
3490
12573
6985
14938
12908
8931
2141
3208
4428
5818
749
12737
8422
7479
6002
6901
4595
7151
4772
1387
9430
10077
11158
11359
10157
2656
8190
14811
1948
13794
632
4273
13531
11444
761
7421
12815
12609
1818
2316
11766
510
11596
2616
7671
697
13803
6140
11433
14313
2691
7702
7665
4224
6077
15985
6922
4501
6935
6006
7616
7397
9561
2975
9819
7311
3204
1978
3225
15160
3319
14013
1418
11240
4512
5886
4933
11720
7797
11827
5152
8845
11598
6386
12308
13006
5910
16180
578
9
9879
852
4030
317
222
11960
12111
2261
7998
1762
14852
4744
2909
13815
3631
15350
13541
12189
7424
9715
12109
3652
5815
13849
2269
11995
10623
6725
10120
13010
571
10818
2208
7067
16120
12039
2778
4586
9648
6148
11185
12802
13113
4499
8212
15515
6705
7257
3289
16332
14718
11914
1206
9566
13153
11470
10443
14272
8599
13626
12720
12198
9674
12217
3261
12706
13924
5496
10311
7218
3327
1384
12469
12523
12405
3069
2104
5263
13747
3030
3856
14080
7438
1046
15549
14159
5917
12331
4925
7701
9599
16168
8226
13334
15336
11408
11094
9759
8396
13339
9345
8579
11903
9805
16359
11188
14148
10644
15326
9138
7364
12982
8746
5017
5228
4470
544
3905
15771
554
1925
10064
3439
13906
9828
5440
15080
7027
11389
1837
12710
10629
11871
14916
12384
2009
3935
8482
5852
15185
8476
9601
7267
10738
910
3629
365
13671
14763
6788
10988
8272
9017
8892
13880
12499
12611
14011
9135
4853
2385
10619
16346
3548
6126
831
5436
14184
668
7495
2373
5049
7640
5387
10788
4388
12056
1423
1693
11639
527
7102
1390
6011
10665
5388
12768
4635
6189
11266
4043
4000
7648
4852
9812
6376
3843
15439
6591
5096
1297
3445
5437
16078
15291
7761
11560
14421
9699
11229
4698
81
15467
5956
13612
2224
2142
6343
4238
14236
10929
13014
15785
13568
5279
8398
14622
540
2998
12941
5757
12620
927
7009
15693
5451
6890
2533
3071
9459
6555
3539
5845
11811
16257
11251
740
14441
8193
4522
6857
7243
14494
14557
1333
1862
8169
4995
9254
3121
14332
4500
10406
13562
3572
4771
2810
13652
8688
11828
12330
3839
9441
14232
11370
7845
11705
1258
14893
5976
14431
4064
12782
10627
1811
3885
12474
6984
13583
8549
5540
7831
1654
9934
4653
16336
12621
2409
2486
7104
3544
3303
6257
11125
551
7625
3909
3854
1691
11941
1686
13491
7355
3092
6381
3044
3009
5226
13317
4944
1648
9076
10521
4198
13288
3189
4153
12659
673
9154
5702
12174
8658
9869
10870
5371
1319
3768
202
11795
328
12961
9029
2309
3144
8706
4622
9798
16036
14453
3838
3577
7359
9346
14667
582
13267
10976
8929
4967
2215
15844
8722
11837
4804
9327
2143
14413
11518
2593
14442
9940
15579
11678
453
3591
76
10196
12785
4076
1041
7412
12962
10497
3590
5186
11898
10080
7508
14379
14640
6760
8429
11393
14338
2704
7902
3116
5930
3890
4677
6377
9713
12241
10651
10350
10556
12924
14268
1516
13249
901
12352
5730
6400
89
14618
3788
14229
10130
4799
9401
4419
5767
3690
4612
9134
4517
413
15470
4824
1455
5401
5444
2449
9886
2590
10160
3341
6811
12952
233
1214
434
5995
9835
7434
11383
11333
3025
4873
4878
9932
7628
9991
15251
14981
14350
14562
16187
5556
14361
15526
590
12514
3120
5076
7807
12821
13566
12044
3719
2334
4615
8344
8326
5047
11911
10558
8800
5584
12014
6590
16020
6307
12765
9710
12432
5779
6998
5602
7584
7431
6746
9681
11048
11103
14942
5499
9016
12307
15747
1584
565
11345
2907
11043
2912
11146
13434
67
6738
6435
12082
12810
12233
3876
4369
3799
52
3485
7250
3743
15487
14449
4252
14858
2929
15590
7814
7122
12487
3430
10445
10206
6542
1884
950
3665
6369
9049
2673
7757
15209
7367
4016
4104
9643
15166
11712
3545
5598
15144
8115
467
528
2708
3459
4203
3361
3700
15718
4713
14843
6972
1731
7794
11584
7711
16378
8039
2944
2223
5232
384
7002
7764
13781
14301
12637
3710
13812
5966
2864
3581
1431
12503
358
9583
14061
12820
9782
10721
1777
15043
13764
130
14397
5804
6156
6251
6271
14054
15203
8824
10453
10831
6106
5883
8969
9778
5069
5727
14539
3389
9383
14030
13750
1323
9663
2984
13111
11398
1167
6355
1817
7063
10210
4953
3748
10027
8860
3618
14267
6192
7046
8374
14107
13081
9375
1279
11133
415
12321
8566
5482
6596
10814
10613
4222
5680
14684
9063
2372
5512
9222
6267
9421
8728
14736
9408
15796
14499
1660
8987
8211
11953
3644
10007
16284
10068
11682
15670
12089
136
7819
16064
9628
15764
3373
1123
11723
1612
7926
15655
15037
9527
11200
8654
5101
2393
5932
14209
13828
14652
4385
15743
10549
14871
14730
1979
3342
8487
8982
15428
8019
14270
170
3758
856
7718
2458
16030
12671
4758
16015
479
513
3417
13231
10207
15713
13134
8174
7827
284
15983
9223
4629
2742
11490
7670
11197
14627
4333
261
6396
14207
1166
7614
14819
10425
6410
11203
1272
1252
2000
13887
12476
2054
5344
12515
8308
11983
14875
9147
14246
9237
536
2845
15354
5227
14320
16360
14190
6378
13698
7407
4598
5826
6541
2899
14932
11604
13984
7253
6630
15190
1918
6356
4119
7155
13216
2891
14946
6058
13022
888
13549
10471
2209
7849
12588
13351
9192
2760
2214
12825
16358
4167
8468
4254
8244
7181
9491
2119
10986
2010
8453
8144
12329
4121
7882
5446
1881
1397
15238
10468
13931
16353
12571
8146
948
893
4492
12496
6300
13581
5867
3829
9442
14121
6927
14587
1408
13985
800
11779
15226
23
364
9623
15814
13512
14734
12221
5327
1057
15021
10129
11932
10082
14523
1218
5210
7086
626
12361
13323
6459
12287
7683
499
9872
9172
11856
15958
11083
4493
14489
15650
9704
9180
1729
10391
14907
6939
15494
7805
180
4205
5082
16281
12570
6582
6451
402
720
10505
4545
11619
3513
7890
7597
8878
5661
14580
3606
10649
4239
5603
3016
11773
13689
8206
60
10580
8435
9725
10526
6409
1801
8402
5035
11529
8761
13084
7280
5142
1321
9740
3297
15926
9111
2852
6933
12256
7544
5306
15813
12367
8399
7284
11332
13804
2444
11152
1222
15734
6168
9394
2529
7934
4374
6546
2568
11257
13373
12672
14001
13971
13355
12222
7373
4393
4994
13968
4993
6573
9729
62
32
10073
11575
9605
10000
9292
5274
783
8028
15153
694
10618
12799
12457
3045
13228
14412
11360
7605
5347
15483
12975
12116
7351
15128
9330
6926
796
16333
6728
3520
11996
13680
418
892
4582
6906
4714
10131
13937
8774
206
11403
8230
13915
15344
5961
4058
5640
2561
9723
12605
4049
6061
5678
253
3688
868
6050
9933
13550
8873
9711
3075
3366
8666
3348
4781
10
11055
13340
4738
11877
7742
7265
15994
8961
5055
10657
8215
14280
10683
15583
8470
8158
9127
12372
8403
12130
13047
11545
7167
625
12297
9266
8681
9690
8612
3250
15261
10088
10859
1194
7832
12159
9194
16327
11537
2091
3610
1453
8188
10510
15923
13935
15964
12354
4125
10920
5376
1742
1866
12697
9057
4324
12751
1190
14901
7972
15174
14401
15956
12086
8050
7120
16292
6165
1001
11243
5745
1322
8171
11831
10137
10726
11336
2151
2792
14702
873
2547
8319
15237
11193
8389
15543
8302
10595
8348
12844
13515
11209
996
12036
5275
1275
6170
8216
13594
10095
5984
6615
4012
9343
5421
2578
4796
4599
11101
4497
9788
7096
2634
7090
11489
16382
9500
288
5812
6104
6508
10943
4344
3052
10099
1180
7079
7503
4578
13737
294
4891
13145
5669
10719
5474
13116
2959
11658
10229
3613
2570
5756
6904
11992
10209
446
11821
10466
12760
8945
10043
3351
3505
1673
7441
75
9508
10178
5609
11512
2446
12129
14934
9206
6468
16043
14340
10885
10392
10338
3321
9775
9661
10902
9843
2004
490
14903
14856
12634
3805
6708
8035
12980
10970
13159
3643
2525
15941
69
14865
2466
11963
4242
10219
10476
8318
3911
4575
1572
3230
5321
4825
3110
15362
12569
9656
9923
1332
2772
9398
5545
2879
10739
8068
1559
1517
13857
15041
2
11105
4100
11233
5351
7423
13853
14069
10473
2539
3035
9836
7078
2062
16010
9256
14162
187
199
6209
15446
1356
5548
3716
12015
4279
13299
8065
2833
2263
7941
10959
7504
9966
16317
2906
10394
14572
11849
5937
12739
12404
8646
1957
10139
11419
4839
6240
1300
2442
10161
14575
7894
11651
3192
5695
13901
10741
11147
2347
8323
10228
7758
10233
9652
8160
13286
6947
7588
11634
13779
753
10941
5363
14861
10140
11004
8615
13464
13212
1527
13717
10195
8385
12629
2677
10375
13193
267
4109
3193
7583
8040
3124
6324
5260
10899
16116
3169
1073
6841
16278
11944
9585
1867
2212
13730
4894
15388
13296
2447
9873
9705
1578
438
13315
6548
4468
6979
533
12464
14387
2297
10861
3931
6815
6180
8141
14187
6242
11461
15265
4099
13970
9236
2140
4941
15582
9598
8109
15152
11464
12778
5359
2612
9245
8284
13736
14096
11874
337
6521
6035
16240
3969
5179
15739
10094
8572
4968
15689
9650
3061
1790
6619
13637
1680
7997
190
10087
1975
13995
6606
4632
12999
8478
12332
9858
13902
9574
11961
8110
11108
11457
1841
3987
10507
515
11217
3491
7891
1882
4225
9045
13237
6627
13409
5366
9177
14958
14657
15642
14853
5197
7497
13123
4596
5109
10543
2443
14990
980
6494
4931
15977
6536
11673
11978
13847
1481
14
2370
8517
3561
13337
13371
11434
3410
9385
7132
7956
3808
7332
15837
14836
2307
9682
1498
3004
3797
11325
3830
1060
12480
1625
146
7476
9774
10647
864
5030
2077
14456
6693
399
258
9161
11394
8017
14093
1396
7955
7474
3096
6717
7024
12761
936
5399
4455
3806
14231
8122
9877
8534
15033
14621
8301
5676
2302
4679
12215
14465
9694
7318
3666
821
11834
9631
4411
2022
15663
3646
3978
3048
2084
6681
3353
12678
2750
12465
15199
4661
13358
1902
1472
8503
4454
15652
2932
16379
5085
14141
3229
8466
9055
8051
13344
12516
14102
13563
16022
7877
1545
4985
14185
14334
2138
15113
8585
10992
7219
4856
5247
4452
12119
12477
4525
2682
8411
8436
4709
2526
9157
10803
13399
7874
7384
4919
4657
10261
2661
10107
7727
16118
12370
7652
4384
12207
13664
8483
16058
13306
12525
6382
6297
13347
1640
1771
2615
9046
8257
955
15672
2345
688
4429
15290
3597
6367
409
5706
4569
2939
16370
14305
6270
2802
268
6072
7573
12194
6992
728
3834
13643
6808
9618
10433
5099
14145
2784
8741
3183
10656
12419
16328
4310
4330
11405
14440
4689
9626
13976
97
2284
4969
1362
7966
4483
15600
13683
14353
6770
8908
6078
16121
7984
16072
13424
5309
3136
8355
12134
976
5115
349
2744
9587
1097
12643
3218
12837
1735
8361
14596
9283
698
382
13667
14798
7468
15304
15742
5162
5283
4579
10815
11867
7842
1659
7803
16277
8392
11866
4725
15875
8156
5057
8808
3715
2576
12743
13633
2787
1767
7730
7262
14742
3723
512
1857
4908
736
4248
13940
15877
9478
11148
8446
16079
7057
9511
15325
3073
2780
731
15375
9592
11038
1262
10967
332
7738
16035
647
5823
13983
13085
16279
4267
2145
661
13638
15424
4070
1641
12615
5177
12210
1399
3
9137
4831
12300
7697
12019
13662
10843
13105
1155
4124
4862
6227
1246
11425
4155
1011
3324
10487
1927
10820
9495
4777
10990
13366
15273
14715
7414
11140
10896
2450
15539
11342
14415
10506
172
7500
517
5788
10448
13727
6313
725
13942
9973
14297
5476
8678
10398
10578
3515
7270
13483
12804
7630
7938
10482
12640
5452
5760
9008
3996
12636
11585
2988
4398
4528
8717
13155
5567
2604
7993
5978
13040
14952
5323
5566
5655
1797
15313
16091
7342
4589
1171
11715
10325
8594
16362
10013
4326
13928
12429
15036
2580
4806
10303
13005
7523
3837
1458
10270
5176
11423
4131
8138
675
1716
15129
6961
5936
11058
8882
10276
9273
1360
12670
9913
14195
1966
12728
16310
6817
3484
5723
13320
5742
10361
3162
14616
5143
2726
12660
3975
8805
7502
12302
14586
1253
5942
11822
8356
16247
6173
7549
5884
11397
5299
6607
6751
16103
8136
4181
1466
13573
10561
13036
15444
13838
12756
15077
11938
3845
5801
10435
11124
903
16113
12462
6190
11986
6220
8620
6163
5277
9524
2649
12178
13813
3248
9954
562
2647
10144
8700
15552
7974
13614
4041
14133
11276
12334
5402
1456
9123
13387
14529
454
7953
13264
7853
844
5691
7540
8431
15292
13305
14290
5568
1079
12488
11818
2973
6739
4306
3920
9839
1657
548
16016
1249
14430
6869
10363
83
8747
135
5853
7970
9370
11162
4025
9159
619
15731
11097
12597
73
2936
15490
1888
15928
10169
13197
10500
1721
10488
871
9359
5607
8754
8759
350
3554
11375
8602
15821
15100
15686
7327
15645
3087
5187
11543
5307
12117
9501
10876
10351
2720
3478
14021
2753
6694
5518
4211
11913
197
13293
1109
11681
9572
3408
10024
3337
11066
13312
4169
2811
12450
14834
10182
10342
9012
1783
4062
1850
7325
10846
5407
15836
8314
1191
9310
12965
11401
14849
10994
5048
14225
12360
4983
10339
6432
8336
5230
14544
6141
12007
11291
10284
13154
3161
15063
6575
3902
15295
12094
5410
4034
7496
13977
15158
2475
985
14512
1200
8715
8568
11614
15372
12041
8714
1311
2400
14376
9396
5542
11178
14654
2553
12497
591
8584
1525
8180
7790
2257
15531
13157
5246
15137
11882
10162
6194
3376
6774
1610
6127
11522
4695
10496
14878
1379
2288
9091
13076
15216
1122
8001
3771
11035
11474
13257
15988
41
12484
9955
22
480
3612
9464
14147
4752
10004
6758
11771
5713
93
12466
10678
16126
13631
1656
1143
6540
3347
12075
4974
15201
6453
11265
11676
3851
6252
8311
2834
6226
11693
4675
12097
13095
2245
8256
15018
10490
12519
5851
5053
4072
12907
11402
4431
8920
2420
1919
1075
771
3055
1378
10764
6959
11137
6022
5011
4776
51
5734
6549
14769
8955
8782
7862
5003
6161
1058
7272
15252
10636
341
13749
7736
2536
12193
5562
2724
15031
2382
6338
9005
13247
8899
10326
8543
191
11024
4858
15998
5649
6426
3699
14648
7089
4029
3266
1956
878
7525
15240
7006
3010
9732
11098
12122
6457
8091
1526
7617
8214
11118
13281
932
13712
3972
6704
11153
7128
15268
881
16140
14768
1442
3762
8406
13961
13735
14457
12535
122
12303
8538
13376
11747
5314
4619
1990
4702
2125
1201
5205
681
12899
11883
918
10971
7058
11532
8295
923
4699
4637
6641
4103
138
9417
2640
4624
8382
8030
11769
3870
10960
1647
643
13565
2332
15838
4096
14156
801
14968
2206
11075
2244
14767
3108
5887
12359
3970
12259
12893
6946
3713
14249
6821
13454
16038
3422
12440
8712
4194
1198
4366
7137
12898
1018
16269
9191
9646
6855
4537
11496
13210
6566
8258
9078
6498
5508
9207
1630
6210
13574
3708
13677
9326
14239
13913
10175
2685
3181
9164
4879
2631
15403
300
2298
8460
12399
15558
13045
16227
4262
10530
7802
11189
4989
8306
8461
5502
5531
7110
5931
5056
9657
14954
2874
14451
13991
9465
10152
3106
5645
855
6397
4997
10025
15963
2390
11826
343
1263
11022
2492
15695
9789
3028
15246
16275
3286
13149
11798
13423
10403
2026
2700
1220
7906
9779
11445
1715
1581
2598
8154
15485
6827
7755
8383
8281
1133
14723
9354
9176
1863
8660
1477
5731
1459
15688
13457
4984
3574
10384
12084
9140
4774
9027
15972
9809
1467
13208
1461
211
2911
2821
12877
12415
7404
7598
6310
3835
15847
8742
5794
906
788
13412
6865
8888
9246
3892
10316
5044
4715
4521
12855
3865
3857
13100
807
3358
1162
14817
5639
1348
13011
8465
8315
16179
5889
4746
4729
3434
2339
10834
427
461
1959
2304
12562
14006
2614
1372
7258
13053
2281
566
12401
11950
11989
8417
14724
15723
9198
7516
5245
2689
11057
8676
11797
15020
1048
12250
6844
12006
5891
8507
12102
14943
2741
1904
7242
9011
14467
8340
853
14953
6112
6883
11495
2299
282
15293
13823
4458
10606
5229
15195
8614
1688
14135
3326
3659
8648
13862
10046
1512
12158
16342
5774
1479
7235
411
12677
4060
11964
1915
8239
200
15235
11437
5438
1209
4618
3255
4184
1909
12064
13333
14150
3011
4147
795
3527
15807
7795
11028
11686
1189
13625
7927
12062
11917
10081
11129
6222
11307
15860
15738
11706
671
16302
9651
2991
3622
14925
11990
15477
11341
2277
2564
7256
4559
10283
6081
13380
12639
15611
6374
4168
6118
15841
13897
14181
541
6667
13117
3098
15084
12567
9925
4207
14726
14668
8437
11653
432
14205
15156
3899
5341
3986
12008
5954
5196
1604
11753
6829
16162
262
8129
15938
14255
7680
1100
621
2694
6587
11991
8901
16340
5495
7574
9959
11386
15574
6239
2958
10984
7888
6455
8767
104
4626
15623
10928
1786
3143
11868
1502
11588
11436
15894
12016
14955
13452
7536
5971
14427
8596
9540
11164
7300
4208
5656
2171
10704
15799
6465
11872
741
14756
335
7962
9093
3372
11586
6835
10963
12087
8974
2559
9610
5510
16083
12364
15913
5600
5900
16298
3679
16188
7968
10436
8589
13834
13361
11819
3709
9510
8480
13321
7857
13599
4950
4798
8689
3988
1003
12958
973
6892
158
11086
904
10736
16372
6246
2987
5454
6948
8918
6612
5612
15289
6467
387
10253
11102
912
1400
10552
318
10414
15991
7642
15758
3653
12727
13152
10890
1809
16339
8516
6949
924
6559
10267
5973
6215
15169
13124
10147
659
6195
15827
9897
2493
3211
15316
2669
10103
9673
9698
10282
13806
10868
13833
1606
10321
9302
942
4045
4308
7933
12969
660
9183
16048
15458
5070
4380
7019
2108
5858
13696
12341
3446
16319
2391
2926
16086
15855
5714
2074
4678
13707
6057
11034
13270
4737
10366
9555
16283
9072
5693
12351
12842
7213
421
16185
1465
2767
13222
12690
8328
12030
14757
4588
13075
7594
4209
14676
11092
9800
11248
7072
13709
15993
5264
12137
630
629
3973
4056
4284
3253
5107
14262
6371
16225
11786
1974
8775
16204
6065
1822
3602
9200
9953
11622
13227
13489
6678
8822
12840
5923
4628
3827
8217
13469
14884
8309
217
1435
4669
6416
7565
4234
10216
11480
15155
9329
695
1324
5423
11755
4441
7578
1182
13921
8236
5199
14056
10318
6742
1
12534
4943
12067
13278
214
13430
5265
6535
628
1336
16365
14591
16099
3782
9324
2129
15204
12204
1622
9334
6199
11559
9867
1428
11042
5224
14651
12306
10125
4231
15512
103
5420
15007
11278
2584
11724
8252
5345
12736
14612
1280
7989
6982
7053
5968
15250
12817
2134
1968
12512
2696
5065
11308
4133
2235
982
3369
5494
2375
11541
10681
13814
15170
12985
11696
14448
11749
2472
7872
706
4979
4885
13102
13251
14098
8597
4236
14049
7013
10531
2775
6755
14940
14450
1081
4299
14309
15064
8909
11799
11940
16025
12453
4730
7811
9979
10263
3086
8025
5980
3338
2059
9487
3155
3312
4430
14895
9002
13721
7844
5660
15792
2585
4002
13674
14995
827
5790
11303
11603
26
11862
11722
9870
8452
8286
7698
4814
13865
2371
12830
4185
15934
6366
4199
7413
2954
7910
4479
3405
14395
13786
1234
12490
4935
9472
794
466
3526
15528
14930
7315
4251
10692
6789
5704
11280
9489
11740
1804
8811
14047
4435
14243
1067
4466
4975
10924
3008
11683
4627
5288
15895
10663
5398
2417
3267
6309
9197
943
4942
3018
2902
6996
43
5253
14326
9659
16006
7919
10314
16134
13974
13436
15302
8133
4570
10740
14019
552
1626
4843
6597
6532
16383
10236
16217
9216
10126
9481
12304
10198
10430
14143
5207
13372
2321
581
15488
3882
1571
3416
3139
7289
5912
9075
6712
14626
1468
1072
560
15286
3950
15578
14947
9286
4440
2659
5198
16258
3279
4163
13384
7577
10254
4685
3506
8044
14841
1707
13746
7903
7138
12732
4708
15052
8128
7310
2462
15384
14794
14319
2068
9801
14615
10900
6121
984
14097
9366
13973
774
16293
6197
4712
7812
8751
858
5120
5384
7042
15060
12168
7649
15879
15092
13406
15457
6135
4484
14200
4491
13651
14887
13516
1115
16306
13960
7571
3923
11908
10958
15141
7022
3461
9655
13938
9505
11099
7114
5183
12378
3721
6137
11860
8346
13158
4901
15898
8037
7836
15588
9693
12680
20
1342
12234
10863
2914
7694
11691
6900
3736
13821
13619
10677
12417
4405
12292
14055
13577
5835
10297
3252
14228
13310
3457
15750
231
7529
8667
5570
2595
1779
12283
9000
6370
4320
4221
6861
425
5240
1105
7405
16144
4319
11349
15463
7052
3496
12653
2495
1027
9128
737
5369
38
6184
5475
1751
7901
14428
5457
9287
10829
14233
15127
9097
9629
15408
15184
4120
11780
2989
3224
10479
6828
6514
2663
11508
689
3989
7372
6329
10702
13520
2100
5561
14655
12607
8475
733
3486
9274
1030
7791
8038
8362
13945
12930
1661
11806
7799
10797
13868
452
834
6484
7246
2314
6464
10944
14458
1271
13204
5271
5824
1104
1916
10862
3904
6522
389
16307
11929
15443
7674
3825
15564
15708
1754
8307
13775
15839
4928
13303
6932
5808
7353
2890
10264
13629
9814
12755
3575
4165
7741
8792
4823
4749
16084
10548
6730
1744
5235
11354
4187
12581
14031
11334
6263
15360
2148
6107
6690
5856
14369
12850
13035
1914
10633
15968
4444
8043
4640
7153
8575
5970
1738
5194
7238
13484
7127
1875
10969
717
10408
9671
5248
15780
3305
14781
14402
7575
8255
895
1093
1425
15699
8341
14405
14510
2043
5305
13882
7612
8576
2192
5168
12473
5860
2254
12993
12646
4075
15975
15967
15376
8776
9410
8172
14400
8053
16380
5112
6372
14486
13062
8872
6479
3146
6034
3502
3375
5139
16313
9082
3873
8941
2116
3453
2362
2765
7866
4415
12662
13364
4786
14985
4860
12055
304
10892
623
3997
11994
13529
16152
6440
128
744
1644
4007
5922
670
525
13635
13494
915
4646
7929
371
11692
11062
3123
6519
3570
8973
9766
618
7830
14911
6741
10847
4817
1432
845
1454
1119
15541
11030
4592
14134
2159
16027
1157
10296
12305
1531
15629
14035
9467
4914
9853
10243
15330
9136
10501
1044
6041
55
10602
10965
1999
15795
351
3541
14716
10695
3020
11183
9333
9448
12784
14020
408
3949
9238
6159
10128
11561
13326
10884
3871
989
9771
1492
5918
2776
3296
1766
15218
12995
1997
13603
10244
11237
287
10723
9466
11677
13840
3067
4191
3460
2169
9486
7716
221
951
1140
7349
3135
1148
13830
11796
15811
10658
7044
9446
11023
13235
6616
10345
16130
9793
877
11790
9860
8414
8147
10037
3883
5316
9920
2330
3154
10381
2709
2213
9340
2921
230
11409
9032
11310
13331
16303
13495
5622
15320
8352
993
3984
10292
3540
11204
15147
8541
11269
165
11544
6538
12070
12251
9228
2683
6565
10269
546
3855
15563
9331
86
13037
8076
9275
4594
3773
11460
14516
10272
14307
6784
15673
13949
8777
9494
5249
6707
13587
2361
8267
16082
1204
10246
10668
14342
6015
3607
1383
1638
11767
10165
11835
2487
7991
4697
3493
5272
15864
7896
5563
6645
1056
4745
16186
12598
13108
4523
5138
7672
1868
10048
1511
11735
11250
3663
6832
9463
11776
5697
1825
8384
2374
10335
12028
8590
15759
7786
11833
11880
10680
10109
10617
4926
13080
7197
2157
7392
10983
14719
12183
1080
3186
6384
4152
4642
1355
14072
4210
5772
13015
1013
5550
4157
15911
3880
5206
8100
7725
9095
11778
8999
3107
10018
12368
9113
2970
13952
10869
8816
6899
9426
3600
12205
5573
2076
14064
8718
7338
5167
8409
2042
15027
6729
13029
459
3386
3687
7703
11081
7899
7695
6334
1394
14404
4129
2286
15658
15829
2791
14385
203
375
2558
12879
15202
16267
15521
7944
8686
9675
1241
4766
5392
14876
492
15661
9437
11661
3961
3649
9156
6563
8173
5537
11088
5140
8494
13907
2947
6749
2809
2055
2870
4865
13769
15212
4346
16268
3487
4360
6791
11378
13754
5685
5735
12552
7641
3702
14210
14180
3849
10679
12676
7371
14595
8103
10287
778
13377
5294
11592
534
2654
11306
13999
5135
11900
9332
8623
491
16191
2103
3001
13458
7780
12716
6018
12542
13058
4090
14003
14894
9339
9625
11615
8635
3772
5480
6636
10273
10277
10995
2894
6191
11910
16133
11154
11551
2272
5578
10875
10347
10075
3468
5920
5038
9314
15103
6403
1304
9826
9878
1697
174
15720
5946
15095
6233
7239
14381
14790
5074
2158
5058
13499
13200
4146
14870
3442
6276
2850
8416
15404
4764
9152
1536
4032
13363
10616
8500
12394
5034
7629
5383
4904
10086
6404
7793
12628
15481
6600
14737
5959
3632
500
15775
14699
642
4331
12160
9658
366
11160
10285
164
1349
2433
8842
16041
5422
368
11350
442
16366
6743
14675
14605
9703
6893
12177
9117
6930
8603
13481
8125
2327
1631
7062
9903
15897
14921
13981
1944
14548
359
656
3216
8250
5033
9634
9567
674
9615
11165
9716
11667
10217
13439
10481
8937
13885
14370
8447
475
808
13825
9129
12773
11156
13046
769
12540
12032
9296
12379
4290
12264
3309
1015
7346
12253
1021
1210
6100
3626
2541
10001
15698
4912
13274
12509
3654
3648
14623
9253
7375
1898
10322
8862
8778
11442
14299
13467
2418
12182
16237
3787
12311
173
10189
13969
14075
7344
6845
6146
297
10536
10783
9929
13440
6422
4026
7264
5487
1535
16368
1669
2978
6207
162
4489
5054
14566
9358
12808
8985
12836
13962
4477
10268
10978
8161
7309
4568
11631
1787
3560
10528
2995
5460
946
3599
7129
4616
8179
6351
8673
12319
11775
9431
3472
15992
11616
14770
5009
16182
16181
766
11406
15820
8696
11170
2113
6715
600
9041
10755
10291
5243
1618
1574
10395
11556
15133
2241
3669
8020
14325
8198
8926
15617
7839
2363
12373
2739
2359
1719
1419
14751
4790
12560
10295
1726
1943
6925
11792
10062
12468
4861
15721
2470
1451
14124
10136
15331
15413
12052
1960
13666
189
2383
7221
2133
11707
15106
7678
1522
9100
11180
14266
10939
12590
15258
8163
14708
14847
9539
1317
9056
14445
5453
10729
10138
11922
15986
9018
5871
16208
9976
14383
5588
6004
15230
9735
12990
2620
14542
5077
16108
14874
15035
11659
8192
14004
14197
14915
10008
10796
2756
14890
15631
3512
4660
14603
14291
7212
9451
5127
14142
11542
7615
11515
1615
4270
7863
6471
35
714
6393
7821
4506
10428
13957
15503
14505
4849
1034
7548
1401
13182
4818
6592
11482
10529
393
6277
11330
13884
2575
14384
9390
12747
5340
5461
6331
506
11781
14490
11335
2029
5895
15366
4727
3823
4949
12057
7798
14212
9506
15397
12684
11060
10215
10562
9565
6977
9750
5102
8332
3081
9006
682
2344
15950
13354
12009
7834
7313
12230
6856
10757
9360
14373
3497
8573
11428
13703
7012
5286
13986
12113
13766
1108
7965
3407
6264
705
4518
1847
15207
14315
10255
10348
14419
7430
6424
14285
15589
3563
1699
1376
8797
3939
5318
7216
6387
11770
2250
8952
9963
1973
2589
14082
5538
6581
15352
5830
5503
3981
2946
15691
4903
15110
12664
6988
14784
2592
7607
4648
3177
8181
13673
293
509
5572
14110
7833
12471
9010
8977
6931
11069
4456
10312
10038
3483
9429
7867
14062
13508
5394
14115
3886
15939
3925
2271
10517
15815
11357
8297
8552
727
8080
8031
7339
7485
10824
4293
2464
3102
1509
7543
6373
804
3014
15741
8914
7658
2945
13418
7461
3852
8339
8783
14318
11984
195
5471
1723
169
14863
6928
11440
229
11037
9996
9892
10426
4042
7624
6602
9818
6391
106
8624
8613
447
11624
15919
8736
14935
4681
7817
2904
12424
7806
2267
7676
12188
14335
15960
7336
12989
7884
13618
10866
1033
7040
3906
16009
3188
16069
9627
9758
15038
6873
15086
12079
7644
6719
4859
1188
8788
8765
6754
6967
8690
5108
12824
12386
16146
8440
4533
5348
10271
12866
3388
6569
15271
12531
9607
11783
11459
1614
2455
4102
11027
4080
16
12263
9840
10299
4620
10648
6383
11905
12932
1745
10463
11191
7737
1736
4884
13353
9928
7312
10432
2146
15496
82
13097
7692
5893
5705
6584
10483
4654
3761
8041
13336
10694
10519
8186
7572
9201
8458
4761
965
5014
6953
7004
2251
14707
8921
14416
11348
13694
1764
2183
13289
14964
9806
11259
7041
10334
8766
15379
6010
12759
3701
12548
8055
925
14294
10653
15603
9960
8015
4630
5171
13083
12940
7023
15019
15765
11852
12223
15680
11059
12851
5963
9596
16192
11534
6428
15507
5189
13831
12794
5775
8522
3240
6989
8450
11525
12964
10557
9891
4067
4286
2608
1962
8935
1592
13992
15223
1546
8293
14346
607
7001
9433
5181
3519
4854
15131
13093
12987
12949
13532
11268
7039
13611
8801
116
6231
6697
1473
5683
13077
12505
2721
12155
3609
10575
14628
11809
13894
3278
11054
1749
669
3900
6849
15303
678
9938
8702
3038
7363
11270
11759
8863
2154
15067
9317
6234
13089
10301
6701
10508
6568
8222
10429
9899
9209
5630
13238
15530
16150
8139
3458
12948
11110
8779
1076
4731
2569
9593
10955
9231
13407
13004
3428
4972
10390
11311
3750
10173
12242
11418
3977
12238
6648
4680
12767
11946
13205
10922
6082
6436
11620
12451
5654
2804
212
579
14975
14157
7633
14105
1935
2336
7107
2674
2283
14687
278
935
8298
7192
10017
13932
6975
7631
4253
11876
6798
14455
388
11249
5268
4130
7915
15280
1388
13141
1217
13943
2460
9550
14902
6085
9804
14235
8247
7410
3501
10991
3029
8644
8096
9025
401
15183
14754
15264
5908
8564
3176
14899
11245
14844
13891
12669
11021
12236
13435
2017
14362
2199
12029
6785
9807
7391
12206
14810
5159
11703
14706
8285
2759
13394
11927
13110
6259
7025
12456
14972
15193
5646
3731
11593
14970
732
6736
15944
7334
3178
12758
14432
12918
12199
899
1229
4614
14593
3042
934
2671
14417
5010
3005
3232
12101
10387
477
9182
6182
12096
14854
167
9412
6617
1706
4040
11915
11472
572
9864
2632
4716
1933
746
12258
15363
16282
11972
547
14992
2910
8354
6966
5087
7466
16104
15899
7206
4556
13572
10242
6480
7061
12926
620
15374
3640
9949
2838
5239
3929
8912
13285
1856
5419
8261
14446
14531
7688
789
14545
12164
8559
119
7382
7942
11955
6748
15927
7448
5990
719
10800
10609
8804
12683
1803
11371
15730
3398
4361
4297
3397
9277
14168
6039
9590
8764
1025
10718
3043
9015
15436
1877
16309
14194
3938
14059
13422
15584
15769
11036
12449
4449
1724
6284
8555
1022
13016
1026
13269
9444
12095
153
10572
8630
251
13738
7924
7707
12092
2990
5484
13314
16244
9367
369
9709
12652
7428
1609
12508
4044
3728
3105
4783
7068
14171
7880
12623
12530
9318
10774
8898
8657
12979
8013
13233
8278
9380
5297
5200
12148
2160
1617
4438
6266
7638
11824
6858
16132
14661
13297
10802
10844
12861
15275
7931
4448
10257
1202
9630
8846
12299
7330
13225
11274
11752
7928
11416
9597
3195
10635
13498
11451
8857
6460
887
13425
603
7321
10841
11068
13050
7948
458
13214
3584
254
3611
9563
14067
8781
4971
1273
738
5534
4609
11539
4404
13930
8073
6628
4467
8796
3137
9341
9422
12686
5094
10499
12017
3117
192
7038
11665
1930
13615
4787
11774
5133
311
6654
14100
14801
9499
1846
8875
1043
11943
14172
3510
978
1357
11161
5313
7818
4368
11215
7917
5389
12184
7719
436
1874
15429
5406
16157
9350
11151
5291
4004
8672
4937
8632
15903
2848
10323
7146
3589
9967
10011
14051
14251
9077
5564
4955
6013
16364
9594
7554
8828
7653
3976
12577
1994
15748
4156
9320
9589
10780
9975
16125
5907
1497
12939
7362
2398
12591
12550
5468
16316
12922
7768
1020
3937
3765
12656
5063
2849
1403
209
3060
14722
5927
15150
6272
14345
2633
7945
11933
8061
5113
8209
6622
15797
6418
2530
13773
8488
15205
12826
5651
2167
6876
641
9482
7528
13956
14526
8243
1126
11412
13450
3919
13417
704
7596
5379
4097
80
3488
15387
13944
7254
4010
2517
3247
11999
12349
16211
819
13811
6364
12852
13048
1949
7168
10533
7048
7118
16081
5532
13114
3573
1553
9213
1040
12642
4246
13870
8897
6144
6187
2679
14877
747
15081
8791
2278
295
6096
15573
14939
13959
11293
15580
7650
12296
4940
10532
5397
10974
2748
13381
260
12393
6298
4474
11814
15803
7130
13592
7909
1490
11845
8656
9391
6245
1628
11167
12601
672
9263
9457
11384
12693
9425
4510
15924
7366
15595
9086
12913
13031
9854
14371
13239
8118
9685
8618
5169
14248
12157
2123
14252
9613
16214
7542
10603
2172
15711
8971
10564
9900
13280
3858
5051
11536
938
10066
3675
9267
4188
9338
1221
4081
2179
1450
707
14475
15422
13255
14927
862
331
118
7201
7535
1725
3733
1728
2476
7602
10191
7539
4342
7036
13260
12650
15954
11082
722
14230
5663
4515
1894
8320
13852
13648
14739
4710
3983
9525
4520
3221
4670
16238
644
867
16156
9541
4443
10449
3465
8664
6505
12396
758
5866
8496
9315
2253
13653
13318
277
2688
5290
11889
13682
7809
10096
15499
15390
4847
13819
213
11895
8650
5813
11613
6780
11071
1036
15011
14506
13220
2847
5465
14508
10166
3720
4960
15279
1843
8866
7073
2552
12448
6513
12191
1831
15856
4961
10904
1343
12827
2705
9895
13939
14760
5847
13427
3732
7369
6611
3331
7531
16094
13433
12880
10583
11897
12123
8536
6937
6023
13329
10101
3670
7538
9290
3753
4410
3200
3674
12239
15757
11391
3365
14594
16014
1752
1235
5158
15309
11716
3276
244
9071
12978
11012
4117
14688
11793
16196
5571
1908
13313
15118
6879
13172
15700
7450
5878
5593
2781
2248
10356
4471
78
13624
4827
767
11285
237
12444
3112
11557
12377
14689
9579
6709
13950
5372
5413
9141
286
14191
3447
6673
8972
4244
5089
12984
7774
7007
16107
3336
11710
8008
11804
3562
13836
3308
8670
2047
9409
12335
12834
10817
10298
15332
7117
7452
16235
12912
11362
13415
13500
11302
16345
14820
6577
7632
3387
3268
4432
13451
12442
5018
7187
13226
8682
27
8957
10225
4735
2949
1636
14735
2128
1114
15221
12353
2082
3273
6258
615
13561
14046
6921
1748
13013
2532
10456
10553
8993
16028
9301
7303
15999
9781
13202
13668
12730
2766
3015
15555
9664
10275
8238
1239
3746
765
6818
11629
9707
2866
12857
3477
15818
4355
9988
6499
7916
11952
12413
10793
2763
4991
3257
14174
12919
5025
2137
15096
2672
1116
15674
9745
680
11358
9649
9972
13421
12132
8377
5311
8058
12582
12870
15933
4149
1196
6327
7621
10730
5597
7704
4269
4625
4639
2114
2341
5925
10336
10825
13119
15167
6248
13259
2430
3293
8956
1713
2275
15791
13242
15779
1917
14377
6218
14422
428
3315
7240
12970
14743
15405
13140
7947
12946
15846
4480
1698
8520
8740
4842
11857
8259
13023
2755
3129
8738
2537
5006
12647
2793
15851
1665
9890
15161
10054
10768
12063
316
8345
9948
11192
6991
1840
16249
12632
13580
15891
4866
15452
6601
11801
7074
12266
6863
6999
8891
6131
11987
12909
11589
5786
5668
8070
15817
16221
7501
13383
13841
11077
5904
11632
13845
3571
6973
8047
10864
6663
9980
10732
16224
9552
7887
15778
10566
13722
7781
9515
14744
6871
3884
4243
5613
10855
2333
2226
11899
8227
3680
147
7627
12936
5585
11988
12140
16305
3474
14223
6585
8404
1995
2514
9731
3959
10765
8363
10698
7582
2812
4826
4957
890
13103
7837
3056
1312
11916
9773
2494
8501
3088
13382
7751
3514
4132
7190
15562
6288
426
5624
5657
4869
9148
10247
11313
11934
250
8787
16172
9944
1983
14103
14349
11843
9112
13777
13576
4549
15784
1037
10674
3469
14048
6866
1495
12045
3792
3724
2187
12823
6550
6810
14900
7446
3896
3412
4011
10302
13719
1934
8274
11563
10826
4742
15845
5849
4819
8391
12153
4464
15995
1139
3424
16233
14434
3795
4407
3473
6674
9861
4423
12813
8350
486
5157
11841
16206
15255
4061
6174
15545
3523
1112
2358
970
8848
4247
13867
15435
6924
1621
361
39
15014
10810
8757
7985
14257
7337
947
11100
7211
2968
13616
10373
4687
4391
907
6394
8375
826
15559
2646
13770
142
3125
14803
99
1993
7561
15322
11001
5141
13194
6834
9910
12876
7269
6293
14969
1685
12034
5317
12389
6473
9068
9586
14495
5935
11272
6764
16300
12886
10523
13411
11488
8619
10415
10397
2782
9746
14355
12133
7848
11772
1796
9210
1798
13980
14658
4059
3400
14920
5581
13146
10237
2905
1284
12752
3811
6074
12806
1308
14741
10023
4281
12593
2153
205
6330
5819
11507
14406
10654
4046
958
16256
12105
14582
5300
9307
15862
13640
2067
9234
1117
4389
10889
7290
10238
9680
12864
12125
10405
10709
7622
1851
10388
2101
8625
14581
6853
3197
6066
2303
1128
12151
10911
8515
12959
14912
9922
6657
12428
6907
2732
1892
1996
10688
13526
8513
1769
11462
1230
5084
303
16264
5855
9602
14560
5776
2265
3529
4349
1411
4111
10462
15736
622
5123
16315
1158
5027
3070
11982
13606
6164
12267
9993
13876
12692
3759
11120
5455
11400
2819
7787
7333
7003
6407
8592
8991
10722
5768
13473
601
10044
10537
15042
14825
10999
2789
12704
10330
12648
5986
14848
1886
2122
8939
10962
7186
14827
6450
3141
11076
2971
5273
12699
2922
8357
10104
3763
4874
5204
11812
1438
11566
8809
7386
6526
3742
5662
875
1283
1792
10250
3084
13827
12557
751
15517
11574
15269
6017
14567
11009
9573
11227
11708
13954
1759
1276
4412
13620
16202
14625
13063
14256
580
16054
8086
6051
1457
8814
14258
5642
6887
11295
5041
1889
2826
9087
3994
4723
15349
13659
15445
13144
188
5083
488
4552
13784
10600
11000
6205
5838
14028
10041
10286
1600
4962
16024
6941
8218
8421
10047
5991
4970
8120
13230
762
2073
14908
15453
12391
14092
15783
3118
10860
15220
6064
4845
8976
5119
5346
11477
4336
6824
16023
2877
8598
11829
677
4312
1482
4318
9462
8014
3815
15544
13795
6444
6571
307
7398
11980
12973
4753
6332
12048
11562
448
9921
7111
7766
11329
4469
7978
7706
4340
15154
4724
693
15871
1062
16272
4112
13810
15508
11789
5536
7276
14024
6679
8532
4266
11751
15659
14099
5938
7199
12822
665
10185
6291
10953
2276
3511
13160
13209
14755
9679
11609
11155
13768
2111
13051
3392
184
13148
11176
13025
11641
2730
4584
11548
956
11115
863
9739
5541
15421
3693
4658
15965
10568
12631
5519
15028
756
5380
6506
14748
10349
2828
16073
15810
15560
9874
3432
9250
1646
8833
3901
12871
14081
8752
3269
7274
8794
879
7208
15511
11765
6009
10133
12943
14327
2085
650
8577
14597
8321
15649
11886
15576
3159
8527
5879
7010
14044
2976
15789
12439
13589
12521
8166
16037
11924
11535
10431
15772
9280
14347
15868
398
9785
5071
5557
2432
4794
3179
5929
1562
4929
7762
7080
380
5212
10455
6380
1463
4212
7557
1444
13001
3968
305
14152
10112
576
6576
13595
16096
7335
14002
14543
2786
12744
7049
11244
3156
16266
6740
16061
11937
7394
10652
7913
10624
2401
14678
12860
1632
7961
7563
9184
7169
14761
157
7646
16311
11469
8330
3265
16373
15770
5715
7205
12674
7047
494
806
4057
11732
10504
502
4561
5151
11473
14201
11971
14944
11277
5166
3202
5269
13429
2027
2718
12966
12763
256
2147
1989
2785
9823
15630
5711
4691
721
9316
9407
7249
1313
7271
13679
276
13173
3385
666
5777
5160
6537
10444
2769
11936
3979
9712
4383
13217
10222
11279
11974
4604
9507
7749
15069
3578
14957
10378
207
3133
1946
15335
2728
1449
8208
9305
13282
13802
3099
15241
12010
10697
12796
10464
12517
12470
6411
15546
11921
894
4505
11261
15449
10611
4183
2448
15518
8167
790
5234
3647
1299
592
4621
16324
7354
735
9581
2875
14994
8780
4978
16274
9978
13287
4638
13874
6897
15117
1173
10906
137
11745
14352
8581
6296
8337
8953
9497
9215
2014
7850
6255
12787
6574
1395
5517
979
5905
2181
2545
5075
1964
3282
8108
14260
4093
11746
4550
14585
4283
4214
7912
2798
3374
15377
13268
10724
9106
11546
8944
11894
12098
7897
9450
3467
5885
10465
11497
10472
11820
4780
15830
10776
1415
6957
15222
16136
12715
14131
6848
16230
3767
15164
11456
2601
14588
11201
14631
2816
15371
4323
2287
1668
10712
10763
10632
2603
13215
11327
9259
960
7185
2586
7705
482
8825
13851
16335
5833
11973
7920
14898
7507
9995
13156
3842
12553
1298
2438
7843
6119
1178
5188
11374
11029
7328
905
2106
2456
8967
5872
14613
2642
2053
8439
15442
13086
4987
8220
1566
8668
13553
4846
8066
13559
3908
6656
3199
15105
7143
5225
11112
15233
8095
2854
12566
13676
6669
4792
16158
10168
13253
9831
4722
12887
6069
11131
9386
44
3656
5391
3993
8770
3462
10676
10672
8189
5837
850
7526
13871
8505
11299
3741
9174
7713
3542
9143
6446
4083
10659
12685
4665
15808
3686
15906
6059
8467
9399
7726
15479
4400
2549
16343
3734
245
16101
13922
10541
6997
12735
417
15243
12967
6666
10260
16151
4031
14488
8079
2820
10423
1637
4872
9811
16040
10197
3580
15418
4572
9770
14295
8711
12544
5975
4186
12845
1331
4541
5789
9022
219
7748
9414
15
11172
6223
2731
6114
3912
10117
5233
5732
6237
4439
4094
121
3245
4977
13846
11887
5015
8089
9024
5261
14695
908
6028
3946
5914
4864
14646
14530
2933
11231
7505
98
12502
15083
7595
1710
11948
4600
2270
5681
14948
3965
6613
14789
15466
9751
2118
2096
10145
6225
8248
6776
14802
1071
5066
658
8631
2499
921
16000
2013
5631
13873
9114
3676
8165
11113
9060
16374
3399
16142
9752
3568
9099
2538
7306
13120
14549
768
16349
3689
4674
15907
7237
9917
13466
9654
10886
15054
1552
8528
1586
3992
12328
1897
15577
6099
2969
14867
10240
13661
11208
1717
9384
10725
6980
1345
14027
1523
12402
3355
4151
2024
1106
12583
2611
742
11219
6036
597
8693
5270
5636
6080
1086
13591
175
7851
7139
4683
4644
13273
7864
10158
5019
639
5250
11540
6117
14926
2323
6389
5298
12136
9285
5095
981
61
12933
13790
10714
6700
4174
14461
3171
6509
1820
3924
9149
10605
634
3730
7439
7444
5236
2982
10811
9438
9720
2551
8876
6599
6954
1678
1913
9535
12418
14139
7745
763
11730
11207
5741
1344
13020
15566
11039
9822
13246
4171
11491
5877
13465
11621
444
8443
15990
6007
9397
10981
2057
407
6149
14672
848
6862
8034
1009
259
4895
12338
6217
2518
1301
8642
6232
9186
13720
2925
8343
15669
3356
2467
4812
13221
14063
15732
5958
14464
15914
13099
8077
9726
4587
11662
1005
9244
11205
969
4307
15692
14341
3717
5554
15416
14073
12709
50
15773
1895
10053
5349
8895
14851
1402
14814
12369
8276
16369
5325
4264
11791
15294
6889
6287
12412
8395
6179
6439
13177
1649
133
4335
11324
7777
8659
13714
5870
7304
3947
4634
11463
13878
3313
7184
10717
1619
501
14459
1326
2952
2599
15346
12602
431
4216
15834
12587
7986
9808
4611
15061
11623
485
662
5329
12395
12195
13490
12282
183
9034
1576
833
14438
6826
3936
4317
2337
14660
12363
14873
1430
5629
9155
2773
3227
1045
14007
3547
14254
4726
8818
16205
5352
13926
1588
7350
16129
9747
8365
13911
12224
5840
7721
13941
6716
1152
14287
5146
12232
15920
16100
1500
4301
4566
9364
2233
15925
8112
8958
13343
15534
10035
5781
2832
9039
7460
7792
10949
13748
6677
2165
2943
12777
7556
13028
1814
9014
8026
131
16171
6660
5605
5701
15055
13892
842
2858
3859
10996
1819
14653
14245
7656
1135
334
15505
14857
1839
13518
5807
14091
7498
3868
1124
971
5520
10026
3534
9170
13875
13224
1147
4863
16288
13829
5558
14493
1832
11851
9229
9802
11234
2999
4834
11904
5040
2087
6911
9294
13136
6269
15004
7620
9269
5951
13432
4487
10936
1702
4228
14502
11136
8126
5793
7568
7611
9103
9434
14033
7180
14277
14116
2645
10799
1598
1653
1773
6814
6
12738
8353
9278
10832
909
11997
10612
11836
14129
1393
8438
1187
13889
13506
111
8498
3789
1658
10975
12874
10830
14282
1544
12635
7156
8451
557
561
8621
15188
7233
6063
10642
12847
8240
13448
3244
11214
7402
5343
2204
1169
8289
9276
9799
8425
4166
5948
4352
7522
15651
10524
13357
11660
10582
7415
15062
7121
14913
3288
10570
15040
10469
15890
8578
15311
9382
4033
10205
2313
10956
11928
11273
5670
3889
1004
7534
14409
11356
378
3187
13171
10604
4138
3897
3991
6208
2378
1667
15753
1816
8593
9733
14041
13505
9255
15915
8539
7204
4027
10547
13805
9880
14775
1161
3910
2005
15046
16131
15102
11453
7322
14521
6295
11861
5443
3553
15305
13564
2566
14845
1137
1533
16095
7643
4219
6769
1967
4562
7259
1958
12956
14519
15908
246
8393
2035
15296
4245
12892
15284
13365
6198
235
2777
4527
9020
8981
11319
5202
11177
14189
5126
3318
14112
48
356
4446
12434
12603
4889
16287
8574
5892
15411
7478
13127
3798
8512
6553
11141
11675
12596
14322
129
6567
9700
7260
4227
8132
4175
7733
4275
10083
5036
12023
10827
1409
2918
15681
3682
6345
708
8739
8586
13788
7547
12443
13175
2093
13049
7923
12723
5342
5982
9820
11449
13272
1755
2510
10015
11844
4375
11633
8459
7033
16019
7148
3881
11309
16241
5543
10772
11483
11485
15059
6447
8587
11885
12027
4938
16357
920
4603
14704
11195
1984
6350
7545
8471
2453
4422
10085
6292
4038
4353
14425
2031
7936
7546
15567
7222
2965
6916
419
1778
3958
12726
12801
13936
7418
2546
1768
4402
5737
773
4417
2574
1016
11292
8205
7065
6990
5114
11045
16029
8727
13567
13948
10871
11580
6463
12881
8968
4328
14564
14822
11287
3681
9061
13903
6710
7789
3635
1352
9837
3592
5673
2350
9965
12285
11813
8464
2655
1591
12511
4684
3668
7732
994
4964
6001
8027
4948
3863
10571
2806
11513
11649
4656
10858
12701
14323
1505
12255
5218
13507
10293
1703
9757
2960
10474
9440
5729
4107
58
15901
13655
473
7524
15835
10840
15621
8772
2825
10331
14949
1616
7559
2210
10808
6846
2717
11404
10579
15929
9357
1303
396
7645
12574
12150
14690
257
836
594
6837
4650
6635
10492
13428
16215
15949
1605
6623
9529
14710
8838
15333
10891
701
13817
2697
9356
4409
10701
9676
11645
11697
10333
2983
835
9526
5926
10016
6649
8707
5492
6183
9188
8064
11736
5671
15849
5553
5319
13934
2951
3166
4886
983
14206
15828
249
13460
10114
11998
11565
2369
4554
16117
6325
13925
13879
12786
4475
1900
2736
9977
13276
10839
2818
6214
9043
12317
4481
10102
1599
5719
8591
4105
3212
13711
6580
4998
3360
12717
9352
6408
8877
15107
14040
16203
4486
5761
11571
10933
2626
2630
8610
13455
4051
5170
8519
6470
1225
3438
2961
9108
15501
5178
14469
6557
11225
4534
10486
6768
15057
14220
2086
8168
15213
6014
9036
6138
10135
10155
10937
12021
2193
15440
5875
6128
14937
2180
8662
6722
2441
4838
10060
7550
11567
59
805
16122
1823
8524
6361
5062
9449
445
7855
2408
5145
6752
1000
16001
13121
10742
3818
4813
6062
6964
15401
613
6812
14727
7825
9162
4195
8725
16165
7717
11019
7028
1834
1065
1977
3378
11511
15822
12687
15601
4564
3875
4996
1153
12135
2651
10938
7215
7939
13445
2624
10878
5861
10234
5797
7255
8253
2360
4767
11925
1445
324
5625
7029
3063
4343
7589
1237
11255
696
11601
1154
1090
5479
8829
543
9786
14643
10982
3003
14528
3464
6133
7963
16044
8101
5836
729
9038
1963
2629
1175
12957
12051
9986
4535
15943
14967
7686
1718
3451
9813
14808
15383
4577
14959
13012
15074
1006
14753
1392
4345
10781
13164
223
4778
10525
6918
12003
1441
4179
10733
9395
13850
4173
15826
443
4704
12343
8518
4585
6395
6894
14154
13279
13162
1267
1537
8849
12420
2173
7017
12431
11064
7320
5806
12080
3508
13480
6968
4098
5514
14821
11582
10705
4178
8303
140
2667
15282
16243
11646
8900
653
14965
3320
1475
14746
792
10034
13504
14829
4832
7307
3101
9392
16174
6671
1371
4682
1019
8130
4424
7562
9952
11531
11977
9423
4601
1922
9293
11318
5173
5637
12902
14365
11367
7064
5882
11600
16377
10344
8057
6419
15533
15746
15186
4946
4017
15697
13324
6142
12856
1961
3334
13765
9841
15504
3718
7952
15819
1427
3239
2876
3866
12818
10908
6301
13096
15462
3636
154
8187
849
7161
5791
14274
14589
7567
16299
14203
13065
2176
126
12843
196
8762
8499
6235
3237
6185
2524
4485
8580
12197
3185
3307
14424
6794
4406
16294
3021
8698
13090
1486
8701
13987
14158
3953
1247
2846
151
885
7579
6012
12805
2020
464
13639
13187
1226
15168
16209
1872
6527
14664
14787
15538
6598
3089
3437
3914
14271
4643
1165
8234
15497
6523
1926
14896
14974
10187
10559
9335
8798
11768
4700
7767
4457
11498
10258
5694
8743
15085
14331
8544
2692
16076
648
14918
5059
3628
11056
9783
2715
2502
12248
6675
3420
8861
7488
4280
5596
2950
4127
14018
7636
13665
9608
8142
10972
3824
13443
6244
11976
5147
9846
239
68
10670
15357
1270
14293
8419
6434
6347
12350
6605
7183
14891
6775
2953
1074
9791
9347
6047
4021
526
7348
3535
4024
14740
4139
4078
10232
2754
754
12914
11013
1354
11909
11858
11363
8704
15032
16347
14050
10050
16089
10985
10934
15489
8265
16236
6517
7988
664
12099
5787
3872
13630
4182
723
10190
7077
9885
10352
2783
15006
14038
550
125
6130
11435
15419
8191
2474
5396
8107
1784
7746
7763
14436
1708
3421
995
4013
7521
12578
14083
6243
15406
13431
15978
1624
9033
7728
12749
6482
7469
5682
11070
15210
1061
4921
10565
2698
14366
1674
11572
9916
1596
8723
3350
8582
16189
6880
11553
7922
16102
10341
1903
6633
9204
3751
9160
9121
9337
11415
9762
7527
14534
3095
14931
957
8418
1650
2175
6502
11890
8565
13262
3974
13112
6003
6020
4215
11962
1083
10127
12888
15678
4906
11228
13863
5881
2609
313
11711
8310
14696
2967
13723
14929
4069
11096
14472
10098
10420
11072
13475
4791
4990
14169
1808
8202
13271
3816
15097
2794
4821
13449
9999
12807
11970
16296
6805
1434
14826
9851
1991
5599
3755
10626
3722
1368
2030
14368
15410
3566
15766
2315
614
15151
8010
14117
2851
9792
9488
953
1627
2405
6360
8965
6564
12793
1683
14998
1446
4371
7248
10693
2216
896
12295
7021
9051
5513
5635
6891
1760
12900
12025
8084
4177
4327
4892
8197
10563
15996
5459
404
2003
5137
9227
4376
16301
4218
624
6124
8674
13866
2037
296
9748
6507
10894
8371
7724
6029
13772
10669
5287
757
6958
4077
1286
6489
10376
3775
5257
4563
7712
10917
1579
4496
11788
3126
1211
9028
429
11840
8651
15786
7921
13277
5626
9830
9984
2033
3903
9406
4509
809
14090
4645
6037
2985
14518
2761
2331
15192
9217
2727
11263
1675
6711
10106
14987
12757
15315
5001
10218
2587
8143
5037
6093
7241
14396
5792
13525
690
2618
577
9875
7020
6420
15703
11084
3364
9730
8397
8405
15683
14221
9153
4555
2898
14522
1014
14487
6026
12270
2184
15229
14973
12903
6160
3691
10942
2366
5725
1677
8
1714
2414
2752
435
13776
6249
15781
7873
15622
6640
8042
9001
2639
12004
5255
9435
8975
321
9279
14199
12589
508
12310
7514
11597
2489
828
6201
15701
13026
5634
5430
8316
2622
8105
3907
11337
6987
785
3673
16334
7176
13166
1365
10379
2028
15125
5814
8548
11699
7447
13598
9534
8661
3860
7125
7512
10199
945
5424
15547
13486
5470
3000
6302
10163
8962
10457
6178
10706
5022
8291
10734
13792
5999
13994
11605
15034
13861
12226
14182
15010
16062
224
1208
12655
15634
2392
13917
1988
12809
8251
13362
4816
7436
2948
8966
11114
11420
9058
14022
4836
4213
7109
11116
11764
1709
1070
3894
10290
14956
11663
5231
14263
11823
10746
15870
10806
9687
12938
9299
8176
14659
1954
15318
6578
10241
5965
4022
1338
1503
545
9270
10393
6545
10003
3127
405
16160
2342
10690
9947
14647
12713
3441
6908
15790
13670
3103
5709
4833
12963
516
8959
2406
15071
9323
8003
14008
11216
16223
14014
10873
3450
11481
8312
16018
14468
16381
4035
13168
15342
15922
5934
734
6898
7422
12342
6166
2189
13397
9876
422
6273
13695
9261
11794
13733
4494
4263
12580
3951
15952
12216
1488
7011
13292
9365
13003
5121
2693
12600
1245
15612
13560
7380
2452
15500
15749
1737
15254
11869
13291
5916
11564
5252
11181
6896
13972
9447
94
360
5524
123
12921
7399
2596
8710
346
14408
10221
11316
6421
16194
7273
8979
12742
5831
3094
5185
6102
9405
15768
8885
8322
423
10919
13596
15114
9577
6777
13079
7599
5611
13479
6157
8117
14284
1876
6488
8381
9595
4050
4815
8663
14831
8858
10252
12532
14170
9403
15733
7228
6531
1101
7723
1118
1177
6044
1496
3695
5079
12651
9640
11478
12327
7580
3569
3536
1534
7788
4472
8841
3329
13528
7295
5136
11196
6481
12707
15643
3725
10945
8748
1554
4305
14160
3455
13335
2291
5842
12447
840
4313
3966
7018
3316
4240
12390
4265
7299
9672
2092
4303
3226
4192
7166
10480
16154
13185
4201
3492
16056
13909
8730
1864
2800
11538
9498
10758
4154
2478
3888
7533
10584
6726
1256
15540
9240
16207
496
2597
11848
15278
13546
2234
6779
6852
3391
9146
10385
13647
14524
9473
12829
8683
11373
13447
595
10478
6737
2338
11642
1203
710
10149
16251
7511
11422
3633
11230
5118
12665
866
9692
414
11399
2881
10503
14711
1197
2132
15029
6530
12745
11825
5765
14219
10596
9866
5154
13240
13503
15502
15887
6825
5485
2481
7268
11123
9974
14382
9062
2200
6322
2377
8535
11479
2290
15256
6859
640
3595
15616
8056
7108
14513
11698
7826
9544
6914
6920
4020
13842
6533
4768
12972
2002
784
5073
4986
13923
9291
1084
7519
12358
7576
2465
5528
14302
3672
1761
16143
12073
1439
2823
7308
1181
10598
5377
3115
5425
8724
5758
12762
9420
5832
14066
16147
12252
5785
274
9469
13918
13391
10837
5962
8150
14705
814
9667
14360
3066
6285
13756
15886
11260
3170
9361
3119
14058
3704
3516
5403
8164
7731
7604
9522
13419
9260
2130
1320
8207
8680
15003
7162
3064
11040
11664
11410
15450
13275
11431
8907
11432
2857
8327
532
5722
12585
5527
15308
4902
14276
2771
12201
10061
13642
15970
13304
6655
1032
12863
15725
4278
14860
608
1232
10625
13856
1088
13826
12592
15051
3191
5994
9047
3414
1213
15664
2544
5802
13855
6116
14554
10895
2957
6813
5953
10343
12365
7581
563
8911
2236
6437
15108
9829
4392
4350
6236
16363
6390
14638
2220
7569
6885
16210
12227
5717
12392
15135
13946
3614
4828
10308
8288
3231
4835
16276
11807
3049
7813
8094
13641
13690
12269
15298
12792
7051
9168
2413
6032
5155
362
6686
11011
9662
14386
14372
6510
4490
9852
11777
8790
12839
6854
9767
16004
7178
6040
12867
7592
9889
14215
12278
11493
15947
5716
14120
12154
797
16338
14846
3817
9537
7958
15049
5822
6402
15536
5839
11439
1290
4332
7983
12290
5592
15657
3057
11524
2636
11965
10439
6335
8219
11855
6188
14788
8379
16183
9898
16367
194
15249
11476
2924
11392
11893
9642
15787
8111
14106
4386
11731
15842
8364
637
9970
3322
4364
3217
13043
3480
5473
12000
10146
10957
1643
6668
2300
11647
10028
5414
11455
10097
6429
1309
12584
3097
12077
17
8938
9096
8033
4159
336
5888
8902
14043
12841
16098
11817
13393
10903
1849
12495
1611
11430
1573
11347
3062
12454
14611
7823
5373
1150
5361
12043
2178
6109
11969
12254
15522
7908
10315
13920
1358
5415
8558
11487
8556
7690
13760
13604
14592
3776
1369
1655
3930
11502
12983
14511
2424
7684
12316
2065
9303
12551
7045
8423
10610
15912
1504
10620
6683
13743
13522
12638
2421
14979
10880
13179
1558
9199
5896
3952
11390
6388
5312
14094
14709
4581
3913
815
11968
11236
3346
4047
15339
15381
10749
8504
10848
5067
7101
8734
8018
13958
14583
8756
1068
9714
9371
12467
449
6024
9689
2579
8692
11322
2666
3393
1835
3551
5754
15283
8029
4945
5712
14574
5621
6105
7437
1937
1830
15329
11854
2242
6676
2202
5043
15089
4905
7551
1448
8426
12037
11846
4322
10966
9298
2986
15189
9912
6171
6088
16270
10621
3277
10893
13189
8175
7152
15594
7231
8420
15662
7606
10599
12427
11475
10256
15244
15181
2955
14208
963
7484
12960
11718
11128
11305
290
5967
3790
8246
8386
2997
4390
2855
11760
8481
5020
776
10588
12240
4508
7492
6341
4694
16071
15974
1244
15962
7759
15468
12088
10446
3964
12779
2364
11346
3499
10509
6515
1422
15495
8093
16273
15417
4765
8378
14250
11020
13872
15893
9834
2527
5490
7960
2293
4087
11568
1734
9935
7714
2867
2395
574
2560
589
15297
2343
6594
5190
7314
12931
2873
6158
6123
6365
11026
5688
2992
9211
6362
2841
1893
10675
1821
4304
9073
12586
9035
14914
10823
12279
9362
14329
16254
3213
9233
14584
5469
4890
4641
14701
12068
15492
9772
8287
10550
4362
3522
15409
15024
13328
10930
3525
7440
5092
1223
1120
4473
12437
4144
15493
16322
3667
11179
12031
5289
11242
14470
3804
8569
6318
10851
6193
12764
3836
5988
2039
11169
3263
12563
5580
12246
8305
11607
2836
9351
1940
6385
8196
16304
4560
7815
11939
13993
4300
2908
16124
11471
3794
15314
6562
3706
11528
10555
7395
15905
3796
7225
9926
14785
15228
12022
611
977
12654
302
15109
3608
16163
12795
6438
1347
13575
14897
6547
9983
381
3051
8616
4756
3685
593
11352
9727
1597
6312
12167
4583
7720
5744
5501
14928
12724
13793
6049
16197
7008
14357
1929
4068
5182
9368
11717
9744
1629
16092
3298
10838
15620
15157
11611
2887
12489
10434
2095
10124
9190
13881
12803
10685
1471
1386
8669
7860
12891
12326
3190
13198
15259
348
3918
4311
10410
1248
12380
9212
4394
1474
12688
4387
7772
15009
11942
1227
15274
9066
2170
6910
12
9924
4148
10542
11577
10516
7689
14146
10032
15854
5262
4433
9904
5220
13392
1569
13990
3235
5215
1103
3587
14805
92
6945
10057
2060
14057
10914
4676
6091
392
7964
3238
15119
10399
2394
3664
13070
1149
1970
14830
15606
8149
8157
2025
2577
7396
12538
715
12719
780
2098
823
7871
403
9616
10227
7425
7285
8134
15437
14087
5565
15356
3114
5880
3292
7112
5364
15705
15614
12884
8280
11891
16375
12731
2657
12112
7693
13787
13688
3380
1212
15873
4613
16195
5164
15023
9504
14579
9556
2520
13374
8085
883
6816
3812
7385
14818
5899
4868
1514
14883
12649
9023
15008
5594
2690
8545
5326
3634
13223
1565
4788
13579
15123
8334
16090
15373
15751
15270
15094
9621
2402
987
1613
12718
14703
9815
1580
3737
5091
8102
937
8699
1176
298
1447
876
15464
15176
15385
12078
14164
13325
15802
3325
5724
8785
2461
13007
8088
6647
15896
14824
9702
11091
6110
363
7537
11122
12218
12753
3698
5045
12608
2641
5972
870
9706
11053
10441
9313
4086
12971
9817
4365
15951
9902
13656
15498
3521
8263
12539
4354
144
15565
6153
430
210
15321
2228
3955
8915
2567
11587
10012
10587
14153
13307
5857
14484
11993
9519
9309
7081
1366
4008
8369
13521
6177
2056
6651
3300
2974
7518
9856
8802
6658
2052
11046
6733
5016
3332
7119
12038
14670
15182
7420
9591
13890
13008
6586
8567
7981
8009
9477
3671
10964
5504
11695
8400
15459
15343
13061
10407
11211
6462
1694
14909
1012
15863
16119
8870
12788
16114
14832
5575
6994
6392
7302
6282
7771
4071
803
2749
531
12179
7281
10703
14733
15072
13548
12202
14339
15706
5201
15987
6359
4142
12272
5310
4150
9169
15556
15971
7203
14713
11701
9378
1829
1335
12382
13763
6005
1672
12072
5582
13196
10123
11533
4066
2188
11150
4204
14936
6543
13256
2795
6661
9906
105
1939
8562
3893
2842
14398
263
16219
15702
10622
1981
11719
11492
1887
333
4513
14797
4401
4399
9389
15740
8296
9901
9532
3638
7094
8233
12486
15260
1799
160
8854
3556
5551
15690
352
2548
15916
8936
4367
65
10150
8964
1563
10673
13904
9660
10923
2923
787
14642
13725
6490
9021
8933
8813
7613
8194
14034
5005
2827
8949
5339
14452
3343
5796
3887
6496
4867
12175
15857
9514
11558
9458
2687
6154
14550
7141
709
291
1042
10779
1337
10200
8652
4721
14504
6638
3395
3243
14261
6401
4250
519
15068
1391
14514
14443
440
13218
4958
15025
11873
12485
5105
3475
15148
1807
11061
1865
1532
4495
4693
13094
7800
6877
12436
11450
14435
6503
15402
