15701
13245
744
11135
11419
4012
4813
3064
15221
12788
1107
9923
10889
3539
13597
571
3632
3676
4120
10072
2272
14159
6593
910
8159
808
435
2519
7540
3260
11729
3564
10042
13658
8747
3868
8475
12912
12916
12190
10690
4524
13728
11501
11276
10226
14980
11872
5067
12081
8001
8332
9846
5936
4555
439
8842
6561
14146
5922
16178
11397
13460
4760
3274
13736
10785
11000
13795
5571
1300
5411
12737
76
6585
6777
424
1198
12874
16206
6618
4093
14025
14852
12135
3020
12008
11396
15992
2698
4284
2334
13579
10389
12410
11297
3296
14418
15331
7068
16331
6201
3573
8786
2453
1386
7057
14636
195
7130
328
11336
6467
2660
7650
13157
1966
7824
10792
5760
12748
95
7868
5424
2412
3524
3617
12608
13492
8724
1748
15462
15390
1682
9293
1469
15735
5142
4854
540
6197
1114
13592
6433
15051
1436
7471
7859
6734
7580
10264
7389
5339
875
11087
11915
13160
4921
10761
7986
13243
4933
9556
9213
6947
13158
1898
7762
6406
3856
14735
6891
10887
9461
5703
10523
8654
1543
11958
7505
10517
11919
2317
14820
1452
13256
5438
15386
11754
10897
253
3058
10099
6153
8882
1006
10662
15172
54
11807
10594
14289
7378
9431
2266
5269
3614
6503
9311
1872
8133
12969
8291
9054
14623
14140
7708
9074
4672
3258
12551
8066
3225
7163
4667
15545
14084
10349
5815
13554
2433
418
4229
3036
11613
9053
8212
638
1942
8495
14432
926
10821
8045
12043
4113
7673
12822
10115
146
3455
2157
14148
7440
85
4693
9542
3544
13414
5073
9132
14004
4129
10435
3855
507
9940
16186
15854
1072
1162
12938
9117
1057
1813
13386
9936
3528
15530
12096
1811
14208
13088
7109
4112
12830
9790
12835
3578
1347
13616
10838
8764
9689
15064
4213
10193
9674
4118
11512
223
4586
7885
10589
15389
2229
6686
7882
467
15226
5549
6551
2917
7614
907
16209
3130
13353
14101
3028
5515
11521
899
11294
9534
14886
3073
1999
70
5100
12629
3205
9111
3160
12162
12239
11198
13490
16246
12578
2377
405
7533
512
4607
14268
15704
720
2652
10583
6119
4418
8256
6691
8939
2137
13870
6978
13385
11530
12744
8817
11166
13759
1427
4549
12577
1981
15369
7680
7312
16366
10614
7037
6457
6663
4352
6569
5682
4164
14727
3037
5402
11939
16071
5040
8567
9847
4481
12954
8191
5355
3350
7939
11518
6328
7627
11007
8752
5429
3875
10280
872
12576
9289
5390
4037
16
10110
5009
8496
6609
7743
5882
15165
15092
8448
1725
13558
13776
7420
4684
9008
11997
4048
16265
3740
14729
5752
11311
12534
15239
5623
16172
8084
1529
6329
14809
4681
1258
13357
11675
2261
16216
9093
8194
7148
319
11914
3592
13124
11060
14846
8018
11532
14281
7325
13884
10531
1368
12678
3444
16091
8306
8236
15075
5819
11141
12643
13139
13690
13835
11183
13217
15779
4102
7721
6291
8959
12710
3135
651
6785
13512
1517
9806
14360
16383
8533
6140
6202
9924
3424
4665
12301
2565
14982
2120
6090
15459
7349
5508
679
4414
186
15722
11626
9403
15889
870
11868
400
11657
15995
7398
8679
1989
4334
11843
9464
375
13249
15556
1605
709
1568
6283
12567
9512
12802
3068
12358
12952
3702
6699
15169
12307
12900
16351
14663
8110
8319
9089
5498
33
15161
8958
1821
7745
632
13708
11955
15893
12123
14667
13556
11912
10997
12839
1930
8289
13403
13261
11648
4216
15966
15125
5262
14335
10444
10232
4455
9245
11280
8666
173
1943
8102
11334
4525
5182
548
15101
13525
11911
10747
9503
8839
10979
9860
4260
5625
5096
3864
5163
10620
2283
13802
14259
4391
13156
52
13655
12287
4507
6959
8525
5594
2763
16316
13814
9523
10850
16147
10285
8756
1761
1476
2408
12645
5726
8518
12122
10695
14233
14242
4068
10289
5123
12617
15504
2057
4379
10748
14825
3980
3264
4322
1797
2651
738
9911
7552
16093
1133
8480
11514
2013
4943
9555
13817
273
3408
13430
3360
11731
274
15068
10026
5929
10495
228
15522
10433
2083
14842
6761
7835
2539
10937
6195
1739
15498
2925
4534
15288
1016
6984
11372
1159
15274
15785
16191
5053
9115
8857
2844
491
5706
1749
3661
6211
8728
4292
5193
4836
11118
16307
1971
10776
14669
15709
2987
15656
15750
15477
5138
672
8044
2584
12238
14086
3992
14849
8881
7354
4392
5366
781
5287
11146
2493
9786
5905
9421
406
4844
9284
10829
15245
12261
8968
5647
2888
1357
5779
14576
9578
14283
6632
897
7318
212
1964
13181
8463
15492
13836
12006
9235
4710
14261
5861
11194
10549
15478
7794
5862
12715
3099
4828
7497
6390
6806
7156
3443
13520
4886
1687
7201
7610
250
557
4861
12688
6188
9575
2210
332
7075
15512
9498
4833
2315
2409
3993
14107
15731
15713
1223
16179
3012
457
9884
9294
15089
6763
7242
2103
16360
3723
10136
7305
10556
4781
14382
10270
11005
5350
13159
5241
6438
4437
14449
8671
6967
11286
15959
4618
6097
10424
12575
14881
11787
2350
171
7190
6386
299
5585
787
525
13429
1025
3482
14900
8235
2930
373
12864
4002
9423
15590
7486
1711
12232
7003
9034
16054
12988
510
7195
9594
12568
11778
15865
7012
2790
6920
14738
948
6154
14324
7278
6180
14325
10426
14287
4785
8979
7754
2512
2488
11933
15004
2582
6542
5255
2908
14868
13119
348
13258
2321
1433
16152
7035
6054
14198
2449
9116
1215
677
7922
3059
1413
2252
3653
7472
14280
11573
10221
11224
3527
6925
3327
11977
10268
16230
12207
7987
6076
6100
16026
15803
9839
10398
16112
5976
6469
6641
12364
7049
11420
15549
3451
2366
9262
4815
2712
6851
9707
9336
14955
15348
7372
15838
10298
5711
12002
11251
5969
8168
1976
6543
3250
6343
14041
3045
4734
5970
4824
4200
1053
380
10201
13299
5902
12116
258
14516
12087
15040
15879
8508
4645
6324
13889
6655
5024
2128
13115
5166
9583
1346
9206
3038
11339
9151
14919
16346
4625
2668
3042
871
6555
5889
11202
8896
13719
670
5091
11635
9373
1190
5010
16258
11014
10993
2049
4090
5376
2066
16185
6874
14770
5017
14991
15423
5080
7475
2265
15843
7019
12056
2516
12768
7909
11786
11082
14161
8579
2479
11453
504
13132
9484
10407
16075
1353
9091
4892
1530
5852
6889
3347
10839
12525
8737
11072
8836
4570
7100
9572
8809
15916
5527
16109
7874
13001
1867
5246
11416
4293
15126
990
2665
24
14392
4551
5974
15958
8852
12321
15757
3554
5342
13451
5127
10168
10013
15712
14878
5276
6480
11379
15697
15327
6714
7991
5243
15790
5697
11735
739
1766
9915
2609
7802
15216
7083
11452
14911
11761
15409
4353
5415
3947
8024
5085
172
754
9972
9626
10395
14559
8195
15888
11745
8729
14884
12732
10920
5800
6228
1835
14267
10696
11717
8017
6002
3203
12153
5894
2708
12641
8692
9205
14894
3911
9814
9155
16286
4208
10126
13906
4503
4962
718
13379
5319
13863
2451
3721
7808
6394
3202
7559
2511
10236
12599
15201
2052
12175
7912
11192
12342
6927
198
5863
9883
368
8219
9047
12254
13675
10770
13997
6039
13128
13991
156
14142
6578
8415
4251
1782
12279
1093
13250
4077
6817
6474
7681
13679
9968
7024
6533
13272
417
10522
7479
11181
6982
16239
14624
13469
4925
6745
295
9052
1355
5614
8139
14019
3412
5544
7597
3777
16111
12623
16382
4563
11699
6033
8605
1179
13806
72
6980
13291
1824
13314
5528
4497
14495
8302
1240
5244
13605
15046
11346
5049
9237
13822
15255
1034
7252
3183
11948
14971
2195
14876
7046
7279
15886
5112
10330
3673
4827
8265
5586
1224
2416
13339
13215
3389
12464
2199
16240
15508
3456
3415
11315
2898
2787
7030
8635
6627
4128
10060
10453
2871
1724
10987
12960
9282
1877
6349
12579
5581
4385
14218
8287
3914
2758
511
13017
5282
10929
14322
15377
13792
13344
770
12036
1245
8585
10358
13967
3533
13623
7793
13089
11353
7478
6900
6976
13732
2001
355
2617
4512
8321
8457
6710
7894
10576
4457
7738
12699
2538
3179
15884
655
15054
5341
7169
14234
11028
11433
4851
4052
11746
11040
10840
14124
5942
13721
13114
5600
10502
9436
13505
10393
4001
7998
15881
7661
5512
5546
10612
8835
11871
8791
5433
11360
6844
7145
964
4272
12863
3837
6071
307
3026
7956
10360
7975
7458
4838
15405
12372
952
9309
2693
12522
12156
8004
9914
9526
4303
2096
805
2608
8513
5541
4371
14096
13588
811
13432
3566
9602
8361
246
8556
3961
7978
11899
5987
9176
11438
5494
8545
10020
392
6494
323
8534
5710
2455
10416
6815
6690
10151
12505
4173
7414
13804
7666
411
168
13300
275
14566
8581
5222
4053
4351
11201
10480
8365
12368
3821
9495
13266
4697
3807
4426
8847
11326
11975
3957
1598
9587
1708
15953
4184
13365
7979
444
16355
8052
248
2644
13832
9043
15076
12035
11679
4472
3597
5536
6420
9926
2108
6120
466
15640
15513
8541
3387
12761
4954
15777
13257
6359
9857
8446
4487
962
12407
6404
10845
7517
12434
207
7029
3301
10083
9188
12845
2678
1050
10817
10023
10045
16033
7129
4425
8149
14671
5023
1387
16140
13335
669
5042
14482
12497
10798
2705
5110
8058
13100
14471
16276
11681
46
6946
6985
199
4950
13130
9669
15887
4668
607
93
15927
4841
4573
5101
15850
13986
5805
10303
11021
14310
13657
12856
13428
891
1022
463
4983
9321
2785
8177
7168
1158
3830
928
9081
1144
11748
1321
7856
716
6360
2713
4992
10734
7940
2877
13981
13929
8249
2847
9011
6725
7796
1698
9749
13656
6935
10061
10373
4318
7078
2486
1679
7191
13798
15166
13381
14314
465
13087
4146
9870
5759
9261
13473
12596
2885
10135
1661
12181
1201
13315
5362
14034
15717
6122
8435
13891
6824
6072
7007
14942
9033
10181
717
4876
12791
8002
3101
3441
10231
2957
15993
13238
681
2854
2945
12072
14548
3621
1666
14819
818
4172
8335
2355
1187
6034
4170
12705
4810
4304
10541
469
7225
1345
8268
14941
7064
9492
4978
9270
5181
7273
9598
9437
15253
14390
1722
15933
9330
5837
789
8204
1073
9918
3707
4805
14064
7761
15418
12795
9462
10430
6936
3960
1573
6779
8466
7667
652
6309
12785
2815
14179
2771
7121
11983
1620
6173
12332
14102
12465
10306
1287
14534
4270
10196
16065
8048
154
6739
5542
9266
1969
7449
4516
10245
14026
8647
523
2904
1118
4608
3920
11176
11232
2623
1781
6304
13821
3879
12528
7213
13577
14617
1276
9438
5951
773
15437
15975
92
15465
1090
3266
3111
13604
15983
16274
2301
9681
957
51
16164
7491
10964
14446
8767
6527
10534
3569
10088
13325
3295
5962
645
9304
8970
4639
3259
7245
993
13553
9812
12108
7053
1559
8450
14527
10192
9829
14560
14367
2686
16268
5036
983
15130
8346
7079
5833
812
5250
10051
6808
11356
14321
5860
13645
10386
11987
1408
608
10374
15679
10027
1806
12676
6547
1338
12089
591
6281
14497
7366
7866
14748
16317
3380
8799
12422
14336
7618
11106
8246
12865
8116
11687
9049
13252
14635
1815
3393
15859
2897
2672
2358
14962
3007
9147
8325
1149
14452
157
10235
9167
10766
2497
12714
11740
5251
7903
1496
16096
190
12963
12790
15077
6668
15287
1828
5656
14964
8342
16087
12541
13939
13602
16170
4221
3545
15606
9234
3858
8921
5781
13399
1188
16034
11861
15711
10260
1526
3622
13141
12132
16153
84
8427
3386
4675
12057
10036
9836
2501
5924
13456
12404
730
4436
6562
1865
10047
9227
8254
4521
14912
559
9781
4041
15929
3445
361
14599
360
2289
8340
6143
3357
6310
13248
10131
5507
815
7953
11095
1292
14659
15553
1170
14246
4939
5041
10827
1324
4110
14199
231
5093
5453
7574
3222
10008
2263
13133
6942
5900
3275
14063
10890
15873
14277
9616
1171
15490
3226
3004
4195
4623
10994
9247
8009
6595
7210
9411
3906
7823
10750
14033
7653
13770
10922
12965
8511
5119
7871
14387
4035
5117
12005
3438
13899
7110
1863
2903
4441
3663
11293
15222
12262
14113
13369
5848
8657
6816
12040
10441
2163
14388
7917
12468
4543
8267
537
6867
16005
15814
9872
4415
10967
11077
6972
11655
5803
3070
15688
11422
12318
2907
16049
5383
16013
12621
11943
3949
3385
8175
3593
16242
11662
6317
16079
3363
647
14204
13316
11470
5039
1606
13077
14039
4084
6958
2302
11999
9807
6032
15903
8274
4707
10209
60
13717
3563
15912
4420
10315
9833
56
9212
10290
14716
13590
10056
4339
3289
11306
9040
11495
3805
11625
10239
11261
8141
4730
7957
9816
5324
1655
13377
13241
13472
15695
2962
2935
5692
9466
1282
8558
2105
2886
8152
13718
12751
5236
13342
14936
5756
10109
5751
2042
3818
15316
8886
4467
5225
12754
6436
7511
13419
3146
4276
8187
8077
14771
5478
5315
6313
9018
5423
10809
4678
4072
14675
4905
699
2498
3256
4018
2474
9280
11937
10508
11206
6762
1206
8293
13442
2517
125
8109
2881
10912
13019
3470
15411
9882
2601
6230
11153
5419
2996
14141
5551
3039
5183
1889
8948
12397
8578
4169
3031
10328
13947
14213
12673
14160
12403
14863
14087
12564
15585
1627
7158
14357
12986
13044
9398
8326
8807
3827
9888
13025
6371
11231
7955
16017
14461
4010
1664
6704
12491
9877
1672
10329
7457
1142
14661
5413
14786
3029
11260
2319
2431
2040
2445
7857
5830
5971
9073
3400
1883
13009
8840
15937
2406
8276
2376
3448
6094
10241
10851
3061
15143
10009
4488
7927
7742
10668
15961
656
7587
7993
11125
4694
15931
2843
567
13251
8932
12886
14299
12666
8224
12019
9022
8947
13053
13615
13279
11815
15402
3902
15605
16236
10533
15770
6187
8218
12112
3650
10138
16353
13647
14711
11565
14254
6637
3032
2578
9568
16287
6372
1564
3734
2233
3508
10661
3105
10271
11163
15063
3994
12026
506
12866
10185
15180
8773
11709
8093
1818
11985
10921
4825
5771
4452
10459
15428
15023
3436
11399
2747
11631
9275
1371
6464
11721
7988
1459
5608
12220
5744
13663
13397
12653
10600
3817
5257
9474
1600
4290
3294
10774
8910
14529
14036
3192
15
12312
13409
15780
7476
13018
8769
8859
6456
11402
11004
5277
11307
4798
15582
7009
8631
9906
11630
14704
6129
5973
5657
11780
11860
5363
1384
16285
3030
15117
11099
14837
5758
9735
4994
1032
9545
7212
9259
4860
4605
10097
4765
1901
10104
1165
462
11991
6458
5059
5503
5879
4382
1975
1455
3352
427
11605
6021
9709
7176
1704
8299
13459
2928
15191
3928
5465
11669
4872
3938
6730
15894
15024
311
6279
7730
9830
5188
5718
13305
3708
7902
2005
4999
13448
2892
4564
5195
12031
11782
2378
13481
2158
10843
13424
6476
5121
4638
12432
12045
8211
13781
9788
2482
1750
11226
14448
12052
2273
13294
10458
8252
12545
15208
1544
8755
7342
485
9842
2933
3666
6235
9552
833
15932
3889
13084
12060
12555
15976
4281
1194
5841
14465
9640
753
1110
15946
13888
13185
7246
2251
352
12616
3742
12709
6583
6658
15985
7504
2655
9475
6318
3302
12269
5923
3229
11533
8290
15071
12686
3738
10970
12444
15503
12739
6345
9334
16203
1900
1552
3697
1838
10385
14797
12549
2161
15997
13198
15333
6248
11089
15299
15827
6225
14048
5267
10445
6840
10134
5175
4775
3776
10995
9822
5278
5473
2411
10129
3898
10880
4014
7514
5209
4540
15010
5911
9217
11620
1853
1692
10956
8785
430
10145
12967
5899
9703
519
11383
15079
6995
12482
9409
10958
8407
8420
7262
12973
9738
3969
3543
1284
2500
1096
10641
2003
5994
696
106
4295
13791
5105
2342
768
12651
846
10483
598
6190
12114
15801
4792
7910
11179
4242
2838
6277
2215
8169
13914
13977
10157
9611
6229
4515
2188
6183
5530
6614
15315
12049
16272
1787
10486
2262
15604
8876
7863
13908
14783
807
4826
10003
904
6756
14959
15116
224
7596
1628
4576
1018
15186
14684
6422
2201
2021
1618
15426
7404
3403
2249
3145
7773
7631
7685
10119
12899
13450
4151
7883
16082
9322
5400
13841
1011
12793
7174
7276
10492
7323
14066
8973
7644
13865
13526
8347
1998
1049
12759
3442
14405
9553
965
13629
11121
558
2947
2368
14680
8113
9173
1299
1848
10493
6944
12325
5435
4434
12137
8944
9580
11541
13191
11863
9139
12903
14263
11502
4520
11619
11714
10950
8270
9655
15375
1881
502
5113
3287
5746
15256
10901
14214
14832
991
13549
1616
4474
140
6264
12619
11101
12062
12928
5268
5124
3349
183
7056
6239
7498
7578
12395
4182
1615
16144
2095
3284
6156
15942
6141
2921
5665
13411
5045
8406
13524
13332
6597
10822
9483
11993
11474
3656
3060
10090
2279
4202
14542
11364
12499
5368
1563
2858
8034
344
3749
12160
5755
1866
15111
4687
9419
10092
12494
11757
7840
3369
12313
1846
3370
15800
1944
9471
2684
6607
3418
15363
599
11300
6035
6101
13390
1744
13317
2963
10592
4973
2658
9290
9005
14306
9521
2332
7908
14365
731
2432
1910
7585
8220
8294
7454
5767
618
10823
12477
16023
5206
514
2492
11215
2690
10091
2045
7598
1509
692
15515
1562
6589
9415
3945
8376
4881
4721
1760
2135
13568
8849
4383
4039
7679
2728
11589
1793
5888
8493
6430
5058
5227
2952
6774
7297
10286
10155
1640
14766
14891
6259
16130
9254
6880
8907
5353
3763
3476
11683
15219
4135
15998
11743
15835
14757
12624
2632
1499
9760
10120
7851
3727
4548
14157
7493
12103
5307
9274
14404
3516
425
9791
7521
2369
11409
2779
11481
8454
15464
13754
15146
15018
13987
6081
15349
15628
10649
6932
1833
1458
15829
2926
2757
5443
3788
10899
10739
11935
15214
11705
10784
9183
11576
13005
7845
16083
2980
4544
1593
1400
12322
9249
5636
7984
15864
7642
8732
932
14081
8997
4231
4560
8538
11857
1699
4647
14744
10944
2430
8329
1219
4898
13633
13080
9353
2549
935
2236
8553
7271
10685
3684
3698
7499
13741
10024
14278
271
2663
10059
12720
8162
5194
6792
11697
3019
9673
11317
308
25
2245
5003
5414
2939
6535
1026
5280
5335
11048
7131
12159
9063
5849
4444
3311
16218
2643
12718
14582
5616
7899
10018
3815
2441
13691
13903
5851
11406
8114
13373
11390
9679
9201
16076
1444
14466
1097
11971
9597
11811
1890
5051
10743
930
12109
4818
7770
14774
1308
16378
9346
3584
7781
4009
15740
7733
58
15523
216
1087
15047
164
14674
13348
2884
10865
3672
13355
12061
16014
2789
4856
8909
5606
4986
15573
3537
9808
13368
11477
7583
12249
10669
8373
11188
14544
13510
682
5662
2546
2504
5702
3458
7818
834
15088
5314
8634
1575
8941
9974
11086
2541
2008
12774
527
15457
9565
12055
5914
5012
10716
15384
11508
5234
11177
11664
4389
10719
844
8112
8566
6847
9104
8213
8595
6332
8385
11802
980
2981
16202
13518
11128
11122
1254
10500
11661
12426
9120
13618
12924
2868
1196
15914
12898
15031
691
12161
5134
7538
12242
14715
13147
14022
8736
5035
15708
10986
9178
69
11578
2794
10629
5133
13169
7074
11829
14606
11972
14196
14134
1177
9171
708
15610
10705
2203
16106
10712
3628
4923
4742
10179
13853
5557
4571
12753
3699
14520
9862
9359
5738
5022
14656
3156
5092
7645
1786
1438
2602
12476
15644
6587
9239
4476
3112
9920
7302
6750
14693
8348
4676
15602
1857
1794
144
4191
7028
10361
12529
7361
9031
5816
6646
9992
13165
4197
4185
12187
12827
7105
7576
7032
2949
15162
1579
3267
9818
690
2559
13742
14359
7819
4100
11689
13174
8320
8418
13488
11686
5386
7211
4757
14355
5804
7570
7375
6742
6856
7682
414
3737
5111
1268
13218
520
3358
14210
7221
6628
11114
5801
6963
2581
13446
2456
12769
12274
9150
6490
9317
740
4712
8607
7973
3465
9724
774
11252
12939
810
12870
137
2502
684
4283
10894
869
8301
2054
15366
2489
9090
3106
6106
1869
2831
16303
10638
4071
11137
6852
12080
887
15175
2288
104
3343
9969
15043
7716
7698
15544
635
4613
3102
710
14788
401
5598
5076
8610
5794
8915
4430
12387
10791
9671
13413
6096
12677
7895
4903
3239
12948
7438
6472
12227
12128
3479
13247
4942
9606
15563
2659
13546
5915
10653
13992
883
10408
16318
14402
2740
10219
13562
641
14889
7181
10487
6634
178
15685
15262
6319
16108
318
9964
7814
6316
482
9935
5898
7756
901
7107
13293
12634
6297
6706
2825
9980
8132
8426
3402
4384
6287
4977
11139
16029
6701
7468
6355
862
14467
10789
2258
13636
11523
15664
5913
6130
13439
14538
10635
11046
15570
11548
15138
12204
16081
8126
4630
2450
15176
1769
9499
2179
5926
1340
14978
9751
5645
3688
2247
4496
1298
3643
7603
15715
13282
16089
12635
1617
13816
2863
4450
13790
9298
13016
3897
5653
2633
9990
4054
6471
7392
4643
8028
5628
6257
4504
15376
2088
2277
8478
10780
4491
9297
12867
886
14817
8158
14910
8368
285
10868
11820
3682
1978
7609
11677
15935
12663
12735
15378
1256
1183
9025
6778
10778
9516
619
9659
3789
13058
3675
2349
11545
78
8906
3954
3464
5739
11027
13680
12813
7921
8046
14737
213
15733
10872
14384
13509
11568
12012
220
6945
15013
3989
9432
3796
4160
13063
10563
10913
2030
15142
1623
1378
8041
14247
5343
5847
7303
9748
8980
12511
1164
10460
552
14200
5391
8202
5605
7774
9320
2735
9279
13578
5334
13877
3318
579
8961
5330
1030
8642
10140
161
4157
1388
15318
1409
1540
7638
11203
10910
10745
14109
4779
4566
13565
4127
3616
5810
10961
451
967
1650
12909
1962
13783
13956
9095
668
13201
12016
5904
12809
13671
309
3015
9265
9801
15593
2521
1958
3124
10903
9448
14221
8514
14784
1064
16381
814
2462
3824
12516
9956
10580
12902
9742
2891
10076
3054
1912
3820
12825
6652
14302
10382
13632
12335
8574
9478
266
6387
14252
8015
10552
4393
4224
11616
10478
16099
10359
15510
14186
6209
268
5207
1146
10367
3557
15625
6528
4628
7727
13280
13958
16197
7935
9458
4214
8138
3718
9949
12124
10863
13213
8999
10414
7194
3076
2132
6401
10831
3835
10608
5016
330
12606
4085
15250
5279
10021
6582
12781
4143
3553
14074
8971
11074
14498
15638
12594
13627
10488
2985
8606
12105
7534
15217
45
13507
11676
1154
4439
12979
15247
2534
8983
4552
8060
12456
15703
3556
933
10118
2389
14785
8154
16345
13336
8399
14586
14037
7858
6161
1771
6520
9849
8431
15677
14475
10288
8363
15277
16219
5455
1572
7961
14354
5202
4848
5211
2739
7383
3743
2691
6965
13302
16279
2248
3421
7488
14309
8389
2614
2454
11978
234
4440
13182
680
14400
3565
9856
11753
9517
4235
6455
1328
8172
15824
288
12436
16301
4344
10949
1055
15981
12450
4842
3845
4743
12746
12622
1497
11255
6981
2292
5766
3767
7846
12346
13465
13360
12983
4619
7238
4004
13296
14874
13672
14413
3093
16332
10984
10324
4336
2373
12632
5749
6189
14851
2540
10916
8489
2946
11335
15576
6331
15336
5261
10628
14089
1044
8411
8408
8561
2518
2281
3320
12507
9899
10153
7649
1603
3155
3129
11543
13544
9783
12487
6379
5952
9193
3791
6273
8428
14603
15536
14006
4478
7584
14123
10504
16292
10773
10265
1354
16338
9451
16233
10078
11779
1947
15096
2299
6604
10164
11403
3021
3687
2499
8788
2637
12453
15158
12501
8305
7103
9302
13635
892
12400
5357
3985
9713
11503
820
11650
5
14042
470
568
13039
14245
3924
8759
9697
2994
6352
12636
4759
8641
11443
3662
5874
3126
11133
2073
1278
12783
13966
1536
1243
14046
2788
5178
9310
1596
15555
14231
10074
2028
3170
10032
9625
13743
6412
14194
7920
6883
9079
12328
15666
7258
10187
7290
8689
12931
16238
15398
4023
3107
11429
13189
4912
15338
3372
12894
12892
2346
1878
4635
4755
7684
4107
2214
14225
1988
9592
2731
12834
10370
14593
5373
11136
16314
5340
1680
15646
15789
9405
5840
455
10693
2589
13105
9798
11273
5764
7542
3272
4469
1119
260
7826
13433
2641
8977
12201
14939
8629
10800
3548
8796
1626
10654
5722
12288
9390
7415
11212
14652
1712
16247
8221
14990
15796
8075
14909
10650
1501
15110
9301
3802
2715
10710
1120
10050
12447
3595
16337
12633
9378
6696
15696
1475
3237
16261
2089
5365
8905
3011
87
7422
9
12380
2920
7165
11590
6882
9775
10936
12531
3612
7369
2972
5060
4451
7309
10771
8281
15645
15705
5196
3150
9062
5305
11117
8795
13564
11848
4800
15091
6452
385
14136
13453
1784
15639
8572
15182
7153
6918
15621
7402
6986
2457
7026
912
9913
14094
14546
9391
8547
11618
12893
23
14597
6415
2055
3254
10057
7123
11123
10606
1726
13687
6477
14068
16350
16121
3152
2290
3199
5352
646
861
10314
963
1367
5145
13144
9166
8057
7116
9389
11010
14431
11738
3686
12059
5641
2612
16250
7941
5961
15344
9240
15095
15612
5613
1810
4811
9292
5943
15155
14170
16244
6776
11851
13470
15919
8749
8053
13259
10197
12670
3082
2547
6846
1812
9827
8529
9303
3398
3013
12646
11889
1168
8383
11404
16325
3291
769
6937
3768
4254
6383
12695
4908
12957
755
6421
12891
11241
6483
5103
8768
4312
2976
8659
1068
4273
9605
11575
10177
569
15244
2968
4061
2622
13396
4101
12911
11234
12889
10598
11810
11158
2110
10028
7648
3428
4704
8575
3236
4144
5210
6544
7155
8050
10154
13662
553
1955
13064
12964
3474
13784
7433
5344
4059
2849
13932
14379
13762
7426
12233
9454
238
14967
5870
479
16048
8742
9202
14543
3886
9328
16289
15083
1038
4691
10159
5553
403
8013
10062
11694
8645
1403
13622
14726
9631
11870
4858
14621
7436
1327
13030
14591
410
14088
5997
2101
2401
12027
13073
3610
15278
4036
2536
12664
5425
5567
10631
2224
13192
9368
16148
16074
12093
5439
14493
4423
16320
11352
4808
15792
501
1122
1415
9549
6674
11049
7353
2814
9225
5057
1317
3752
5558
1182
7098
14948
1366
3804
1250
15394
14862
1197
2470
13772
6688
2414
5289
1280
9804
9004
9975
4167
1320
8945
8711
12895
2942
6117
166
15118
1042
4870
9853
865
9465
10048
14507
15725
7765
2860
15159
9973
12216
9299
2036
8516
7338
4995
4166
8539
9354
11148
16255
15335
7042
12375
10339
12177
7881
9413
10191
10803
2688
6512
12741
15261
15320
11277
14678
750
12131
184
10530
1716
3208
15511
4308
11159
6924
10679
5499
11462
16006
6571
7776
3594
3330
8096
6040
3023
9848
2969
5479
2471
9460
3751
16020
8083
12896
10700
5916
15020
16011
11441
4201
14279
4677
10297
1153
1839
12523
397
14845
12117
15917
2399
6121
895
9527
13924
8902
1326
12877
8339
10974
15765
931
14228
16372
863
4248
11640
14226
14898
3781
14070
15041
16251
14494
2141
14477
3035
15415
5780
7268
4620
10825
1264
2177
7624
5149
15292
15738
5763
12862
9890
10736
66
13530
5151
8794
6247
13145
5348
3486
15496
13137
9367
3917
1318
14578
4030
10353
4363
7696
3638
16354
3542
5174
15525
6482
5797
11538
14826
14030
14504
11236
1218
14654
3724
10275
5068
11170
4763
7526
5407
9443
3968
6539
10470
10741
9028
13765
12260
7112
4579
13971
3729
14772
480
6615
5603
9364
2115
12297
5918
6511
1873
1167
5242
13805
1045
12286
13515
12384
11009
9859
8259
14127
3466
12917
4633
10888
2653
10587
11249
15806
4883
15340
4158
4086
11674
13154
7313
11682
9020
384
9194
701
4300
1461
12394
13222
12163
11275
12818
13628
7152
13220
2043
11976
12937
9450
14531
12707
2405
4095
15579
6812
12798
1759
13225
10992
16194
331
14049
8094
667
14215
2606
3269
284
9959
1341
12265
6754
14222
12214
1850
9108
5116
5450
4664
14861
11785
6574
8760
13494
3647
10132
6417
7855
3168
2593
2017
3490
6110
5475
13506
14092
2924
3335
8296
8330
715
7253
5441
13589
6083
8215
1222
1013
15213
13047
12320
14469
1719
2901
6151
136
3314
13874
5079
9192
4432
10830
7930
8264
2701
12535
9256
200
5143
3624
7330
14611
1283
7456
14790
283
1537
9998
15404
3423
8382
16204
2702
4122
8981
12620
1195
9158
2097
8701
16260
15290
6478
7806
13994
6308
15812
4301
10697
940
2356
2217
10607
5698
15131
6970
12801
3230
9271
5231
1265
10575
2531
13484
6516
8686
5481
13964
7566
14923
2167
14518
920
11866
9879
7606
9871
4659
12171
4466
12054
4588
3375
7836
14372
3912
1654
15911
14080
12972
3430
4528
11033
5460
3252
9950
1342
10573
733
9059
11057
12438
921
7418
13735
8310
539
3288
9898
6089
843
2562
12303
226
7214
11219
2035
16326
15682
6078
16306
5583
15086
16156
3480
6531
5927
3812
7753
15675
7996
13733
1538
4232
5947
12211
13905
1914
6854
1242
10363
8374
10262
446
7931
15650
5728
8649
201
11930
9515
2243
6221
7467
10553
12011
1395
11351
10304
4427
13572
8440
14798
3206
15284
2367
9764
2439
5408
4593
14185
6146
16229
9184
6300
3747
16207
6567
2276
10100
8443
5858
587
15616
10466
12683
9937
13910
10261
7825
6798
7658
4600
15090
16102
5846
2311
16115
2836
11444
6204
13547
1595
14521
1678
7974
11644
9763
9737
1349
10465
3132
13766
1037
10570
11147
10588
1847
3986
4519
9094
831
3799
6733
2113
7039
7798
1033
6027
2067
4589
8486
702
10343
13113
4008
10383
3431
2466
1757
1549
14838
2444
11528
2186
16237
10672
14
3437
13478
9809
15627
586
15359
15823
2156
2914
5198
524
9996
5020
5179
10599
13176
12172
14712
7896
4541
1783
12037
14834
4149
16157
2657
13851
5632
6392
16044
3946
10907
9976
9970
11002
7376
13050
10081
1112
15967
799
15547
8156
1986
8303
15189
2002
9157
9573
3759
10254
1294
15139
11343
9340
11285
2564
946
9886
5676
2508
7907
2390
6588
7047
11482
9420
6067
12256
15268
10704
6755
11318
8375
6592
11737
12291
9098
1554
2256
13055
11350
7178
3089
15588
8877
15495
11461
10877
1486
12010
1477
8570
10765
14608
3769
759
3316
14341
14332
8497
16284
7320
621
9680
1134
15714
13041
9546
9981
14100
10547
11124
7147
9878
15435
13253
3627
4233
349
5765
3859
13990
5065
14995
1076
10464
6999
13229
8741
11956
5663
3867
9550
6703
12484
658
14499
14634
3246
109
142
7791
924
12033
6740
2126
14426
6991
3551
15307
11727
9223
9747
11747
6118
14216
13129
14463
15324
6621
5584
11425
1047
6508
6700
2900
1504
7864
3998
9988
10720
5578
9700
15817
7261
5991
5374
9197
1124
4550
9030
14953
7022
5169
1474
3951
8975
9251
14590
6749
14690
1448
832
4285
15834
12910
7706
16302
3
3413
15502
15962
13168
6964
3141
14963
7695
11606
12235
5907
15744
1541
9908
9865
2388
8838
2375
14986
9586
15251
16042
11100
9355
6150
14077
9533
4987
13234
10167
10494
2428
15906
7500
1410
5850
13918
5077
441
12779
10011
3211
5843
8913
8936
2393
7394
9869
10317
3285
2543
6112
8308
4784
4767
9728
10535
13193
9345
8119
2751
14308
9440
11680
2671
791
6338
14149
3240
4956
9250
11858
16324
1676
8708
6523
10572
98
6694
2840
10133
15642
8170
9558
4562
9570
6608
4105
4494
6393
2855
7421
15326
8381
9927
8297
15957
13739
3169
10542
4237
9725
101
11763
9984
2304
10294
459
14699
7617
12855
13869
11874
6041
824
6904
14197
11756
15885
11151
1524
1519
3221
1916
11959
116
221
5649
13969
14158
10584
10732
3204
5301
6915
16177
12527
1402
7161
3933
9702
1462
3471
2648
7208
4111
8885
1570
8887
12654
8675
2745
13423
16231
663
5892
8559
11828
4016
4006
14789
9473
15755
4171
14330
5829
12179
13734
13575
3732
8364
12222
2587
15925
15249
5631
8178
11647
1770
9060
1208
7897
2100
12992
3167
8196
9653
15472
4109
12765
16118
13674
15727
795
433
6265
6290
2348
3494
2675
7362
5078
11187
343
1738
15343
10622
8697
6327
16291
9891
8188
9657
5681
1031
7058
14968
631
5637
9582
10781
14722
8658
8401
9491
11313
10893
13142
2515
11451
14700
4133
1946
2743
10548
12443
6095
7613
9584
1795
2033
5990
10544
9767
8056
8349
4774
4422
13862
10804
5472
12058
9231
16056
4975
1665
12348
2856
8129
13091
11490
12251
8122
11945
4089
4530
13422
15833
4958
853
2211
5291
10238
14484
2770
14417
3394
4094
11274
9647
6862
6606
1417
685
7694
9103
5958
16038
13846
12854
7966
12919
13412
6380
803
5152
15614
11065
12007
12724
13292
9694
1576
11207
6060
13970
16062
4945
12508
693
1176
15518
6708
9522
3853
71
1058
13883
15788
11929
13523
13716
12178
196
206
12701
13322
5444
11196
6934
9832
648
7052
2200
5401
15598
9900
13028
13980
1751
5920
8962
6085
14166
5303
10945
5708
12982
12637
15808
13695
5496
12698
5813
11826
7904
335
574
3970
5445
2762
14328
14648
12121
15828
4669
4918
10849
15460
11281
5293
5886
12976
5824
9343
1514
6992
7146
6116
13194
2193
7671
11126
2178
12869
7359
3356
13809
13694
14155
15760
16155
8546
12001
14105
14192
11076
306
8165
7192
16267
1200
15486
89
1101
8845
2034
1145
409
7136
9566
9129
3182
15455
5284
14348
2122
12915
956
1279
1178
7171
434
6052
6058
5642
7938
5259
14864
15351
2948
6124
2730
6184
2802
1653
175
15965
16126
5790
12082
7086
3641
6598
8434
13850
7344
5724
7544
8032
1269
12959
3651
12704
16365
12396
12734
2759
15945
10311
4896
9400
1244
12934
4799
6921
14188
8548
12722
13561
2890
338
2372
852
8569
14205
12561
4590
1803
3574
11636
542
8818
11458
6510
2050
15643
3501
12514
6061
2812
6719
8995
6715
1062
9811
10420
1729
6079
9131
14981
1968
12949
7711
15730
11966
8130
15943
2142
6968
6242
10935
10122
2738
498
7519
2326
15617
12489
7293
3694
15759
13697
3048
16114
5835
15128
12299
6495
1175
1052
7887
2225
7875
13913
14532
9366
7429
1156
13233
11161
6174
15370
8379
13557
9824
1922
9873
3711
4042
1468
1984
13246
9182
4506
147
13482
11282
7971
3509
11330
5572
2478
14882
7406
4223
13321
5150
14605
5037
10557
5384
913
15613
10322
15049
12486
3483
11678
13352
7861
2307
12278
2270
1479
6267
14725
1977
11823
16222
11320
13740
5378
11485
14238
12186
5968
16010
9009
2792
15306
1938
16319
12615
5458
14512
13873
11175
61
12360
4168
18
12068
9342
13799
15483
12838
2495
9928
9745
9257
12955
9211
15470
7321
8176
4051
2185
7051
15001
13318
5890
6577
10813
12878
7982
6687
826
3251
15484
12742
7115
9630
2733
2560
7396
10615
6226
475
4887
13330
1527
7537
11946
10443
6231
10656
1288
3379
5137
15304
3613
11583
9267
9800
13681
3367
2219
1995
128
6382
14639
13099
7739
15202
2532
2079
9609
6941
10546
7906
1954
9658
14181
14172
7976
6554
9363
15781
10660
14762
13188
2842
15672
11015
10169
5437
8422
2129
1874
14965
14169
9691
9428
12536
11941
11400
16189
1163
11515
7117
9955
16066
10332
5910
11071
12996
11770
8462
1730
3655
4554
14212
1706
1789
13909
3786
1370
2443
14476
8854
13143
8723
7758
11454
86
12252
15684
14115
3654
11824
16100
9067
5826
11942
8433
5029
11287
4013
9371
6008
7960
1374
15564
12725
1457
10940
11627
10
1465
3016
2734
11766
3097
8989
7744
10321
12246
15231
4991
3797
6813
1363
1902
1498
8685
10870
14533
10972
12433
6194
644
6301
6159
5980
8688
81
13337
6625
4989
13495
7487
9209
8782
10281
346
10484
6358
7643
16182
15980
15787
8237
5447
7072
5694
6361
12661
14138
7752
10044
3869
13931
15707
14425
10253
8542
3351
12455
322
5351
10524
15676
4893
16309
4141
5538
14641
13859
3122
8105
12389
3244
1231
356
7847
7373
2676
8938
2848
6830
5296
623
5643
12208
11730
13696
14535
10919
5895
916
14695
1777
10671
8625
10898
14474
15915
6509
4748
3503
15127
14773
2297
6581
10301
6500
1401
14190
5720
15060
13467
16063
2631
13811
1814
3746
11944
6442
14023
14275
8035
6519
15050
6933
4996
12833
14236
14178
15716
14366
11450
6526
3481
10305
15266
14396
8753
14935
15673
7096
4510
12152
7659
12230
2032
292
15681
9406
4927
6672
1945
2044
2597
4067
15302
9122
7091
9268
2011
9979
14501
11581
4338
4463
7275
784
14905
2961
14368
11646
849
13107
13537
9264
15147
9232
11064
11186
15804
15507
4632
8260
11773
1513
11442
5050
6384
8638
9130
14561
6564
14099
7311
11703
660
8095
15845
13483
11812
6679
7062
10396
16150
7397
12689
4959
1147
13676
12225
7430
6504
7867
452
16262
2786
14815
13223
3461
9348
7932
6126
12850
13242
9889
10837
7326
4745
11505
625
15270
15150
488
14412
6056
10610
4302
6485
13880
573
1393
2381
12848
9649
16241
15133
15783
4464
4574
8519
11852
12284
4869
5955
9305
16009
11440
12853
2818
12480
2719
6517
9744
420
10333
11819
170
1825
8479
9722
9087
4443
14394
3921
4080
6255
3468
1432
970
11887
2526
10957
14326
7384
10918
6922
1270
13651
1447
2782
14724
2359
4204
8106
1851
3808
8250
13580
5131
362
14681
7229
12521
3838
8090
11559
10194
15505
11715
10551
10646
10095
15633
9119
127
4225
7620
14243
6168
5412
10189
2092
13683
2870
10926
12334
10454
4840
15899
3778
13021
4835
6459
12740
7804
12467
16373
3299
7408
14054
3541
10975
12169
4537
11808
6772
12730
14284
2438
2528
1583
13689
10818
8242
9300
8695
3214
2895
3901
2305
15008
9350
561
1131
12998
15144
4746
8554
14683
9999
8507
8841
12758
11152
11145
2509
11446
9608
2726
15463
538
6692
11947
12478
15786
1695
12361
9569
12556
11597
3598
6724
2382
2231
7335
12067
3159
4713
11421
8677
14329
1430
8239
7134
5026
13464
10054
11607
15501
3427
4806
7452
4108
15171
3619
1214
13123
4934
11896
11526
11821
714
10718
15567
12004
4083
12125
8982
13384
2767
12362
10175
3608
11637
14732
7377
6896
7701
5075
7843
11877
5323
8778
13263
9486
13529
6684
8282
1892
876
10462
13275
1931
4495
9181
12352
3854
6956
2923
13074
761
13607
2956
13298
6765
1361
14010
5409
4584
14183
1772
10001
5389
13738
14363
298
5687
2154
4499
6613
12488
6661
6461
12000
8082
5240
3220
1580
12977
4349
9823
7641
1307
8702
1376
8627
5688
13486
7448
7630
15227
1094
8616
15534
15121
9810
14338
10869
16342
2031
5872
10698
7106
12418
4587
2951
12013
4617
999
2826
7151
1422
4868
3601
8917
1929
7605
5030
12126
5832
7033
15011
5502
6218
1039
14206
2220
2340
13406
4259
7355
10706
12828
7432
11886
10337
6910
9472
6666
15357
8946
6695
11371
3453
3562
14746
4658
15103
15019
10345
4015
11649
9107
5978
947
6998
2383
5066
8257
3842
5081
4979
9793
2755
12860
5982
13232
8233
7162
12602
10678
9723
281
15421
11436
302
148
11041
4307
165
15056
13962
4915
6870
14437
8386
16275
2503
7822
11412
9313
11614
6045
7466
10223
3323
10320
5158
5128
13750
1418
13642
14173
10356
6836
3331
2452
11174
15977
15267
8571
15728
15822
5773
9978
3153
4040
8353
14171
9199
6948
7282
7425
5153
5008
15944
4789
9660
15956
11667
6450
860
2682
5147
8619
14262
8698
1933
8682
1940
2804
6323
15539
11019
13665
10452
3173
3161
2075
10199
14742
7963
4257
15892
13331
14237
8990
14152
842
3955
4850
2966
12147
10983
15309
1253
15345
1095
14944
12626
2756
1805
432
1505
9664
4181
7380
543
13901
15844
3757
15260
5048
14643
15314
9208
7527
13535
13945
167
5513
6594
5107
8324
12750
9434
11483
15053
5784
6198
5667
1887
15042
4500
3636
3589
6711
11401
1983
94
12283
10932
5087
15106
5761
2699
13112
5006
9561
1756
6640
11994
11716
395
10287
4356
2139
666
9453
1742
13015
8966
5372
3500
293
14389
7207
6783
10613
14506
15699
10233
2520
756
11603
16030
14050
4963
15869
12807
4402
7748
8355
14574
8092
11368
10632
9641
2184
5635
3716
9770
7124
1335
13833
9579
16053
7831
6357
6822
1736
758
9695
7159
4831
10248
6759
3579
6886
10627
7463
3576
9422
180
1181
16340
15648
7034
14028
6444
15669
14984
16166
581
1067
10990
900
13973
3052
10244
6152
7180
15603
124
15381
6873
7985
14734
1941
15700
12250
15167
8393
13354
9339
15311
12367
1491
7828
13140
4056
9121
10015
7095
4123
15543
6743
3063
3191
5083
12378
15383
12671
11160
8328
193
11024
7612
10561
15471
11712
12655
1423
177
1823
6907
13376
839
12498
10421
762
4816
12371
96
15990
8604
4653
12196
4847
8234
12642
8468
914
671
251
7220
3018
622
6895
3337
6028
14855
4823
10388
10472
5047
7703
732
7810
800
13117
16232
11995
4069
13599
9476
13208
11047
12429
11309
9163
7919
6334
6659
2345
6066
13673
10675
10794
5052
14293
1755
3242
3262
5713
2458
5934
14271
11246
11670
6869
981
5775
9925
7726
14015
10582
5677
9729
11197
6781
7128
16103
2696
12926
5505
1059
10948
5061
8438
4348
14719
8356
735
2506
5825
5476
9493
4930
7277
5965
16180
3772
7263
7577
16173
13875
8792
763
2448
2832
10545
9003
10139
12173
1056
9548
9243
505
10981
3457
13978
3792
1028
11569
7532
5639
13979
10331
16195
5820
12302
1875
12493
9042
8758
11369
12277
9944
13489
6864
8492
4970
9919
1364
16273
149
4246
3860
14523
736
1629
1445
10469
6165
13686
2253
13812
12454
8873
447
12546
3549
11424
7567
12452
13963
6364
12974
9463
3392
9071
1001
9433
14913
2630
2649
12139
6638
1539
15668
4729
15296
866
15939
14069
13445
12210
13216
1394
3235
1443
423
10499
4968
13641
9835
15747
11600
3190
15037
12582
995
10434
3735
9179
5774
7067
4139
9524
1663
16294
1861
13820
9430
6885
889
939
6484
806
6347
7412
6831
725
5855
14130
8598
7592
4518
7391
15586
5283
15690
8467
6342
15876
15353
4326
11594
4230
6010
3874
3178
12871
13496
13006
6138
11427
2722
5877
468
3862
12205
6315
1635
9220
724
2018
3709
8860
3435
11476
8201
10779
6288
13118
5454
6269
9688
10052
8081
11792
1555
14510
376
8039
11138
7572
5817
6178
6224
6568
4683
2800
11949
7114
936
1343
5212
3981
13857
11165
1377
2805
6003
13989
1775
12221
5046
4644
9720
13475
10939
3096
1638
6007
11531
4611
11834
10440
3908
6292
11359
3366
16190
10985
9286
10038
14312
10726
4916
10412
6930
3411
10378
15062
7149
8400
8687
5273
4837
4331
14933
12703
12693
14575
11638
8853
13173
11295
1972
9306
10623
5704
15230
5493
14483
4372
2
14265
11113
317
7157
1660
11920
16269
2351
8455
14879
7656
5524
5418
3750
10203
1923
3469
10267
15950
6496
760
3591
3678
9051
7842
16040
15584
3963
14454
4412
11790
3532
1915
210
2114
4686
3691
3784
8929
12776
8774
11879
8123
3006
262
13059
9361
14781
8336
8465
16321
14904
503
9504
13897
3176
3979
2191
6599
12787
9826
2595
5221
1776
10195
138
11056
2679
7977
9773
6887
9307
8184
12532
1827
13184
9840
15285
9661
564
10906
5274
11037
2012
12574
10651
9933
7622
15866
11728
7509
5575
2010
6751
14927
15623
10519
5691
2082
15391
13714
1193
3378
12255
7664
10162
16080
13372
13284
5612
14528
11235
823
3462
712
15532
13092
1961
15240
5634
1316
12947
10543
1009
4082
3936
8720
11017
9639
2592
3195
4324
15300
5099
2048
4741
1083
6647
9444
12028
6953
7070
12500
5403
629
2341
14361
4832
2123
15989
10527
15499
9295
7264
5387
12099
11652
650
3213
1548
4394
6760
8285
3948
11734
5130
13205
7839
4145
5208
13402
1091
10832
10431
8827
15742
1277
12134
11373
590
155
6848
11266
4791
6919
8528
15061
1019
14296
13583
8700
14972
2628
6405
15702
11189
13976
3241
11832
15007
10568
10376
764
3056
5517
280
6403
10336
13295
11332
4890
9922
5785
8848
12628
7038
6306
8806
6825
16125
9242
6501
14607
4206
15762
14038
14571
10604
9514
11865
10755
15635
9711
16004
10820
6238
5876
12824
14110
719
12184
5992
12584
7417
1631
15163
7892
7997
2894
4598
8167
5661
16132
14553
2202
3841
6370
1790
5772
5887
6835
9394
4482
674
951
11864
1487
9038
5290
8354
6951
6175
15973
3405
11981
14439
8439
13210
15902
4220
12495
12146
4679
1621
944
12820
8338
8892
15938
3194
15342
13593
453
15153
10904
16120
11692
12266
13068
9838
4130
9296
13793
6833
12481
4764
13308
15433
7916
4657
13548
2269
4761
3381
314
5203
7099
7477
13197
15561
13666
8136
13893
6356
3900
16187
9276
4310
13723
14496
13752
11414
10611
15940
5707
217
11809
10490
11632
10826
11806
11986
1953
10371
2461
13461
7308
4951
12326
11178
10202
179
13164
4624
11223
6157
11265
12391
3505
14759
14584
3715
3491
6046
9721
12098
902
11132
4738
431
9901
8870
12552
2124
8258
1319
2222
4156
11726
15151
602
11475
14292
3342
16224
10639
1185
12185
256
5219
8527
2911
14925
6428
12017
5504
11836
11711
3138
10550
9233
3001
9370
4751
8824
14156
2483
6205
2666
6949
4091
13254
10375
2809
11585
10764
2344
15032
7410
8241
8099
13095
8705
12070
6575
12597
654
6398
8740
12618
3077
3710
3674
9743
2572
10746
9696
6373
14258
649
3988
10130
5654
5358
1305
3909
1471
16039
816
10475
2004
11091
6908
1673
1859
4937
12936
3899
15434
15429
5254
6872
14443
1935
16143
12053
8830
4003
2041
13946
1508
10749
12405
3923
7445
15417
9487
819
9880
8555
4282
14407
13276
1990
15082
11917
8669
13753
6716
9260
8079
4906
5534
13371
7548
15447
8006
16113
3803
2459
7340
4266
3706
11449
4634
16310
2394
3506
7287
10419
2605
11592
14009
6877
13923
9636
13957
11847
2887
10228
783
12729
14664
8715
5070
7513
5488
5671
3519
8880
1588
2061
10402
8587
16363
9083
6803
5005
12694
9591
12519
14481
1895
7933
11340
2496
2404
14705
3517
3640
15271
10657
7968
7343
15538
13849
3609
254
6804
8284
749
10514
10214
6475
141
11901
7551
10982
5678
1267
7496
13625
15380
5601
1553
16226
11289
12819
858
7008
945
4740
11725
16032
11752
8731
13183
12880
6454
11884
11377
955
7283
16069
7992
7301
6810
8920
10040
7780
601
13116
11423
10149
7523
7959
10302
10601
776
16001
1226
16234
7575
14209
6075
14640
14569
4306
6237
12041
12685
1571
12023
14375
1483
12237
218
14733
9645
4136
15204
13380
3184
3730
7236
8543
11355
11992
11932
864
6215
8696
16280
14479
8366
8680
14090
2407
14227
7048
10368
1295
888
7465
6217
8192
6811
4689
10881
9070
15480
4845
7200
1893
3907
12298
14458
6590
1204
5120
3024
13447
15657
9170
14755
4809
3493
13819
9149
659
13838
2777
5818
11845
3104
3887
12946
14938
12234
8922
12319
239
3065
16349
15497
7676
2117
614
16050
16323
526
941
7689
8706
13
7719
1238
14539
5984
0
9652
9813
9699
13824
7520
13621
2419
9501
4277
705
11097
8855
792
5263
13614
8214
2174
14420
14720
9335
6545
788
15622
10686
13831
10855
6731
14926
3704
7295
15909
13471
4416
11185
7085
10814
3085
996
10016
2697
2232
12217
12248
8005
12767
8412
10659
9097
11157
2791
10914
8031
14184
3635
8229
1763
12091
3074
289
10506
7515
10501
14323
3277
5333
1826
13387
8798
8456
3110
8626
6584
16025
13480
4278
10310
1143
6623
5822
15399
6449
13212
9369
2271
15027
7722
5573
10616
7133
5883
7740
6266
13052
2916
5217
1832
15991
2683
15979
8069
2694
4771
977
3726
10401
11724
7175
13207
6131
6809
16088
4255
6518
570
6004
12104
4332
13206
3618
3091
5917
145
11029
4031
6240
7041
378
12149
7140
10394
4369
2485
13731
3973
10947
6399
3972
7782
7492
14472
12975
13777
6440
7351
3429
5592
8059
6853
1608
13086
12382
13211
8802
5838
12778
13032
13852
6938
1785
1594
13925
10206
2954
4134
14701
12212
3009
11479
6253
9509
2300
10539
8678
7280
1344
11736
4932
14937
4161
11494
5018
2523
8950
11529
22
14922
5247
15438
14097
10874
10819
1624
6498
15408
4606
2967
8417
12513
4509
4753
4274
150
14269
7381
12329
14051
4417
3712
7288
7482
4725
7218
130
9539
3283
6565
14614
11830
14524
11869
15003
4542
12940
5109
10873
10727
7315
2029
3473
13815
14316
9511
12167
13286
8148
6447
13219
2813
4853
9456
14055
6769
12095
14294
10597
100
3523
7949
1489
2550
7934
13203
1113
6828
8864
11415
15982
7204
12374
9931
14137
1754
10636
297
4043
5554
120
4138
3846
3587
2323
3787
5463
14343
3744
6605
6351
12837
5126
13012
14949
2223
2984
15842
9096
11184
9621
7886
9601
1903
1891
5422
429
8377
1291
15771
6388
15948
8146
2685
2514
4706
15360
4889
4803
1054
2775
13726
13985
3003
8730
13391
7322
339
8750
442
5609
4724
9678
4498
4126
15334
7923
8423
5648
751
5495
13020
4044
15815
4865
1352
11448
4448
7011
11299
9821
10006
12605
4646
1485
11536
1885
12650
5626
8469
14220
5721
2091
10156
6169
15609
6718
10243
8704
14688
5238
9001
4594
14264
15258
13725
11489
341
14093
7247
11608
2714
2640
14240
7120
4291
11982
1717
8232
10111
10188
6943
8384
4603
15237
3273
7829
16060
14816
1503
2575
1993
13043
11701
11751
13449
6660
2056
12317
11111
3406
14653
14564
2084
2624
8994
14464
8665
3762
8199
5095
14752
2106
5062
9896
1227
7554
2058
3189
1625
3991
5650
687
15954
8333
13175
15494
14750
1604
2596
1322
1709
5302
12188
13108
7031
1116
11907
16188
12046
7837
14756
1285
13758
15436
9072
12719
9519
4176
1132
7367
3865
5658
5168
14950
7981
4592
528
14327
9698
12164
9347
11391
2681
5689
4267
14301
5347
15122
1819
3984
12466
5264
2566
1882
16058
13571
11270
1027
6726
12071
99
1261
722
2621
592
1108
11604
2746
4673
16367
828
10971
4732
4296
9541
8341
13649
77
8068
15323
9650
9315
16254
9734
13196
9172
5699
14119
3312
1586
3822
3866
3976
3870
10014
14353
7122
8819
6048
8933
7076
700
6676
2544
4651
3642
14753
247
5652
3877
4578
14342
13959
1779
11846
8670
11927
2737
9180
112
10397
7635
4317
7186
5543
1140
10735
563
6879
5725
8337
4408
320
1597
15591
102
10882
1613
10274
2727
4569
10853
15467
16295
11303
9442
14567
7399
8580
5988
3114
923
12659
9246
12458
3046
12111
2098
16359
16135
4087
5170
3922
14202
11325
3307
13383
4362
584
6261
6996
14545
15763
14153
11624
6899
11066
9934
12409
8155
1043
10022
4243
4641
16024
6087
5954
9352
4514
14839
11457
12311
6566
8157
11337
4581
10787
11513
364
8186
1997
10369
3434
3940
8429
3420
12022
1431
3600
8928
14651
324
10810
14311
15855
1817
15575
13584
14145
2280
958
4341
11979
347
2721
1894
8537
2062
12257
1275
8903
2893
5329
6878
15768
3739
1718
14503
7054
14045
14416
7619
13514
14975
6020
10879
6707
6784
6636
8719
4650
4263
3017
7043
9414
15641
15608
9140
12966
15816
4075
10025
11134
16174
8021
12386
3958
10759
14585
205
5845
12165
3848
11621
6271
12885
10210
9141
12075
9316
12191
3816
11050
7862
1121
5693
3000
1480
10528
13503
7687
6445
2146
8437
4670
9971
15978
6843
7506
9780
4612
1192
4131
2913
13328
9127
3499
14000
7013
4370
5199
13678
3775
616
7240
3680
9331
9676
4029
1677
8991
169
8003
6243
2255
13545
5729
304
10208
13711
4974
4726
9133
4688
10346
14857
15883
8388
12773
11800
11370
5192
14120
8512
7073
5664
8230
7490
2343
15104
10348
3218
10634
7027
7226
11570
12461
8101
3626
11408
4935
7327
2507
244
8226
2754
11093
2237
12078
7647
13079
9551
4788
8790
1482
4604
5228
2085
15084
3040
3872
13998
14917
1385
14371
3679
11455
10503
8707
8345
13640
11967
6693
7539
3646
471
13023
12560
5591
13613
12749
10510
1128
1333
9427
6558
986
3896
3714
12747
11831
8487
14423
6677
11549
2424
1862
15841
765
15449
2427
2760
5839
2396
13659
7621
12614
12847
6376
12906
7891
3878
11268
15367
15524
4969
11803
12868
2876
6952
11278
5072
14349
5216
11088
9834
4361
13364
13479
9778
11362
13240
11720
5748
1111
9006
13569
15560
14565
14966
7405
1502
8577
15246
10068
10624
5561
7274
1425
15897
1690
6135
15115
7905
5731
7813
5007
12437
11225
2328
249
1375
16282
14410
13881
9393
6381
746
10410
7785
1932
440
12524
2086
5901
1934
13106
13508
3755
15098
13609
4419
7803
1442
7108
13170
2569
5742
14800
13898
5097
8757
8895
8490
5666
12189
261
5674
15767
5516
13937
7084
6492
7411
9656
2447
13356
7350
10405
11168
7250
4609
10754
14714
4398
14615
10801
4804
10247
4320
9635
8164
10783
12316
13497
4545
998
5038
15926
12138
15177
15303
7251
5028
11247
1048
2689
3144
5679
7393
6489
10677
577
8080
10055
8038
10738
9412
4985
11839
16225
13078
3690
5906
3390
4401
1323
2090
11348
903
11144
4435
13818
7403
6712
10450
1937
7390
6092
2440
2250
7363
12509
9441
1510
817
15798
13309
10900
8664
9554
7665
4993
2093
16165
53
12245
8624
6274
8327
15432
4656
4772
7869
9987
8295
13610
10082
13098
686
7715
3547
2293
4938
2274
15178
11267
15871
11245
11081
2753
6366
4797
14916
6823
8812
13760
4205
14989
4154
3660
734
12340
2422
12792
11908
5239
9958
854
14997
7601
14668
11913
3131
15521
277
13782
9670
209
7257
7469
6689
5511
13677
15687
12517
3005
9479
4092
1392
9332
13705
472
13534
8879
4698
1099
12306
13896
15837
1266
12978
7995
3238
9323
11381
10664
10012
3806
5960
10049
4411
2076
14952
189
2234
15412
2796
1406
2673
10952
4701
15952
5633
8253
11974
3677
12420
6893
10711
11322
9019
9417
12363
15445
12968
8776
14619
4717
12038
15257
13517
6160
1439
9828
7852
3395
6164
6256
3577
10532
5930
6901
5416
4226
2384
6446
3765
12483
4527
5827
14907
4663
10436
4874
381
13757
14827
4360
9255
9228
12107
7573
14679
4967
4910
2638
3630
4795
3113
9675
13270
1758
9637
15594
7328
14895
421
4577
6990
9505
12195
12244
13179
15578
8683
3231
11904
11437
1741
13097
13056
7495
11109
4286
6385
15355
4367
3243
11693
2027
15450
1516
11723
12344
5304
1454
14163
4207
2821
6068
545
4335
8726
7582
8027
6125
7005
15654
13262
11298
7154
2322
13236
12756
10259
13768
4096
15658
5560
10432
6842
6654
8783
8637
388
6997
10571
11882
16092
1965
9191
15597
10752
10113
4357
6680
2837
1888
1545
16002
9715
12219
3701
14600
10737
3359
1416
8820
2469
6603
15964
14657
5928
14777
1924
8414
15406
13764
10085
3530
2604
2880
695
4801
2480
2586
9571
3953
5723
2059
1601
7766
821
1614
3851
12660
10977
16183
16375
9557
8694
3941
16217
7787
12213
12543
7632
14508
13057
8485
14403
6254
2797
1084
9467
13999
1609
12540
8831
2257
13029
19
13786
8318
2829
11062
13187
7767
14710
14421
5622
8424
14765
7173
11591
8040
6179
3414
10871
1700
855
13127
3143
8008
15187
12309
8762
13033
10117
14377
7541
7080
7983
3669
16308
15475
14223
15479
13541
10073
8597
10692
3828
8317
5185
15529
7337
16145
2116
10439
13060
6465
918
3890
11253
1694
12203
5382
954
4194
7339
3719
7385
2822
5399
4188
12150
16312
5180
12849
966
7900
10033
15900
5034
1834
1000
13178
13457
3228
113
7059
4914
3485
4539
3741
6407
10446
5392
12398
2119
4708
742
6675
6729
11696
7358
15581
10744
3534
7021
2680
6939
1670
14411
12379
6163
14362
8573
9278
6276
11110
11154
15996
13834
580
12148
1970
12431
1515
9469
1948
14318
2991
15052
10663
7441
10988
11744
10080
6105
11301
2047
7409
12570
4817
13664
6147
14027
5484
4279
4501
265
6611
15080
6797
8205
9945
15263
5197
12369
13438
7270
15297
14554
16139
15540
14897
6912
8862
12905
9684
134
12021
1330
13288
15619
7066
2997
14563
8620
10148
10934
4147
9962
4373
8851
48
13149
7525
8023
10477
4709
11584
11405
5989
11389
3926
287
6807
2766
9424
12015
12042
5690
9027
1645
9426
8179
676
13180
3326
2138
2932
11859
11484
12285
8509
11001
2542
7443
12811
2729
9385
6705
13594
9895
8107
6913
15506
3193
12815
11617
850
14833
6770
10962
5615
3317
8300
10246
7296
15403
4376
4780
13773
8502
3999
182
6425
1069
10644
3615
4005
6333
2709
15440
8748
12304
12343
15772
12672
8911
11456
8010
10225
3255
11633
14961
11588
15987
8603
7265
1531
3703
1837
9685
15002
6940
14060
10554
6082
4479
10170
14433
10102
11534
3876
14239
10086
7759
484
10365
14602
4849
10968
7298
11213
7379
9058
2765
13826
2069
14133
9885
1637
15371
476
3773
2130
4153
2905
4486
353
13982
2585
12496
12359
7860
6493
9329
2899
12883
5526
12515
11850
15776
227
14526
3303
4802
14929
4538
15265
13389
13048
2347
14401
8222
10146
6000
14840
14707
8153
2674
13306
5331
14808
5375
6451
5577
5487
8125
2810
8918
5599
5539
13712
7677
9907
1610
15587
14128
13121
13049
16358
7065
1870
12024
16138
7555
7832
3270
14473
10391
14249
2338
4591
6507
4330
1979
5288
14610
2227
15756
9358
12419
3078
303
7550
13501
9727
4193
8085
9758
989
8833
10338
14579
13996
6250
10017
16198
9029
10976
13960
10699
8398
9076
7657
10772
15526
2752
13152
10165
4328
11387
9529
15074
10313
9941
13692
1003
192
14478
14118
2189
13912
2642
13349
10828
4177
10691
5345
1525
333
5660
13825
10595
13892
8263
3361
882
108
1710
12129
7462
9216
13431
13684
15661
5190
3164
5564
6820
5156
12241
1273
8955
1560
2070
12503
119
6653
16270
12887
5457
5604
6339
44
2081
4240
16313
8309
6432
5177
372
13327
1420
14686
7924
15908
13895
8243
15325
4652
14954
13637
531
8049
6375
5514
3407
3108
14029
4055
2166
12557
2102
14490
129
492
2155
14291
7830
10312
11279
13586
7668
1127
11916
13162
7889
11382
9177
7025
15097
11691
3079
2570
15868
9016
15659
2254
16374
12416
13542
1884
389
8632
13567
396
9620
12609
14628
8596
369
683
14075
10204
1808
15392
14125
12228
2241
5938
15203
1046
544
4011
3659
13596
7459
2594
2144
3148
5171
14892
14480
10293
2473
7772
5715
5821
9502
796
10222
6540
11921
4390
9852
12581
8954
12997
16137
16205
5004
11713
11586
1002
14743
12333
15794
2707
5253
12772
15910
2654
13177
6897
6793
6113
5786
2918
6070
13323
402
5941
15706
13398
11540
10172
9802
5644
15045
152
16193
1574
4458
15298
14072
7143
10676
5308
4140
11140
7184
55
8985
4155
7347
2434
15179
13408
7087
1221
4904
5032
12757
336
1246
4794
2999
8413
6801
5317
15252
16311
5043
723
6367
10878
2883
6979
5398
689
6789
5595
745
15615
14708
16357
126
11410
785
15984
15332
4907
398
12981
6423
620
6892
10525
5298
15173
10682
2989
14320
5675
458
10004
6441
16333
15312
14754
257
10415
7294
3313
7202
6424
11067
7872
11961
7023
7747
16348
3092
14489
15210
11478
11768
3162
3884
8442
9716
6859
14581
12268
1213
13199
8699
1426
9784
5381
16031
8151
12518
12613
4640
15209
4217
14951
12101
7558
11011
12627
11244
5953
14378
6894
6775
14108
2533
11434
12612
2353
2024
13463
13539
15195
8651
1987
2068
12415
1161
9125
4388
6928
1843
8617
7348
13921
7092
9045
15848
6649
5533
4
13934
16077
8900
14885
13585
9128
1029
4350
5440
412
8359
987
14947
7809
15947
3585
5734
2421
3510
4614
10767
305
7670
11672
3147
11893
14040
7231
327
2314
10442
7693
11229
11990
509
12182
10150
14272
15574
9752
13319
14969
9017
7686
5977
1100
5903
3831
6552
6233
6065
11129
4058
741
11593
13310
12290
11115
5998
9500
8500
13421
7936
16352
11759
10476
10005
4699
7531
13551
10626
14021
3780
1247
5736
9383
6931
7714
6341
15362
8140
15901
13527
13574
7044
6780
665
13823
4368
10496
15960
9771
10681
12198
1581
2986
13936
6616
15181
12133
5191
10852
16168
12723
12658
4323
10577
13036
4174
3279
728
10605
377
634
13919
11149
8721
10152
10647
2246
6580
12401
5565
11395
5602
2477
8461
16008
16341
942
12840
13370
11524
6800
14751
4178
2692
4125
5252
7249
15719
8600
8307
14758
7386
3133
5088
11598
5074
1668
16028
11708
11563
9932
4661
13807
8960
8622
14974
15819
3693
13415
13090
9061
1512
2331
16073
14203
12736
438
14637
6434
14409
985
4163
15986
7751
2667
6988
9776
5685
12110
6043
11651
15273
3158
10518
12857
6258
3348
14337
3472
4115
2557
8278
15520
15820
5359
2725
3915
6312
13493
3304
13024
1310
6199
67
8200
14079
2599
15811
8108
3849
13961
2807
13301
4468
7135
8930
8822
2959
5129
6850
12775
3072
5597
576
4190
8780
2152
1086
2159
15218
10509
13271
14373
7055
10291
8681
4244
9646
14456
8460
3217
11875
9850
4238
8063
1856
15660
6741
2429
10951
6086
5490
7461
15860
15414
10841
4028
5651
15797
9204
7736
3027
14768
16196
13747
11719
4505
8483
12762
7764
11465
7999
15832
10815
5705
7197
11308
8036
8551
12118
5795
3705
11520
8517
12731
5135
2118
10812
1082
2561
13340
15474
5271
5630
6029
7281
7016
11333
2330
14666
905
10070
8897
6232
8611
1681
11755
15698
3055
6513
15174
12293
3175
1304
8115
5532
6049
10703
1260
7717
1160
5370
399
496
711
11058
9014
1752
2395
2475
13630
2094
4953
9135
8717
12094
6537
202
7125
10728
11783
16328
7185
14111
11750
10357
10256
11012
14694
10769
11107
617
9532
14976
11342
2982
4424
9195
7579
15863
2196
8269
12282
16012
16278
15663
117
7285
16214
8673
1257
9957
2484
1532
7568
1061
1325
10144
8262
8064
600
8576
2221
15890
12197
2169
9668
1671
12130
3219
3631
4483
9380
11035
11036
14106
8866
5545
8549
8380
10252
8967
1918
15546
8026
4343
3779
8925
8121
9154
14616
1331
15963
10924
14397
11327
11173
13531
3118
12330
6427
5480
10116
8488
15073
3261
7332
15286
6971
11426
10335
11862
15825
16343
2294
15630
8668
13813
6541
16322
12296
11684
13701
11467
11182
2851
2664
6137
59
13426
2563
500
9114
4561
2306
8590
11698
7387
12821
5555
4758
14235
14514
10229
6181
8646
11909
848
143
7102
15016
11469
279
11641
8800
851
6499
2187
6619
5624
1925
5187
7779
14958
5312
13983
13101
7788
13167
8051
4885
6362
8691
13669
6177
16283
979
5949
16146
10946
11199
1991
8703
5732
14487
3515
14150
11069
14386
4931
7272
8923
6747
11574
11577
13161
15382
1952
13338
9402
3538
8074
5570
975
1202
12100
8127
4249
1217
5448
9447
15059
10991
3766
12314
1735
8019
884
2487
2285
14438
5550
3245
12831
7989
15758
11240
7166
11739
12439
11491
14297
14824
11447
6325
14525
13071
4025
14001
2950
15920
2874
12393
7723
15723
12803
10915
1957
14718
13566
11155
11760
11430
9875
6502
9000
6966
2823
8481
5477
1841
9494
546
10933
12846
10350
1014
2548
7709
772
4897
11386
11349
13730
2212
3966
351
809
12200
14098
3931
1446
12873
4749
3925
11413
4447
14807
15058
15509
15934
14896
103
16263
12945
6957
5868
8771
4137
3185
4218
6572
13528
4298
114
11688
13699
10834
5853
2365
12587
16163
11673
14276
15328
464
4557
3383
8808
8182
15123
4057
10721
6402
4982
992
3754
11794
976
7360
11940
4964
11873
6246
8055
10379
8043
9377
6166
7950
8207
15361
15451
3811
12492
13631
14167
9439
14592
3177
2988
14760
12780
529
7434
3761
7700
4867
5176
204
10178
1262
13008
12881
9497
12276
15070
11180
15424
4269
12064
11375
14091
9013
8942
4913
2087
5777
9739
6802
6858
13362
8190
11367
12449
5325
2072
2165
8323
9318
532
13290
7489
15686
10799
9174
15322
11685
9762
7565
11950
16078
825
5155
11272
4428
4070
14515
1685
943
13950
9648
1798
14399
15802
1359
1419
12639
2242
5321
1424
835
14241
8593
5607
2000
8829
5451
12690
12168
9765
15184
7628
12929
3166
9792
2284
11849
1024
11472
11835
1434
7300
7626
3974
10724
4814
16315
14486
14339
9196
6149
12258
5520
9449
5360
6752
62
15607
10174
11804
3728
14977
10507
5893
4648
9375
3934
7878
9690
9362
9733
14500
10751
1939
12832
1844
12413
1365
664
9007
5802
5346
7427
4884
8216
6091
2476
10960
10479
8472
6285
3196
9142
3977
5148
1920
6012
6223
2264
1647
14151
13454
2111
8650
7669
5265
14831
15413
8544
12580
12469
11250
6136
13000
10536
6973
8927
16171
1773
16377
5432
4610
9068
139
1644
2573
5867
14114
7688
3552
15898
15225
14282
7304
11567
4773
10565
15036
5223
14415
5672
4477
14020
7771
15170
2615
10451
3696
9314
15729
8392
6044
9238
11814
4329
1830
7447
3733
7061
14381
2965
12630
7259
15012
3518
11018
643
7244
15651
5094
8765
6954
9536
894
4961
8904
6368
8279
29
3570
7400
8797
11925
13720
12088
5709
276
10713
15754
7652
1792
10585
8856
6298
4615
11587
15972
461
14541
13392
8648
14702
13244
6013
10847
3377
7593
8858
11499
16249
8150
15385
4265
14370
10340
15112
6717
6213
6289
13351
1312
6063
8560
5857
11634
12073
1023
15136
8482
8078
11221
3611
13440
9146
3384
8298
8568
12879
12884
5891
12943
13861
10372
9623
16061
14631
286
2529
9381
2555
1484
16154
10883
7081
16086
12215
8238
16131
8144
9622
2902
11233
15913
14644
5834
14519
6738
2490
8000
3334
637
9168
9075
4981
9224
15880
13329
7352
1428
15974
13350
3362
11910
16335
3809
3800
13037
11894
3025
2525
415
12706
15022
8344
7929
6216
13138
14414
10392
8953
1658
16151
14232
12563
13120
4768
5871
11492
8054
919
782
3590
1466
14257
8193
917
11855
7439
6272
3668
7799
2998
11214
1675
8334
3892
7233
8223
7880
10377
11918
359
14847
3172
6123
13788
8898
10859
12920
1490
8940
1723
11610
1309
15519
8313
3325
9761
11003
6989
4325
11885
10625
8266
11302
4222
12684
13363
6505
15140
13941
2371
1007
5361
5327
879
7177
12366
11312
12558
9953
6031
12875
2537
6145
2145
16305
9559
6053
10885
15410
13952
8378
14549
1207
12174
16201
1463
3033
5044
10127
6022
2853
5935
5337
2207
2397
4409
1921
1129
4900
8185
14810
5125
15205
13136
3605
6522
16085
9894
39
3652
4880
13519
6633
13444
14517
1897
7870
14462
1788
9841
14374
370
454
9221
8014
16037
15420
12351
7812
988
15600
13801
12353
14930
2278
4642
3484
9404
478
13026
9567
1337
4199
6841
1959
386
3197
8934
8722
6805
1905
5322
13516
4021
416
10211
357
10511
1796
7734
15113
982
2151
6280
6591
7741
4180
14165
11227
565
7945
3047
11924
15233
11321
4843
13654
2943
163
697
13940
11934
1740
12566
6929
12199
12079
3664
14682
5972
15135
7215
13864
15487
15793
8779
1472
5139
8935
11167
387
5232
1908
15339
5104
6532
15168
13907
541
11262
822
13700
4453
4117
8404
3425
14649
10347
5964
9705
15655
9376
2038
16257
16245
4812
3895
12097
6416
13552
13868
7942
13954
13378
12383
272
3174
4062
1511
6206
10733
9954
15407
15533
16134
2828
13879
8198
495
8823
1399
13855
3396
1251
9480
10980
9106
2744
13511
8030
6344
15295
13729
15149
14979
10730
13944
801
3880
7564
5054
12539
8550
9961
10633
5015
4289
7460
6155
2629
9989
8425
12253
5449
3950
13894
6363
11435
2147
13224
6682
5442
10537
7660
6909
3753
12882
8884
8402
8135
2953
15197
15746
1180
2850
4955
11016
10806
8273
11841
9159
5979
13007
12717
1105
7651
13774
15949
5655
443
6047
4866
12933
1075
3756
1546
11217
9866
1172
2363
1106
14728
3300
8872
5814
1702
13789
13499
14018
8844
10742
2662
14595
1963
9481
6167
13260
562
9805
14307
16169
5836
7654
6410
15188
7792
15514
187
8850
13283
11296
9044
14812
1230
7608
8210
9687
12402
1683
345
11654
13984
14665
3117
549
3433
8071
4493
7255
13652
12771
14970
6530
6969
7720
14144
235
2839
5189
10516
1078
5395
16090
1396
15535
14346
3620
9457
3722
12668
8816
12890
16243
5831
4565
9337
233
6249
15710
15753
11210
4980
906
1079
1151
11758
11030
11169
775
4873
7371
208
14147
12777
219
13153
15114
1611
5071
12115
49
5021
678
3794
13150
8987
7118
7729
1136
4583
15243
960
6629
3932
12356
12039
7732
1040
11238
7446
11034
3215
12425
11558
1488
14813
181
13435
9881
1239
7160
14076
1747
1691
794
6538
4998
237
8311
4124
13264
1854
16007
14453
706
10938
6284
15528
2481
2362
10184
9917
4622
10296
13395
16110
11793
5237
7203
14395
3478
7994
11546
2841
6557
6084
41
7611
7407
1286
12727
15572
7364
11354
4502
3120
13394
7483
13076
10250
13915
4790
2259
7006
11310
4429
3561
7334
9164
12799
7401
8089
13425
12956
14821
2472
15680
11023
9485
11258
15183
11818
13926
10112
1745
10218
11707
922
14135
9109
14676
13644
15994
7090
4536
12548
6108
4899
8878
315
11357
10768
5668
2661
15799
7040
4026
7481
1189
2329
16047
15317
11838
10160
4032
12743
9939
5090
3305
10566
12786
9628
6771
2380
3409
12390
13866
14902
5033
6191
2318
4834
3629
7710
9986
12435
2971
14298
1667
5796
10284
13237
4778
2164
7188
4316
8458
12365
2634
9704
5908
4637
7691
111
12457
14398
3165
3268
15301
6207
2374
14304
1373
4063
5812
5735
9615
10652
419
1235
11833
6377
12180
1339
8100
11464
14441
14344
15446
5164
5556
4523
11895
12590
8777
14085
4705
9607
15442
1035
14721
11931
3399
11923
12713
9186
15397
13281
13724
1980
779
9069
5318
1020
7512
8521
10708
16336
530
14164
640
13797
743
10581
310
13361
232
2074
10084
5587
7876
4236
10334
11164
1495
2906
8652
5518
8394
14057
15066
4944
12598
2723
16107
4490
10489
10352
10186
2019
3910
969
4421
6408
9938
3066
6162
14677
14126
13779
12607
7783
407
15272
8147
2206
2703
14419
16122
5063
6051
15732
3440
11497
7913
8621
1732
15516
1836
11143
9349
11254
5842
7943
6645
4400
9614
11104
8011
10642
4966
16129
5108
15652
9665
7964
9036
2590
2861
6549
15601
8834
10526
1379
8690
978
8713
14745
6515
2398
6260
5996
3067
3813
5733
474
8441
14391
11463
11813
6127
14103
9577
10835
5140
8623
15951
6270
9612
264
14612
13745
13038
9663
13491
1358
6764
14670
5316
642
13274
14920
6453
8628
11242
12166
3511
8531
13533
2873
2859
12569
1765
5474
3419
5235
3416
11984
16072
5896
9965
12323
5799
934
7144
12085
6579
4142
8586
13827
7015
10862
15026
15631
9535
6069
14376
909
366
2436
10205
9540
5627
12901
13278
6443
868
7093
11953
5743
9942
4253
14918
2267
9644
14530
15839
7094
6036
8120
3997
8283
5696
12229
8371
8016
6015
12682
10670
9229
3128
5056
2808
12474
13255
334
10276
2610
15458
8128
15870
2875
2131
15009
6245
4511
7000
8984
13707
4671
1816
3667
2296
9162
12154
727
14444
9867
10684
15254
15568
11522
1733
5659
5548
9136
13935
10996
10319
5226
973
14780
5379
8718
10171
3477
14589
3271
16070
9672
8957
8510
3137
6038
131
8978
12141
16327
3446
1714
6026
9782
9952
9712
5957
4183
9753
15452
2109
6903
7562
14067
2228
9759
12559
9048
11243
3770
14014
15017
8901
2465
14723
12
6133
4239
2577
11579
1350
12810
12479
2133
2205
16051
14814
4313
1117
1985
10578
5959
11190
12985
7749
3290
14509
3353
7545
14104
1734
8012
16067
7865
5161
428
11026
8248
6426
585
12533
14131
11771
5716
9845
1913
6186
10010
582
14550
1174
5569
11324
6134
5540
1533
3689
7571
13948
2370
3637
9338
11969
15220
7222
6536
17
14176
1728
2268
5218
9912
6767
4073
15454
8943
6077
12145
2801
8086
7827
6263
8022
8582
13858
11853
9387
2912
11791
6845
1290
5249
27
12679
12406
4568
15337
10309
20
2107
15294
13808
6977
14630
3341
12263
6
12797
3293
2769
16252
14858
12962
10793
14804
6866
3521
1081
9719
6006
6322
929
7508
5031
4532
1389
10277
10198
4680
8805
16259
2645
10142
16162
3410
11769
9175
9603
6158
12950
10213
13277
1405
11102
2298
10400
159
10687
6016
5909
10437
14047
9585
15862
14672
13573
13102
80
3535
4311
2354
5576
14385
12657
12662
14162
7060
3345
8118
11039
7879
15693
10039
12183
11257
8515
10279
6732
15743
13135
3891
394
11954
13070
6419
6411
8725
8899
1820
11098
2442
9222
10491
11032
11900
14823
12817
7789
11493
13404
7947
4261
11394
12018
14848
4211
13612
9861
1199
3374
13878
153
14191
8609
6620
8583
15236
15232
13151
10954
8744
1103
13917
2026
3568
7805
7557
4076
3049
8174
9110
16003
13066
7374
5497
5525
10242
10680
12192
4902
16027
8271
11553
10273
4492
7111
13405
3119
10468
5792
14008
3826
12687
7972
2764
10467
115
10998
14065
4756
1166
13619
9819
11537
10497
5864
3852
2494
6486
11078
938
2403
11653
121
9864
517
5162
15595
6488
3648
11264
13667
15148
609
5086
16256
3978
5912
390
7502
9156
5519
3930
6678
7216
953
11428
15137
7553
11105
6182
10790
14806
15072
12272
174
15028
16159
3748
13845
13576
9496
12990
911
4891
1241
880
11998
8676
1994
13083
426
8916
15624
8739
11013
11842
16300
10811
4228
10418
6397
2579
1652
11052
5229
16212
3043
10449
3873
2717
2852
5369
7616
2009
588
13441
3771
15736
12993
8865
2171
8124
4997
9024
11230
14801
12593
3671
1494
780
9993
490
5204
11801
10457
4616
11816
6748
3034
7126
9032
5844
12354
32
1585
3116
7289
2750
3041
14650
1303
1362
13595
4762
11535
9858
15580
13014
267
2687
6639
9379
6222
1589
12755
2670
15764
5809
12377
11248
5875
14511
13828
7227
5966
13131
12025
8471
10283
628
11957
10833
3233
5452
15662
4132
6650
14217
7768
7419
2882
9489
13661
5013
8117
6685
13685
241
10824
14697
10559
13267
10046
1421
6576
252
7778
10896
1360
8815
16015
13273
9904
13581
14854
8405
3249
449
9365
6011
14540
14513
12218
9056
63
15596
11881
9538
1829
1927
12649
15212
3376
10035
11498
2324
10786
4088
9263
12305
15119
8526
8843
1351
2402
2121
11629
12102
197
10327
14604
13778
245
460
10867
6521
11283
1313
13922
6346
2204
11119
1561
9825
9576
7382
5768
14673
14485
12836
14802
4965
7980
6311
2364
3927
13304
12327
5332
7524
14993
8397
4879
2420
4355
5367
10665
14273
15629
65
3008
1634
7547
14305
6418
11008
7316
9410
2830
4268
11079
6262
9708
7586
10114
12092
350
13771
7243
5102
12350
14058
1852
1135
7510
14870
6295
4917
88
572
15067
12485
11376
12194
15396
3298
4947
15014
4038
12941
437
10689
7674
5620
7925
6314
16000
10106
133
589
1911
11695
12315
1886
11191
14618
11044
7260
15922
337
8477
4449
12918
5950
3731
14769
729
7484
15368
8956
7142
12665
7036
2736
11084
6321
5680
8770
4839
11209
7848
6790
13744
2558
2180
4820
11506
16208
6176
15562
15192
7228
13204
14866
2235
4375
10029
555
13065
9124
4264
5880
2732
6073
3581
14741
15692
3083
4404
91
8594
1686
14121
4846
3134
5157
3965
6586
12144
7010
12823
8062
11338
9258
14436
8639
10740
15021
13513
9425
12151
13239
13417
15276
6560
14061
8710
2325
6906
8506
10257
4972
404
14555
7958
11552
8787
10884
4327
9210
16175
7485
6744
12600
2112
10448
13146
11020
8357
5717
5788
9604
5589
14383
79
14642
2571
10925
7306
7797
5617
6834
9452
14031
10422
10471
13311
12370
15234
2798
4314
3297
6437
9388
8893
5673
1004
15634
5523
5782
9686
14078
16368
5326
15448
13347
493
8505
4597
7424
6665
12202
14749
3253
12512
1467
5201
11162
1801
15694
3432
2879
6286
1336
422
9779
10384
1435
7672
14331
5695
2598
9544
6902
13367
2929
14943
10455
15846
4782
1996
11473
4165
12647
7646
12782
10299
15936
50
6670
3607
2711
16344
7368
16277
9281
8640
445
13420
225
7428
4186
14219
3450
535
15895
14763
2718
13904
10941
8867
5001
14629
12020
4728
9796
1534
12003
15185
14256
15840
4250
12922
1005
7893
13693
9905
13643
269
13916
6861
10404
15907
6962
13715
11460
5730
14035
68
15905
3332
7050
3095
12897
263
9677
7291
1557
15856
13042
5859
8432
12716
123
9510
5983
11418
14083
10366
301
9241
8322
13235
2927
14492
4079
7560
15537
13737
2053
14877
6109
7138
10908
8924
10217
6200
10278
2576
830
8811
10325
6400
13840
14588
6644
16264
12942
7237
9887
2136
3558
16084
13487
2046
13307
9799
4484
16094
8530
9756
16158
3959
5160
14960
508
16161
10796
13955
7104
1565
1481
8828
14871
4064
10640
10137
11211
5940
5854
11609
13393
4049
9837
12712
11323
13860
7820
3439
4877
5985
14295
6059
3604
8588
9600
11073
5299
9341
11922
4152
16297
10125
10341
11331
3449
1612
11856
6681
14915
12538
16098
9277
5233
2783
8447
9520
6099
6648
14434
12472
8494
11867
11092
7069
13172
4256
721
14901
9319
8875
12989
6794
3774
7097
6307
7193
4807
3340
15145
11544
13953
4104
1066
6787
13634
14988
15035
5459
6448
2524
3248
15039
2773
2720
5640
14201
3371
4159
10263
1021
2603
4294
3582
9288
550
7967
1896
4065
9273
7737
2922
14850
14822
14459
1139
1191
8145
8524
2816
8331
8197
6353
15319
3404
3795
7248
9015
11216
10717
391
15223
1211
13382
11732
3871
14685
12136
5869
118
13468
2182
12961
16104
12236
4461
4098
1060
10637
8088
3840
15305
158
3322
14428
4366
2811
3575
8996
15154
1104
1015
14266
11200
1493
13871
12392
12721
5509
12271
1542
8738
8644
7077
13148
15473
10456
8803
3919
13045
5215
8261
6881
2230
15347
14658
11601
14427
10643
3492
10474
597
10212
7546
9325
11120
1567
13702
16361
13933
9754
11854
12805
9740
4882
3151
10166
15649
15721
11817
1315
6884
9488
2958
9903
9085
4386
8025
14013
3810
9588
4007
3364
9080
13075
4744
3861
7725
393
13848
2063
3825
14994
6601
9854
6017
6669
636
6142
73
804
14914
4187
15280
4531
2065
1578
1210
14626
408
16356
6466
1138
11237
12170
6220
11659
15044
5025
9803
15034
4553
9324
12784
5579
14062
5328
8171
14002
10723
12591
6888
16119
10158
4252
11304
2872
16019
15818
2020
8166
14887
12157
15653
8137
1642
12264
2140
9997
3201
9333
13230
14775
12504
10065
12697
9082
7119
5300
10413
15877
11411
4674
13587
13713
1646
1237
1636
8633
5552
6871
6305
12692
10240
14333
15313
13942
7139
6865
8501
3513
3937
9023
10603
6698
11989
10760
10579
8209
8998
6671
6354
13763
15388
12851
1907
14286
7503
9893
9543
6337
1868
4777
5945
13648
7286
5486
8891
9401
3814
10318
15482
3798
3888
908
9351
13458
4941
13051
4210
10529
838
11965
9372
2316
2781
1070
4783
1369
10590
13082
2626
12675
7127
3373
10989
13796
4703
8912
9629
3893
9187
8908
3857
1464
8889
15766
8312
6773
4354
5461
11269
2865
6293
937
3417
1382
10702
3282
6481
873
5686
13606
3540
15416
8073
4046
1822
9418
13598
9207
8965
10272
3365
9165
5793
13485
4381
7795
12958
10308
8563
1871
7018
11547
2423
1220
5122
639
14082
13570
6525
11556
4660
9039
3125
9613
8416
5547
6064
896
4470
6713
15861
12048
11580
7801
6074
13785
837
4535
2974
8630
15769
4212
4855
2545
1089
14945
2993
13285
5019
2336
8672
6728
14180
15093
9002
3588
15425
4258
11566
10562
3658
5995
9118
15100
10425
321
7841
3198
10266
6128
14883
14562
14776
14782
15670
13670
1906
11825
5014
14796
12445
13749
5823
4489
10928
2312
5714
6396
1451
4333
13081
2303
5618
11259
8564
12935
15358
15724
10655
4380
3354
8
10364
6563
7746
15752
15025
4878
2619
14853
11628
7267
3324
2226
15356
12289
176
5559
10292
12446
12752
11471
2310
3154
4750
8351
13094
8391
4346
12859
11080
5258
14207
15968
1566
8655
9445
13035
8430
487
3834
8522
10808
12588
13843
7816
15259
12611
7718
15551
972
13600
16055
6340
15291
11550
365
8584
6093
15439
593
7150
15988
11022
3555
13624
13591
497
13502
14317
7595
8097
4319
2491
13416
13466
7346
3109
9831
12259
4685
294
11840
5485
4345
6814
3426
4473
15441
15078
4403
5769
11938
15055
10512
5986
371
6409
6573
14767
13829
713
813
3278
15826
13190
11880
8709
893
698
11480
9983
11344
2909
15374
12554
14154
15618
4922
13993
7946
10876
13125
2749
13703
15872
13920
11883
15065
5320
3943
6435
3942
6473
10673
14740
11131
3782
3634
14270
11666
12932
11341
1831
1234
3157
6550
7731
10485
16046
1356
12610
518
15087
927
11284
15132
6088
3785
8280
11903
3346
16376
10234
7918
12980
2780
633
15379
4446
6018
13110
1186
14906
12442
4859
1492
16293
13031
8288
2647
11710
8926
6559
3265
3224
9844
8863
4347
14841
10866
11571
9662
14903
11898
10063
777
6132
15969
10709
613
12542
2867
2803
11645
12341
6849
14880
10207
5184
11305
14369
7164
9099
8491
757
5159
14182
8618
1391
13268
3216
2975
8523
15352
6720
16116
4219
5404
4297
8484
11611
4714
7423
7522
4066
12970
3602
10295
856
9050
1329
6098
15193
57
13418
5430
14229
6642
2175
12702
6855
13341
9785
10344
7230
14175
8969
8470
12460
3633
12995
6796
12908
278
2827
11051
10963
6111
12459
13002
4629
5338
5285
994
2025
13171
8976
9530
13688
1071
8775
13269
3847
14547
16380
5055
857
7450
2611
4445
12728
606
3546
6431
771
6994
4454
6057
1332
9055
3460
8951
12808
5537
4711
15329
7199
16117
6837
5106
12994
4830
1791
8180
16330
15160
3315
13748
16036
7854
6104
15401
16298
14358
1169
6252
9446
6911
6917
8663
4378
4526
15387
7071
7365
3819
4019
8173
596
36
7219
7707
9787
9777
9123
14794
2379
2150
11742
10342
13620
2556
15157
1152
2795
1936
4752
1703
8949
10019
516
8712
2551
13046
6782
9750
5881
2938
4459
9026
611
16220
191
10854
8217
11195
15875
15857
1074
326
11061
748
12530
13839
10905
1274
4895
14835
10087
6348
8087
16022
16334
105
15081
282
11510
14460
3725
12510
11116
5115
1599
14116
9560
3181
1203
290
7132
13755
8104
11380
9386
7333
5114
11314
12681
13359
1263
7198
5069
10505
1584
1743
379
9057
2835
653
13706
6391
4601
5610
6460
10753
15152
2806
15453
5431
12951
3916
16210
15395
11542
11365
836
6546
11488
5811
5740
14987
486
4928
9508
6826
11363
10574
14032
15775
6656
13040
1470
6736
9086
14646
16160
15637
2695
1619
4737
6210
8369
15269
615
6821
5937
594
1592
3276
9010
2425
12451
2992
13103
1348
11511
11642
12583
1764
15611
3044
9102
6107
6227
3644
4433
6955
9253
110
13988
7187
4024
3764
5132
8599
12471
6596
8206
2060
9634
9528
3536
13011
10609
9416
42
4960
13093
14799
1008
8070
4946
10973
11741
15488
8131
7662
3790
3090
14764
14393
6468
10875
5466
7692
5165
4374
5897
7911
12925
2286
13653
8395
3084
316
1809
1063
3281
10978
14996
4465
15548
13401
5757
7345
12573
14601
13062
2197
14921
11392
10362
13345
6350
1429
3982
2006
13722
211
7017
3720
11070
2799
11963
15867
2183
15109
15592
6753
2990
5580
7314
15527
1842
10249
2778
3310
9596
2143
14875
12842
12209
11085
5256
354
8532
9563
215
10515
8763
10923
11090
14095
4655
8473
9513
9820
9482
16057
7853
6326
1205
8952
8111
13949
5500
10079
6926
10282
11516
521
7615
5336
13522
230
9772
5593
14285
4462
5167
12440
10182
15293
10058
12640
13560
4074
7634
859
15400
12733
1450
7310
13226
8801
5089
9593
13800
13810
6001
12601
14899
6296
13900
3454
15751
15466
2650
14843
1012
8861
827
2077
3504
5311
9092
11704
15691
14255
2535
132
13902
11749
3844
10498
4305
7189
10190
14260
16228
566
14829
6030
15099
16059
4175
14647
10071
9407
10930
3944
4716
13228
13498
11572
7444
14319
8608
6548
12589
9619
6479
5410
6860
12572
950
9230
13538
6365
3681
11539
1778
15559
10180
8181
3572
15228
8208
2015
6009
8846
11407
5993
14627
2415
11656
14865
7196
1036
16369
10380
3967
14447
6335
7926
11733
16223
1648
12113
1715
704
15921
4438
14793
6102
9078
2995
2940
34
1141
10658
10161
8103
11218
9326
9088
9455
12388
6005
9066
13951
4275
13930
14873
6294
3459
10688
15108
11156
15141
3306
14638
2846
5568
7760
1649
9272
9693
7001
4119
259
9967
3580
8134
12240
12984
2748
14364
15565
5098
7581
9599
11665
7113
14024
5506
11487
4103
10959
4431
8964
10797
7141
13027
9374
3829
14713
7205
9396
11805
3670
1860
1092
5002
15741
1582
959
7020
10558
925
6196
2014
1864
5266
2170
10183
6234
7702
6622
6875
5248
14985
10909
14073
12843
7167
2435
9065
3447
11509
11658
5963
12680
12030
10043
7561
7357
4852
7137
7901
604
5828
1184
413
243
3783
7453
12331
4060
15224
9152
4776
6960
10630
707
4150
3053
8231
16124
6462
10089
7232
15038
14505
4406
14739
1845
2339
8067
11222
9797
7256
10864
14717
4099
4796
3550
14470
5621
7834
2627
12428
4407
513
10037
3232
6635
1115
6042
5700
11239
9148
16199
2919
10902
10354
13710
9269
2127
6657
2244
6829
16101
12669
4364
9943
7755
7307
7599
11988
14303
14703
11486
1693
12155
8992
12700
8557
10108
14177
15105
15784
13698
13709
1967
16296
13532
13611
13911
3918
16253
15057
11112
11055
2413
4626
14940
8037
9985
9769
9863
14778
2774
2209
14059
97
9757
12794
8660
2357
6369
7639
14860
1804
12063
3623
16184
11660
15199
9525
7501
1974
10836
3525
14888
90
5421
3995
8452
4936
766
2392
14424
13388
7636
3882
8396
10147
11562
9774
7516
448
9982
5948
556
8033
10513
4769
12226
16021
6863
291
8869
7633
6139
9021
8459
13887
9198
13500
9789
14429
10251
7569
15029
14787
13287
11844
15836
2706
5747
10762
15393
13085
1225
847
7602
14251
10846
10077
11127
11439
4575
10403
1523
9851
2793
6702
6757
2160
3567
6626
12726
13312
1098
2878
13326
8988
1437
2335
7082
12638
3996
5471
6570
15330
3263
3186
2198
11615
3188
5297
13320
2833
10966
3758
2308
11171
12399
14011
12417
10163
13186
14230
16167
4971
5136
12009
15849
12300
4894
536
7535
4984
3136
11776
15279
10942
11671
28
1212
15275
7543
6302
7724
9916
3793
12708
5778
10030
7952
11772
4952
1311
14570
7464
11517
38
11781
8189
13155
8716
15481
12800
4690
4572
1632
8745
3649
6975
11432
15281
15647
8714
15566
7088
16097
3839
11788
8540
222
752
1102
3823
15461
3625
16213
1919
2710
1721
3339
3463
1155
7435
5944
4888
14347
12923
4097
4733
8358
4162
14828
16035
1507
16018
3014
2320
5789
15851
9794
5787
8183
2978
11952
624
2941
3559
43
2505
10538
15354
6413
1956
9581
8772
11500
8746
3200
4696
14998
8020
13794
5364
7590
1569
12656
5753
35
15928
83
75
11358
9077
3522
3913
14044
9219
6890
12888
12991
11205
9683
10094
1669
4508
15289
9101
6470
8766
