6991
4224
2766
7655
7714
11059
2573
14024
4172
4865
2075
2875
7617
8022
2479
3023
5589
2470
7674
3191
16318
426
6241
5276
13677
3795
3839
101
8244
12066
1992
9896
14311
3611
1859
7830
1384
10260
16261
11126
16253
15878
11347
10189
16188
15612
4514
14362
12190
261
13968
14903
15627
10751
14154
11384
5841
2216
5572
13178
658
1016
2371
2923
12740
1744
2471
12191
12629
1254
14841
1970
6298
13494
9927
1605
10351
919
3246
12325
11911
16005
13255
7613
2806
11709
225
7786
15970
10527
7419
7310
5175
2796
14568
15503
12268
7342
10880
15629
1531
4548
12535
9453
3114
8846
3127
15384
3371
15306
1727
6377
7866
3878
133
10009
13541
1773
11201
9106
2391
14440
13733
5937
14932
10310
6093
2087
11845
6058
768
2832
8188
2034
10127
9964
6408
7030
8600
489
4728
13503
12125
365
13851
11861
5148
14205
15827
15352
4066
13977
10306
11370
8165
14054
6547
6514
13114
14418
10705
5437
2818
798
11366
3096
11091
4274
14408
4721
10312
5111
12939
4103
10894
14919
793
10133
7244
5891
250
5691
10969
5523
10149
5386
9270
9958
2407
3497
11655
11868
431
10921
12560
743
6361
1005
2048
6110
4746
15540
12632
207
2169
6822
3383
8983
12688
3548
14674
10820
11257
15463
694
8540
13387
11638
7715
14607
14570
1080
10995
3744
5966
13595
13141
15905
4777
6336
13476
3559
15181
12561
8723
7859
14611
249
7186
2168
13369
370
16145
12185
7060
9034
13127
10100
12914
8402
1210
3828
3921
9582
11642
6512
754
2606
10943
10398
14212
11096
8673
2177
14316
4377
12711
7009
13919
14633
13274
5674
14426
1787
2525
2041
11118
7413
14822
4309
3552
273
11864
1547
3303
1496
15892
3972
15016
14185
14183
450
12623
15492
4251
7793
8695
10019
9151
3861
2517
4206
7075
14461
278
13794
16212
15383
7083
5690
7851
5347
14474
12504
2272
12052
335
8953
16002
4856
6371
1882
6596
11139
11427
14328
4018
5968
9200
3560
5903
13345
7891
1280
3499
11188
2232
4209
1569
11005
16072
1911
13185
2090
6404
3322
3829
7546
13616
12341
4267
1546
6942
6055
12210
14939
1357
10654
5882
7650
12176
5097
1890
8089
13823
5060
5108
11812
4958
16153
2883
4666
8311
6193
714
13910
16132
2867
4409
7085
12240
4027
298
11457
6690
4045
4531
7378
10712
7860
1673
2879
358
3533
6415
6586
15848
15145
5573
12233
9394
12068
9381
2681
6957
5747
4977
11036
14823
4992
14034
7985
12335
10274
13365
13710
15438
16383
10925
11120
7356
10340
11979
4044
2800
295
11561
4791
7219
3911
7360
534
8542
6959
5106
12582
8932
12410
8294
1150
10124
12557
1606
8128
7013
14072
6758
6552
11000
13186
10626
8305
3039
1632
14884
5723
15252
10483
12714
155
2439
1659
12373
14634
16197
11527
16381
13210
4556
13239
8112
7211
6325
263
9338
8069
12948
6142
13340
13901
4902
14167
3783
10605
9462
701
15725
2972
6025
3768
16195
13090
15749
8624
7338
6421
9783
9168
3620
1168
14082
2990
5202
11717
9930
2886
10815
3751
50
14782
16292
10120
9137
290
7888
10055
1797
5839
6743
2366
4311
14545
14871
8841
6107
4945
5785
128
7906
14614
4081
6114
3922
11594
1292
14179
4146
10006
11244
10232
14203
13036
12588
14051
9080
14510
4325
9012
187
2141
4477
9909
7386
7299
16313
11295
13628
54
13527
4832
3634
4608
8030
3722
15081
2890
2675
12727
11926
10542
6783
5112
10344
14595
332
9002
11262
8578
3518
10279
11144
9410
3193
10940
7834
1054
11367
16199
4872
12620
13002
16327
11747
1898
1626
13954
9623
3314
15156
15300
836
1516
12985
1930
7597
1952
5705
7813
11688
2019
12988
6609
3376
1457
7406
7595
1853
5834
6071
11570
1316
1108
7137
14933
11811
3255
3416
11100
4925
15803
14242
12562
4570
2658
9638
14301
4372
1798
8498
13753
8599
12694
11983
4349
201
8018
1753
9668
7895
8822
8829
3715
5116
10482
11001
1477
3773
12689
9118
10391
13190
14749
517
12591
8139
10300
7893
3776
1528
3217
10462
1112
10268
11748
3468
9590
8491
15107
14400
15980
3716
439
2259
7498
9033
13703
11150
3688
2153
6981
10228
2792
5788
16138
3392
7180
467
3024
15975
6081
11900
3304
3421
12134
10179
14838
11426
4893
6000
5349
6474
8770
319
2882
12273
3482
10829
12933
15274
2397
1338
13679
6533
7790
1220
4766
3884
3425
10977
5664
11413
7140
3731
11046
871
16151
10250
1305
3963
4999
15794
13015
4375
7361
8736
8036
1566
7540
5019
5721
4776
9900
6740
7298
7765
2929
12432
9218
2126
9061
4882
3873
15015
16095
13767
2674
342
5548
7476
9719
861
455
4703
8147
6205
12518
58
6780
15079
15694
7289
6099
10052
3249
8780
7492
7411
2762
3046
13517
5622
9547
12078
4095
15731
3641
6876
11609
3178
15265
5729
1540
16328
9073
12512
2305
2999
4483
10384
13865
12731
15257
1410
1347
7585
1583
2373
10785
1635
149
933
11159
4622
3763
185
14697
6158
8888
4597
1986
12147
2208
493
7814
13421
4390
497
1251
9616
4294
9714
6805
3791
4265
13818
4396
9457
4497
8242
3236
8790
8113
9733
15969
9737
5658
4482
1832
1470
3453
6056
955
5506
12334
9325
11526
905
9730
10353
11718
13905
1811
12175
11897
2235
5922
6542
15327
1047
13991
12544
7427
7982
13035
15931
9444
6479
7165
2454
7089
6312
14693
2709
5805
12303
15983
258
15146
15945
5464
11973
9186
10683
13868
10480
835
12990
4123
10289
2646
2900
12786
6112
14141
11484
378
679
5781
3832
2064
15250
7768
9497
3812
194
9104
1906
1713
1432
12705
7719
3353
8952
1247
13658
5492
8654
2898
4057
14715
8544
13962
762
1681
10161
10348
16163
691
4825
3596
8039
15722
11821
12867
4104
10275
4535
4427
14342
3767
8436
5243
8833
14378
4086
7364
11251
6791
7469
3616
4601
15482
6219
2450
9734
6566
8646
14793
3726
9755
14792
3417
1783
3340
8589
15747
11725
831
4196
3221
13624
11704
6742
4004
11447
5956
2604
15239
5547
5028
8802
11680
11870
7686
6522
5094
7285
15773
6913
784
6727
12470
842
12479
15301
13158
3052
16103
5012
3105
8944
11860
5925
10449
15632
2771
10406
123
2550
15020
15247
6181
7131
8088
13809
5592
6108
10635
6003
12992
1543
9040
4219
9971
3419
4216
13562
12725
5802
1789
2022
12581
9603
5752
15788
13917
7347
8054
288
8474
137
4850
9356
11213
2488
1845
15847
1006
3710
11996
7001
12610
11438
9242
13043
5522
227
4073
1042
4760
14350
16105
5972
435
12060
4071
5714
466
9421
5686
11562
2951
15920
11089
12552
9585
13521
15667
12926
10410
12198
840
1782
12254
12950
3846
2609
4270
5929
3467
11508
15211
10455
11266
14620
6001
14386
6794
3977
12491
1270
12047
16055
11946
1777
3483
4685
12720
16273
2273
5689
14000
16308
14339
12466
306
5039
8374
3871
10491
12891
8823
3108
10980
14380
16167
11677
6885
4106
10433
11004
9005
12542
12730
6270
4574
4741
3170
13350
2642
1256
14575
4799
8343
10218
15865
15902
12509
6272
9442
14779
11130
3890
8506
4688
13094
2029
13556
2685
15218
12578
7731
11465
7092
1510
4153
3797
10472
14606
2403
11890
6723
9077
4579
14848
15381
15495
14059
9882
3195
9975
1365
687
6516
2237
5813
5362
14833
10597
608
15531
12718
11485
13626
11710
10850
14031
131
8715
901
164
12659
14273
3920
16162
805
16237
5113
13223
6674
15886
2535
636
8198
693
519
9874
5560
11074
12902
7848
8868
3422
9039
9695
11227
10110
13633
10941
13131
5231
1078
5292
2001
9746
5827
16249
9111
15641
6239
11394
2462
2269
12627
10752
4449
11636
15588
1401
15691
8557
9500
14886
4591
11353
15155
2741
11270
8638
6894
13181
14564
7857
852
7072
11
1486
9160
444
2172
6614
13005
14733
10988
11657
5835
10551
4110
6103
8081
4824
12937
2
1480
4003
5035
13489
9861
3658
3248
2918
4642
7157
5191
4584
3810
14128
12829
11259
11701
11956
1532
1524
11049
2037
3866
6120
15874
14473
11164
10696
1810
12370
2803
10435
7804
2263
15572
14406
237
2215
12079
667
706
7047
15173
12698
3214
1843
2098
8023
2787
3728
7407
12814
7502
8505
12465
262
1483
14158
1326
8785
14748
11258
9236
15800
9247
15315
11651
14468
2245
10035
10476
698
2673
12577
11590
6763
15439
12061
3833
12932
15935
5117
15861
4461
3438
4511
11051
8348
15379
6701
10661
9948
6167
3614
8431
5160
15330
5780
10496
6958
3626
4217
5134
697
9483
15867
4051
1137
2256
9768
14898
12612
6321
3465
4577
3915
9268
15128
14992
14244
8655
1223
14541
14954
9343
8976
2425
16361
12069
2634
763
16343
12790
10773
15386
9779
16244
14527
9138
6369
9041
4418
7782
7134
9864
1337
14728
7987
4100
10159
8468
13023
485
9763
15233
12343
13602
7563
13069
5665
242
5232
14487
1863
9227
16043
15955
9341
8473
7292
11056
2077
391
3277
5902
5611
13060
879
12626
2715
13073
8066
2614
5848
14637
4299
4507
1708
14411
7846
14588
11283
15918
5195
13113
1951
12206
1627
1478
10390
15435
1430
14642
14880
7611
11687
12095
10461
2433
14161
13912
15602
5595
3477
7391
1639
5644
10252
12136
11869
66
1464
8856
11080
1596
3147
9667
8055
315
8764
4321
14638
8730
13603
8799
16358
5047
12112
3961
5498
3252
11302
12532
13931
13561
16260
15346
669
6853
7465
3428
16264
13245
9496
11740
8906
8033
14555
7156
12142
6562
1393
15977
14370
2630
179
14986
1151
3486
9392
14967
7233
12284
5197
10377
15062
2717
4429
13220
9490
12916
10659
15400
14563
15509
13027
14549
11558
10102
9979
3958
8137
14904
12799
16296
3349
2799
12949
156
13953
733
14006
5713
1581
6874
2369
339
7439
9036
12833
9596
7264
5420
7800
12837
14883
5628
8300
524
7280
11849
5930
16332
6131
13990
4966
4041
7919
4928
9134
8696
6666
15245
3978
12526
16259
4166
2575
9532
15508
2830
556
12565
12081
756
5697
12225
15035
9376
15870
9785
338
10497
13147
13291
15149
9419
5154
5812
3243
13225
14210
3947
2116
13682
5754
12119
12498
8564
14699
5456
14550
9468
236
6426
8623
15339
2476
15710
13285
4434
2352
563
4149
15872
15575
15893
15804
14265
13447
1185
11859
6671
8462
15534
13969
13143
1850
1048
7176
8219
7234
16073
10170
872
416
5601
590
3311
12836
4881
14194
4450
8058
4541
12514
15282
5334
15494
11649
3224
13370
11329
10427
14257
4164
15106
330
8163
9427
3190
4213
5394
12160
9436
10183
10379
8804
4581
14789
12170
4996
11678
838
1200
804
12908
3033
7874
2579
1339
9870
4055
12143
12589
7183
16007
13411
13802
2110
5632
15483
14923
3674
6046
1421
3629
4822
6982
15362
160
5579
3175
7853
10118
12157
2754
7509
240
10631
1485
5129
7008
4002
11938
14224
2541
11552
15053
14223
11889
2058
5660
1857
3949
3540
2769
13109
14767
4177
2834
6718
11720
12187
4005
7119
4713
9518
7461
8224
9127
9431
3900
10653
11166
8895
16340
7467
3418
13574
13614
7884
680
9592
14540
4279
10271
12935
5692
16119
1582
723
3525
15811
14976
13979
4147
1979
12239
15738
4636
13980
11241
1356
3677
14296
9171
6627
5004
10664
9579
15528
15066
8010
11733
897
1985
2207
12849
11615
9028
12318
3600
5895
12413
15172
7618
12073
16062
8035
12266
8657
4392
3367
2590
12139
10609
6851
14577
13676
13010
16297
14035
14736
2016
3870
9844
11764
3037
4237
10078
1654
630
6999
2891
7722
5695
10835
16098
12201
6815
13530
1107
14382
1336
13374
10264
12958
12285
4438
13388
4029
10371
8749
1550
14126
9726
16336
2469
2243
12035
15101
1122
13063
15484
6803
16146
8716
14494
544
286
8053
13981
5540
3834
4187
14231
14174
7455
3279
585
820
5462
9807
12686
11154
6980
4090
13911
15881
10568
6687
4452
8718
14726
15471
654
10094
10714
15403
11182
5974
9292
12529
9099
3577
15562
10393
8734
3982
8555
1732
629
14942
1102
8606
11791
10101
839
169
14229
2782
10618
10479
2007
10560
10782
11555
12090
3408
3382
12404
3159
12428
9655
10333
16000
10143
14178
9319
4121
4220
14435
15026
8626
10307
12920
8466
2561
6775
15144
12109
10883
3862
3543
13139
12202
5775
4797
5905
7729
3837
14946
12723
2508
2935
13488
10227
3122
5710
550
15649
14695
7994
11490
3859
9387
14355
6374
5132
49
12842
8458
4312
13730
7440
9954
6106
8233
8391
3095
9409
14267
11721
8943
6314
11608
7248
6620
5577
7796
4371
7623
2477
13160
742
2182
8908
1676
4036
6576
2600
12517
5269
13701
1667
13849
6836
1233
7061
15645
13062
7054
7459
7322
4062
1509
8777
3092
9006
16012
10959
8569
13551
7943
9156
15864
14388
13765
8150
1307
10439
9788
7185
6901
1950
5648
5885
7348
12801
11965
11818
866
2435
10890
9485
14518
14626
4120
14261
2382
4734
3080
7836
596
9251
5641
10278
4094
2360
9366
7494
12779
8907
11612
6800
6559
10420
454
2118
11632
12040
16135
8521
5960
1973
10425
12193
15002
3452
15585
7940
4705
8435
7799
5395
10408
4231
7603
8988
12788
13404
2005
5447
1059
13339
9204
14498
6781
4862
10783
15168
471
9620
1252
13332
8548
2920
6631
15648
10728
14163
8222
13973
7258
15657
12642
8879
900
15244
10445
13432
8925
14410
5525
6784
453
9475
9261
6062
7828
14760
9544
11776
4105
9814
4811
5811
12584
7143
972
12903
13353
9177
4314
2349
6760
16190
7809
8009
2155
13230
7223
6515
139
16227
4573
16281
4179
11737
8675
8850
14930
13945
14119
7587
15440
2665
11784
7311
1553
12162
5694
15090
8169
5564
11995
5192
12379
2353
13045
6716
8528
2779
13915
6134
9619
16364
1299
9899
13948
10838
16140
9076
4504
2940
15050
853
4228
1684
15971
15929
3333
14653
15949
4724
12471
1235
6222
9626
5165
1466
3436
4892
2970
5926
8360
13254
2431
6092
917
13343
11646
11543
3125
2414
4035
2960
10004
9287
1830
13610
13474
15342
13515
6889
5534
12011
9256
16070
13413
7637
5524
3652
8210
2274
8351
2453
7260
8631
12026
6305
2478
11891
9049
8174
15519
1729
2913
15904
398
816
10681
2050
7775
15182
11611
7218
12017
6622
7294
5173
7374
2214
882
4972
4132
10771
14537
7241
4938
8839
15318
14281
3807
15713
14916
1443
681
7032
12053
15840
2012
11848
13472
13440
12874
16290
9989
13206
12569
13855
12838
7522
765
7639
79
13446
1838
11344
13838
10642
15972
13984
5176
15223
1058
11232
13938
10168
12004
1301
3693
7561
9360
12440
11307
12875
7801
260
13522
6207
4141
14481
3515
2815
11181
2686
134
4963
2389
2265
9122
4647
10756
14815
1179
13997
15626
9030
9312
15514
2554
3177
10466
13914
2944
1829
10145
3182
11895
4981
6649
14743
10253
14977
11313
744
11025
15285
13243
8954
789
14905
7107
7926
6797
2070
14134
7726
5384
9098
9988
16014
7850
15322
1738
15361
7517
1631
6768
9777
15592
13784
13359
8830
10109
4621
8771
4319
14557
4468
10588
2618
12333
1686
4620
16206
7500
15715
15523
7387
4471
1697
11487
15552
11412
4393
4473
11596
8268
13781
14164
6553
14605
12538
15161
15443
159
16021
4729
15879
7870
10896
5262
6440
5976
1693
13609
140
4486
1157
8019
14235
436
7510
10562
935
5076
13403
2578
7007
1242
14891
7235
12540
10349
212
2845
11520
1903
5135
2379
5741
15542
12934
5768
4412
670
2428
4352
10692
8801
1700
16202
9919
9320
1344
10690
8755
1294
589
15774
13924
5617
5530
324
8535
10199
6347
15124
10582
14840
5376
4793
15303
13890
9291
3707
4875
5971
8433
10059
1245
1847
13337
2732
2968
1296
4650
3939
7694
759
6150
9452
6724
2735
7209
4738
15914
12295
12412
11685
12488
8295
14089
1957
8832
12554
5487
728
15263
2856
13377
8125
2225
8455
13584
8181
4517
5425
9447
8722
8438
3743
5072
11325
5147
5484
5194
3334
12055
6394
13956
4757
14278
8857
9399
11198
7431
5345
10242
4330
15029
1418
12038
9221
3445
16189
5439
5642
3440
13053
10115
12495
14631
14556
11531
10657
937
4953
6467
6028
7537
14236
13655
8079
14259
6732
14982
14978
13469
2552
3085
12051
1614
11102
14348
4448
1471
15524
15280
15537
6933
758
13146
11185
3220
2752
10265
5254
3183
1848
8656
5025
964
15859
14275
9567
13804
3582
1203
5036
8417
10194
660
11622
7792
12100
11504
8986
4967
247
13876
16382
13949
7034
15125
10917
3592
10209
10831
13049
13391
10993
7707
11774
14586
2427
6331
1222
2188
3432
1500
5369
1692
984
1579
6726
9070
674
15393
5098
13405
4437
14566
5495
2113
526
7711
11665
6946
8531
5637
4723
4602
3498
14084
8247
15779
7963
1474
5600
5767
6111
10469
11610
9232
7108
4644
4898
14046
9612
5513
11161
13695
13189
8958
15409
15550
11831
7504
10042
14263
14305
8422
10400
15930
4336
5306
14049
6979
14499
5594
15270
11830
6789
8795
7036
5904
1
11656
2346
8278
10947
12943
12420
1955
8752
2503
4949
5508
7832
14938
15987
2378
2496
2089
2534
2786
14773
10934
14390
15995
10974
10624
15338
4590
4984
10144
973
8996
2816
10356
14289
7833
14628
14522
13847
5469
11482
8
12818
15756
5432
14963
4974
7544
8114
6202
6066
14269
3275
7749
10097
5964
807
13482
13549
8920
114
102
1749
12549
9519
7728
6215
1086
7763
6316
2616
13808
6817
269
618
4785
1878
2571
13739
5953
14111
9666
12967
7210
1161
12028
4068
13926
2069
1949
13055
13773
395
5985
9963
10556
14610
513
8138
8104
1241
2423
4976
3455
13857
904
11075
9759
11932
11206
3290
14926
15398
13037
12583
6232
9572
9980
570
11894
6974
10649
6235
6133
3181
6770
6295
6828
14672
4696
6706
813
712
15583
4010
15751
6061
7055
4957
14319
6688
726
1925
16099
3687
875
11472
12653
10814
576
2911
6960
4852
4722
4527
7025
4496
3673
3725
8287
4261
15801
11971
8373
10871
10505
9303
9662
11239
1493
9829
15481
8929
2676
9212
14713
4234
10324
15319
5873
3759
13729
10389
3506
5008
15805
5421
8651
476
6434
11415
10586
16246
2576
1050
11158
1038
4422
4339
5264
9969
9301
3437
10901
823
5311
12496
5364
12827
6292
14123
10022
10414
11804
14464
2729
1931
15579
16316
5155
9636
10737
10601
9778
2239
9296
283
11220
13712
12576
11732
5073
3568
1219
11777
810
568
5472
4643
14869
6540
5351
690
15757
10548
14890
2027
3762
1388
13961
11742
12590
10245
11690
1392
16089
12131
15397
10501
645
8434
4903
3845
11048
11006
52
14756
15323
503
9466
7343
10945
4232
10177
7959
14994
15989
13893
11055
3945
3667
10817
2523
1332
2837
11515
6990
14740
3779
10314
7337
8326
86
14219
4451
2202
15796
15676
8947
6276
11888
5418
3504
9538
16305
15869
136
1281
7849
14424
7661
5913
9494
8705
11637
1868
9693
6852
703
15450
8146
16010
12726
7676
10768
9625
6005
4167
5613
8246
15476
7385
4075
2565
5152
11512
4138
400
11137
15605
1111
14199
13666
6949
6445
11825
1061
2447
10202
11846
4561
8691
14993
3713
15337
7121
7099
8887
13856
2359
3501
5099
205
3446
2506
15088
13985
2657
13349
930
8613
3180
1309
9595
1097
153
13884
8049
12929
15000
11851
1555
10282
11817
2179
11414
5724
2241
4841
8912
8809
10286
9277
14565
10215
16255
11119
3869
3966
8261
792
13097
5230
9995
5483
5396
13373
15759
271
13076
14013
9304
9684
6691
5683
6776
1362
10759
14700
8103
11567
5511
10076
16310
11462
15138
11736
8308
9867
934
11744
12494
8885
5750
2622
10567
1966
15896
15320
12717
9570
11761
7446
12866
8447
10566
1873
13511
8526
9048
11342
10689
4185
405
3309
9957
3761
2426
12271
7155
6633
10195
5290
7441
3357
13667
12942
5256
14656
10688
14654
4287
10978
1167
4827
7954
10863
5088
7018
13675
13783
5736
12524
8130
7168
2482
1198
5338
7287
4588
2894
6863
11404
11466
10629
2592
12768
3019
6251
10138
12
15556
12174
208
3591
2480
3964
3542
5874
11698
7372
12530
1562
1974
13066
9622
10471
3233
11823
10136
13531
15996
2953
9056
2422
2683
15426
2759
2962
12511
15241
15458
14465
449
9147
14023
8389
11773
7222
5167
4150
9614
1412
4572
9003
16350
10005
9110
1147
5477
8808
2492
3888
10984
474
4964
3337
9162
5831
11652
6538
7306
4828
6587
8625
4502
14583
15260
15371
1201
1821
11039
2341
10704
11706
2507
15525
13940
14103
14160
6537
13872
965
3895
8583
6020
3528
8380
177
6033
3406
4765
13385
7797
14442
15574
11820
6041
15415
254
11222
28
15910
143
14609
8612
14641
1922
8781
8712
14812
14649
4389
14910
15387
2587
7946
451
7914
16302
413
6772
6619
15226
3489
4197
3264
12278
10207
14708
5969
1736
8134
9857
11452
10308
7839
12638
11007
9383
15234
10793
4526
10852
13362
14843
5
6214
9950
2342
13663
10380
10489
5584
11396
11475
2597
10403
14121
127
3996
13708
8441
15110
11132
586
15358
7965
7125
8815
464
15023
4516
11913
14873
12309
4767
3992
14198
11661
14585
15179
7683
3952
2519
120
6617
11809
14640
8388
478
11476
13236
8550
12794
7479
12675
3360
14630
9515
14376
2823
13661
3889
3950
2271
8938
9120
9914
2710
3494
13022
2026
2218
13994
15764
8756
11961
7944
5172
6624
12186
15677
15578
8236
15948
9672
7045
13117
10026
2981
8254
1062
9527
15581
6563
2540
9559
4313
4941
1232
4878
8136
8677
15014
5200
2697
4540
500
1387
652
12481
3256
16293
2312
3394
15478
9942
11837
3657
7662
1625
7667
3842
8463
1271
1045
2726
14314
6755
14359
8029
15821
4117
8970
4403
7703
3815
1871
2481
16082
10080
3045
2282
12403
1824
14171
374
5536
14453
8914
5058
16284
10137
11363
13519
2577
7253
7110
14012
5247
6060
1640
7978
8660
3526
7084
9793
5180
16321
8270
16211
7565
4489
10512
15195
6034
12922
4113
514
5787
16093
9314
10554
14968
5385
11321
98
14971
10544
13183
7208
5430
1928
11697
2557
419
3014
97
14878
1812
10025
4173
2137
6258
5991
14913
4754
12897
10933
11252
13641
11529
10317
8052
5023
16148
11625
13635
12771
5373
6903
1341
3356
1912
1689
7938
13275
14553
10071
13173
12317
14227
12237
5797
3420
16003
11991
14922
4402
9508
1677
8427
9439
16251
8309
8719
8061
11939
12220
13443
3814
10295
2917
8145
14245
3407
14621
8643
3339
843
13412
7328
1444
5915
6016
8467
1180
10358
8747
13217
6611
5876
11026
8820
12385
9058
8604
15497
13887
12915
5828
11633
6592
4092
12864
2445
2018
13732
12180
15423
11724
15976
6841
13041
8901
2984
15132
943
6855
13558
14989
9141
9976
12306
2947
10116
4301
9815
4687
9081
8552
13168
12832
15238
2330
1711
15225
11031
5604
11310
12227
11530
9317
161
1575
14579
1216
9983
7335
4401
2199
10121
1775
9282
8511
8754
5423
2099
3766
14056
1620
5581
12872
15957
732
4960
2927
8267
6873
10632
6550
10711
14202
11865
16079
1411
8238
2602
2831
7741
6694
11319
16374
14940
5282
8998
14196
6360
9086
13709
9974
10913
8100
6939
8086
11516
14070
1382
3184
11621
5943
13306
3067
4876
15375
9245
4083
7821
3904
11994
916
10443
5293
3062
6496
3324
13897
13017
857
4303
15518
5392
4078
11314
14837
8701
11480
4421
2995
16047
13547
11084
15392
16069
3320
11104
9873
7173
6348
1033
8148
6941
12548
15470
217
3821
2049
10825
5845
14155
1788
2678
11186
4162
3154
9456
6920
7808
14622
6639
3765
8603
15981
10509
320
4725
7992
7315
8206
10565
13502
10998
6702
2355
7159
9013
3723
13935
5794
8504
12046
6689
11814
8917
4152
9385
7042
3907
7266
369
2192
3788
7049
12361
12614
8245
2212
16269
14751
7559
8483
11174
11616
7320
6749
2567
11839
12355
12058
11695
6914
9903
12178
1557
5412
3719
9803
14941
7418
130
15134
14251
15631
7130
10
214
16324
13659
10845
11236
16183
5142
11873
14437
5252
7331
14146
8637
2750
9696
407
9379
2663
3079
9769
9905
4905
7979
15150
7867
504
9380
7263
7166
4640
13927
14413
4813
92
13631
1082
3265
8176
11339
14866
1030
5074
15116
11498
3662
11280
5136
12197
12575
11354
10518
9797
1977
10134
10419
6428
1422
3075
15422
9889
634
4627
8281
12657
11920
819
14531
10606
2692
9624
15428
8539
6413
12631
8642
6306
8440
10949
7760
11750
5280
10151
15232
14759
9382
1937
12144
2532
14885
8260
16210
12733
14317
9449
12362
6262
15890
3112
9425
13683
1197
11981
11838
458
6844
15791
12392
3472
7842
7614
7762
4804
16045
2770
15862
1450
15406
14396
9238
2246
12347
8793
389
13171
9176
533
14691
11627
13814
4011
13263
6277
318
12283
3179
15681
7543
4633
2767
7640
6511
662
3335
9398
14077
11593
1319
3502
13934
10553
12983
5967
9211
9196
5226
10753
15489
9747
14379
3647
16365
13946
14271
9794
85
13415
11103
10693
10070
9883
16330
2420
15459
7996
10823
2919
8732
1650
8304
9805
530
3752
9875
7480
11324
2979
10507
10706
9588
7142
3281
2784
13360
15665
4145
1734
10955
11519
4271
10787
4802
4009
12251
11908
8329
10342
5470
14685
5986
7220
6443
14753
830
5104
7939
16046
5799
10963
10739
3262
9654
14479
6216
7817
14960
3005
7548
14972
6038
13978
3841
9096
8720
7803
15074
5383
6840
12399
4020
3786
15137
7806
2908
10700
16081
268
11822
6195
7550
6751
7695
15973
1494
4899
16031
8750
7207
9674
16271
11210
10049
8485
12329
14064
4848
8226
8999
5434
8093
3792
7588
6176
12712
11827
3999
10431
6644
11400
15616
10910
3787
6381
11604
7225
2436
1044
4789
8659
5454
3209
8510
5816
10013
14705
7262
10721
6442
15321
4480
8445
10238
8727
8303
4772
4762
906
3043
11583
296
284
3119
1513
3959
13157
5009
6779
4169
13101
110
16141
10603
4272
4059
11700
549
3931
5886
1707
12624
3597
1544
3260
16298
8430
7434
11974
10399
14286
10372
4701
13497
12821
327
2653
15019
3205
15911
7118
2838
15380
11536
13294
1953
11757
2184
3819
10378
7852
3520
12472
1350
13393
8902
7634
2610
10855
4399
1526
4664
8800
5720
1395
7259
9185
9132
3986
9688
6079
10285
7843
3405
12946
8783
7443
16086
8409
11670
9853
11544
10152
420
7761
11287
2566
12537
8706
15324
12416
2768
6152
8685
1820
12607
13289
12704
11348
1360
8200
5881
14742
1563
10082
5122
2388
13772
13886
12528
11148
5246
1140
13580
11518
1043
14874
4439
4952
8854
14462
14725
9740
4384
10916
16344
15554
5719
3514
13479
5872
7247
12752
13382
13363
6856
2739
4198
11789
9545
13820
13831
1438
12863
10821
15968
12678
10056
9396
15295
3825
5744
11014
9907
15370
14176
9700
6713
10498
15829
2901
5149
12980
3598
4360
6505
15204
16057
6084
12352
13583
11847
16355
7319
37
5300
12337
2563
910
2392
1742
12354
7838
7503
11306
12433
791
12409
16035
2986
3366
100
12757
12930
12332
14381
13529
9091
5954
8616
10311
8509
7829
11116
5846
9208
10628
14774
12291
10558
7935
16323
15656
8259
10877
3097
3270
6023
920
11579
6757
6119
9767
14293
5609
5791
11064
12661
16013
3676
14623
14806
7633
4560
595
14436
5757
8698
12811
2395
2680
6608
12294
10198
3117
15205
14272
1302
14582
16348
3853
5836
10065
7059
9676
1874
9946
6606
3894
8095
14318
2238
13246
4043
12012
1079
14912
13751
5941
12330
5443
11035
2109
15690
6182
10997
5858
1343
11856
1417
7610
10192
9337
292
2270
1035
3522
5442
88
14151
1919
11061
6904
2716
6556
4364
874
1996
5737
12527
15167
7923
8834
13159
11673
5657
16084
5045
14197
16029
4947
6818
8156
9884
5263
8549
2987
4821
4564
1502
552
12700
10760
11942
3365
3730
10902
7964
6429
2583
4442
12936
5125
4671
11705
11683
12925
10355
7624
8063
6469
8662
15065
4030
10190
3718
12260
8290
10335
7473
41
11948
7670
11702
4163
12674
12396
16053
5490
787
5700
981
7643
5065
9075
5474
2404
11387
13559
6862
3441
15011
13680
15819
2948
14241
11741
4215
6626
1900
847
2189
4088
12050
5335
7221
11762
7815
12415
11910
7629
1611
12448
8152
9902
869
3040
6973
3995
4546
375
12234
4365
11884
15078
8967
10727
15201
14028
10724
6166
4174
12456
3567
1142
27
1883
14746
6881
9607
13646
8170
3
8461
14200
12840
15200
13894
8611
2416
2798
8579
15367
14810
6196
7706
14757
6337
9290
15148
8667
15546
1987
4864
14698
11260
13461
8614
10701
219
2072
7497
12876
2329
13706
14062
3197
6299
2747
8586
3883
7997
13321
15576
663
12215
6605
10069
1866
14704
2220
10422
16287
12425
4253
10770
5716
3777
3706
993
5486
5002
8316
5026
1407
8556
9046
6748
7743
7275
4639
12212
1396
13500
4539
913
7170
3913
9414
1085
14222
5360
16149
12298
12970
9631
10533
1705
12635
646
69
11272
8098
3906
8560
2228
6703
6524
10843
1739
12641
8883
9117
2738
3741
15169
10953
1068
7056
10230
5769
9344
15445
8227
11572
1754
9739
12062
3457
13952
5341
3554
12102
14852
6896
13697
15697
45
4982
9407
2751
3799
16233
927
12027
6265
1370
891
14858
13480
10888
1069
1968
10667
11189
10790
6846
532
15569
11281
4432
15599
7187
5103
990
1886
1567
12360
11431
8593
181
12981
15017
13429
2321
11728
9555
16004
8688
16230
1904
4629
13009
7514
6877
12348
14476
14020
12762
1573
11471
3989
4661
15317
10187
33
3521
10318
9400
1584
12156
9255
38
15912
6509
14497
4870
3885
63
1822
8002
829
8588
15837
11408
15809
12037
13233
465
1359
4764
15044
11311
7313
4673
11716
13169
3507
11131
5356
5294
13815
3500
5758
8590
15332
6652
2437
2035
6389
10361
12489
13346
10196
5316
4534
5126
1238
3469
10665
1124
7336
6165
1694
11618
9799
8157
9257
7281
11603
3386
3905
6557
14906
4895
14707
9503
13057
9191
4568
12127
4479
911
8141
4170
277
2000
3685
8243
15999
5011
12110
4091
6247
3965
13903
5041
14444
3998
9329
4386
9327
14234
3721
4332
5478
1932
10881
6051
3328
1888
12082
13546
6121
15822
12759
14187
1373
8919
13552
7478
4523
2463
1716
592
1067
811
8396
6146
8620
12021
2669
14443
9834
1345
12972
14867
7560
15937
7006
11535
9243
8768
9692
1278
9526
490
1173
14448
7252
7482
15591
5614
5001
7106
1616
14966
12878
6790
13959
9280
8315
8581
16356
8514
13234
13166
8886
4653
9552
15278
1017
3091
14019
6255
9686
13033
11763
9541
13029
14872
3450
6500
4809
6044
7865
10288
10644
8566
15816
297
9804
15539
15153
3228
4333
14087
12691
9925
2193
14706
6777
3691
13669
14372
5766
15112
1469
3323
5006
1771
9433
8117
3901
13681
8634
13692
14446
11770
495
13528
3073
13001
6722
4559
11143
6420
6692
15082
15907
11169
158
14957
1213
15454
13108
7622
15732
11470
3549
3082
9131
8072
7710
14636
8001
2664
7600
8849
10674
3350
501
8837
15873
4064
8187
10450
14060
8568
5350
14761
8202
12115
5896
10119
14238
11230
11147
14863
4857
7307
14658
423
11171
10996
1603
12559
4408
10970
4955
11667
4054
1963
5786
9754
8412
11233
6169
1701
5143
10861
8191
10341
5228
10244
4800
2173
11951
5107
7074
5374
9026
9217
4324
856
3712
6124
8234
5917
4547
1790
3198
14741
12398
11549
4990
2260
15863
4464
5907
12662
14657
716
15187
118
3701
6238
12483
4370
13437
9265
783
11524
15900
3278
7785
2030
2138
8211
3729
4200
9550
15843
5298
12987
14184
13996
5235
8074
5101
7894
282
13116
3173
112
13623
1628
4192
15246
6403
11832
10720
12761
13457
13740
15363
12945
12852
10079
13338
291
9230
5730
8518
16198
13647
9440
1610
13407
15038
5218
6376
314
8863
14307
888
12328
6996
4659
223
10067
6864
8782
9308
7721
7641
16129
12781
9893
9333
3301
2430
6746
11359
6833
12793
9929
1851
606
14785
10803
4070
15418
11836
574
7470
11793
7656
10726
7795
14147
12423
13192
3310
11992
9361
7442
3176
1231
894
10508
11401
10327
16142
1265
6632
15469
15369
3580
15835
11607
9917
8293
12299
6109
8881
2313
6329
10106
7339
8921
536
12431
8129
5735
1926
11223
15288
15761
5830
289
709
3936
12953
2139
1938
5037
3590
10490
8140
3643
6372
13811
7354
9144
8862
11998
2696
10465
8386
12835
1633
14297
3341
13760
4191
5990
5687
10365
132
5444
83
1311
13880
14081
13460
3696
6410
1249
16172
8619
6322
6660
75
12887
12890
2315
73
3087
12999
9690
5782
2921
9906
2187
1935
5893
7505
10263
15347
9645
13024
1118
12894
15190
15048
6343
3293
12975
11372
9249
15103
5174
4524
14321
7921
8132
15316
6330
4277
702
9140
15158
1703
4108
4413
8196
3822
15521
3219
5307
9756
15212
13311
1248
8681
1116
14944
15795
10043
14002
15746
308
12859
3771
16341
14095
13424
5274
5549
228
9831
2076
14393
4383
5241
4351
969
5488
12155
1748
11382
8905
12248
1352
4214
7606
6094
15671
3292
3917
4
13334
5333
5605
826
12639
11362
9702
1507
11450
760
2354
8649
10044
4227
8301
12963
1756
3449
9285
2101
9223
13813
8965
10315
1473
13319
10826
10484
8739
15517
4266
7663
12773
5261
8189
8283
14469
13475
10614
2461
9375
3782
2253
8195
7592
10155
4247
8167
299
10197
2868
1535
10774
2286
492
11711
1335
13367
5372
2958
5468
2281
11263
9426
12029
6971
14847
2490
8302
15712
341
4025
12825
3942
7942
7780
371
14668
14696
12133
13587
4131
15670
3874
6031
13840
13720
2827
970
12645
13273
5340
15775
15889
5801
8759
12122
1022
4119
15871
15544
10670
12873
15580
11550
6670
5184
10090
12365
220
11050
8067
16289
9972
6648
14799
5777
13999
1071
4317
2593
12390
521
15404
9322
2298
10156
6664
10834
13297
9869
13776
10418
675
3035
9895
14486
10792
10671
5507
11265
14881
2892
7426
9266
7490
11326
1358
13296
5863
1075
8395
987
12213
3747
3066
1809
13749
2013
8240
772
15952
13303
4604
9074
11674
613
4883
8897
7536
529
5219
6365
9594
6470
8275
6887
3561
2722
13238
1039
12216
9102
13727
15633
473
8239
2992
11290
6463
10986
11045
10002
880
9244
11506
10801
10436
2843
2599
6200
9029
2640
4022
9537
9712
2772
11806
10163
5843
6714
12070
3646
10329
5366
7627
15940
7381
6536
8044
16075
12485
4072
4853
8361
14423
4536
3050
1927
11214
10804
13110
14434
9054
5869
12574
3234
6342
3855
7091
15376
15071
8812
74
8034
12919
13309
8332
1143
988
39
6835
6875
7029
6756
4686
12389
9923
6819
6683
3635
2502
1964
15765
4995
5527
8026
9627
1976
59
13866
13645
6869
13599
6956
16030
2914
12622
14193
5997
13126
5308
5302
4356
5633
15839
8046
4549
5187
4144
5064
1162
6180
13836
4649
14149
1988
1660
496
1367
8184
776
14104
6210
10423
1018
7991
13790
7103
8610
11792
4212
11790
1946
4871
15790
8274
5912
11943
13105
8513
12224
8789
15216
7578
6453
15682
6384
12277
7941
4243
16040
15825
5409
9105
6808
7822
9492
13514
6438
9534
2205
7564
2562
11264
7716
7396
5021
535
2107
708
7333
12968
11294
2811
9703
5955
2299
12439
13970
316
9469
10733
13543
2527
13174
15385
11109
615
13670
14738
15359
14255
6992
8717
15772
16118
8194
16177
13326
5505
15310
12609
10347
10291
16282
15923
13766
13276
7885
6236
7779
430
806
11407
1149
7584
10557
1860
14451
12023
4342
5556
5675
8825
8400
1768
16112
11850
597
4381
4328
2828
14722
13485
10016
15709
12697
13018
4414
7668
14652
3926
13308
2861
14407
10648
15152
8859
9679
5336
12955
9898
13687
6804
10937
3627
13449
1803
1163
16058
7066
5678
14079
7344
329
8587
10767
5179
6787
7271
6485
1498
13435
14790
6363
10114
6832
889
11935
2031
2386
6400
12966
13200
10463
1456
10266
2933
3202
5575
11982
3537
1980
14517
93
1428
14502
8847
14074
12895
3241
17
6127
7698
13361
10840
3551
14646
4566
2145
15561
5704
10862
1405
3099
10722
4987
12084
10331
11207
8682
10876
16231
105
7046
9886
5542
3970
6186
5016
3189
7076
11953
2652
12505
11788
4411
7277
1649
7883
5717
9181
1257
14800
15401
9199
7630
2870
9542
13629
12660
154
13465
5825
10176
15922
7570
8835
12241
1816
7174
8499
6324
4513
711
1552
7412
15638
8457
3051
1323
4730
4154
2129
9879
148
2292
5789
11153
8939
1934
12001
8904
3800
15659
6665
8751
2456
622
7905
9152
4786
14204
2936
2889
10506
6554
6521
9800
7053
2539
150
5131
14279
5062
14544
10229
16090
10467
6053
13900
15184
213
5820
484
4780
8453
15279
3134
700
929
12519
8713
10645
11285
10585
2848
11308
7004
15170
15039
14599
9711
9724
8918
11672
6388
6831
1722
6635
543
12862
4737
15548
5774
203
13874
11879
525
8797
15815
9215
13352
11669
8530
8345
14645
7086
6281
14090
13193
14515
11411
11666
2333
6373
5979
15193
256
9289
2916
1554
8689
15486
12183
9272
2340
15294
5163
3443
11975
1819
5702
6494
2629
3215
1665
945
11087
6237
10742
9391
5406
14950
7062
5177
1580
6693
14632
5762
1897
2569
15617
14832
14389
4143
11537
5999
16263
10908
11099
5796
8043
6159
3850
1286
2254
12250
2156
13277
5927
3838
16347
8464
4026
8265
6032
15824
1010
15064
4246
9821
6082
196
4587
8553
11969
11156
6401
6393
887
13427
14952
13744
7177
11320
11963
3342
1314
2152
15462
11807
6190
5911
6240
7392
10536
537
4969
12275
2939
1799
13091
82
13341
11097
13625
6705
10029
7181
5312
12033
15512
14115
6879
12167
11541
12034
4178
5344
9424
7589
14247
7040
3015
10039
3772
8840
55
4901
10923
5908
7962
11602
10499
11123
15058
11578
15743
4176
3372
8337
10944
8370
8371
10088
15595
7423
9842
3348
2807
11469
9226
8057
14230
5266
3237
7693
6989
14625
3587
12971
1646
6491
7296
13372
7312
1310
10147
8126
2394
1427
9851
2023
13943
15849
6923
5319
5555
10269
2647
9083
6067
15341
13128
460
9326
10746
12682
14503
5429
15956
6502
8442
14086
12739
4292
4293
6704
9970
4028
13299
822
12539
7350
15639
6823
6145
1099
1785
12812
3642
8962
15830
9956
2688
4805
4532
6267
5884
5988
722
11985
13763
653
967
10764
16314
14892
9641
11960
11448
9149
5196
7664
9250
7101
1940
3271
2196
13972
9335
15086
14118
4441
10608
8217
6132
293
3022
863
3727
8288
4837
141
13634
13594
4810
14142
1153
6333
9613
5624
10622
8992
10130
7856
15143
10673
9872
8215
1560
7864
12437
6402
7078
13078
9701
2727
10214
4256
186
6049
9340
8201
12566
3185
4971
1984
9240
10129
5803
11907
14416
3434
10960
12806
16133
11883
14364
4993
2449
10520
14983
11925
5204
6358
12105
5441
6909
3974
12445
4023
10444
9233
4655
2795
5751
5408
3101
15789
477
12016
11067
2809
1449
447
394
10922
2365
8354
2219
7869
3137
1786
9411
6918
10621
12785
10640
7409
4600
13630
14188
14055
6416
6436
4080
4382
2240
2229
15394
12749
9720
11941
2142
8037
15122
2731
13477
4155
5275
10884
8985
14405
13331
4417
16042
6650
3213
13801
1348
15640
7393
3070
12386
5473
8520
14820
5170
14324
15601
13124
16039
8444
9331
14277
13982
2694
14091
13445
10448
2242
7625
9816
10886
7757
10973
13072
3442
14102
14716
2066
11212
14589
9751
13438
11954
5916
9148
6459
1537
1877
4668
4435
3605
5553
2700
171
13688
10063
14830
4648
7316
5150
8813
15851
10899
9529
16126
5619
6383
6807
4229
3126
12019
2258
1193
890
8347
5554
12394
671
4911
12249
5671
14262
16354
7644
8382
10962
15634
6754
8076
14876
20
9021
1378
13068
11268
4942
10905
13342
10032
10339
11990
11124
222
13470
10950
13386
8775
7334
6510
2052
11545
12802
2546
9373
9699
1523
12965
4310
16315
6296
13478
1714
8208
15006
5921
16288
7126
13439
7133
10830
5077
14454
9525
10569
3608
14879
4652
12555
12461
2884
13640
7687
7773
382
1743
401
4019
10376
11921
8805
9921
9495
12149
5301
351
13099
2117
15619
3860
15711
6897
10223
752
2190
9113
2536
11503
15745
12724
14175
9650
10003
15329
6917
5607
1564
6590
11337
10236
6526
3307
1094
5545
14092
10457
6208
6015
6259
14067
12685
7158
5602
13390
2421
12885
14287
4476
3204
428
11073
14112
13380
3142
2262
8543
6893
10167
4672
188
2589
12854
13833
1134
5630
6012
12824
12171
15004
12182
16346
8423
4954
3295
10926
5110
7037
602
2161
8536
8923
9557
13148
10219
15727
12855
6011
6750
9415
6418
13582
12791
13925
12543
13187
4226
10343
9474
12701
2627
9952
12036
15209
11786
12256
3391
9114
9811
10789
3370
5089
6116
10369
10122
14270
808
15203
9551
3071
3145
9513
16307
7020
6531
8173
2596
4089
7192
1875
6302
2191
13721
9455
7599
4773
14417
6802
14445
3111
2484
7351
4060
1259
67
14644
8927
9591
99
10031
13524
2950
5727
480
5363
11871
4758
12525
11335
692
13106
10188
14856
2702
649
5069
11301
3535
14504
10546
14723
14526
22
7303
3389
15452
4391
4114
5818
13578
5171
9897
2210
4670
1171
10053
5337
4790
8574
12086
13102
6847
14009
9558
1331
1943
1778
8005
5871
13058
1608
15304
11768
8874
16247
11454
4056
13951
3912
13854
14571
9237
6672
9169
10827
1805
7451
12255
10048
7680
1828
15536
10050
9015
5951
9323
1300
11542
14264
11110
11224
13231
5476
4658
2978
3609
9463
14529
10084
7688
3666
14943
5748
11331
9911
4869
10426
10709
7318
11107
9514
3910
1733
1995
2839
1522
13570
3480
3539
5206
13330
2865
7375
1289
9548
1354
1549
15178
5596
7105
5330
4886
11880
10615
9209
14732
9225
3047
5031
8664
718
11170
12684
6291
10604
14953
553
2332
8448
9753
13080
7016
12282
15644
1214
8118
15501
13839
15961
9944
7148
1784
10990
14519
9866
9752
7759
6095
11867
8741
5244
15353
16071
13283
1577
12441
5352
15855
7527
704
11322
13579
10249
8263
4288
12810
8936
7778
2374
9126
8186
6827
4933
61
3742
5400
3002
13642
9271
7772
9665
10141
12541
12087
1274
8632
3606
6098
10676
9941
1670
2605
12424
731
11125
12735
15699
7646
8776
12293
12817
7035
14135
6503
6184
16306
12232
13317
2455
13264
3599
9183
1376
3496
11218
2718
12411
7528
15047
15094
7484
2114
7513
11070
11722
1709
16334
12450
3454
738
7903
4374
15461
12978
6653
12738
12500
11486
16241
372
6090
5119
10655
5259
11114
13942
7135
4188
4397
4519
14758
2851
582
1127
12405
11577
2713
9309
10284
4684
1792
11957
3354
15335
8618
15229
12384
12383
9259
10103
1842
14042
13007
5890
5279
13690
7913
1467
15490
13016
9253
4425
9830
2302
6825
5652
16368
7249
16363
8601
9295
16267
7290
2381
2706
14392
11205
734
14949
7515
4594
6859
11488
15978
10293
2300
1351
14472
3953
162
8816
13656
15188
2125
4551
7308
11240
10590
1181
11620
6048
5792
14507
12211
10535
5804
10357
8375
9084
15984
9397
9589
10226
16242
10407
9430
14421
10927
817
6890
6460
14969
11145
14534
854
11271
15267
10942
5227
15954
3187
10405
16121
12558
11585
6407
12889
11901
9877
2560
13535
14274
15938
13430
11905
13207
14562
9762
14731
9868
10579
11966
3138
4250
5539
6932
8214
8527
14861
15624
8892
16366
9649
13768
15669
2127
9878
4720
13130
15095
13898
14624
8519
4884
13256
14865
7875
462
275
3697
2966
7278
1933
4909
3973
13933
13324
9294
2170
16205
6155
14538
0
8418
860
14864
3852
7151
15584
9617
3448
8957
14117
4116
14727
4586
6379
1685
15516
9467
15467
3941
14521
4554
3991
1052
16377
2621
7433
9530
15628
10413
3632
15692
459
11090
9258
12964
11840
4552
14572
5578
1741
12728
5582
15538
3345
6764
2529
11451
15836
13881
1504
14457
8977
5397
7530
4654
9784
5007
4203
989
7198
8913
5211
14039
11600
2339
9973
4125
5124
14125
10000
8792
2033
9371
8489
9571
3412
8853
3460
7077
15652
13364
6915
5920
16060
9180
14157
7705
14501
4478
4156
14489
16379
1114
8091
9459
10456
13270
3266
2085
5413
11418
12579
231
688
13735
4307
4939
8203
4323
6273
8882
665
5059
6955
10346
1750
9910
6733
15899
4061
11187
639
3123
7139
502
4801
13775
13000
11292
10193
10206
1967
12510
12959
15157
1893
962
1597
9809
7090
12005
1515
11569
11349
10708
2424
7205
15850
4284
7897
7745
2530
614
6433
3784
1807
739
9992
16342
13662
5623
9687
6030
5844
3660
4855
14191
12947
15465
9339
13842
12760
3194
4808
10561
5465
10453
8175
2971
4944
1896
2826
5923
13084
8503
1960
9275
9019
12851
6229
2337
15287
6577
3107
3368
8876
5681
10438
7039
7304
11358
9170
12074
8487
14959
11351
3836
8432
6250
4488
8737
7518
3823
14326
2166
1841
7718
2612
5066
11167
13724
9933
8877
8465
3402
3512
4087
246
4873
2711
14990
717
12585
412
11199
5212
11279
3717
7577
11510
1269
10500
3854
15500
10350
13305
774
7353
14788
13904
15063
1682
824
10332
4276
14152
10240
10091
2531
2601
8866
11828
7811
6269
3793
3865
1404
9069
16339
10395
1136
421
6570
12621
2157
13909
1939
10612
10362
7088
7242
11044
5503
8477
10580
15763
5139
12209
9178
11824
15444
4255
9167
11022
12218
9123
7098
12673
1303
14306
6313
6953
10716
8231
15286
2149
1174
4456
1369
9852
15783
13237
12444
14213
6017
6366
3593
4295
4530
5342
13726
3789
1261
994
12520
15686
10651
14754
13598
11248
10446
9389
10857
13902
15852
6206
3578
2777
4510
5159
8123
10251
14781
8966
8032
11043
715
8974
5046
3429
14017
2444
2744
2842
350
7781
7256
2728
8493
47
12272
3985
9350
9574
7429
4118
3843
16329
13536
345
8350
9918
827
12668
12374
5291
10401
8933
15894
10643
13493
10478
7162
2163
12369
7590
1755
12974
3555
5798
9863
4792
10452
14730
10598
6698
3218
3511
14775
6275
10262
15568
3423
3302
2059
1615
7414
2778
15093
10811
5877
5631
65
7
13824
7123
790
15729
13988
12259
1641
12598
9685
16170
12367
10158
2078
8950
13313
6370
9511
448
14365
8397
14593
15085
209
6834
14106
15661
3987
14347
6113
2945
859
15703
9760
16191
5100
4598
4921
4258
6307
12550
10222
16049
6597
6144
6185
12957
3433
541
13175
7751
14394
5618
6154
1804
4207
15754
14470
8077
893
16223
6495
9977
12324
6456
7276
6156
16378
1377
13560
12349
8161
16150
10302
11745
11410
16232
7359
10485
14888
9364
12493
89
10299
6059
9750
10966
11234
7071
5931
11959
8645
12545
6883
7724
8070
2415
14385
8385
12104
9912
13025
11012
2581
10810
9723
15988
796
21
3012
14796
9088
13208
5894
14208
3919
7692
2707
4008
12940
13889
4388
6560
6595
15780
14001
15276
7362
11455
12380
12132
4736
12418
13738
4238
15248
12252
4013
9924
4816
7602
15696
8899
15446
8964
12513
5207
15129
7735
7194
9248
6126
3602
13867
3740
9642
2547
12121
7206
851
15045
2797
1645
7876
7096
6809
15399
2844
3174
11597
949
1511
10441
14809
14218
5739
1916
1211
11235
14165
3686
1655
5608
3675
4142
11630
11002
3206
10411
13798
14409
13354
14467
3574
3413
12314
8878
4053
3162
8949
8080
4763
3780
3068
10126
8945
3798
12831
6572
10976
3872
6175
3077
4112
14862
11054
3630
14430
4985
14096
3061
461
5734
14965
15994
7203
7012
5732
14052
15559
8772
12823
12570
1452
14368
3704
12137
705
14248
10270
14643
6700
4910
1461
14283
5849
5562
10040
15563
4331
12113
10637
4093
10267
10672
11357
1746
5169
14402
7648
14975
14937
3937
6741
3381
3876
16080
4518
936
16076
2765
4820
6854
8185
5075
11275
627
10007
2485
5949
11274
2836
10142
2745
13796
10946
6676
7966
8855
10139
7922
15695
2790
4007
10166
11254
1490
16048
3488
11628
15797
5924
424
16144
7070
5538
9731
4181
14877
6315
468
6848
11461
1971
7027
9372
13107
16083
2980
14493
2677
9892
10386
1031
13689
12114
5265
868
11899
3624
4582
15939
1668
5987
274
5479
11493
2015
15623
6217
5446
5745
7117
12844
7150
4681
1757
6143
13810
15142
8341
9476
3018
8668
8744
13402
13138
3546
2626
14085
7766
1644
9647
15228
4742
2521
5370
6271
8298
6930
2283
15432
2611
7300
3331
8353
1312
14819
16168
15474
13226
11063
2318
12888
4193
11641
4656
10093
7226
13028
13112
13759
1901
2967
13618
2004
13195
6712
6052
4709
15718
6398
8547
5615
3790
8415
14734
12743
13077
3192
7421
10248
833
8082
6905
3133
8192
8446
11215
10563
14420
9068
7580
12124
11020
849
7908
841
941
10769
9315
14868
3149
5245
6738
321
15009
6308
15736
908
13344
5653
4460
7911
612
7365
12924
483
4607
8121
2115
15025
13065
10919
14831
12715
14547
6977
5433
1876
15798
14088
2451
16367
13947
5461
14354
10173
9299
2504
12463
4914
10330
4795
14323
15407
13180
3058
8369
10319
13288
3645
7877
12787
5452
12049
13162
5213
3027
11987
5860
9302
3395
932
2975
11364
9553
2866
15860
11613
7115
5738
2909
12018
9549
9535
1115
8890
16270
16065
12364
5698
1791
15817
15553
7593
3607
8565
13327
5304
8230
8622
10641
11902
12663
11563
5501
6765
7346
4296
12101
9095
1244
2343
4508
12499
9146
4923
12130
6678
12414
9736
8687
15842
14671
2028
248
2543
2122
9052
3272
1834
6024
2036
3668
15963
13399
5899
13747
8827
9643
13300
11682
15113
9713
3165
6849
11173
9283
1589
11277
12573
11101
15567
4335
11623
2348
9507
3682
12882
12013
844
13506
6651
359
16240
215
2317
10914
15416
1434
16026
10892
8362
12184
3544
117
14536
14908
13397
16147
10008
1710
16193
6160
14228
11269
3011
7167
7239
14216
11801
10731
4268
6535
8404
6230
8731
8817
10982
9278
6177
15966
6943
15876
3694
13395
11332
7586
6465
5640
11799
2670
2545
2910
15297
15010
528
12783
6603
10474
8199
14768
16056
746
767
1864
15883
12308
13104
1409
10077
15135
8116
199
7858
2684
1371
9827
13585
555
103
4322
3188
16015
6102
1826
4400
16258
15312
8255
1499
13770
14201
3296
14664
3363
1590
7972
9092
3161
4046
12594
15664
15586
10523
2637
16234
157
4678
11491
2120
3030
13425
9651
10297
7652
10777
13287
14246
5887
12140
10175
6045
1440
13702
10987
16027
10429
10046
7649
12871
2874
5014
15219
12419
15820
2822
5906
16285
16303
9966
5367
7447
13896
16345
2280
1066
15614
7681
12595
1622
3410
10182
437
10028
70
4558
1284
689
9197
2905
3474
11226
12375
2733
15529
6861
6284
8472
14612
2608
13409
68
786
8366
14592
15786
11416
6601
174
3430
3575
9417
11237
13008
7512
3109
15642
7380
13051
9670
7002
8900
15111
3230
3130
2249
5481
8609
2223
8319
951
5918
11756
15558
12649
14798
12080
3475
9765
8221
10383
7651
6497
12279
15545
14755
13428
995
6218
8669
4184
8451
12599
12469
8975
11424
125
1731
7516
6761
13750
239
8205
440
10965
15453
7756
15663
7227
3689
8761
3923
1032
3628
13426
8094
252
13301
10153
6682
2489
9051
9786
15685
3573
4637
7160
15621
2124
13613
15737
16274
11327
14182
10477
14338
10276
14140
2511
3581
5357
9600
11434
14008
13188
12177
3527
12568
2376
7363
16157
3069
8935
10729
7064
13717
14894
1617
3038
8106
13318
16180
8951
6188
15351
7937
7925
3063
14980
9920
11916
11654
5459
11303
4273
8149
8003
3847
12750
6293
1295
9094
3755
15235
1999
15675
14173
4930
13577
3344
13888
637
6009
3284
3346
9362
15613
8410
2006
1398
9832
8372
14987
7758
11115
10359
9569
16124
3487
15395
5952
8209
13182
578
10912
331
9505
10437
7087
6734
14299
8726
2794
13553
122
1908
13817
11639
1074
1730
4069
1234
8155
895
4136
5935
8133
9165
7752
16117
10205
4986
3055
16294
9539
773
7636
10062
9922
5255
1363
10178
7424
16312
12242
166
12269
5377
6926
1077
202
2398
1049
14136
1155
8197
2924
5297
14466
7619
6911
9101
8318
6234
1260
6551
2320
13129
8399
11439
2185
2194
10334
619
8031
4021
16372
1372
1779
3737
5567
2467
6245
6615
11249
4130
12868
15932
13450
14395
10385
15793
165
6826
6659
9745
1176
1164
2668
7690
1132
14509
15551
6471
3653
8523
10237
12286
7677
2825
11023
8658
7321
2174
15750
7095
7491
11723
9859
7129
11286
12721
7405
12952
2607
14771
10057
2558
3491
520
10180
13621
10929
13907
12736
15275
5229
1662
11117
4612
10033
15049
8512
7022
15119
8516
9369
11352
1993
5422
9159
9880
4159
3750
15021
11703
9434
3805
4926
1055
14797
4550
13120
2537
12327
11881
12443
6430
7097
15593
340
14752
7014
5128
8460
2568
14999
15771
3242
3557
7422
867
5225
11532
5368
11318
1204
7871
12076
13944
5837
10208
15717
15027
12592
4823
91
10525
2564
1924
354
9166
12984
12501
15028
540
11058
3553
9043
5590
8704
8591
11134
13381
10066
7886
399
7899
16215
15350
626
7068
11276
4961
7697
12672
4122
3938
2749
2322
13678
5198
12751
2082
9464
12478
9789
5427
10529
3463
12228
13004
14984
15526
3013
12056
2314
4840
11333
2442
8650
5017
9071
10216
975
13333
3844
3470
6529
13074
5541
14712
5520
8250
6283
8982
15499
11350
938
15356
3377
12417
16017
15175
9758
2226
1867
7604
6391
13271
2937
1674
5038
12487
14947
4712
12742
1699
7616
1593
10832
918
107
5339
6083
5635
9488
1530
5504
2783
14684
15451
9139
11743
15758
3993
5861
2899
1177
15166
14909
4042
8572
13787
2123
377
12921
4264
12870
1598
13335
539
11534
15702
1669
10703
999
8291
1715
7038
9770
16201
9042
15611
3808
15566
2619
14717
7975
11196
12154
12460
12695
6947
13398
6813
9179
6916
16226
7109
13774
10828
14266
14256
7621
8497
1489
2555
4692
7827
15277
15284
10873
2201
10802
2100
1253
14427
7175
7961
15706
13232
1399
15986
72
14021
14500
3359
7485
10387
12606
11152
7647
15365
1815
1920
14048
7305
15679
10762
6814
7243
7082
5585
6129
8177
9125
8708
11338
10564
6571
10296
7841
10839
14929
10666
5850
15646
10780
15171
3211
14137
76
15570
10800
10750
6227
10259
13322
6679
2660
12042
80
7425
6785
2483
14351
11458
4743
978
15249
6317
15067
2264
2276
2897
4466
1135
3456
4538
4275
5268
6461
13797
10833
2328
14438
13780
7993
4715
6774
15684
2338
15884
6080
4348
2252
9556
10519
10184
1128
11293
11030
7861
2959
7562
2723
1131
10338
3868
14539
11273
4833
15906
11645
326
7436
13871
617
11909
15688
10494
12516
16088
7483
7520
3571
6629
4528
16221
13672
1298
3160
10992
977
4262
14561
13861
10668
7161
6935
892
6886
5361
5693
12300
5626
4896
9471
13467
6464
12746
985
1406
9856
2764
14237
5659
6506
8284
8097
1329
1007
5533
9116
9993
2350
13379
7069
15213
7371
2092
8836
2542
13761
6872
5646
8864
364
11183
6936
13258
10502
2067
2644
1133
14594
3988
3148
8122
8426
12986
7428
1576
3106
13639
15083
11282
5764
11211
14807
7489
9715
12671
7033
3835
10819
15447
15511
12906
6584
3648
6972
3207
11539
11128
814
13932
8322
2417
16320
12245
16369
10650
3576
2086
10695
9836
14254
873
5033
323
13637
12116
14591
16094
9501
2325
11489
8494
3702
7541
2204
6810
5654
15555
6323
8027
8266
3858
11586
5946
5760
9297
6801
10058
11437
6213
1413
5862
7700
15510
13314
4457
720
707
825
13070
11018
10098
11843
10698
925
15052
4575
6163
2781
6882
3994
3916
5823
5958
9904
16128
7609
2162
4248
5411
11772
9461
14817
7658
6482
16224
8024
5178
16182
6842
452
13115
1728
12912
12454
7855
10680
5680
12107
8406
11225
1724
4446
14805
9228
12884
13657
12263
13454
6843
16359
4503
14243
1290
12784
8249
11160
353
12506
15936
8256
13167
2367
15466
10234
11560
10104
3021
14145
4714
2510
8810
14458
8628
90
8811
6242
12748
2513
3565
12815
11785
10015
11369
9656
4583
5328
10669
12928
1634
2708
13510
4619
1113
11155
9470
6141
1087
16107
13986
13685
1991
7720
13923
14974
15007
7464
15926
2074
3886
15607
3146
14973
4160
5666
11800
12135
12860
15196
9648
575
5866
301
9741
14041
13260
5450
13929
5084
2520
13597
10366
1353
6735
7026
5711
11013
6091
14349
16239
15390
13757
13879
9267
3431
12048
12722
7915
5587
13654
3447
15206
14554
8115
9000
11858
9940
11057
12846
9773
3746
11334
15767
11140
6788
13588
8562
11243
9345
43
6612
4934
7554
8190
10303
3048
6667
5130
15405
9370
2993
7267
15102
11885
13281
846
4329
6008
9482
2659
2465
5552
14153
1604
3513
4983
6523
3508
2518
5639
1918
5598
3956
9916
10938
8142
13512
9563
9423
10809
3115
10592
13542
3699
5321
12089
6993
15782
8707
5315
4183
2372
14419
411
15311
15946
4366
12172
15299
11495
3968
1870
4133
6860
13998
14061
10723
14836
2925
605
633
13891
10532
8763
14276
15787
2776
14694
10757
3020
10313
8084
748
3566
15655
7789
15449
8355
8358
13834
10316
10686
4416
15174
8111
9473
11376
3259
5833
7368
4593
5375
3089
16143
4965
7506
6318
10740
5137
11755
11581
13995
13611
3644
3636
9837
1823
8598
4919
15343
408
355
6288
7474
6117
10879
6063
4860
5865
8580
6072
4756
6147
11406
2648
13014
469
13249
16131
4189
9934
11819
2654
2977
3813
13533
1023
9175
6924
15875
4107
11397
567
5093
7454
6604
6637
12222
1109
5303
10794
2758
1196
11135
13145
9635
16032
6457
5919
6153
7389
182
903
3678
11015
11523
14859
4343
16204
7438
1476
6043
4631
1978
11041
12521
12775
9252
8963
12188
9479
676
12356
15220
4134
7408
4455
9231
4194
4474
7538
11299
10540
13209
976
15051
11141
5722
14560
5829
14590
1236
6089
7195
8615
5428
10846
3550
5537
12956
11738
16054
14887
13212
5883
9722
5509
865
8377
15349
16311
3990
11514
13878
5647
7977
7947
14295
952
4137
14240
15389
1385
5305
16276
8858
5932
14673
6719
3531
11441
4304
16092
6037
2133
14745
15366
1279
14692
6340
11195
1366
8968
311
14018
16349
15522
14415
6878
7534
3426
11949
3851
7776
3464
2143
5856
14113
285
11619
7881
518
1796
13596
3756
3650
7608
12651
9001
13020
6168
8994
9465
11492
11699
510
11930
8040
13777
13244
14027
2512
9481
11203
379
7605
9050
5515
12088
10514
13928
4101
7764
16036
8154
10382
5778
16051
14495
4469
3516
15609
1423
9316
7732
13686
3896
12492
4759
5685
4975
1506
10204
12954
8679
5087
7236
7679
7394
523
9855
13135
4835
15720
4357
11565
11086
1105
7924
15032
15598
5393
12654
16127
998
14456
7844
15651
14677
12482
7052
696
10956
10294
13937
3785
12111
13196
2740
1769
15888
3300
1226
5531
3700
15313
4498
163
12531
13201
4233
1325
959
7532
6455
4395
2598
2719
4750
12797
2526
10280
8004
2234
1813
3588
5939
8180
5983
6707
15060
7048
10537
3031
15344
15704
14471
12085
7826
10584
13248
8891
12900
14144
15647
9472
2574
668
16110
14053
16257
9510
14150
6978
1297
5379
9145
7998
4907
4454
1199
488
2364
11330
7383
1123
5032
3478
5875
4039
16156
7754
8207
8934
12123
2316
2285
2983
5288
15868
7783
13229
15808
8492
7141
5326
1887
15420
13816
5914
10486
5092
12679
9990
779
2988
11794
8843
6625
16113
4047
4997
10679
7967
1801
2491
5051
8064
12468
15289
12913
13
13366
1712
10164
695
15958
9894
1881
11078
1004
6967
13466
6486
7737
4406
9307
7499
10221
15298
13974
9164
10328
5944
10994
4278
13920
1207
5054
8961
1762
3649
10140
10732
2926
12729
10354
7665
15924
16331
14356
7571
5260
14369
1098
8384
11149
11598
6880
7403
2396
992
14882
15587
2639
647
12458
3321
14629
7457
7240
11727
15927
8102
2690
2224
48
8559
11929
9629
9035
7835
2775
15185
9428
13279
3640
12637
6378
13918
5975
4481
11601
8869
2742
16006
6696
11177
9157
8292
13122
3144
14834
611
9198
599
10702
12438
8845
2671
9652
15964
5201
13516
12453
15262
5709
9207
9640
6057
6076
13892
14928
6386
15024
7324
3661
14711
4770
30
10687
15943
11634
7460
3613
4592
5000
2267
8595
3288
3064
10030
10647
14648
1835
10697
9843
14608
11936
802
9764
9324
14290
11420
4806
19
13179
2952
15272
5040
10517
6367
11904
6078
11538
14578
16362
1683
12572
15719
4815
14616
1856
13052
1600
7631
9947
3057
5978
1763
15033
4485
224
14377
6290
7399
14209
15340
8534
11371
3267
2906
593
6710
5740
6246
13803
10440
13392
8959
5994
1726
931
3670
1588
7475
1519
8930
9206
3924
6473
15730
15326
3473
8331
14192
6466
14627
1381
7526
11456
7146
5027
6539
10034
8162
12892
1656
4380
14927
2288
4940
3927
15636
10725
7929
11430
982
3778
1861
11758
9704
10713
9772
2294
5517
13746
13846
7404
2336
15472
12041
13870
13707
13286
10325
15414
10272
175
14330
2965
14217
9011
6630
2854
13490
16338
5765
3355
10421
2628
12625
13394
1594
13843
10617
259
12869
1306
11180
12292
9678
721
6264
1446
3332
6301
2068
13526
7980
10591
8050
16286
724
348
13572
3534
8352
1129
8798
7807
12741
15744
5233
2361
2331
10538
11575
588
7382
7229
12459
3933
11440
9454
569
862
15618
4290
8179
2351
625
9310
5310
9787
328
4350
3633
1429
8481
9657
3008
1672
14358
5460
3325
13741
13259
6782
13267
16174
4710
5085
7767
1895
11009
13525
4775
11463
8235
16136
799
16166
781
3004
11129
2494
12764
13161
12996
15266
12507
14036
15434
13737
3362
2323
10822
4463
11782
8312
2746
8330
1760
12523
2405
9063
7916
6472
8313
8405
10011
7798
628
11328
5743
6912
6837
11255
2969
40
16078
1879
4404
1969
9798
11862
14492
2475
13591
16152
357
12813
4048
13038
6769
6026
1346
11626
7511
6362
1064
15348
12563
11548
11446
13483
5153
1855
16208
7444
3200
4794
4499
1990
4994
5458
1184
10172
14875
4139
10023
8258
11081
3775
9680
14029
13191
8338
12843
6447
12597
15479
1334
9384
13459
5783
425
545
10516
2295
4462
5055
7021
5285
14129
5625
9583
10872
9412
9359
12615
11127
7566
10878
2514
5162
15240
1188
5824
9451
12927
1759
1657
5981
9776
13067
5650
7654
8021
3930
1772
11445
4849
7904
3387
3388
12304
15944
4525
8981
16325
15533
15127
6965
13155
9646
11931
8471
5248
1243
10930
3017
7930
13031
7653
7124
11882
6478
9443
1621
9908
3897
11691
8803
11635
4605
9633
3984
14162
1441
8475
8545
6493
2446
368
11202
2500
12522
2509
13325
2051
3748
8421
7286
2736
10550
2440
6919
1178
5599
6304
16009
14065
3025
14322
3585
15391
5133
7430
11754
6351
12777
2053
167
2801
13548
14525
11395
11643
2097
14268
12158
2459
6310
2047
12039
5763
15909
915
10191
6900
581
16165
1954
16064
9578
4615
6326
10999
12099
14116
11903
8262
1148
16184
2780
7524
15059
666
10776
1439
16106
6441
4475
10539
13227
3749
4076
2773
7701
6100
1907
13617
15214
12982
10865
1125
3703
6252
3098
1304
2641
4520
4727
7575
4040
10096
8910
255
8502
2309
5565
14530
8926
8762
16277
10024
13003
11734
9445
12118
8419
10754
6579
10246
13085
11872
3733
9262
11775
1484
12618
11876
4783
963
8398
152
9939
10574
14824
5095
15916
6022
6054
2303
2251
13743
2452
3104
7873
9928
7265
7488
10795
1680
621
3164
15903
2595
6212
4606
9158
7879
5655
12200
5512
14679
9775
8561
4691
9336
15979
11138
6549
3361
366
11068
3969
6685
7179
4904
4998
2912
6452
4037
15608
6963
5146
13545
7840
8368
10036
12253
3285
4716
5699
6995
14186
1073
13444
5190
6320
12917
6647
13164
4571
5224
13779
9216
12376
8714
15378
4614
15003
16371
7579
14097
13605
4609
12288
3651
7862
14619
2410
12387
146
6380
12421
16155
1268
5529
9128
15114
5519
11392
5205
4236
11841
16220
13202
15186
14068
12804
7569
14258
15001
6975
5984
12467
1072
1011
3226
16319
9284
5391
7410
3016
3250
14312
4623
12164
12820
8119
3103
14038
8228
12044
3471
6148
13389
11896
15951
9377
5688
11421
362
2498
13859
12287
9172
15513
10957
183
2197
1793
5795
9007
14765
2687
363
8317
12372
560
138
4851
1664
10547
14714
1158
699
3830
11771
434
10162
15164
8213
7112
7956
2368
10020
5044
13906
12129
11922
5123
385
5208
4932
15726
12993
443
6997
11829
15261
10779
9795
11528
197
10012
14399
13908
11780
10001
13137
3545
8894
1761
11834
16235
12690
678
13103
6573
5096
229
898
2946
9959
119
15841
12989
9016
10844
11088
6929
11852
7238
1802
9849
7601
7212
7332
944
195
3090
46
14432
1089
4050
5322
8814
11312
12262
438
11875
9725
3036
11390
5672
14514
2306
2401
2533
1283
307
1780
1034
7136
4015
8378
2104
14701
15965
9735
4565
1028
4419
8955
7774
11644
2915
1776
11192
4697
7733
1548
4385
7529
1836
10633
8779
2763
7120
2932
12449
14045
2268
5405
14030
60
13448
10495
96
9630
3414
1458
11659
14220
2841
13922
1831
4988
12010
14252
10747
13396
6035
12976
388
5270
15582
3081
7230
4634
13538
9025
5090
7816
13312
685
2633
5295
11893
13040
11551
5115
1416
3536
5185
531
7094
10018
6446
9288
610
10798
10432
6895
11105
4490
1194
15960
6655
2088
13795
6087
11204
5118
12457
902
11444
7023
6910
2289
3143
15735
4362
16022
6950
5354
10415
3203
14329
2528
2802
16275
1766
9968
10866
4407
2997
914
2387
5381
1208
8273
5267
6581
5851
7645
3451
15814
1539
3495
11419
9509
13383
15683
15388
5359
15818
3848
6375
11684
13468
13462
244
16025
7709
7999
2893
7200
940
3524
14828
8020
12596
15140
12909
2080
14496
9707
14660
7983
953
5467
14846
12745
5656
5082
4803
12067
2855
3875
15776
13272
11193
5049
5325
361
14439
2432
14546
7449
11917
1629
4281
12901
3794
13742
3881
3774
3286
10225
4818
9298
2760
5466
7684
11208
6527
8911
8725
427
15740
13785
8621
15934
11409
651
13520
4544
7551
10639
2257
16077
12475
1723
8978
3222
6884
4717
14958
5390
5708
15666
957
12311
13508
6423
14239
13059
5814
10611
13253
12159
7931
15502
9281
3665
6294
12358
5398
9142
12008
10874
3570
2982
8007
5638
607
511
14662
13705
725
15055
2556
14352
13993
2793
2853
14778
1958
14603
15117
13792
14678
1090
587
3708
7246
12571
6203
10924
9673
2903
4111
4912
8357
6149
14404
5528
1648
4484
13056
15271
7642
71
9368
640
6286
8666
4140
13089
9478
5551
15197
14777
12693
4186
2902
12473
7367
12613
12534
11999
8748
2383
12204
1342
4316
6338
11253
6867
3796
2734
14650
6468
5081
3957
1902
12944
7594
3150
3893
12316
14363
12907
15243
11474
9935
11032
8525
16050
7824
11525
1479
14094
6137
11278
16052
3637
9862
14918
6638
4916
16104
7909
7685
3817
8269
9802
1364
729
13376
13835
4063
11866
1146
3238
10816
6115
5651
9486
1846
12822
12616
8973
8629
7041
5822
2954
1849
15770
9219
750
12630
13728
9663
9599
6036
11449
9951
7845
10061
5030
7523
6588
9460
2046
4735
11497
4603
11984
12696
11605
3129
9615
3530
1695
6354
3705
15705
6328
16196
5250
10108
12258
4630
15296
8724
13601
1400
8960
10113
2624
7920
12683
12636
16266
16254
14670
9593
13852
947
10719
6657
10243
15073
16262
1948
4613
3212
15785
10257
10428
7989
2635
4283
15594
9210
684
15901
8280
4239
6944
15606
4031
7727
8006
10363
12732
312
6285
3997
360
10904
15460
5755
1981
13716
13873
1227
15293
10869
16096
11707
8296
15396
184
12117
2559
14580
5105
1521
12707
16280
3663
8320
8872
1154
909
10409
2810
14827
10837
15768
8110
6475
14911
1533
9604
9060
9422
5416
9812
14016
672
1192
11988
2073
3654
2904
7787
10730
3076
9192
12452
15308
14485
4433
14533
13825
8640
1454
12490
15721
15005
11749
11912
14332
14917
8791
4628
1228
16061
15723
12446
2672
5897
11298
13700
659
11787
4347
7432
7376
3891
14044
8554
11729
10952
2347
14341
6792
11591
4752
11250
8127
1003
12345
14548
13864
11304
5629
8349
11863
4447
7456
7591
14682
12359
9008
13885
1998
3411
3617
14542
5790
13098
16278
10235
4300
9246
8379
4611
15724
9355
3864
5314
1923
2296
16037
5329
14535
16209
4854
14383
1100
5240
10261
13736
13320
7197
2020
4158
11481
3698
4879
7153
8865
6123
13406
5627
10460
3781
1758
7251
10081
15355
2093
14463
13081
5815
10796
6174
4345
13723
7986
11163
10157
4428
8178
9780
13992
2643
11915
1166
2942
109
15882
3140
5365
11502
8873
7145
2808
15477
3586
12918
14412
3929
1691
1144
551
14168
15258
1913
5634
16203
4182
12961
12650
6068
11574
13799
6040
445
14490
9817
507
3298
13278
2293
6228
4946
16176
12230
4576
2516
15590
11681
51
2213
6454
13807
6339
6662
9386
7971
9792
6135
14551
13044
10734
6101
9608
8980
11221
769
15290
7215
8607
643
11564
13644
6344
15799
6798
12911
9584
6279
14083
15962
14302
512
8143
5707
6966
15953
16213
6018
1972
1437
1520
14587
3509
7496
1402
3424
13096
267
1183
4555
3315
10991
4493
4951
9004
13848
3120
1630
7388
11648
5934
15121
12002
5992
9931
10791
3887
8411
8661
885
8584
7788
7435
1720
16360
11617
2833
11473
4426
2412
16243
243
6392
10870
9484
8272
12856
4085
15123
11928
442
6618
2757
14003
6419
11557
558
15856
8746
1508
7777
317
1195
9848
2334
4826
11580
12340
6858
10531
11855
5182
7114
741
12128
2524
4880
8937
3572
11176
6661
9691
4662
15222
7791
6594
8541
1561
1501
6105
9155
11336
12236
4704
12195
14981
11546
8700
14729
10352
2650
3610
8042
2111
3764
11778
9757
14139
14327
10290
10305
13006
11977
8989
14063
5940
2255
12709
6359
1182
632
393
3558
2083
6987
870
8563
6104
3584
12344
11082
7010
4410
12755
4927
7128
8108
1224
4522
4263
13564
1638
7199
11694
623
10233
5857
1936
11629
11065
9438
8344
6962
8796
7847
14475
4733
5853
2132
10493
12792
3059
2008
11934
2025
5404
4367
337
10083
4831
6341
3971
11968
12000
6513
13822
4890
942
16370
5144
4900
13048
12601
5080
8048
12567
13518
3131
2466
11769
15831
14998
1415
5977
896
14996
8062
928
15845
7794
7887
12633
7948
6795
13176
15068
13123
5491
5993
14763
15036
14225
3393
15331
12196
7746
1570
11355
2572
5042
11340
10854
8680
4749
4753
3479
3245
14851
11375
7973
14615
13177
13916
5832
9683
1394
8059
12687
15345
11016
876
4950
5612
16173
1781
15866
9136
5889
13869
2963
14602
12289
8253
16023
11398
2748
5733
7144
2055
4079
9406
1120
8617
14215
9273
12780
8819
5277
6940
11053
7024
8092
4698
9573
16309
6118
3398
1880
6435
8844
2989
9435
16376
6368
10595
6172
14040
7400
8821
8340
8073
6891
10715
14288
8946
15177
13563
4866
9393
15604
7896
15622
4557
6013
14719
10935
5166
3044
6427
6257
10510
8496
13507
1891
11060
11805
2994
12280
13414
4596
15118
6799
12656
5410
14477
15658
1982
6074
648
5731
642
9318
10068
12455
6382
6231
11947
14315
1585
9023
13812
11972
14962
94
12669
7415
3943
4221
245
14483
10691
352
16109
6014
2956
10528
1865
5756
9188
1545
3253
3944
7900
6518
4260
5753
9220
12006
13860
14991
6534
14979
11478
5898
5382
10786
13983
10660
1737
11242
9611
10951
16108
14015
4771
5819
2032
14802
13698
10748
15813
4445
13987
8225
6311
6187
5772
7309
1909
7952
794
7596
6994
14825
4318
14528
1862
2278
950
6976
3336
2209
8633
4699
5068
2140
6621
13576
16218
5415
3415
5982
10239
508
15493
4679
522
14073
14739
5586
4529
4732
8241
3297
1084
15253
2625
14647
11533
14855
3086
1989
347
809
13336
10322
15268
11374
3026
8171
7657
344
12323
10735
2835
7784
6139
13827
5559
9521
11647
12628
8956
9130
14336
15191
1036
463
151
12665
2464
12769
16238
14703
884
13228
14391
13976
5677
7232
1317
13832
7395
8490
1263
2357
5463
11797
12580
13473
2044
4542
2370
3003
6178
4979
12192
1383
9791
12407
15192
5742
10283
2588
5606
1643
9860
2061
8567
12181
8159
13523
7945
785
11802
15687
7493
5673
7204
3282
15615
7552
16214
1945
11108
6569
3461
11631
15120
2062
650
9721
1455
4358
8342
4693
10577
5667
3166
6204
7955
8011
9885
7279
2698
14776
848
5151
12898
12235
3569
1288
14666
9499
7297
13071
4929
9358
2146
604
2814
13590
3136
6582
4906
15505
1138
6164
15734
5728
3857
9017
4315
1001
16
8871
10596
10766
9998
15160
10258
10741
3664
3946
13557
457
12546
11993
8051
10488
14511
11425
9174
16102
2880
4897
14177
747
4745
1021
3680
4626
3151
2712
12003
766
2095
2040
10412
10662
5239
5620
11165
11686
14808
15417
11886
2135
9357
2631
2043
6654
5910
2693
10625
997
11662
6640
14080
15877
2171
11816
2250
12302
15674
8826
11029
775
554
14860
5436
11168
11918
4326
9119
4369
1944
2544
764
6414
12098
3028
14811
6610
16134
11582
1717
9536
11216
11365
2985
6908
5258
12165
2159
1517
3396
10203
251
547
8017
135
4500
9276
15430
4244
13592
6906
12619
2304
13608
9658
9996
9774
216
14291
6525
6830
4126
4157
16225
15108
1599
15573
3892
3769
3541
14300
10918
7950
12357
4657
4817
13205
4387
7660
2165
5499
948
3029
15491
3639
14893
9689
4165
2106
1463
3169
13975
2591
15054
4616
1578
3053
11795
3374
1827
3801
2319
4230
1002
10920
12841
1718
13215
9182
9506
13930
4562
9991
9575
1390
4443
4706
9806
9229
13955
16016
16380
7988
7531
10247
14207
11024
12502
15908
12153
11085
10555
11034
14895
10864
7620
4398
10799
561
9432
1512
4543
12658
14280
7626
2907
1994
1740
8818
3128
9062
2385
11650
4289
8282
15802
4161
10105
5867
5959
3232
12503
8702
15654
9698
14414
14334
15959
14480
1965
12716
16019
9202
9743
8787
3820
5242
95
2121
8852
8672
9306
11343
7031
5593
11033
13132
4017
11052
7152
8336
9587
2824
751
1272
15769
1403
15402
12231
12043
1472
15377
13966
15464
13495
1081
4058
4074
7270
15597
4788
13841
4625
13347
9967
7907
1818
3171
3980
10397
740
3902
9887
2071
4863
1285
7237
5852
4235
432
13401
15269
5188
3690
266
14025
8916
3319
13046
10599
9173
4877
13418
5950
9363
15610
6759
11317
11945
4199
3118
1497
14576
1725
2849
15742
8721
1433
2888
11955
3967
8164
14340
14900
16335
9161
11592
10211
9744
5909
10813
8729
15151
2380
12408
9374
9388
14794
14724
3113
14826
9824
12905
9342
13142
2651
16122
16137
8071
8979
1250
9286
624
14166
5643
4308
14818
2261
9981
192
12312
2819
13054
5272
6480
8482
8367
8898
14298
14854
14373
7995
12604
4711
8392
6179
2399
12400
9628
9801
1619
2594
4970
13431
10321
795
11810
4180
5715
4667
11779
15080
656
1258
15784
13375
10710
5061
6677
14925
4242
13554
10682
2167
15292
12803
10117
11573
9194
15748
2103
4269
11175
4781
13555
6568
12057
15412
1186
2409
5056
7739
15242
878
12229
5289
6349
3364
6931
3009
3547
1287
13092
7666
16125
10575
4202
6736
12995
8969
14447
16185
3724
5942
4641
584
13241
3695
14764
3223
8365
12536
10549
3840
7812
233
12108
14156
5127
14260
3141
9300
10778
11499
10911
367
6409
12774
1361
12103
5048
13899
4291
644
15425
10936
14688
16299
2881
13471
15838
8285
2231
9365
5281
2287
6725
7556
9234
1014
10749
12997
12022
8390
771
9263
14931
4959
5156
6335
3671
15442
4719
5471
8676
14109
3110
6481
16034
683
3227
10736
6715
2183
710
11019
87
2538
9066
10304
1221
8047
15880
8408
9938
6938
11505
7723
12677
10576
11010
3529
15823
2144
11393
4731
5888
10273
14344
2362
12778
180
4341
9321
6039
15208
3034
11377
6138
13082
7188
4569
2175
4222
6589
9405
9982
2661
7734
9965
9429
7172
2743
7284
677
3032
11798
13638
238
11429
10470
9448
14343
6396
14284
2774
11142
2308
10903
10931
6663
1141
11668
1961
16063
9279
81
2812
2964
1321
15411
13845
2645
14970
6600
13012
5809
6520
3623
4001
12205
6002
3564
6199
12977
13261
1313
9047
8653
10064
6845
4838
11554
7831
13941
13198
14
14455
14581
15530
12497
8605
834
5283
10578
15325
6948
8551
2244
441
7717
10885
10893
9493
4935
6274
1468
4298
11826
2636
12807
5516
9810
7116
2418
235
4515
77
5514
115
7753
14839
9564
13021
2586
16175
4689
6399
9598
3523
11835
10277
6969
2326
12611
8683
53
11386
877
13858
13111
3669
11079
577
15364
10374
7573
3803
104
15707
15105
14718
7747
14889
5327
3316
16194
5682
1027
16250
1328
1636
7708
12744
2689
8501
14047
13964
542
6504
9697
7377
3809
386
13722
7149
5193
5355
12865
12189
5426
15564
9999
956
5784
4521
14345
10630
1355
9354
15115
7890
7917
7902
2877
5482
3385
6986
2998
13100
4739
8671
8806
16161
15413
2876
5323
1277
14597
13487
16160
4751
9781
2721
14422
13262
1013
11521
5324
5161
9190
8507
11735
2863
1808
4695
3404
9761
5220
1542
664
14491
12247
15496
2585
3622
13298
15328
12828
325
5399
1609
3358
6431
13064
9796
144
3135
10909
10652
1529
8413
4991
12339
12351
2655
5221
3928
4509
3672
4868
15070
6762
8248
3505
11522
2620
5431
13895
10663
8000
5424
4379
8778
15109
3273
1152
3556
1169
2603
8324
7122
2408
11094
9254
13696
12756
7542
8204
13422
16067
7081
3409
5313
7416
410
12969
2131
7607
4175
8786
3007
10336
1706
1273
9330
11459
3503
14558
2441
2691
3918
10593
11753
9808
1833
8532
14814
11179
15291
1126
1661
1764
12647
7079
333
10212
8896
16375
8860
8229
12692
1747
13764
15098
6492
6327
9738
6004
3369
4973
14914
1475
8757
10123
14795
7254
12652
8576
9348
7486
2108
16091
13754
6888
16139
13163
713
3818
4580
12025
14821
2730
6483
12710
8838
5636
13218
7810
8924
6544
13214
5870
11927
11614
13939
8765
3735
6297
13119
8570
226
5271
4665
11113
10968
16291
11197
11296
11556
9107
7574
7341
8131
6892
2753
5114
12223
16169
7581
5544
8694
5718
10150
15928
12045
15982
10051
7892
13083
2703
2551
5387
14676
2756
5407
828
6346
5962
10983
15547
3318
4618
14037
14665
3935
12938
1275
2548
15089
7628
3291
5580
14816
7770
10743
4915
7051
2045
13203
6390
13691
11112
8223
9024
7401
1536
3517
8327
11453
14689
11093
2720
13408
9716
2487
6593
15698
15198
2002
3201
15436
13699
11731
25
7471
5358
1009
12429
9057
3732
5676
7132
3684
16074
8867
4599
9618
12007
1767
11511
13711
1239
3863
8087
15154
16322
13532
5793
12754
3954
9402
14005
7533
14663
1459
178
10677
3380
8124
1262
14659
15056
8443
12617
5838
3274
9078
1852
10572
8940
8987
1800
1324
221
4578
9727
5597
8335
13441
1959
818
13304
7201
912
1057
10718
8469
15925
15008
2039
5234
10738
5449
7314
14639
8760
13224
10534
4453
16295
12547
7927
803
14253
15728
14333
14397
9413
9790
5445
3152
11483
16038
12264
11071
15126
5070
1237
13565
2419
14452
2615
3490
1266
6937
1702
7557
10298
8276
15018
1076
2060
14172
13452
12030
3102
15136
11194
8346
8733
9533
4968
14770
10745
322
10504
12737
13026
16207
12923
15917
7340
8439
11151
12850
11200
14250
10402
1503
11356
7805
11853
6767
3210
797
7317
6548
2150
13963
13544
730
7748
280
15163
4195
11653
9009
7050
2949
9846
13877
6425
12789
10763
2941
1858
5776
3251
16337
16229
1538
14226
64
7769
3084
12315
6591
12146
2358
13456
2976
661
3619
8710
2084
12795
2817
3289
7065
7257
7508
7417
12071
11676
2613
3879
9661
14190
2847
15853
9540
780
11146
3976
13269
5550
14181
10858
1556
15527
4624
10511
13368
14935
11500
6130
1481
10326
10037
7567
1056
8690
3168
15100
12331
15373
3072
9528
15480
15812
9997
6406
5083
14206
1872
4501
11509
6684
5320
10841
10646
10128
2356
13144
384
4340
9606
1391
638
11345
3094
1426
1460
8784
7462
2859
14233
13627
8788
5043
7953
7802
4394
6752
5810
9129
9833
11964
9597
5826
11038
10559
5078
168
13752
7535
10416
8120
10515
13118
13758
8848
9520
14505
13539
12173
6598
15488
3373
2878
10045
8639
472
9634
10847
9523
3615
15374
2667
2501
9820
11997
6643
8990
7245
12120
5546
11587
8107
12024
14100
6838
8289
9871
991
7019
44
1915
5168
9201
14057
3655
11062
12270
12998
78
14428
12075
5855
2164
14988
1663
1956
13039
9189
12199
15844
14285
12083
922
6243
2850
13800
11566
15043
13216
5024
15084
546
15194
5071
7928
6422
10765
8428
2820
11576
8774
142
13567
9580
11422
6507
13694
10424
12217
8972
13165
8314
11808
12646
5535
9109
6708
6300
8279
2724
6021
8045
14004
6287
1206
1527
6646
11157
4779
5249
11796
4922
1333
4617
1751
15753
9150
11361
6385
13047
380
5669
13455
8517
10981
8109
12556
12839
7507
5706
4470
14011
14985
6555
11442
10256
9367
6364
5574
16304
8582
15543
383
4320
8824
2266
8828
16228
11229
14964
4257
1063
5518
9742
1587
10975
9915
13509
6811
10848
12350
1445
3880
1675
12634
7872
147
631
3167
8449
6007
5649
10074
6256
189
14920
3439
29
15357
939
14058
13821
10882
7043
12879
1110
6128
4420
11405
5296
12702
16059
11958
15950
16236
2468
9235
10526
4768
2805
13355
15037
13266
12221
14784
9671
14099
10607
1559
8321
2840
13410
7397
3269
1340
2761
7163
13586
9082
16256
15560
7437
3401
10417
14130
3343
7958
5448
190
5029
6476
11066
12020
3510
8558
6224
15087
14618
16179
8015
1679
10808
9978
9214
8758
10160
8728
5670
12758
11766
7216
1229
9487
11284
10675
11751
14313
7702
7073
8608
7744
7612
3041
9717
566
12265
6731
14169
4585
2148
1008
14513
1975
5109
6686
9621
9955
4690
3538
7699
15778
2345
921
15427
11507
749
10610
9705
6352
11663
10186
2217
4920
5561
1380
6528
1435
5761
10513
7113
15643
10600
12097
15921
12346
5800
6543
886
7970
12713
4252
12708
13734
6226
7228
5053
3083
12960
9053
15408
2176
13671
11693
4943
14367
8678
4931
5703
12371
1240
9813
2656
486
6607
3899
15431
1191
1721
4245
7949
6636
10309
10543
5022
5696
16085
9840
1505
3932
9
7854
7659
4458
11989
6945
10447
8997
7736
12435
10255
15012
1651
1130
12602
11553
7057
9502
7968
12847
2056
14951
5120
232
6786
4285
9891
8459
6839
1212
12767
10454
6954
13651
15072
10217
12381
15180
13593
9097
3877
3074
15752
3948
7282
13537
5749
562
11986
4327
11923
10939
4423
5900
5557
14995
2230
1041
10224
7678
10856
9568
8401
4099
1276
6739
2311
6397
3158
4128
14159
7274
3313
13569
6006
14335
9065
6656
4241
15485
11967
4839
12477
4847
3914
5616
16186
3563
4494
15421
14702
390
4829
2009
11381
1947
1572
8585
12377
6558
11323
10287
11781
8041
15858
5532
9403
14304
15668
8068
4553
4495
1806
2495
3235
10373
2017
12296
5253
2393
11162
14371
11501
3983
1652
9637
14506
6220
8709
14433
4660
4908
9728
5496
5331
11098
14574
1514
15991
12257
11739
336
10135
6737
971
11443
12290
13351
13791
1101
7635
8773
16283
1026
11111
3196
10112
13826
11783
12586
4867
13789
8880
8271
13830
5859
4595
13875
13257
1091
1308
1571
16192
9458
9890
1139
14921
8794
12805
4286
8425
3940
6395
15716
5309
4168
12753
9477
1093
15708
7017
7272
1885
14635
9610
1698
204
15096
6042
15099
11494
1678
3711
3714
12238
14686
14613
16373
4718
12009
15354
11433
14076
6353
14403
13079
4405
7740
1453
1315
4533
13328
14901
10174
5102
12564
5576
1917
12553
12861
15739
8328
1914
7878
14902
13648
594
2896
11267
2788
8334
9986
1612
334
8264
2682
9826
10868
6970
9441
1752
8394
6350
9408
14569
15231
15895
4151
12166
7820
12603
257
11464
10442
7261
13284
8339
2699
14956
14845
4373
7450
6578
14098
12434
8359
12474
6613
4962
11423
16300
9085
2222
12313
12096
8665
14107
6641
13534
376
2413
12393
11219
13762
9038
9577
4632
15942
5237
8144
10392
3681
4014
13140
1962
8407
603
4677
9766
12904
7369
3427
10171
9838
6357
10784
6866
10014
10107
12378
7819
7481
14915
11417
381
5435
13221
11854
12169
9055
6010
8454
15828
15846
7323
7632
16154
7402
11479
13950
960
13748
5371
13481
598
7154
13581
12719
15022
15314
3435
16044
13134
3638
7547
2203
3306
7015
5052
12310
12342
11435
15281
8984
1745
1653
15967
13086
5502
8529
494
12772
1462
5140
4305
3276
6
5238
1495
14138
11815
13400
996
12765
9378
3229
11589
8674
8922
12857
124
4814
11692
6065
4135
1291
1117
5317
1368
9516
1436
8635
309
9390
18
356
15857
4859
4127
8381
655
7202
686
14320
15565
8753
11752
6484
