4785
4700
15123
6669
6187
825
6028
7882
8109
11131
8949
2371
12837
4727
5677
12418
15497
2465
1672
4081
8953
10708
9347
2532
4537
2635
7008
4235
10574
8266
155
7904
15821
13618
10499
4485
14167
3897
2814
8860
1422
92
8946
70
11892
33
5746
892
3568
9164
6386
1131
523
6457
11900
2614
14172
7662
1438
3060
1635
6165
15513
15613
1640
12440
15446
9736
9859
2581
14844
14817
13465
4739
12194
9880
0
10560
10242
5312
4899
1817
1936
6853
3949
12757
1973
10413
4182
5108
11610
9461
10930
10796
14663
9203
8329
7323
2868
1169
14145
10117
275
12212
2984
6893
8175
10895
2317
10848
13023
3827
15183
5651
12959
10855
118
8439
6711
152
10226
5340
9789
14230
12094
12879
2764
13054
12685
8545
6257
16173
14054
12562
1248
12320
1575
15201
15291
6054
5551
4549
7140
14645
9863
7435
5003
14497
5288
596
2021
660
5481
7569
10464
6209
7521
2155
6181
12030
9153
11744
10107
6976
10158
10228
14262
13494
5325
11862
10794
5445
6787
15669
3004
171
6966
9260
9885
1339
3347
14107
10885
15206
11826
16101
11285
8159
816
1045
11175
4513
13604
7159
12947
5870
1753
15414
763
13393
11035
14984
13379
945
4592
14994
13227
6530
13330
1327
8354
1130
9544
2444
6244
9152
2871
13193
12303
7872
14100
10441
13017
13783
15833
10132
7679
3703
9947
6942
6810
13957
6785
16191
7552
10632
14866
143
15712
14575
788
14114
5397
4389
14625
14581
14198
10350
4989
8928
9238
8301
360
201
9786
4761
6382
10170
7980
2853
127
2492
2132
13564
3564
6099
12794
14896
3444
2083
15027
11857
7550
8581
2637
7489
14273
3149
13210
3044
11446
5321
8569
6839
11962
2224
2610
15073
13658
15390
15242
8437
6761
8883
5537
14136
4005
4492
10642
8056
7116
4510
16359
1902
6698
11864
8819
11075
6095
5407
6610
7214
13897
14024
10784
983
13077
2986
11202
16157
715
5861
16219
3156
13870
8899
14036
4448
7237
2181
10152
10967
176
8143
6327
11823
3838
10781
10494
14912
508
12444
12895
8308
7498
14724
5799
7682
8134
15158
8353
8025
8676
11358
15577
6301
7893
15371
4595
13182
5595
13858
12062
15057
203
8291
2153
10766
903
4380
13553
14001
11006
8612
10648
3375
11230
2053
13042
15863
4370
162
13359
3
1946
10959
4938
8425
16338
3511
9039
12747
885
1572
1084
5266
5177
7891
1359
13094
13175
1070
15733
4468
2150
6663
3453
5232
10764
12644
10970
14590
12119
9264
16375
10391
1264
6207
10693
16376
13075
197
10388
4194
15076
1412
2551
3775
2346
8862
10909
11933
8866
4963
2473
9102
14053
9177
14931
4776
5320
11168
5951
9550
9160
12506
5121
2675
14798
9474
9404
1738
8088
7902
9782
2063
2377
10599
2797
5929
7478
734
8351
9215
6506
13108
11457
5248
4650
10048
13619
2318
875
643
10340
5279
8285
15527
2434
1467
13805
16060
13183
8835
1601
2201
13019
9965
8390
7445
872
6917
451
9962
1079
3191
11640
12186
6899
4527
9734
5913
12035
4987
15302
13284
7101
8467
8625
6342
15236
2078
737
1992
8286
7915
4227
13713
10939
6013
4921
9895
9927
10259
12410
14159
4281
12284
2047
4949
6655
8951
6638
13837
1983
1117
11396
575
8830
8405
12505
8904
15239
6508
9481
15198
6750
11794
1472
8174
77
13701
5106
3714
14109
11803
11649
6627
9750
14223
12403
6601
15803
10027
12651
9198
7758
5362
2369
8140
12897
1324
13888
15757
611
13561
15075
1687
11856
2425
7583
6562
7701
3569
10005
11590
7426
324
5708
12351
9423
12636
6100
822
10842
13735
1133
6877
7007
13574
10667
11114
49
2909
2714
15739
3686
1703
11393
14806
11096
12173
2621
13847
7888
6188
15095
10950
10454
9718
13099
2085
14102
10463
12840
4388
11922
3114
15998
2105
3390
5233
13039
16260
6219
15061
13776
1374
11703
9631
12053
313
16301
12691
7170
13081
6371
6608
5139
12585
9795
7944
346
7487
1447
6184
9938
5036
12587
9302
7043
10182
422
13477
11969
15399
1979
9839
2415
14845
3381
5345
12177
7625
4263
108
7058
12409
15193
16158
8241
13990
15173
4746
1385
10962
106
8878
4547
2653
3326
14996
2144
15873
9429
9228
8481
12534
5405
5236
14110
10780
5937
2623
1972
9080
13370
10929
13744
9860
13968
15353
4752
871
12379
4528
13352
3076
8685
14269
8657
15738
4601
10845
12721
1719
7602
7886
16014
10811
1475
2900
14647
47
1517
4728
14787
13904
7461
4841
8156
10232
3828
11718
2889
5524
13748
8365
571
9092
12082
7052
3255
2687
4850
11427
4076
3376
12707
8086
2526
3345
11471
5543
14541
7875
1288
9534
10044
12430
4035
9161
7397
5639
3209
14930
8274
14919
14948
13880
7439
7346
7524
7837
3723
3764
14338
12144
9305
11578
13551
9387
7372
11356
1607
5962
7021
7513
6335
10629
34
14728
12784
536
7250
1914
11651
9332
14182
8941
188
9992
14149
10566
15116
5570
8185
2510
9083
3494
8377
2071
15936
567
2094
12808
5467
15814
15902
4080
15470
1767
257
4811
6840
1236
13555
14597
2802
4998
7171
153
5960
11570
1662
14426
9406
8105
9634
6891
9761
6445
12139
1462
4533
12467
1287
4591
15147
4212
9479
3559
348
10522
2479
3351
7308
96
9304
9111
14827
468
6259
10589
5889
8663
3010
9899
7261
12142
8896
10179
3399
3395
3120
11562
5437
5302
14711
4877
7900
5659
9262
2033
10274
6534
3605
15575
5210
3900
12526
16115
9777
9300
4117
7387
11692
12804
11543
1126
16029
13349
12451
7863
1764
5880
8767
12782
11458
6323
14105
9374
544
456
3219
13098
13638
7065
6732
13056
4901
9130
8533
3637
15
11800
5995
15221
8801
5739
11259
4842
8386
2223
624
12760
1514
7732
3558
2975
9486
11237
13635
15043
14122
5278
1615
10202
9339
738
13765
11281
15720
13225
911
14111
12806
13336
2043
11424
12321
6172
8972
13237
1747
5165
8709
4959
12134
5629
4098
3814
8303
82
7415
13884
3431
7398
3599
3733
994
787
1464
9219
8990
15848
3310
4440
148
8310
8832
14331
11381
11426
5436
8076
1928
3101
16334
5477
11352
7572
10281
6017
6665
3493
14840
3567
11117
4955
3920
13714
14183
12573
1104
986
11595
6206
5589
4838
6161
16213
4543
5175
6469
4503
6033
13656
4972
11398
653
15589
15743
11727
6
13851
12318
1854
15400
4221
4356
866
10968
223
985
15442
6388
5638
4302
1391
13807
11136
4216
6216
4602
15164
894
4028
12032
8393
4166
14760
12476
11053
6735
5237
14550
12995
15774
15437
10136
3963
2539
853
4699
8948
4572
4108
7122
6661
7029
14007
11568
1414
1322
13902
2554
11220
12580
15620
4057
4658
10289
14942
12815
511
12584
15422
13149
8008
4515
12224
7356
2453
4686
13639
14921
15794
4672
9343
4187
15839
10563
11269
9288
7599
11473
673
2286
7117
9700
12993
10456
64
538
14171
3710
11498
7870
11784
13137
981
1360
7255
7047
1175
1362
919
4033
8998
3027
7311
13184
13329
6706
1486
16250
6416
8666
2469
14555
15453
966
14308
12441
4687
13233
5017
13134
10849
1856
7252
11288
6204
1361
7938
11716
11654
10396
3796
7866
10128
8803
6092
6042
7720
671
9365
9227
10174
16307
13343
1335
11601
5211
9444
7076
3794
16265
1384
4931
3297
15262
12161
5351
6985
12164
16253
6962
11485
13306
15861
12759
3769
6768
11085
12407
6522
2542
5714
13437
10457
14935
15678
9049
4026
10146
6205
13963
1955
10046
11240
3132
13110
3243
14949
2055
11701
4454
1824
9931
7242
16192
11002
9838
10223
14245
12654
8468
10278
13803
2574
9061
5474
13144
12783
15725
12089
2157
2279
712
615
1210
12781
15227
8367
6688
3053
10748
11796
6941
13385
2067
2865
1960
1426
12737
12327
13565
13047
486
14871
3087
8837
9136
8762
9769
4742
7954
6253
12934
13068
7804
2221
11068
10045
7538
3583
15097
8139
1629
5395
6717
629
11133
1312
5846
14897
9748
2690
8640
4794
8590
12497
7098
6811
15037
12045
1733
13358
15544
7350
12182
14371
6183
1989
15155
2749
15975
8809
745
5317
8429
10568
3194
3416
6690
15031
5958
6586
1531
2661
14332
15015
10036
13196
9733
14654
16293
14573
11137
1087
3474
7834
6801
1416
5886
2336
12714
1569
5111
1263
3744
664
1743
3882
1080
2058
2404
15989
5940
9361
14464
6085
2272
13578
7302
14552
13007
11360
14156
1690
11093
9778
1845
11728
8730
14487
5660
11906
6067
3075
526
632
1673
6625
1588
13005
12777
12219
4640
14481
9846
12361
7799
5938
4478
1172
5834
12698
6365
16302
5082
10393
3026
1329
989
2929
10079
6255
10443
12590
1501
3035
15051
476
14174
373
7344
14596
7668
4223
9533
14813
10394
8172
3877
11305
3332
2786
2561
14523
16312
14077
2737
4241
2184
2912
6364
14882
16142
4481
5531
7752
3557
16069
5049
4004
2646
1074
1255
14602
11472
13939
9978
10347
7407
863
8150
1044
857
11440
2090
5544
9871
13399
13076
5311
6560
9121
10404
296
10221
6885
16374
3254
15425
11297
2931
8265
7462
13962
9148
13406
11675
4237
8808
12577
3459
3274
4757
12375
5047
15462
13181
12684
6283
15412
771
11157
1168
9321
11961
1298
15979
2856
16103
11876
14014
10706
5153
253
12469
11414
12886
11399
5304
15152
3509
11633
12647
12150
6425
7964
14339
9432
5295
4260
10631
13327
1618
8673
332
939
13626
6991
14672
13612
13026
12077
5309
11165
9510
15258
12923
13769
3705
8098
5857
7173
1109
7901
3505
9869
15434
15228
10925
1562
11433
10321
14999
12101
3985
5735
10298
15762
5157
10017
14379
2835
11320
7436
12780
7811
8727
11160
14209
1782
15418
258
10153
16023
14712
15205
4705
6555
10732
6756
6930
1858
15440
10655
2799
424
14542
9266
12826
11981
10621
15840
14169
773
8279
7321
15878
6374
1441
12722
2861
7185
1476
9614
599
9752
6620
2700
532
12104
3467
10833
13308
1142
15802
15001
850
7768
7114
2669
5907
11459
14677
7183
2608
1490
9542
1705
14731
8598
13559
15100
1848
5822
4416
1032
3533
1163
6860
9975
11126
897
7819
2624
9701
7503
2999
12023
4088
10723
5029
11385
10059
832
12933
13135
16341
15124
10870
3338
14495
15139
15103
6569
2392
8739
475
4168
7665
4376
4252
9644
11677
191
7384
12901
1452
10256
588
5772
8695
15461
634
13762
15300
15181
7899
14701
5473
12657
2944
625
16296
14474
3513
13576
15806
845
11983
13614
7218
7059
2243
10104
3594
1677
14329
1826
15673
12453
598
14644
650
8746
13926
2578
15707
8962
14738
8687
2288
13033
9594
4469
1609
114
5050
3412
492
3433
9785
13479
3327
6271
9835
1550
15421
14777
15533
15048
2617
14710
11865
6246
6855
10745
2119
14823
6724
5200
9987
13917
5416
10246
5069
9588
5630
6056
4353
2191
12214
13513
8854
5161
7896
13277
11268
2570
14460
9158
12964
4869
11558
4802
1647
8267
1709
953
4374
10329
4892
2213
11581
4820
13322
14727
4532
13285
11481
8018
14294
10665
13158
15970
8072
2134
2976
5226
13409
6293
12028
3574
12543
13388
681
13141
12662
7737
706
11324
8850
15385
7011
9040
895
13520
10382
15844
2869
5369
14330
777
12406
12519
14362
4034
6723
5430
7391
856
6978
16059
12315
12598
8111
12564
2246
13307
10519
5785
1265
10779
3403
4855
592
14398
6442
1947
13679
15295
7787
111
11263
4196
6599
15135
11329
2421
3577
5501
431
14667
441
8699
794
5751
8283
8964
10096
932
1124
4900
1567
11968
15039
13245
1212
10958
3200
2431
1787
569
5901
11707
453
14188
16076
6623
2126
9239
2990
4228
6527
11719
1319
6459
13328
884
12085
1199
3739
4911
3081
269
2315
14214
7858
5876
12200
6031
14792
8605
1406
9059
3145
6167
12990
6511
15483
6542
3204
3292
15109
7630
4919
16140
13138
58
335
10091
15832
3870
2702
11256
7717
14213
15203
774
4450
13773
14072
12393
3571
5101
9422
7023
15521
5821
8259
11174
13835
14598
6127
14403
14254
9713
8384
10139
13942
14135
10637
10862
9567
943
3896
1783
9115
5566
2997
11955
13384
6355
2768
915
6605
10053
14133
13740
6475
4154
4929
5357
3248
10323
9327
2270
3753
14585
8211
7794
2107
16245
2124
9251
2949
5336
11639
12822
15093
11619
13454
6772
6201
15372
1873
7536
3716
1267
7095
6896
12169
9872
13548
15040
13577
4725
5299
6518
132
9394
5637
8787
2501
3379
8040
10656
10989
2694
824
7441
13235
11089
4723
7014
15915
12999
1128
1483
4722
5281
13557
3989
3484
12665
15439
3199
1281
14082
14562
14988
762
6587
10947
11452
14073
16094
2133
9616
13643
581
10578
12090
15364
8340
9313
14022
4646
11559
12903
14708
3657
15964
11184
9012
1761
10755
12969
6441
1700
5112
13866
13473
11855
8306
8469
6946
16144
9442
10473
12300
5683
3799
1732
2244
107
2368
16150
15142
14200
3349
7296
7048
2710
11416
12768
8164
11723
1268
562
1118
12423
11242
249
2743
12203
6474
9386
5896
13973
1096
12645
12478
5162
11631
11773
10700
159
11330
10453
12669
13387
2855
2796
3234
4629
16007
7279
15635
3976
6242
6166
3713
10609
6922
7815
1350
7796
14682
12141
9729
11792
2989
11684
11367
7826
8394
13488
267
5134
7985
8094
2782
2720
15729
12073
11960
4169
8653
12718
1201
16028
12041
15149
15065
1879
15017
4058
15776
4071
9562
9024
10765
13964
8593
10661
22
3807
6003
13374
4751
6817
5523
7354
10291
14131
2426
15944
6000
3768
11033
7336
8226
2509
2692
15721
11751
5129
14232
8959
960
2300
3931
8925
4758
2138
2001
5285
622
8501
6996
1984
16349
2190
6280
11354
12750
6119
3405
11336
1197
4777
6010
10145
1599
8445
11362
11110
8203
10465
16199
5905
4121
6730
11190
9684
11516
7479
13449
2831
9853
14995
15977
13071
4488
6444
5404
2819
233
13395
15464
11934
3982
11930
14545
3387
262
4022
14980
13814
5680
7828
5254
3941
8475
8551
11046
8513
9807
15997
5296
4109
13531
10435
11249
703
2503
4544
2841
8684
438
12076
6804
6583
10892
14270
7647
3726
11807
11869
6130
5492
4834
11967
5599
12103
13021
14249
10009
8969
15138
6734
3765
1086
10161
5415
11725
11709
10451
15289
7194
12377
9787
9420
5028
2699
14570
12157
10417
9359
5427
6401
15880
2592
707
4073
12251
4620
12152
8311
342
4582
15132
13261
9630
5222
7585
3288
4460
2711
867
8130
4502
7213
7839
2014
7591
4248
11438
516
10486
9403
10544
10336
5125
4428
658
15314
10325
6077
13089
16095
4587
2009
3415
11898
9692
2742
5953
12489
12610
16229
11561
9034
5485
1513
11693
7469
2919
9373
13889
7236
3701
6743
14473
12945
12744
5228
2020
13446
3017
11704
14603
3791
1338
10813
11000
2769
4336
2600
5123
12360
8182
7180
14769
15407
10015
8348
6137
2750
12061
45
2538
1532
9876
6958
14900
9716
8798
12180
11834
11951
9142
12492
8822
914
5355
10615
7376
5977
2907
2195
4290
9178
9184
13756
6367
14940
11615
13106
13654
1604
10266
10983
4447
4077
8933
14812
5970
10852
7986
14010
10643
5891
14150
6645
7774
2348
2024
14486
15876
2996
718
5316
5068
7349
11771
12427
2499
1278
6235
9757
1230
3826
530
14441
9246
11140
10057
6481
9648
15722
9413
7894
13741
3266
15992
3731
6432
9719
2398
5183
12648
2601
2360
411
125
1238
12841
7773
10354
4585
3504
3374
3825
4694
557
7062
10567
12334
11455
4542
3528
9677
3350
3021
2448
4690
6376
10468
11135
2435
2751
10034
4471
4517
6951
5803
10384
3784
4607
3833
9977
11212
2744
3217
16332
4991
4217
15196
4082
12371
3462
3333
16316
5802
4452
3767
8708
15271
5819
5072
11418
6489
1231
11952
8778
9156
11786
12064
6332
1195
13625
954
13982
10812
4932
5390
533
906
8707
3996
5719
2527
10837
13694
11318
15578
8715
13032
3937
13584
11310
1094
6410
1632
11205
6547
8682
3782
7798
16055
15150
5429
697
4953
13864
9794
10155
8546
7762
5982
8181
10200
13993
5536
8371
12911
10801
7970
4213
10672
1679
3154
14025
15107
10251
2958
12306
12457
4489
16169
9579
923
1867
649
6588
778
2530
10414
12390
14004
812
2598
3671
12292
10472
12672
4569
4904
519
11831
9920
9783
9780
5208
13447
13813
7132
9100
8572
12063
12075
4981
11591
15791
11914
6319
9424
6596
4990
4956
14137
2299
1801
7225
1504
9366
8118
9815
14821
3885
11030
5959
12185
4666
7474
4679
5375
4202
6673
15706
6443
935
6066
8319
4520
35
10534
635
5588
12687
7713
5113
9834
10122
7430
6402
5615
1980
15079
12260
8198
40
15819
14634
4773
11417
1
1215
15176
1240
5143
13491
1631
2378
1491
16035
1911
5573
6110
11462
9831
2046
15045
16378
7408
15850
13676
1444
1967
16358
151
16130
14954
12614
1671
11599
1427
1289
12825
15012
189
7626
15059
11221
14047
8675
13096
10956
8737
5342
8318
15020
3007
12039
8571
15511
8731
8430
13128
15507
7653
4016
9199
4596
10787
9490
3178
7177
9298
13777
7454
15623
4084
4695
15501
4064
15114
6379
14599
11679
13817
726
13339
15018
820
5777
4373
5985
14510
11138
11001
15734
13337
8563
1899
4322
12332
15945
213
10022
7911
6755
6712
11779
9844
8355
10797
997
6348
1497
9725
2423
7803
1485
8913
7050
6429
65
4390
9710
15627
8331
3147
6030
4025
6629
2205
469
5507
5076
2974
8418
8909
15162
680
11326
11487
12632
14898
7689
327
1964
15882
8644
16343
12640
1158
14370
3530
5761
10937
2198
13924
11597
5479
9427
11937
7169
2370
10938
12165
7405
16254
13636
12396
9433
8127
15645
5022
8784
11528
13651
12265
10415
2420
5408
9202
12310
2792
11055
11115
4603
15268
8396
5782
9707
5767
6921
1200
2882
12363
6995
11844
7394
7089
8728
1849
10505
6898
10243
11757
8603
1436
7659
14337
9023
7443
4078
5250
6311
6791
12773
3908
5927
15551
10284
10800
14911
11149
6225
880
852
8114
4812
11746
410
322
2844
7832
15941
3586
10553
246
11809
1008
3619
9646
9669
1758
13772
3981
4383
12246
8741
9293
14184
5381
12330
13795
7295
12411
16096
10600
7772
15324
14519
8161
2928
8752
3365
5202
12439
15457
1744
13976
12021
9292
14017
702
8013
4879
15355
12271
15146
14835
11978
4394
6291
677
4977
14079
13434
16160
6554
4835
2215
7168
7868
14026
4003
136
13941
2681
2440
9218
8280
1354
5491
3106
10769
6631
1620
13291
6959
896
12078
13373
12646
11005
692
11048
7622
1678
16113
15887
3975
14998
3736
14261
6897
1707
3679
6237
2284
4441
5276
9192
15786
329
14215
15382
2505
4947
5649
13022
9905
13470
5219
9289
4159
2777
13720
7531
12787
11720
15067
2523
9693
10671
9867
3174
9478
6955
8421
9888
6487
6485
10121
15630
13503
7248
12190
1051
2345
15195
15885
5223
6782
5967
2775
14536
4271
9338
7000
9253
3239
8005
13173
5095
1723
8650
4736
5471
9561
13920
11181
8955
2365
15530
1916
7330
12097
2493
2776
14240
15834
12926
6197
7983
11409
17
7488
14227
9873
1379
2911
7851
767
9836
1778
9605
8089
16259
10148
10795
7390
11622
11103
13568
784
13457
4354
471
1850
13517
2859
3780
4214
11872
4954
11609
3258
14922
13925
7563
13442
10440
6037
14450
7974
11835
15719
10514
3901
4755
5442
6132
14816
320
597
5743
11683
4837
16248
10543
15797
15111
1957
14955
11681
10691
9323
3136
15512
11246
11712
5217
13771
3139
10081
15777
7955
2183
14652
1699
7075
15175
2809
15822
15495
14646
3720
3477
4950
8885
6844
5059
11296
11788
14868
4149
5494
15771
8484
13673
2000
5944
5763
2851
2630
11343
6001
2941
11139
984
16136
3752
15904
2577
6114
14534
6395
3226
16156
1682
11278
5292
16274
15948
4333
14508
8914
10934
8049
7671
7731
9546
11715
2143
9597
3036
11407
1323
14320
9346
3954
6703
12133
11832
1716
13852
2084
3014
7263
5843
1659
12981
7276
11206
7036
8379
9864
5287
3041
15005
9565
8193
392
6650
10405
2086
11435
1935
3575
12274
8630
3555
7396
14383
13474
8442
13842
15555
5263
5240
9557
15807
2970
9904
8694
11003
3640
3277
7128
12793
7856
1585
1988
10646
2077
12125
7654
15601
7240
8621
14202
3690
15362
15845
3515
15443
12899
15789
11186
10028
11999
7698
16056
3652
1191
2832
4142
4134
3447
3978
13130
12996
2140
3361
141
15634
2525
12092
8558
12858
1937
91
7410
3401
11801
4935
2003
15293
6710
5456
574
9636
6993
12481
4862
7333
12902
1246
14893
6493
5000
5499
1366
289
8063
9526
2860
1891
2587
16337
1670
14387
9230
5431
8786
3260
6793
8453
12130
5149
8943
4274
14233
13146
8525
11422
15813
133
6312
11806
6964
9087
5475
10954
12314
12109
746
4545
12071
15717
11532
8120
11670
12717
7019
5592
16212
2705
11145
6595
7709
9052
231
3202
6585
12352
270
12763
14012
11764
5132
9689
14793
3676
15359
2320
6438
9154
6073
3218
5768
11522
7741
868
10230
3548
1176
12252
8627
9351
982
11676
7813
1617
15931
14467
4155
11524
1254
5061
14558
4827
14229
11224
1328
4667
9306
11449
15491
7422
3143
13657
3325
10869
10595
6835
9278
9494
8516
10192
6453
13002
15380
11902
9088
2664
12242
1626
10887
8667
14643
10593
3516
6294
1539
276
9028
7642
7269
3222
4199
8066
6063
6918
7961
10916
13153
7797
16218
15761
2670
11283
1019
1606
701
10594
12099
6123
6731
369
3587
5128
13082
11445
5704
5453
11911
12282
5667
13316
5954
9645
15538
7927
9492
12033
12014
2783
361
1078
5715
16109
15411
4825
2354
14837
10072
9384
7594
13840
401
7606
5023
4942
13909
13111
10193
10438
12729
15727
10224
5169
11560
11899
12888
15886
5280
3317
14783
4555
2803
4338
12752
8548
2292
1940
10650
8978
2535
13690
11204
11886
13632
7094
6827
9109
5963
3077
5955
15524
15153
16271
3058
13867
2072
7137
8460
12582
6593
12281
614
13861
793
2556
8661
8034
11173
12261
1750
5158
2533
16062
9204
44
9131
1912
14322
6500
14829
4418
12347
12935
10913
16119
3124
14422
2417
1773
12487
11819
7133
8482
6937
8225
10518
13821
2044
10584
633
1187
9670
1544
4905
16057
186
2892
5201
8611
7935
7386
3722
12849
13369
5865
10946
6551
16344
16045
11383
12693
16004
13898
15304
15465
4551
13671
3932
14446
5323
2103
15096
9045
14432
7238
3735
12932
12437
11226
10377
160
7570
4143
6036
2762
14880
14368
3499
8620
14946
11022
9607
15367
10337
4208
3337
6347
9020
14756
5006
7965
5140
4509
9368
3411
8409
9279
5540
4184
688
14903
450
9832
13267
2885
3067
2356
5723
11839
4442
8845
613
6653
7251
10890
1892
4604
4311
12234
488
1887
10786
306
7044
8029
13027
87
11255
8062
10635
7613
7862
13472
11017
4186
12946
9018
10449
13202
4091
9482
13818
9376
4473
4645
8527
11617
5119
9507
14390
1933
8067
14470
11733
8794
941
15897
10252
14124
379
8629
10984
1370
15339
7465
756
13204
3140
12316
7905
11492
10762
6213
3907
9906
835
15606
6594
14190
3282
3613
14324
7158
13832
4164
8239
8292
14363
12215
15292
14060
14878
13078
15025
9810
9622
7034
14554
12259
12047
3408
2456
2506
6781
1397
8454
7388
5964
12967
14687
7100
11200
4294
14221
15910
8320
5256
14366
6968
12727
6329
7743
7575
1111
3876
2335
5298
9245
15294
6341
5286
15423
548
11018
977
12080
2939
11223
10843
3070
12496
2034
13675
9143
9806
14739
4314
6452
3413
3721
12046
5496
9103
3249
1095
16097
15510
15145
12333
7728
1693
11372
15561
15716
2772
16295
6879
8206
4805
11995
14459
15604
638
10007
4918
604
1823
14142
15207
10199
1796
3296
12123
3406
8245
5011
12003
1726
13816
1162
2793
1496
9438
3742
4429
8855
2922
1985
6533
3951
3835
8932
2650
13013
1932
8721
4135
603
9547
163
2254
5935
4851
11218
4323
12871
1573
13178
11125
12765
2240
2926
1759
7342
8954
11499
9963
15829
13965
6838
3324
9082
14153
12171
2137
8337
5740
4224
4067
3380
11467
999
1882
13923
10444
14751
15711
6552
13587
2649
4289
15690
9173
8039
1802
7301
3666
8158
9600
15728
13468
14761
3902
12429
10556
13083
16116
7845
6175
15267
8582
4019
7558
6305
12166
8044
12642
13546
12206
2500
5519
9991
15033
7783
874
15913
1249
11512
5310
12275
7890
15898
14950
5558
5270
4146
14939
2552
1968
15275
16125
11295
8507
14305
3170
10162
8217
13545
13700
7294
3328
15212
8631
354
15638
13725
4351
3846
2475
14375
4124
1233
4808
15563
15871
9411
6289
4062
14970
2932
16324
15296
13489
3881
4633
11066
3786
11726
5689
5696
5906
16224
7540
7329
14152
4315
7156
13485
14802
9337
4292
8841
9290
15312
12122
5534
12018
1277
16205
13100
7256
3057
15375
14800
8857
10739
8432
3531
6083
9236
3916
10824
15406
2007
6501
3054
9709
6559
10966
6961
11314
12874
13710
5747
6090
8030
1611
9908
7996
12612
10569
14544
8736
5994
2361
6889
13893
3525
1224
9805
1669
242
16351
11059
5576
5928
9822
13615
4698
11379
2774
12511
12728
1555
16238
9596
5214
12100
8891
758
13197
3993
16234
3458
877
7212
3654
6024
16022
8092
5521
9013
5698
11918
3391
10815
555
6287
16107
4706
8583
1525
14361
14612
1011
12950
13065
14108
1244
13745
4567
6525
15929
3660
7270
5992
3661
7615
6572
14279
2933
7040
13400
13825
16280
14947
5241
6651
16252
6461
3717
9958
1642
4937
11419
13247
9171
16151
11451
7617
16228
12167
2006
15220
11663
14833
10898
2228
15505
3740
8050
5582
1630
10213
15316
12678
3289
14165
9793
12050
4298
10828
7991
13857
11980
12226
4945
797
7523
4711
3206
4233
16369
8328
14807
6668
12069
15884
13540
3443
6738
15210
2227
11890
3348
1274
7681
14043
39
7727
8848
14768
14560
7457
3465
3616
5352
9939
4320
2522
4903
10198
11008
6353
12244
5030
14445
11308
4697
11120
16131
4926
3152
12211
12601
7485
3772
2234
2319
4007
7427
14187
8836
16127
2168
3181
10312
14407
6716
4127
13497
460
14810
13223
15265
8258
9124
2518
3498
12607
2341
13035
8528
7315
9277
4179
3560
3363
457
8971
3683
9168
14284
14278
15287
15237
10502
13718
15502
14591
3421
4610
3299
8321
14506
8096
3537
7850
6974
8360
2159
19
3609
11863
5221
10401
11987
15537
5838
3732
15770
13209
16149
116
13688
8714
7447
10026
16346
1751
6699
7690
7926
11375
15917
8099
2108
14035
14425
10001
15404
7123
7544
6652
7434
7600
13556
15667
3674
1503
15490
10720
2359
14990
6239
5766
12253
10652
10076
8660
13562
1995
15496
10559
12731
811
10060
10016
15779
8703
7956
3095
10267
10978
498
8361
1144
11413
11466
7697
1786
9426
14522
7835
1494
4715
3840
5277
15747
4357
487
10551
14762
13790
9201
1838
14391
1138
10249
4816
6963
10302
11612
7416
7264
10341
3033
11209
3804
11941
9976
3353
6168
9209
10509
8163
16154
4833
10596
3246
7664
7414
1664
5699
15256
1393
5470
7375
10151
15899
15272
2106
2406
3962
5645
4101
12299
15535
752
7319
10526
13059
9445
10805
5565
11758
15765
14959
3134
2249
13566
11041
10603
1356
7506
10097
157
11508
805
7547
8058
5758
10416
10851
12183
14913
9578
8428
15163
5976
9303
2104
4339
14016
5553
1627
2716
4330
10647
8588
1395
8071
2812
3510
8892
13931
7517
13244
8273
4618
6307
3280
5454
10462
10791
10150
5274
14408
4876
6774
5597
3378
4612
501
905
12848
13652
1279
6180
7015
4395
1521
10932
7778
10109
6871
182
723
8028
6440
9138
1760
7458
12297
5164
12753
12362
7136
15686
6979
11211
6023
12233
11443
1260
1232
202
8213
8297
9862
2199
1728
1868
2607
9174
6694
16040
4858
12925
8000
6828
2172
16222
1934
10793
4881
8607
5171
6970
13930
10042
13458
2978
2887
6890
1365
15584
12677
12713
4092
7972
13883
4192
3843
4337
12820
9949
53
11517
5546
7519
42
10245
15971
12459
11696
8670
7801
1089
5918
3073
9065
11193
10357
4148
4466
10268
6058
2211
3695
10187
12354
11284
2778
15793
8378
13767
5122
12004
11118
6621
10501
8846
9563
15381
9388
5924
8889
12789
11671
8985
2998
10573
2676
6078
6849
8024
12936
416
1343
6011
9754
4163
4809
4519
1321
11233
7744
1953
2363
5670
3158
531
9922
7353
90
12606
8459
2486
10233
7178
7934
14778
10033
13980
10727
8895
1890
3153
12387
3141
876
5019
10270
14642
11386
14811
9320
5662
6322
8106
15121
2362
8519
5428
3276
4085
294
9340
12733
8146
2237
103
15933
13331
6704
3231
4765
8559
13105
216
1041
1351
4678
5246
195
15329
15990
6561
339
1929
2801
810
6177
1812
12634
8073
10995
2557
12867
4556
4017
4255
11752
2927
4226
2274
11990
7305
9628
10782
1807
4557
8950
12710
8060
3751
6456
3576
10651
10439
3233
8399
397
14766
12971
13411
12905
7501
2343
4297
271
406
1839
5722
8639
7473
2827
3789
11247
1468
8395
7172
302
5290
10254
7484
10690
6360
16143
2219
8890
8877
7661
16328
9377
5968
9372
6361
11478
1752
3185
12833
12087
6300
1739
12627
11606
6230
13156
9211
165
6464
3602
9434
522
15603
13960
5506
8102
3961
14311
13217
1098
12008
10265
1982
1363
11648
14225
9385
7827
727
2654
6766
1654
14203
14737
3890
12344
4665
7257
15615
16286
7869
7112
13265
15469
15337
15458
428
13189
11793
11860
2541
10751
5796
6381
14631
12262
11630
699
2394
13496
7124
10348
170
15943
14267
11102
11322
9357
3313
5787
5542
16313
1842
11065
4313
4883
10730
7699
2824
9498
5636
13599
383
2867
4741
13155
2252
7877
13696
4939
10234
11509
2563
14584
13499
15416
8290
4287
6997
10447
15451
14867
8494
13341
2112
458
10988
8129
2641
6420
5409
14749
10358
683
15812
7746
898
8476
7120
829
2674
2838
15284
10269
1729
10694
819
8608
13838
13282
6192
5303
295
6223
12495
11596
9739
14196
3805
13124
4568
10746
8840
2262
14859
3090
13480
9770
14412
326
10763
6647
10681
500
9110
318
8019
14858
6864
12674
1352
9531
5728
14686
2595
3991
14904
10588
1768
13160
12802
9781
14891
10674
9016
16128
16329
2758
15658
14915
766
13922
10803
2093
2441
13945
7406
7865
5420
10063
8849
3451
10557
400
11926
537
15588
8282
20
2305
11781
1959
4822
8894
13103
14717
9946
5289
1466
3543
86
3093
13591
3680
12882
772
13886
8326
10110
6398
12049
15368
4363
5818
2886
2642
9910
7816
4275
12091
9126
14987
57
9953
5999
4760
11333
878
3549
8706
14351
14357
4566
3957
7131
2169
11109
10846
3302
9902
14660
12918
13045
15952
2322
3711
8713
12870
15756
6725
3037
11919
15347
14444
9543
6394
1293
8257
9925
4784
12369
15893
10088
13616
12912
4147
8979
16089
10295
15444
6854
14438
7718
9522
716
14168
6138
4309
1633
10175
1553
12399
2634
3468
4136
5356
6580
11769
13669
10819
14860
5773
11235
1727
2005
8725
13375
10410
3750
1151
5196
14965
8561
8228
5729
3464
12239
15752
14333
15549
5904
15226
10403
786
15200
12254
1884
12158
6231
7068
1333
12268
7066
15215
5744
2452
13309
13063
6254
12120
10163
4350
8188
14671
3584
9362
2589
6012
14081
9585
9140
10921
8256
11264
2788
10955
4849
12067
564
13940
2704
13016
3692
11846
6338
3526
8646
4472
13607
5424
4151
13571
1958
1059
3999
10361
12191
15448
5410
14074
11062
9464
4205
15319
2340
7298
13969
15360
9909
15961
7500
2982
79
14052
12608
1919
6523
3094
1093
1524
12875
3343
9857
10467
8370
1721
9941
12095
11272
14546
12283
4129
1046
12976
6275
14415
8477
12599
15818
7154
5978
8839
15629
10419
473
4906
6643
6600
15102
10618
2185
10757
8919
7290
3864
1458
5313
14943
8170
7463
1622
10558
12323
2110
3936
1500
2487
489
628
2713
3990
7148
16380
4783
11349
3842
14875
4525
1073
5572
7977
6744
2028
11092
2759
12305
9671
462
2964
1010
4295
15853
3314
14535
9837
8929
8601
6007
8152
6875
5926
4988
12939
16240
2338
59
6537
7152
12842
12216
10282
6070
12812
5509
5687
13320
14568
3572
2940
7377
4804
1638
9662
495
7274
10548
9285
15441
7452
13113
5206
6377
12435
2256
15345
15947
13515
5438
4928
14876
2229
1449
8882
5828
10164
9515
11250
2729
13268
553
14754
14637
2490
12951
8689
7925
11421
15254
971
11239
13176
5212
10030
11739
4245
1847
14280
976
9214
8304
14345
2391
11207
413
6352
3452
4181
11762
11861
5480
2025
621
2059
4145
345
11025
9437
3268
2443
10692
9803
5593
14064
6471
3279
3649
5862
9937
285
14414
8016
7579
6273
8884
16090
9322
7576
9307
14962
12382
13955
367
12712
16019
14453
5754
14204
9051
1407
5329
9520
7142
16075
14567
8765
5790
11580
9167
14735
2061
535
10974
10491
3360
12337
13064
8635
14340
736
1920
11664
6214
16317
2202
11361
14297
14377
14909
13869
13410
1808
12734
1178
12703
2903
11339
11985
9430
13788
7221
6032
16309
15539
10398
3103
2828
6318
14325
14155
200
7849
4541
2342
1853
7359
16100
2180
6053
10172
16278
129
3396
13057
676
16184
11238
13624
3668
2136
12516
14191
2567
1592
2880
6088
6613
2026
6050
11661
14736
4708
3364
16285
425
225
11915
14437
846
12237
2858
11253
5986
6582
13622
1431
8350
5788
15666
3418
9317
12873
859
10362
8573
12972
14404
10445
11431
14850
2596
16082
5981
11982
12455
7419
3393
11197
13594
9296
6514
15624
8083
3737
12294
11954
10820
9981
6622
12084
387
7608
15179
3709
9553
6524
2316
15534
7278
13914
14326
14815
11521
1318
3969
6550
12132
11653
8827
8461
7495
2746
10183
6797
9655
13090
2908
2427
15402
14538
2327
883
190
5472
11975
12065
1708
13377
3998
11306
10994
16077
15088
13523
11575
16195
12883
5701
10474
14482
13342
2264
2969
8342
4635
293
6742
15838
3312
4824
7789
11944
5742
10940
661
9519
6463
10920
1966
1931
9466
8255
9038
1413
1373
15731
5678
8079
7328
11518
12302
2519
8817
6369
8761
5440
11753
3339
1225
1423
7601
606
14799
9333
10488
1547
1650
15558
11989
1516
502
6372
15986
6270
8805
1788
9999
7838
12702
11480
11810
11608
4329
12558
5643
9932
5439
14314
10829
1358
641
4258
10714
8758
14745
2846
11931
13114
14044
9187
739
2830
2516
4781
13221
12986
6965
16263
8793
3029
12991
14929
15616
14765
3892
8223
10144
9621
14521
8458
7616
15494
11939
8472
15140
4288
12160
8061
1282
5545
5041
6592
12181
2032
5341
9979
5983
1656
3542
4393
11163
8518
9886
3012
2125
5148
4748
12027
8510
1072
412
13011
4588
1229
10896
9220
7267
2330
13747
308
7830
3092
2372
13511
5493
5081
421
3283
7820
5426
686
12906
5168
9066
15942
3662
12917
16182
8277
7322
16353
3597
1170
11077
11158
6926
9217
2683
10531
13300
14623
2095
12093
9731
14163
15810
15281
5259
8847
6581
16080
3409
5073
6633
2051
358
7640
13338
8052
16011
16052
2109
10306
3176
11405
12688
237
15984
12653
14440
6676
13353
6313
8564
15798
3449
15282
16079
10189
481
10078
15750
1558
4627
6641
14608
6845
4971
6357
7592
7197
12313
4718
7981
12859
8781
14189
9530
12655
13009
15662
11214
9577
10601
286
6306
14435
7760
9728
12931
14307
13937
11824
15782
4625
290
6423
185
12831
9551
4461
827
4463
10346
7763
16336
2494
11302
8872
11489
2337
608
2979
14120
6848
1149
8219
1030
7404
7090
13004
15565
8064
948
13101
12329
9892
15920
2515
9576
15369
140
2781
9075
12491
6373
2544
12447
15883
1974
10987
2250
4803
4962
1874
16241
10222
1908
15199
11493
10248
593
6512
11782
2891
4459
15696
13037
12566
10753
11293
13796
10561
9817
10400
3956
10207
9033
1434
12472
6748
990
8315
10095
4238
8643
12929
5213
14820
2756
10604
10944
15592
9944
13800
15940
3702
11364
7412
4379
4523
12240
10331
7247
3056
15217
2165
1418
6331
3064
7203
9907
15841
15587
15514
687
13525
52
7054
5583
1906
961
381
12006
4486
5099
7018
3704
7631
8349
1999
16002
15854
10752
5578
7750
12356
11853
8124
5975
1303
13214
14923
2018
2937
9155
10660
3257
3410
14774
11997
13298
14147
5812
920
5604
9470
11390
13779
10985
4675
9712
5401
12083
3802
9986
8435
6040
10408
12697
3169
13891
3098
3578
2464
13705
3546
15605
15564
2647
14611
14388
13088
8077
7978
7335
11945
3126
7707
9760
3271
6144
14384
1193
12016
8756
1063
3972
3518
7511
1652
13463
796
12515
6112
2092
2347
9959
14698
9401
13953
15479
15994
3756
14580
4648
1789
13563
13157
5693
12922
14177
15340
691
263
12940
10500
303
417
1242
8688
14537
10067
14500
16102
215
5026
7277
12493
16175
14852
800
14549
7556
2568
3212
4037
1367
5403
14559
3685
6279
6696
7566
9527
14418
8334
3854
5627
3809
11714
6238
13806
16110
8480
12131
6778
5181
3085
14530
5215
814
9326
781
1241
1821
13251
13533
8400
11700
10299
7581
11176
14236
5915
10912
1364
12500
15559
3749
10713
2309
12322
7509
4693
779
4958
7692
5084
1383
2004
8927
13707
13112
6948
7624
13698
10353
11566
7320
3986
3215
10093
4165
11420
9613
14579
13239
13934
15244
16177
11460
13972
16361
15509
1250
4993
7997
7499
15875
9395
9893
14780
13259
15447
5620
11829
9475
4680
1211
7327
12581
5361
12663
15766
4027
5700
8490
8902
13365
5549
446
11923
1591
4795
9674
4385
6994
6302
14692
7107
545
13512
16163
10013
12465
4400
1876
14818
3137
15905
414
11938
1774
6366
6571
6763
12128
10942
10777
2616
8865
217
7230
12817
14193
9476
14298
11637
8599
1344
12576
9182
5941
11550
2800
5097
13685
974
1886
6076
15526
5065
12416
10436
751
13312
4269
3122
10047
13764
11505
9699
4096
13787
12567
6466
9573
4072
3536
1398
6195
11783
6026
10676
385
7667
7705
6232
14658
3102
452
15780
25
9688
4642
7848
1701
4195
7605
11377
5055
9826
4002
15350
9094
6679
474
3340
100
11342
11169
9680
11874
8868
14220
3832
13721
975
5990
3470
14238
3927
10678
7695
10429
5853
9942
9706
5460
9722
7931
4499
8753
11907
15120
1446
10378
9771
6111
8364
12786
15866
12605
15249
1381
6228
7299
14313
4716
9123
10999
2451
5192
2057
3216
14520
3913
4167
11029
9135
11210
15896
698
4917
7287
6977
305
8041
13550
6343
15852
9742
8825
15681
10844
13162
6052
651
6276
8135
15703
7712
9984
14348
2703
14514
8944
2212
6923
7220
12720
3910
8368
6393
4613
15085
13418
16294
10412
3301
1736
6284
3402
8718
7776
1313
5529
9334
10873
2524
3621
12326
10065
6519
8037
9798
7831
4898
3256
3667
8419
3724
12380
11251
8986
13670
4008
8813
1203
16104
6256
15459
9821
15475
16264
12232
5005
4606
15874
5528
5562
16161
7706
8250
11645
7106
1027
12209
5348
13354
10576
5116
13793
8615
11369
14056
12471
12667
9319
14884
14626
14323
2295
3039
12623
3417
9660
10639
7507
6021
3618
16214
13633
4516
11745
5594
1878
11811
8634
8240
13115
113
2663
15983
2582
15932
7378
8567
16256
7493
3166
2485
3346
7032
3871
14416
12170
12460
15596
646
12909
7300
9802
1925
13979
11877
12202
12973
2957
1978
9112
8011
1697
1776
4055
13876
13978
14197
7073
901
2899
9370
11439
14283
11616
6454
10366
1401
14436
8069
10821
2732
3783
6658
15165
6215
10616
5894
7670
2753
14011
1795
12201
2379
3189
12658
13319
11563
14328
10868
172
2012
4029
617
7357
11144
12898
6969
3179
8802
9127
2994
8777
12499
13936
529
13535
13281
3651
7188
15639
2517
307
4581
1140
16226
13143
2367
12989
9753
2275
16153
16047
1598
15488
3959
13742
496
465
4141
11243
14759
7129
12378
834
7223
2442
12764
13200
5033
7824
1499
11047
830
12788
10003
2142
936
9096
5412
12485
10032
11513
1453
11887
9945
6952
12749
13344
5855
3612
5706
6529
8987
4664
10380
7520
13348
5757
9589
11195
3236
1900
9737
5264
9195
15383
9134
7652
11087
15748
8497
12635
6102
5845
1646
12827
7721
6182
5674
9226
1668
2659
11895
3614
882
9558
7440
3457
14981
2728
13689
2558
13593
15170
16033
15653
10550
9640
11394
3853
11927
15557
5394
9410
9804
2667
6082
4063
4674
7348
831
10875
12438
14116
13080
210
8168
13132
11083
14417
8566
9314
15654
71
2357
12891
3917
7609
2100
11187
757
3291
11332
13538
4104
13667
668
1561
10857
7355
193
12068
16085
11257
799
12705
6874
6544
9381
1741
11432
9405
11275
142
14763
790
594
15058
12145
10287
8201
12569
7411
14141
9286
14586
14753
3924
12595
11514
5350
513
16078
1022
15617
11129
5859
1052
3112
14838
10386
7685
4512
15699
7497
8415
4079
14600
11583
14402
4341
9234
14299
6034
11530
9010
12823
11658
15280
1353
68
12650
7446
3561
7265
13828
120
36
15741
9485
297
5716
4093
10195
14606
6648
14055
8851
2636
8080
11010
11988
6002
3635
4965
12392
12661
860
8856
3400
9940
2934
10370
11847
3641
12060
10071
2197
9299
6345
15541
11998
16354
9367
13271
13231
7026
3620
15211
9484
11317
16330
14058
2332
16009
10936
2898
15190
6929
8479
355
1302
13717
14354
6107
15427
12860
9030
8165
7736
3503
5561
3529
12400
15665
1062
10292
12433
5786
4074
2260
13918
547
2450
6350
11494
405
5170
8457
10775
659
139
15273
2344
16030
7641
5258
6767
3741
480
4498
8149
14528
9473
12637
4365
6044
4009
430
15071
11894
2947
5512
5820
6573
9463
2915
12454
2639
6176
6005
9982
14653
12159
6824
7025
9185
9923
647
3358
8692
14540
11282
13704
11688
12312
16310
9119
10914
11166
3287
4
13230
7864
13634
5189
13541
1991
15143
4268
13490
11045
2029
506
9749
13621
2226
4720
12179
11132
3005
10316
5373
8325
10407
1479
4535
11737
10564
15760
13975
14997
3673
14179
8930
13120
11891
12074
10056
7343
14767
16209
15174
3061
14694
8242
15154
7632
3918
14222
4643
12066
2920
3253
6397
9425
7995
10670
8922
16159
15753
8704
12550
12230
396
5245
7937
13389
1097
3857
11662
10165
14454
13581
9071
11389
2056
7477
16340
11948
13692
10622
15649
10118
12222
3521
1509
11682
15957
10919
6820
1549
5621
678
14119
705
12514
4152
2277
9833
9447
13691
13220
933
4964
11327
12129
1837
2815
12286
9348
6904
12948
3177
11729
8166
7921
4201
12887
10893
2402
5731
8658
15384
2779
7074
8575
2459
6194
8407
3135
11761
13905
16227
11665
3088
16126
8322
10860
11019
808
5806
94
5794
14651
10082
12341
4491
13097
12852
5882
5433
220
15308
3630
4597
11604
4052
14683
6850
15229
1167
9029
14194
14972
9046
969
6061
11854
2350
2586
1586
7672
14217
14469
15074
2910
14349
1320
5851
4792
5376
10130
5850
10673
7817
828
11836
16050
2248
1420
5319
1663
13999
11311
12415
1304
12735
14978
4119
4821
893
9242
3482
858
8085
4451
1119
14894
14075
10722
1864
485
16037
7031
15860
16368
3368
14577
14321
8624
13426
15888
9328
9233
8852
4069
7988
10733
7239
10470
6836
9690
9755
10087
5554
4619
5685
5283
15072
9784
8815
1811
740
2019
14855
13768
15571
6707
5993
4836
6422
4324
13862
4397
12575
10993
214
12402
9449
8734
3811
12426
9913
3278
8495
10264
12038
15378
1954
14864
14668
3604
13062
13579
7829
8090
12156
15026
1129
3659
6075
15388
5903
2283
13981
10070
15445
7211
7003
13946
2583
16147
5469
15659
3272
1482
11973
3294
5305
7189
3355
11587
13422
5837
559
11122
13983
11357
4630
178
15042
8347
7645
7739
2145
7227
9642
7821
15348
2482
3384
12184
13314
9639
10247
10935
6351
4986
15056
9843
8693
5836
11007
865
14928
11036
7092
9528
9901
11252
3000
15127
12545
15740
9396
6568
6199
6886
14151
674
5089
10654
9222
7842
8031
8791
14071
7456
849
13315
619
75
11904
15298
6603
10992
12394
2852
9212
11905
2833
15007
2591
9762
12830
16039
3307
5581
951
9523
11545
2355
620
4358
1861
9848
3502
5713
8253
3903
14115
12178
15023
13498
4490
8382
5001
14989
15299
7502
2217
9593
1883
1043
5252
5353
10227
6093
15857
3392
10524
8723
1797
9875
11953
5547
8729
15900
4157
13190
5878
4668
10320
3633
8530
13127
4832
2951
7680
14028
14953
15935
8683
8171
15965
3119
12464
2826
2543
5060
1965
7545
3779
5618
12690
1055
5230
8055
7028
6649
15599
3852
8449
13506
7734
8380
1942
9062
1461
4992
11602
4651
14547
3263
14527
14636
2553
14592
1888
9144
1512
7134
7232
731
5423
8014
6179
12250
10262
4504
15213
4684
3965
13766
3342
3490
4415
3934
4614
13464
6516
1765
12189
1283
2611
10901
7143
3994
8509
6160
115
13460
11404
12527
9800
8038
6468
1643
13151
717
11331
3322
11254
11245
3759
10225
842
9840
8003
1411
15787
3151
12521
4573
10286
3860
8452
2066
8022
8939
10726
3899
13311
1489
12659
10610
5282
9048
5591
5655
5893
6072
1342
8859
1875
15379
2101
809
12307
7529
7629
5054
11913
10613
6671
8244
2281
2230
14219
3663
9270
3818
7318
6274
8423
420
5657
9419
467
6837
11039
11470
2296
5996
11262
6018
13361
15506
5532
6672
8807
11483
4913
8668
968
12535
10545
3728
15189
9928
10477
10512
6145
7806
15937
13430
7766
1645
2323
9448
13921
3719
6391
14296
5690
10990
15688
3055
11012
3929
121
14775
3573
3911
12522
5053
5884
15823
1269
4483
7677
7383
15456
4198
5008
8422
9318
4584
11605
15872
13570
14205
15663
4421
11189
3895
14352
710
12285
9465
5614
4284
11038
12024
99
6558
2896
14714
13558
10244
12819
8471
9615
10204
5271
14674
2992
5098
9468
14842
15054
3142
2512
12267
11127
10458
10510
13467
6226
16223
8401
12675
15919
11150
1002
12742
5238
12885
14656
4854
5774
1285
7226
5872
3438
7853
15637
11974
9019
9626
8503
4086
3235
1731
5823
15259
5711
2618
260
9050
13159
11690
14356
3590
2890
6684
9933
3623
1813
12193
12421
8544
3385
9106
815
7224
9658
12719
15346
13187
3933
7994
3855
13405
9310
7742
323
1543
6303
14477
11363
7467
15735
7147
8093
8745
10738
623
15736
8433
4361
2930
166
11789
947
13678
15493
8993
13590
1865
4818
3866
11531
349
6664
11401
5105
7946
8755
4125
8924
8263
13786
4277
435
1405
11191
5458
742
4974
3319
16308
5515
3770
2358
1186
3514
12694
6091
7702
14462
8157
11064
14427
1825
13648
251
7119
9349
8007
9683
14479
5038
13218
292
9598
1997
7919
8552
13416
4789
10288
11777
7646
8434
15432
9841
4362
3455
8539
14699
4724
1791
12513
578
15516
4066
12135
8314
6841
666
15824
8596
12791
11400
3670
6794
11495
8059
9675
2478
12221
3747
7553
11430
11461
7526
4382
12681
221
280
67
310
13521
12565
4327
10422
6027
2513
9272
368
3588
2668
8957
2352
9208
5945
9295
14680
3220
378
11479
10891
11130
15029
12325
12364
14452
8705
14983
9569
14275
9842
12368
5671
7884
10688
12349
5020
5322
14574
7284
2118
1792
12943
6765
11232
12696
15518
3868
12941
13544
636
1217
15159
12238
9077
5227
3687
12291
10479
15581
7908
1061
10495
1337
423
15923
12953
13104
1484
6695
13483
4384
10611
3691
6556
14346
12809
711
16008
13645
1950
10767
7420
8604
8617
15694
2773
10319
9849
1730
3304
7382
4279
11629
14700
14144
2870
13254
12466
14493
11469
7151
16138
7747
8690
5398
11328
12229
1209
12015
9592
2245
9499
14266
3648
9663
13148
13378
6417
12517
11370
5612
5198
9031
15361
6430
11274
2514
3591
2131
9921
1219
5503
14870
8053
8186
3196
7366
1465
14461
9501
10293
15320
1612
12121
14843
9980
9915
8906
16051
6881
7448
9224
6404
5268
4010
14709
12058
1326
6692
2176
14907
6624
8720
10825
12523
967
7588
11790
10536
15325
11225
4759
6436
15528
2575
15548
6196
13504
12086
10446
1177
11774
4644
12532
3622
10469
708
2987
7612
15622
4014
1341
11504
8638
7770
13532
3016
2424
12187
1686
12536
7057
789
10721
9060
13139
14360
844
6924
8710
13024
6096
13117
8492
2884
7206
5131
12975
11423
3836
4087
2303
15216
3611
9141
1666
14419
3758
13413
7358
13194
15028
6843
15331
2848
12997
8989
14675
1102
6775
10023
15255
8015
6059
1478
1863
10570
5338
6265
10197
6687
4112
14061
3436
15939
5998
12366
7455
4366
4852
12412
4577
6035
1805
14992
6727
13834
7468
6902
4291
13438
2914
11056
12652
2429
7190
4299
14543
15962
445
7451
16243
1147
12847
5776
13680
2122
4843
13443
1590
13731
3311
5931
4137
11069
11529
4231
13519
13436
2495
8123
6683
2712
3022
10058
13659
2906
11151
1938
6644
7691
10689
11032
13719
3492
11128
14312
4730
14263
1308
1252
16036
312
13605
13522
13508
13198
1182
5335
16194
4423
1257
5307
10807
1069
110
11759
6140
8757
15471
11871
4425
2866
9188
8397
4414
14548
14084
6535
13596
2179
11340
3541
6349
5379
6496
6121
9602
4636
5725
6912
11643
10926
12359
12348
418
8261
10859
12525
244
13733
9998
9919
11148
11821
7700
7669
6178
3097
4347
4312
5007
234
16189
10077
10719
14034
5984
15828
6490
5386
965
9068
60
10549
7081
917
10352
4434
10547
13854
15930
15426
1554
15171
1171
13899
9193
1593
5890
8853
12116
11054
8107
7676
6462
11802
7144
15545
4381
7228
11966
4427
9472
8570
6753
7952
6563
8264
5989
2146
14742
8070
15310
5552
1180
12317
15790
7103
16236
15531
8597
5571
8269
3336
3608
14062
2529
6992
6967
8327
14480
3009
14382
6901
7551
15598
9399
589
1000
12916
8775
1896
10709
12839
16181
2049
11842
15870
4961
11147
11234
1492
4685
11024
16093
3939
8674
2847
11142
12231
9041
11743
3966
5539
1134
2511
11299
2407
11818
9240
13010
15966
7104
3284
11577
12547
12198
7072
14295
15435
10239
3563
1533
4352
11533
8417
2060
11787
2187
15274
2267
8577
4967
4558
6990
9268
4908
3320
6497
15862
7110
436
3162
1184
3566
1349
15209
3062
6051
15778
1474
15408
5646
16167
13682
15503
8119
14490
12748
6795
14993
4438
8441
1001
13580
2873
7651
11875
6288
7790
10790
11520
3086
13067
7557
15784
8505
8448
576
2339
13058
7201
8237
16333
14065
4878
5446
2804
15068
14160
8773
16013
2588
8833
4536
7207
9186
6697
3550
2175
1402
15062
11672
4207
9611
5346
15011
13325
753
13085
11227
6939
6451
3878
14488
6299
12779
4598
15405
10085
15676
229
10725
9005
9704
3315
11659
11124
11276
2715
14029
11986
15709
7016
8341
1310
2761
15704
12029
9453
1026
5257
1003
10668
5703
6328
14231
14090
2682
4174
6982
4710
5339
365
7367
2127
16186
9283
5622
15647
7936
3043
4540
6870
6171
2625
8506
13213
6618
10397
6713
11050
9081
9149
3359
14770
15396
2531
1315
3111
4020
4188
6292
764
2925
8796
2489
10562
13959
10
11943
3227
8362
15395
13808
10866
11984
11852
6507
13461
3159
9661
2995
15836
7716
16003
4371
14666
1164
7658
9950
3429
10705
16123
12743
10911
7289
9488
14613
5936
1042
7684
466
9291
9549
5654
12357
14018
7939
184
6435
1949
4053
2817
13536
8499
15204
546
7522
15656
9502
14420
7930
12739
9656
1223
8996
13332
6637
11373
6439
6186
8402
11765
4075
13853
15595
16063
15128
4105
3362
4391
15098
14641
9400
4866
1961
9955
5343
3188
14588
4740
9250
8247
5495
6788
14226
3131
5619
6400
4153
4251
12589
8992
9571
10539
10744
12603
6857
11111
37
1396
472
6380
6540
13208
6925
6185
16382
7379
14571
9961
5842
2149
15222
8788
10492
1451
3977
14367
3259
1307
9891
14526
3265
334
16092
7306
6431
15080
4756
12339
15949
10014
9057
8967
13699
12118
6777
5789
8554
14899
9854
8116
5187
12766
12445
6619
15522
823
9331
10301
7562
14048
12450
11825
3823
3834
3829
15890
9768
4346
10728
14302
11441
4754
13095
10702
9435
10373
4023
12370
11567
8553
7725
3230
9105
3440
1885
2170
6798
3534
7810
7786
5741
12328
2752
12539
6250
16377
2167
2373
12113
8235
5015
14178
14216
10236
14211
16165
4681
2967
4264
1049
2502
7055
1155
14013
2351
2620
16
14369
9966
10641
4240
8956
9513
470
12383
8132
15769
11382
13249
8333
1408
14925
15327
15167
4655
13759
8020
5726
11448
14670
11576
9229
15568
13201
11932
391
4424
5078
3777
10476
1015
5056
9194
9078
8131
15877
10587
12205
1951
12278
14583
14614
154
2689
375
9150
7767
16124
8772
15674
13215
2849
2657
10178
1083
4050
12639
4449
1020
5070
6858
14430
10810
12824
232
13794
9879
6399
1036
15552
9866
8733
13586
6069
15477
8623
10134
9584
1676
5117
2615
10957
15377
2408
7589
12296
7923
8054
11589
7340
2111
5885
14927
12490
1336
8295
7483
9790
4458
13123
13046
4114
14732
1576
3113
7130
7847
12462
4815
6267
4113
9825
6736
6808
11031
14517
9379
12277
8981
9702
5814
15597
2597
1685
8691
5807
10882
1694
2380
6819
12502
15455
13600
14771
6492
2265
13274
13896
1099
11100
5602
16061
14463
9263
3948
1857
13257
29
5805
15808
15452
15286
12836
11011
9221
16148
2559
6409
8652
14512
5626
11323
14707
7539
11298
9667
11177
10894
8068
15373
6868
8616
15987
7693
15087
9495
8204
1332
5166
1101
2569
12892
13414
12942
3210
5780
14839
1433
2807
11491
8526
1386
3715
10303
9890
15801
12204
6577
8908
12596
13569
15492
4465
4041
212
3261
10761
407
1227
14507
6675
13892
14664
7325
6359
5665
11365
13732
4952
16339
10191
8411
8176
3148
10123
4039
11086
5051
16215
10061
8524
1331
6260
1704
12708
11588
5520
11849
11040
7603
6626
1915
11171
14066
9451
10506
16268
7186
8606
5308
9454
6324
12000
15954
9477
15118
5396
7754
13287
12740
6686
9309
4282
15376
15869
11555
15078
15230
8
10260
9647
8216
2445
3906
15436
14819
13812
1009
11215
9025
1166
6503
2798
6635
6378
5917
3456
4575
15431
3013
5034
10217
12968
744
15317
4753
10633
16220
11992
13429
8562
13299
4426
963
12243
10924
1309
1529
7069
14703
14518
7361
5118
5094
5102
15004
12031
16155
13881
7759
913
8101
10684
12374
10052
15354
13672
15934
2545
4015
12480
8177
13539
13407
6383
6105
6298
5371
14067
11669
16137
12442
4300
3192
8842
4810
9791
13681
3211
1152
6863
7316
7162
10328
10356
7002
15889
10450
10363
3386
754
15543
12893
3370
13236
8669
5301
7380
5756
15392
10258
12548
13177
5661
12881
1994
12872
13770
4411
6126
12174
15835
3813
7628
1628
11867
14373
1971
11674
9132
15328
3538
16261
3914
2269
8238
9758
4175
16134
921
6106
14023
11196
479
494
1075
8289
4042
14890
5178
13423
2364
5269
5234
3030
14556
13179
1779
684
9590
1204
1777
16298
10066
942
13051
4090
4578
6762
10220
6954
7437
2382
11301
1614
15333
4285
3664
10612
7907
8450
9788
1021
3133
12452
7403
14874
7438
5136
3247
4046
10657
14315
14920
7674
10188
14164
12928
873
7389
3689
464
7166
14729
9697
13419
9633
9206
9129
6515
3273
9708
16345
11768
3850
10381
12223
15626
3650
16132
3867
8260
5916
9612
4552
8051
2135
7070
13859
10428
4360
7097
12960
16364
6047
4994
11556
14256
8517
11450
3047
4983
972
7982
12913
5265
5459
14138
6660
2680
12984
6407
6128
13186
15401
15151
9516
11265
15394
8938
8626
10981
15084
16180
3678
14385
7963
1471
1202
15809
13637
4243
7975
15278
5710
4915
7041
7999
2308
3228
5979
6999
3229
3045
958
1325
9225
6718
261
2973
7620
8466
1597
5793
13841
16255
1941
2981
5603
10142
14303
5294
2314
1535
4546
2238
1595
9796
12524
8202
8113
616
10308
8167
7017
9500
595
10055
10949
14824
13677
8696
10031
6055
14661
11722
8199
9929
9606
461
3593
1222
3357
16304
1717
9380
721
1803
16043
11194
12542
15063
9620
497
13275
7704
3491
6449
2471
505
8769
11843
8205
5016
9897
243
2952
14578
9772
10437
10169
3727
9273
4133
2747
3020
7792
11384
9280
10351
16099
7657
902
6900
7779
14251
1605
2247
13944
3984
10758
9450
11572
5172
696
10685
3448
9090
15916
11916
992
9744
1546
5798
15240
2079
12799
7381
5527
6814
6174
3121
2936
15520
6719
7546
552
3173
14785
14433
15232
6269
2386
5080
1112
3048
10433
2207
7916
7453
9743
13453
1681
11996
7234
8655
4767
13260
14050
4056
95
12397
7582
13781
6940
250
1755
6773
4457
9609
8633
11486
5605
2923
12280
12241
11893
11668
3579
5062
1844
16348
1564
12686
12862
541
1742
6806
3627
998
14087
11294
5225
4433
8232
9990
7291
4916
1827
5607
11711
12725
672
14633
447
13500
10711
9487
11732
5486
10124
98
15113
14485
11309
15646
8542
5448
14101
14702
10214
5126
5808
149
4209
6888
6984
321
15767
7164
9247
6741
1918
13966
15519
2203
1430
1357
281
7753
10420
5045
3224
14421
14991
15909
11261
14886
14665
3321
14239
7243
7924
10075
5366
4583
12486
5557
9957
13276
5972
4123
8828
8726
13687
12098
102
4060
3115
2016
2412
7244
1819
6450
4261
9458
7038
1470
7402
4999
83
15773
748
5934
9421
14650
7254
180
14260
12843
4934
11527
11105
5966
7738
1161
3946
3628
2491
10062
10874
8903
1655
3109
6769
6981
2158
1692
6823
2454
11717
13617
1266
3117
3960
6103
11551
11476
16198
14113
1836
15849
9284
168
6539
13573
2139
15066
6936
4262
12463
4565
10387
12683
13915
2840
7990
12741
4893
3110
4054
3863
639
6131
9440
14638
11388
11724
13025
13655
1616
1927
7537
7071
806
14466
15003
13603
1221
4669
314
14887
2222
10120
9537
8057
9344
6842
4616
7533
3801
7947
3845
8200
12290
4976
9360
14241
13270
11436
6346
2325
13093
9407
13484
2148
6809
3445
11231
528
299
2075
14719
11020
10627
5909
600
2839
6931
16273
2883
4514
8065
6546
7286
8712
6358
1589
12208
4940
13301
12508
3476
4040
801
10980
5502
3893
10991
3331
1371
1127
7822
7918
13317
2805
6950
3024
12052
15570
1680
15307
9054
15223
12530
6337
2881
5190
7639
11014
4369
2188
9505
14688
1038
5692
1188
15352
10090
7735
4435
13728
11694
15006
9521
10899
4272
15956
5347
15214
7971
1082
7118
4594
912
12151
14293
5046
15036
12889
16230
4649
9101
15185
7064
15484
12054
7883
10715
14476
15094
5018
10147
8531
5004
14862
9506
6821
3995
9711
10818
9664
15356
9163
2787
5014
13372
11642
13164
16232
13977
16235
10850
618
7967
10020
1033
2236
9559
8493
15323
10969
12921
2463
7715
4571
15903
759
8579
1657
7722
4095
1218
5203
6566
6124
6208
9575
904
1534
10888
4622
5682
6079
5738
1306
11840
434
6310
3684
12477
6252
3625
3707
1637
3754
6911
5332
325
9042
9391
10580
8595
1898
7909
5623
10789
3084
5724
10535
1843
7241
6869
6222
10100
1814
16145
760
9632
8284
14678
7764
9884
4886
7046
11188
13961
16372
3083
16277
4623
3938
14106
16275
15169
7079
7433
11742
5525
14092
16164
10841
6220
5218
11067
13949
3790
1245
15633
13646
7187
5574
16017
14146
2757
9969
3424
13288
840
11838
2730
5634
1806
12405
657
16121
5764
8568
7392
3473
14856
2842
12552
8344
1889
2280
1748
4210
2375
15050
3269
10742
10840
11434
9914
8391
13932
9079
4797
16112
5888
1713
13345
4902
12011
7505
5364
5354
218
14933
8589
9818
10250
1392
1480
9329
12172
6009
6089
9099
13154
14564
11910
9089
138
14286
13610
13038
6909
10285
2818
6326
13444
5555
9371
2566
795
13408
11813
8586
7282
1714
3992
16356
6617
11468
642
13588
15474
13716
14832
13452
5330
6202
16038
10484
11912
13166
15980
685
15041
13726
2261
9287
6472
804
426
8766
8381
10041
3281
11822
10624
11108
602
4920
4239
4682
14794
4948
11598
3372
6639
6636
1718
3308
631
4110
13988
13172
10275
11964
15976
5374
13250
13843
7749
7216
1145
15865
205
5516
14413
5784
8780
16188
15619
4115
7049
13758
1092
11586
12633
8806
8843
3639
13367
15450
8272
9128
6873
15641
607
12821
14746
4301
4709
1299
4118
1851
15672
6389
1437
2151
9073
6983
449
8082
8387
14795
16146
8557
16281
12699
9703
15046
14553
15804
228
1417
5432
6545
8500
6630
13346
8498
10948
10000
8912
11808
4256
13380
13421
15953
7968
3422
9446
14423
10682
9603
2725
907
13836
11534
7740
13357
5718
13305
14063
1445
16242
15628
12425
15586
10069
14740
7313
7042
2822
9820
10917
8760
14154
9252
13424
11442
12005
177
15573
16305
5957
9954
3822
15968
9312
1548
11519
7751
1150
16027
8686
2791
2658
16170
13360
14757
16371
12900
12952
2419
4306
10498
11456
14259
11880
8104
2609
11920
15389
10206
5688
104
3615
11347
10425
14648
8145
10029
3144
13598
338
7174
5556
1071
585
9243
8160
1064
7525
13487
899
7198
10861
735
15683
14963
12604
1809
12137
6680
14649
3817
15775
2875
12494
11106
10541
6747
12376
8316
12126
1828
15305
8153
6029
7331
3793
13826
14129
4534
7854
13831
2679
15168
10418
12136
11152
4477
15671
2074
6446
15334
14410
9694
15572
2023
4332
3028
11873
7711
10734
5147
12978
12482
9462
72
8121
5262
1404
10103
12863
5207
10664
4553
9536
88
15160
7656
15907
11222
11526
12761
12963
8628
5378
5783
15180
32
9766
432
3129
2555
4250
13366
11946
8339
15796
14764
6316
14776
1893
5947
5653
15566
7005
14786
8799
714
16202
1528
1970
11203
3831
3214
14380
4779
14237
3437
4270
15737
783
13827
2656
13471
13
891
13774
2472
6728
12434
3373
2091
13401
9259
566
11644
11564
13495
3643
1818
3155
3051
8917
9172
5360
15306
41
12149
12022
6771
1005
15478
4100
944
4185
3496
11397
12680
11816
9118
15420
4304
13147
9943
10423
568
14589
839
12220
9948
12851
13049
2477
7527
12279
15188
7687
10019
8535
13072
13661
7777
15104
2251
12949
1541
5209
6846
10623
14247
4511
7860
1756
10392
8664
1068
11553
13246
15014
2088
13212
1037
16044
2537
8406
4970
5184
6882
4106
5411
6437
4030
1239
7077
930
14784
10177
10322
6120
12625
8656
12962
4420
10154
14336
14037
14335
6933
16204
10290
2008
4704
15161
6813
6251
11706
10237
3305
527
10092
10318
12730
11705
640
16025
4094
12289
2218
3414
10822
7791
14976
15393
2052
6218
14504
13020
7245
8537
1330
2665
14121
3694
15594
2096
7208
3052
10283
6770
1871
9297
1334
1986
13398
319
55
3034
5779
14503
11034
2755
4405
1698
3426
9511
13238
15911
11652
4403
6521
7266
12979
3442
6956
15136
9269
11584
3761
9007
648
2717
130
2446
3002
10608
4476
3980
13061
8392
10089
4378
11412
3479
15341
15499
8097
11628
15235
4430
14070
13996
16026
16058
8578
2241
13784
11496
5021
15315
192
5988
9811
15664
8869
16373
2439
14093
4996
12249
14099
9721
8771
16117
3074
12106
12574
1286
14272
587
3105
7200
2780
11134
3205
14180
9232
1754
2879
1644
14181
5600
962
4006
4132
8035
4249
10737
8880
3398
8697
9063
10297
2888
916
4456
1552
11565
6805
7660
14447
2645
5024
15938
4342
10345
4538
6458
11756
5826
4190
4334
2706
16135
10838
1688
4859
3647
8947
7578
14475
13929
13875
12798
9691
2192
2154
6243
1975
12217
12619
2945
9170
4032
15847
8196
6133
13727
8095
4579
6193
14401
15611
14917
7532
6068
2734
6834
9727
9574
11624
4038
10910
5920
12176
16068
12269
10043
4775
13163
15311
12864
14096
16208
4814
15386
317
16010
13092
7001
15912
1196
1834
5816
10115
2410
12012
5585
351
7844
13927
14496
3915
2449
10986
7009
2897
5632
12546
14635
5391
16054
11579
1594
13397
4286
11402
8536
4507
6938
3964
15580
11182
13334
14199
8997
13351
4160
9294
11444
4343
15468
3520
10050
3816
11316
11497
10582
12398
5337
2652
5462
16114
2633
14471
5641
9183
2938
10823
15231
13674
15608
2070
477
14468
1722
10111
5584
14533
13161
12413
12668
10839
957
5717
2481
15283
6433
4936
10330
14242
4219
2643
4778
9001
11593
8125
6152
1945
10024
347
3672
6752
13641
11057
16282
13595
6517
2693
16306
11908
1048
11248
11691
4364
8918
8489
46
309
4654
5813
3725
15746
7309
15652
14344
13478
227
5628
12594
3923
6612
9093
2416
6296
4331
3788
15991
2722
2484
11286
2466
1305
5902
10039
5973
5229
11387
7809
1772
10854
14961
13683
16122
11778
12829
507
14830
3388
13313
7486
15982
13417
8027
5012
3341
12124
1565
4871
4464
2877
11300
256
14499
2993
6642
3096
6333
12813
1566
12638
10523
9032
4177
1295
3099
10579
11
13136
8538
15687
12846
10697
3950
12980
5387
6159
1904
9176
5648
15995
9916
6309
12210
10367
10273
3617
15820
6574
7808
10760
8192
4884
10074
2943
11051
6467
14248
3207
16379
11766
10156
5399
3610
14748
12904
16083
8416
7516
12353
8012
14271
10902
15016
5425
5476
3970
5624
12726
2594
12002
5504
10343
15086
1639
5466
13206
7109
2837
4930
4307
12115
9471
5792
2409
14319
9924
11620
11511
1600
9043
11841
4508
12682
6460
4867
3023
6826
12420
5115
16314
10513
679
10971
5841
6722
1136
4065
13987
4772
13956
2917
11070
1689
4801
6832
13012
6447
11544
11429
7365
16066
7781
13486
5293
4944
10792
3562
1981
10432
10788
5801
1291
15981
8313
9330
12335
15536
6480
23
14244
14945
6987
16129
440
2393
7105
4853
9058
6749
11198
14684
9026
13052
10305
1141
359
7312
7339
9601
14561
382
3180
14234
2031
4941
7635
10442
8470
7193
134
10129
12673
15906
9995
4445
4206
6576
695
14809
1740
15701
14841
12507
9812
11312
8252
13910
3472
803
209
10712
2602
11216
669
4410
10344
12227
9431
2422
12276
4847
3581
4140
164
6148
4162
7432
5010
4887
9017
6153
1508
8901
15825
9091
12034
8332
10173
8645
9483
2113
7637
14086
9814
4817
6236
4813
542
1880
1382
4316
8543
11523
5443
5797
11735
11392
2273
12559
13971
11325
5745
3958
1174
10645
14443
7370
5173
10064
970
14857
8262
3466
4933
8549
3879
10101
7418
7083
8742
3251
14393
870
3730
13775
9116
15225
13074
15476
13542
2507
11650
6654
10953
3354
6149
8973
2745
14442
8372
996
3182
10105
8287
3441
9830
7039
6150
8999
5186
1457
4671
10360
4848
6759
3517
927
4524
7619
11079
12528
6702
4232
3082
2068
13954
10577
14951
1207
13722
5107
9011
3512
13390
645
1488
13086
2253
2257
13820
11437
626
13510
15419
13623
1235
1110
5032
4303
11614
16258
11748
9415
7730
14290
1822
11291
11013
2740
1040
5847
7590
6261
3383
15126
682
791
12955
5721
6957
4662
12919
2041
10311
4539
6062
6733
8212
5778
10376
7417
11917
8047
13549
6315
6526
3507
15593
7878
10002
5609
14359
16210
2396
1963
15010
3252
13170
15433
9883
8647
3545
10493
5159
6412
15745
5923
7085
15553
174
4554
10277
15208
5669
15081
8642
12017
8936
9467
1641
15184
15744
14253
12746
3275
1800
6084
14569
11673
15691
13711
5858
10963
14944
9643
3059
586
12656
13631
11791
4845
5191
3175
3601
4673
4750
14958
15831
13145
12774
11303
7917
12458
10814
10945
390
2389
517
6158
11686
10157
8385
14716
561
1923
2504
12162
7160
13868
13782
16166
12920
6783
5652
13830
11625
14358
1047
15758
16049
8681
5086
15178
14689
14429
12389
6396
12868
1159
5090
2695
14030
9409
12631
1770
10025
14042
15387
6170
9756
7217
10190
5668
14640
16335
1387
10540
4766
6789
4349
670
7504
7027
11406
2022
770
11391
1542
8876
8776
16321
9681
15714
2387
9581
7648
11666
13919
11613
15908
9256
3820
2733
2282
1251
3270
1909
5895
12503
5854
2189
9117
5358
6285
13609
9672
13849
5749
5482
3150
10383
13952
11091
4116
13432
14069
15391
7045
10194
15895
376
12304
4305
13560
12138
14551
13256
12775
525
10740
6872
2794
9159
15192
340
11425
3366
7761
5831
13283
5455
5684
15967
439
8183
15101
2795
14908
1712
10546
7663
13608
366
10487
6876
11112
12538
5464
10679
3743
13350
11074
2626
13451
15955
101
11632
8602
7022
14847
12197
9735
395
10113
4246
8324
14268
2963
12192
341
7259
987
7460
16318
590
16171
4180
16196
4787
5077
13662
5752
3851
9355
9682
2258
14511
4111
4173
8934
11348
605
15351
7623
8366
14068
427
8369
7304
579
4856
1522
6479
6390
2921
5251
14103
5130
3967
11687
5155
15590
9809
5392
5156
16064
13684
11971
3847
8190
5194
10552
6248
10140
14282
2042
9514
5598
675
12381
13034
13650
11697
4744
15655
11484
10614
4413
10143
11121
4487
6757
266
5548
9175
8875
7210
7373
9460
10338
8048
7614
15763
9792
1921
11408
7004
6670
11797
8148
89
9659
4501
6758
13060
13527
9847
7010
6674
15772
14822
12553
10975
4891
15129
6598
2017
9657
8576
13031
7051
12127
13702
11655
14143
7979
4882
16290
1216
12498
7840
991
7922
10317
5370
4409
12385
2707
6602
3500
11537
11817
12615
2289
13755
12987
3066
16072
5449
16381
5760
1375
8254
9900
11090
13989
1660
15269
8426
13297
1456
3167
12877
2162
3904
12992
7268
4367
7650
3644
12248
6916
1621
2467
12428
13967
13118
15978
6776
14255
6080
7769
9414
15233
11979
1502
2045
2333
2216
14139
14741
10798
558
12666
761
14906
15576
3693
2845
3810
3164
9851
5216
5255
9139
16133
8935
8782
3316
949
12295
890
14690
16015
403
12263
2152
4888
662
370
1050
15859
3065
5564
10998
4590
14576
150
8963
5104
3803
5368
821
14397
12560
2723
8042
14289
13908
13229
5141
8317
14772
11798
12105
14365
7942
2438
13592
8887
10858
12709
5435
1538
12834
3865
9747
12998
9107
9428
8550
12643
1355
4796
6541
11084
11355
1649
12541
10806
563
7675
6211
8587
2313
1794
14394
1372
6495
7324
7802
12803
10427
248
7480
9951
8474
3947
7231
14529
6286
11009
6708
11525
13833
3193
14033
10903
12308
11395
13303
3183
8534
5025
15600
15141
10528
9459
2174
6414
11925
9006
14040
12977
9416
10127
4605
4417
7833
12715
11159
4659
7703
15253
6915
8335
16034
12561
5483
13318
6241
7843
4530
10517
13706
13232
5385
6217
8610
11510
9035
10483
12689
15891
1507
9358
4957
11078
11270
277
1409
3019
11464
8750
8873
2030
2120
4150
1012
1684
14629
5795
13664
3556
11571
14206
2684
7528
1469
6157
9197
13169
13131
2388
11972
11290
7080
8488
11626
12531
9162
5380
6428
9813
8641
2039
15182
8309
1998
15574
16267
12155
1577
4408
9378
1053
13278
493
179
10872
2651
14353
2688
4712
8346
514
10349
14456
7932
10114
14449
15856
15567
15668
16249
14848
7543
16087
14966
2966
13396
11660
9824
1440
11851
9911
11833
6640
10508
3091
8412
14872
15754
4047
12044
7409
3600
9599
10276
15612
14015
13044
9352
5849
4467
11346
5146
8180
15238
7548
11970
8905
654
8763
1724
11942
2413
6014
12448
15922
3540
9540
15858
14386
6693
14789
13273
11772
8751
13974
8502
6354
156
1369
10203
7332
6895
7125
2115
337
6108
2956
3108
4419
11959
13431
7998
6866
7091
3697
13073
5871
13121
9356
9956
3636
2200
12570
10771
15700
4735
10663
1137
11304
2874
11058
11178
13501
3675
9845
13102
8898
10831
12509
15515
3369
2087
1192
12630
4172
10876
14274
4924
10368
2259
7586
16244
10907
1557
6116
3038
12785
10326
7400
6135
10149
13653
1948
14355
3116
5145
1939
6666
126
7825
8977
13526
5110
10411
444
7771
1746
9724
16365
13938
10759
13048
6004
11585
10201
6553
144
2604
5167
11924
4431
4733
5875
7482
15969
4615
6945
1340
10460
13363
11635
356
7542
1523
12342
15336
5611
1763
3551
1311
4156
7577
14693
16105
12057
861
10339
5154
864
13994
15343
11374
8792
9580
8790
6549
14697
2901
10774
13789
1054
13627
6760
8910
1810
12811
3524
3435
8358
12112
14392
5625
10160
3146
8580
13425
5384
11868
3427
2701
6685
13222
3973
13439
6906
9213
15508
7115
7260
13997
12876
7920
995
13435
2073
4969
2564
6510
6607
12641
16303
357
9548
4045
12692
6387
10834
15928
10658
10542
11229
2666
12324
5577
24
10478
8618
13450
14895
6413
12844
3330
15677
13850
15335
3050
841
16206
8023
8871
5658
7093
5969
8523
8248
3201
11271
5044
2721
2648
5075
4204
9989
4131
15642
10884
8942
8218
5900
15064
10799
14478
9207
16355
3430
2766
3018
11592
16187
13412
4479
13304
8043
3335
5382
6662
4909
2293
15730
9457
2571
11667
3595
11021
15117
7345
13492
1394
1113
2220
9190
10324
8214
7604
6147
5224
14632
9971
8373
16041
13324
6048
14881
5349
9877
3535
330
15000
128
4860
2385
13848
3221
4800
4436
13427
11015
9512
5914
12043
8323
3069
350
7292
833
14973
7491
7993
3123
7464
7466
14406
10554
13368
4522
2924
7283
14400
11428
3475
2718
3547
3389
14098
8649
1028
12365
3463
2854
9964
10037
9541
6532
4880
5848
7683
9491
4220
8473
5066
854
14235
6245
9191
14509
11192
14277
11698
5809
13911
12163
12146
12671
888
3631
3841
9698
12624
11080
5956
14791
7561
13040
12056
135
16162
15864
1665
5596
6851
6470
1271
4399
2488
4432
10906
389
5
540
13459
3624
8861
9363
9930
862
12512
16269
6154
15800
3208
12264
8711
3632
2671
6502
11879
13084
851
4439
10908
4790
3483
3478
3439
8233
5867
7584
9918
1563
12255
14901
8363
16231
15702
973
9072
14673
2628
5037
12754
74
836
9169
1076
13846
909
7607
14396
10181
16073
11799
10365
6960
238
8521
7530
10426
7179
7141
4392
12961
16357
9738
4296
1860
6914
278
5174
1881
2584
4864
11940
755
6362
13640
15157
10943
5686
11618
2546
12293
10511
9816
11848
13001
6989
11741
4719
6980
15285
1143
4973
10208
10525
10881
6221
630
13386
14808
9604
10607
1125
1798
2405
8017
13780
10125
2263
5712
4310
12618
2902
7950
928
543
518
9397
782
12617
8006
5824
11016
1745
12621
3501
1454
3785
2383
9248
15330
14936
2961
15112
5863
12861
3469
13530
6833
12795
10572
8276
10695
6006
1388
15817
13310
5261
4701
8032
3461
10012
5762
10743
6330
9390
15370
7155
10754
11574
12479
12081
10080
4707
1725
4927
9627
11958
8141
14094
16299
13666
5997
10605
14956
1301
16233
3700
4497
952
5447
1625
11903
5559
749
16012
13537
4230
7871
14669
8420
6934
5832
16315
12890
11341
3582
11991
13165
8774
4455
13326
11353
1769
12966
241
7881
7880
6297
11099
8982
5275
2547
2821
10628
8679
304
12988
1300
9412
7784
4387
6141
12572
724
2572
1153
6614
10480
5815
11627
869
14773
8173
8812
16074
7337
3699
4200
12272
5811
5644
7686
15270
14372
4505
175
16016
10421
11042
6822
8823
663
15318
722
15723
4183
2089
109
14195
11104
7793
6883
1559
8591
1578
13262
1536
11882
785
14389
3031
7470
13279
8916
5267
10636
2735
6045
1029
187
6681
13070
4634
16288
7596
6277
4946
10112
8455
9765
9147
16326
728
14264
8632
16141
13543
1702
6973
8719
10847
4044
12592
10904
7892
10581
16065
11713
11170
5522
12724
15363
15632
15463
1922
13668
2913
15191
12051
10960
15397
9504
15290
2965
1208
6097
9552
10835
10385
14696
1859
14713
7181
15783
10049
14316
10011
12554
11376
3738
13958
11072
11828
1090
6740
13469
10965
13295
13723
2311
10180
3682
10710
6455
9652
2081
1424
12143
4738
3172
3241
6164
10240
3001
13613
950
7385
11037
7593
9452
3909
3760
2638
3844
2593
6988
14457
12388
4259
3889
3198
3888
15245
3187
1715
6908
2470
7176
10431
3125
10108
8091
1066
8154
13697
1004
4203
9723
2983
524
11338
8789
3486
15742
1596
5579
13928
1560
13686
5590
5377
13475
14865
9261
3774
5127
1146
12924
750
7748
8824
7960
5769
10219
15781
11935
11897
13628
11993
7560
9258
13240
1784
15313
11162
11770
13518
1273
264
3773
10592
15697
1987
1135
11884
577
15657
6064
14059
10448
12111
1058
15288
9180
9027
8831
4608
7139
5478
3213
13751
14000
14877
1105
11827
3926
8560
5922
12857
196
12070
3798
610
16084
580
12965
1389
11321
6953
780
11749
16272
4870
7297
1545
5541
2062
7857
12350
3585
3460
119
15219
14734
4422
5484
13258
12424
4412
15660
6677
15698
85
13822
14089
15194
4398
9545
1243
12114
11219
5452
3244
8994
6721
15675
2278
2255
12025
3646
5650
2233
6570
9022
6465
8504
13376
1056
15751
7636
8288
12845
3481
2381
12983
2673
520
4144
4122
13995
11244
4576
15119
11866
1481
2548
5873
10255
11098
8108
13391
1661
1901
10827
5606
62
4377
16246
5750
8224
7303
12732
725
13737
8881
259
9967
3642
16347
6494
12358
11503
4774
8009
14140
8305
3930
13228
11921
4024
12549
10750
9649
206
3011
11656
9997
12756
11277
6584
12235
4484
9763
300
14601
2210
11141
5490
353
2455
11850
7765
4043
8231
9668
8800
16320
938
15562
4689
8210
11119
7481
15827
3792
328
3953
6411
1376
15879
10533
6340
3696
8565
5513
254
1833
5042
1477
15768
16081
3944
48
10704
6829
2116
534
2235
10332
2816
3665
6229
8556
4979
11600
2829
181
13289
12079
10698
12
3165
2862
13524
11337
10749
8084
539
15705
9074
11775
11896
13785
3606
12010
15481
13797
1749
3539
7037
8810
690
12884
5694
13865
15047
7249
13871
13823
6104
8115
14952
1487
15881
12818
6189
3669
11107
12533
7756
15974
3428
16190
12336
14078
15137
7351
14125
15583
14006
879
9855
11172
13845
14009
3589
8665
15710
16239
16367
9583
4873
13455
5567
2231
15749
161
10038
15851
14846
1944
627
10871
1220
8230
14148
2955
9993
274
5402
6975
8296
1132
5887
4925
9797
8246
1877
6589
15830
16048
8268
14257
4997
4396
13855
2754
12832
8804
14258
14458
13935
16362
5775
11611
12982
15099
4070
15083
3858
15680
2040
2508
14288
14343
6320
4840
311
7369
3925
10977
11027
14960
10481
13620
5359
8511
384
13302
9586
14639
1943
2214
2629
4743
14572
11870
80
4001
13734
9686
14902
2298
5067
2876
9650
15610
15950
15297
16179
15795
9746
4626
14885
5324
6745
9439
8966
4348
12679
7459
6548
2064
1253
4889
1510
15257
855
1653
7364
900
15525
4048
15556
14659
12597
573
14381
3848
4236
2685
15718
13760
12488
7757
4083
1674
14405
10707
10294
2297
1088
4895
14726
10496
6632
6591
8844
1016
6392
7149
9983
2496
2603
4139
10018
2660
5422
9687
13340
551
380
11636
15811
847
8133
13066
3344
3979
9673
4922
3394
8965
146
3971
15398
14615
7275
4966
7673
14170
1952
11929
12401
7368
775
11004
15105
4696
2905
7229
13894
14246
13986
8004
3285
15682
7895
4328
2968
2461
2130
14342
9823
15894
3729
1347
12814
9015
6368
16172
11889
298
15019
5393
14722
13547
5071
7867
13778
374
14162
3290
13856
8888
13943
13874
11097
15013
12723
4130
3596
15344
4593
15303
11474
10133
3446
11885
2326
14974
13703
31
12199
8330
13709
11082
11307
2790
13347
7943
5695
6101
5500
8613
12994
4617
1648
6691
6008
4874
10327
1495
5083
9369
6426
12914
12540
3008
4061
2082
9889
13879
5180
9181
7565
1519
9556
4975
13333
8463
11465
8722
11928
13255
10434
331
5631
1425
11154
1450
13647
10634
14265
13224
14027
11043
16342
9122
4660
13428
5242
12213
8678
5971
11026
10951
12835
13028
5468
2468
13913
6884
4470
7508
14347
9881
776
6039
3497
720
8375
6491
7494
2953
3940
3377
9912
7795
14374
12878
6074
6536
5508
5840
11023
10537
2048
5489
5510
7666
1869
8338
3508
3306
15115
4493
5300
4872
8677
13269
6478
12258
8356
4580
3645
8485
1556
14587
1872
1930
11795
16120
14781
14465
15901
15621
7903
10184
12529
10677
2011
11734
1636
8532
3821
8975
8515
5100
792
15248
7913
1993
3168
11909
8221
11164
12626
11313
14276
12613
8128
11334
4280
15972
14805
9917
1226
7078
768
10490
3968
10355
5586
10211
3356
7135
1275
3089
12956
713
11621
14083
14207
364
1976
13799
15032
7814
16289
9114
2731
8937
8207
6903
9887
10735
2948
13191
5273
8920
13441
13611
4161
404
12695
3487
13266
3532
9200
1956
16360
14721
9665
13140
8446
12896
4548
9985
2178
922
9856
3987
7549
2287
7945
5142
12609
13382
2294
5533
5737
6169
7807
15792
9538
14539
10507
14300
14679
8110
5610
3489
9055
10644
9651
6802
13253
13493
6498
7182
3407
16071
12927
14317
6060
1706
6262
15695
2823
9382
1584
13665
9402
7006
2954
6932
6304
13712
8078
11146
10527
14448
7444
2156
8748
2193
1156
3795
4951
2893
918
9003
6282
14752
2307
16279
7655
4355
5465
7933
10666
10729
1091
13583
5052
2239
570
8222
8785
14439
4793
8002
14676
6019
9625
4089
1013
2497
15197
14804
15585
12473
6972
2182
10406
4831
12800
521
7307
4799
10865
3286
9745
6041
12040
7973
993
8236
11552
3629
5092
13663
12664
15429
12676
11350
9282
9301
14851
2164
8961
12088
14424
12616
2767
9829
11689
1296
7812
3025
4732
11947
2935
12769
7559
10565
3323
9036
549
10430
7450
4170
4189
6615
3128
14472
6910
15487
16203
843
388
4600
13724
13030
12660
1610
9237
13248
16221
8294
1314
12985
929
399
10736
4462
491
13069
6609
3071
13109
10116
8462
9654
13293
16323
10783
8838
14158
4257
12408
13815
2836
4764
2708
4731
9994
1691
8716
8447
1100
291
2741
16383
10905
6616
13906
12958
3653
12807
4762
13738
14088
10703
10915
9014
4978
1139
8826
8278
9267
10497
123
8162
15413
3698
3655
11113
4688
10785
5367
6424
13572
6815
2916
11371
12716
12345
1378
3928
1429
13801
16006
6272
2242
10590
4564
8352
12776
12431
12247
211
15156
5833
93
11488
8189
5709
443
4500
5879
591
1852
14938
9695
4308
11095
1035
12810
14565
4359
3157
3553
584
12770
11634
515
8275
4663
8585
1007
8915
5770
5413
2724
5457
12367
7846
8907
12974
15547
10482
7126
3138
15927
13456
12048
14825
14609
7423
2562
7425
4599
7805
13216
5079
13006
1862
13203
2719
2540
10515
3303
6792
10724
9827
10683
11594
12273
15338
12915
9767
13364
10617
13119
7490
12762
7512
5908
10135
11888
15759
16200
6862
4628
14128
10271
6892
6935
12853
7724
11760
14117
7598
1317
10166
5389
16032
4401
9726
5197
4193
8486
12758
656
8700
10772
13749
9608
10205
14979
10575
1624
13404
4068
1832
13264
5363
13226
5133
10461
612
704
5550
10186
4215
16237
11179
2771
16327
2171
6156
8413
9342
5765
13601
15843
9281
3894
5733
6086
4560
3352
9779
2334
12026
3300
2430
8487
7836
15342
14157
10280
13355
5176
5866
7823
226
13951
15241
14123
13753
5035
11351
3815
2579
3488
1816
15022
14854
16031
7246
8087
9539
5930
8648
14076
13505
8209
12443
3040
6421
10315
5856
1831
1996
10131
8754
3318
8540
2813
8870
10261
15868
14758
2878
7873
6947
1234
8818
16088
14743
13916
13199
8863
2820
30
15106
11680
2770
13582
8508
5852
3824
10054
1830
10586
14957
6163
10982
8374
9276
8522
7121
959
9375
2013
4721
5040
7984
5755
13055
268
15424
2331
6200
14566
2374
8075
4402
12419
15842
15618
10218
4234
9974
10768
1258
9383
12228
5952
4247
14085
6317
76
6134
1493
13552
7987
8033
15144
4011
12019
15921
12593
9392
9408
12792
12196
16108
4656
4103
10040
11883
15358
5461
14502
10333
14498
6264
1237
13933
15108
6427
12225
5830
8117
1841
946
4713
9819
11858
2810
5260
15546
14695
7928
5580
398
5839
2590
644
4624
3873
8747
7962
1261
3912
637
13903
13736
9764
4609
5272
8271
2457
10687
9676
2736
13116
16067
11776
3237
415
11366
5942
14306
689
12700
13730
1785
4178
937
13041
15644
2950
11785
8797
6334
924
8672
11539
908
5291
15044
14725
5681
5043
7429
925
4222
5736
12880
4138
15517
802
1014
2655
11702
9179
5441
7056
11155
13296
9002
7033
2400
6321
1720
15988
5883
13792
7678
12937
15449
7209
13872
2560
7272
1926
7326
7554
16070
11721
2208
15846
10696
5002
1108
10979
247
11101
1160
9610
12957
6375
10952
9740
3522
6818
15409
10640
6919
288
10521
15148
14341
10598
13122
9085
9275
7855
14492
11502
3242
16370
9
14618
1154
8103
1762
12586
10669
3163
14797
12520
14814
3195
8270
12468
5560
1442
6363
3681
12154
14045
11548
4907
13839
2627
3921
4786
9393
11501
3245
5039
11506
10718
14607
8197
7889
4943
10867
10649
16319
2027
11730
13394
10699
13290
6290
158
3677
12711
10529
8483
9968
11475
11183
13466
11878
5498
12755
4657
7874
14706
14041
9776
3922
7338
6878
4914
10006
5247
13907
1905
15951
10399
255
11335
7929
12340
9308
11901
6754
1443
13873
6520
13445
2414
6015
14243
9235
14132
813
9216
6920
1290
5734
8735
5911
13649
3974
15467
2811
14969
3527
4293
15625
1520
2619
13241
10402
7518
15867
4968
8995
8974
7627
6859
9525
15082
14605
6779
6715
5365
10272
14975
3544
16139
6325
512
14212
16024
16005
5601
8443
8732
7818
1120
8547
8147
301
15053
4621
5372
12484
9638
1463
5898
16091
12568
5617
5182
2521
478
16366
10879
6049
14301
2097
484
8867
7852
15417
8584
4768
13433
9894
5987
743
7424
8251
1799
13950
4480
8404
9934
38
3942
3404
7634
10210
8829
16211
10171
1460
5666
6737
15523
8529
16270
13708
7205
4798
2432
2784
15060
8178
15247
16021
11411
5334
14790
15055
12384
13242
7959
2276
13383
9635
8026
8408
6384
765
7253
15826
6701
14977
6700
78
11228
11199
1148
12372
5800
1247
14505
5333
3160
14723
8514
1316
7841
1259
10630
8814
15410
7363
2160
12805
7910
15034
5881
11180
4049
15661
10520
8155
15542
3419
10209
3781
7395
1006
2977
10379
18
6894
15309
12954
11965
15609
13528
7012
1505
9146
12850
556
8112
9165
13185
4745
6634
7949
7633
16300
386
1103
7887
5400
9572
13514
13602
4819
6113
4283
6081
1793
14892
483
3887
14681
2121
11344
7638
16106
11623
16247
442
13403
5419
10359
5306
2857
7966
7108
6579
3658
1683
12751
9637
8864
4823
3771
4344
490
11950
7293
4747
11061
1067
12346
3880
3334
2662
4276
394
2632
15724
10051
2433
881
11260
13877
3203
6714
14057
14161
4691
1065
2806
13811
10832
4453
931
13644
4737
137
12207
1081
9210
8046
1537
6419
7096
1737
50
11815
8701
16098
13947
10717
1368
8783
9619
6913
7643
5759
16197
5031
7061
1262
12866
8984
11258
13750
11977
12838
10310
910
13294
14905
11143
1835
10931
8555
9037
14986
6499
3565
6509
3063
13207
14318
5869
1962
7150
3634
3869
14484
