6456
10562
16242
3877
248
3036
1
5603
8148
7817
14303
10677
7073
97
12128
1465
3409
10854
6347
768
12257
10683
732
7260
14663
12991
4845
2827
13067
8245
6479
14108
1852
3197
16204
737
7329
1684
14546
15090
14777
12528
4886
14650
4713
6442
3295
13402
9678
1496
6126
9185
4013
5653
6688
1379
7633
15406
5179
704
14884
7347
9862
6006
13636
6579
14941
14635
2093
3361
3560
15034
6745
685
5768
15520
2028
13884
15027
6784
13988
10327
10039
1565
6870
11575
593
6177
911
5020
113
15136
15013
12223
7705
3062
286
4503
15604
4100
5403
5219
14148
1085
13978
13735
9694
763
4891
7485
4101
15653
8989
59
14878
11266
552
16077
11072
437
2617
4965
12058
5547
12212
10001
12318
9537
2695
6228
9088
13790
12712
15954
4740
13175
11808
7844
1025
14876
1558
14394
4804
4072
6481
9064
6932
12053
14121
3739
16359
10570
11553
9940
14241
10592
12430
10842
7444
8707
13139
15927
2458
4010
823
14634
15076
11799
7726
1472
6991
379
14029
345
11703
10744
9476
7273
10252
13154
3953
845
13936
7810
6552
1180
236
10245
4756
7441
15234
14728
4632
6390
2007
11946
5579
10414
14423
4229
2260
8736
3277
5774
1388
11345
3674
4843
10607
4289
2067
15823
6677
8162
7524
16264
1647
3661
9908
10230
5497
9360
193
1870
10430
8151
1221
6734
12044
7365
14835
14675
545
2550
6214
14214
5484
12811
12663
6794
2470
2793
14308
10013
15888
2491
8911
9793
565
458
5687
9686
10347
2235
3015
3867
15141
6323
14058
2599
3098
792
8731
9988
3933
10691
4298
10943
10026
4354
1385
13904
8907
12544
8581
2742
8195
8352
11814
2651
8225
14520
5213
698
9219
12728
165
2841
9924
13892
2710
13731
11086
7742
13546
719
3147
11484
9929
15932
14731
11975
3508
7639
14818
11399
1095
582
1590
13116
6988
4132
5560
6440
11465
6685
0
11973
11270
12284
2822
6743
10763
9372
14368
12575
12476
8705
4053
13569
6746
4282
5938
918
15251
3365
16252
10527
3507
8400
13296
403
6247
10436
3977
3045
1444
2872
14378
5586
7075
11049
15114
12308
6509
15348
6863
7779
4477
11262
15315
4706
11101
15781
2974
571
1946
4808
3607
10499
13801
13016
4128
5231
9829
4620
1538
7403
3729
722
4925
8714
10071
4968
12773
16209
8150
15654
6090
5820
15178
14184
9009
14684
6837
7500
807
3312
11849
10069
8726
2807
13761
2330
959
3113
4759
436
12344
3109
13587
13856
13517
5382
12248
3621
10999
1144
15411
12877
1508
8561
15399
12129
12421
1452
1087
2680
16225
4550
10472
11240
389
4512
10641
12980
4057
12049
12872
14553
15000
8006
5346
4015
8428
9210
9415
13248
16132
11426
6691
12095
13913
9384
5587
15262
2428
12710
9191
13646
15318
1744
13417
2780
1665
11385
5821
8049
14748
7076
11927
8447
6277
455
166
10602
16098
6808
1013
8543
1877
7352
9858
8737
12653
7493
10752
160
15983
11931
8386
4857
15571
4989
9419
9445
6401
93
4576
8071
11353
10517
5373
4048
10344
8367
9196
7208
449
5919
2335
3245
13921
3479
3884
4454
2523
3949
14909
2046
2690
14144
284
12930
9724
3496
11091
11112
14235
3757
11384
7044
2676
5301
6976
7545
15592
2252
6998
5563
11774
3832
104
6869
16357
14112
13176
10451
3423
8733
9789
11052
15606
13771
12292
9322
9969
18
6303
1340
10980
1635
12669
9346
4589
1572
11913
6923
5469
1149
14299
8899
10348
1871
13986
13385
5426
2331
13005
7163
4874
4625
921
15578
4061
7162
16324
5462
1912
14848
1206
13773
13638
9124
8646
2653
9100
15705
5783
6088
5240
10521
1387
3991
2775
12065
11493
12067
9706
15595
1574
14649
10319
8931
3512
8828
6925
6092
12927
2984
3370
6059
11307
10870
4819
10757
10806
9126
14373
13112
7918
6785
9569
8844
9899
3025
12954
15100
15310
9966
13982
6112
6875
6952
811
3310
3907
7895
10840
5908
4639
10968
16161
3086
7845
8427
11365
5383
7064
9153
10321
4999
3184
15077
5567
12779
2881
11643
8140
12306
11786
16323
12876
1850
6544
16195
9404
11303
10873
13666
11932
117
16054
10198
11901
9751
5643
876
6722
11625
5339
14907
14710
16383
13530
6317
14779
11589
7054
2401
5711
11873
14384
8293
935
12251
16231
11134
11745
9795
8205
6422
4434
10435
10246
5228
12889
5619
4174
2908
6819
3662
6178
3592
1067
12604
87
16135
10827
13608
3550
4634
10281
4957
14640
1752
928
12487
3996
95
15959
4372
15805
3085
245
14311
9312
14727
16035
5721
136
2595
11396
9388
10300
3668
10705
12707
197
12851
6834
8113
1854
6012
14930
7454
7476
538
7097
5707
14948
12415
15123
1201
12654
2193
8291
13862
15235
3814
11794
3879
5738
13207
6003
14725
4899
3825
9013
6400
16201
7241
11829
13927
15691
6985
1050
16097
5742
14028
8420
13490
15025
14281
8067
14036
15970
6230
4438
7507
894
12671
13014
14545
12181
3620
12149
6828
1143
7720
9952
13677
16050
15162
489
2284
7865
9507
2788
11761
9983
2630
8777
4084
751
11002
13352
2348
4736
13439
10509
11467
13944
11782
12803
112
10196
14325
13406
6184
15976
14750
397
12355
10243
460
15681
16350
10800
1044
16031
428
13387
6818
13198
12347
9289
3381
7199
5467
15448
130
1591
6363
2391
16063
14833
14019
13774
2618
13850
16129
5501
641
10732
15216
14826
5051
4065
6281
2395
13056
14329
167
5613
9868
14264
11843
11156
15265
5256
13662
2673
14392
10224
5516
772
1604
4402
2652
7885
8131
7099
6326
9551
1687
12802
14611
2585
1323
1900
7754
15766
9175
11067
5434
3895
12455
14619
13464
5720
1546
9250
11446
2785
4315
6218
12426
11378
4268
2271
1401
11379
9248
1461
225
11310
1182
9222
8598
181
11320
7342
12091
9176
2409
8916
5157
11590
14252
9402
9036
497
15838
2992
12209
8820
12752
1931
7544
2552
4009
10119
4311
338
3808
14072
6276
11554
975
2166
9647
9125
4486
6744
10896
10839
10315
9098
6844
6251
11662
6300
2861
8735
1161
4931
14768
4950
6373
10915
3595
7391
4456
216
14874
12566
12184
495
14074
3787
1932
1350
9151
8493
15061
598
7686
7983
3582
9273
3449
2951
8968
15292
12404
3485
7151
2381
7137
3462
4217
11136
651
16104
562
703
3207
3117
12293
8740
10695
12023
14846
2246
7730
4040
2672
11621
16083
12142
11367
208
14946
2584
10825
4033
3330
5324
2944
4306
9732
12501
6817
1365
8303
691
11781
3999
7970
7957
6603
14600
14147
7267
12158
12082
5298
2443
13953
6771
9488
15482
964
9883
15305
4104
13715
11294
7361
3876
12040
9105
16322
13861
14880
7233
1968
9026
1306
10780
7180
3917
39
1898
9359
6859
6240
12420
10007
4890
5169
16276
3653
9315
13513
4225
6353
9381
1984
12090
12219
8359
1553
4596
12280
9187
7993
8026
1632
11190
1550
2359
1921
10380
11877
45
13628
5152
8715
5154
4744
11809
4122
10940
1032
11296
2583
7278
9087
2904
9183
2008
5851
13550
13971
2895
11779
2055
12939
2850
6040
4098
3826
11622
13264
8919
9895
210
4469
9410
14116
11472
12530
10172
10810
13433
6860
1089
1526
14868
15760
4879
15140
4257
8034
10091
13471
11148
15381
1998
13117
4994
431
13770
11276
14446
16303
12832
15449
1759
15169
13962
16015
5423
5581
14125
13069
15246
14166
8363
14056
13095
3650
1311
10185
14521
5377
3116
8430
12556
9300
15967
10058
13567
1730
12340
6419
1764
2144
5117
6113
12720
1257
14729
11105
7095
6000
11485
2060
11710
12247
5752
9777
9662
13049
553
1936
12072
3464
10194
5754
7910
10584
1628
10477
1543
1309
1178
2290
1502
9920
11004
3918
7892
8690
9577
411
906
11053
10942
7975
1503
11447
12497
5259
287
4866
310
13388
16134
12756
396
7062
15131
4209
15917
3985
6968
3023
2019
11316
5485
12822
4695
13315
15673
13126
11935
16327
12273
6185
11093
10438
13943
1304
11247
10872
16279
3941
5455
14242
7874
10102
11585
9471
3253
5840
12016
1394
10340
2901
11770
14872
9533
6137
6042
3102
15329
8050
14288
14459
9060
7566
4051
12585
8929
14533
7988
11587
14790
9281
6237
4599
4619
14788
9875
9118
16193
2814
14321
1473
949
12417
12774
8729
14178
11861
2288
9514
12463
5841
12646
12282
8634
14420
14689
6992
15675
342
440
3989
1266
5303
13876
11015
13460
10603
11366
74
2912
11785
4463
10352
10821
990
11383
77
9621
13849
12218
9626
15304
9246
5393
9218
14506
6301
5898
15918
7799
3516
12782
1495
4880
4664
14953
2150
6477
46
4670
3028
3797
9831
12174
9887
10551
6689
13289
7942
3474
4369
16271
11955
15833
399
9336
4671
14657
4926
5067
13157
3475
8252
14916
13783
15626
7647
8724
7750
9106
13228
11892
14253
9926
10467
786
7412
14621
15261
2747
5214
13130
10646
692
6659
1018
15366
14955
4883
5734
14505
6570
14671
6933
2080
2397
6927
6612
5785
12714
10382
10189
5529
11999
4236
2404
10049
7546
9773
14612
1830
9805
4523
4470
6891
8091
16042
12995
12362
7838
15212
8470
2884
12045
9856
7480
3557
11071
5448
69
10370
13984
11796
10681
1882
13308
14228
4640
5508
6703
2473
13205
15350
7753
9960
10229
10236
8242
8250
13795
12152
5201
15549
6890
2968
10591
7613
6198
15664
15611
7635
15891
406
6129
6066
6215
14780
15962
3935
8730
2677
4592
13018
676
10706
14898
2750
10885
3359
3733
4468
10815
14581
2510
10516
15803
2167
6295
11673
13042
10392
574
7921
3060
8569
15714
1824
2069
3727
4792
14740
4990
267
3721
11374
7816
13453
7029
1766
9496
1019
2283
15349
10
688
1456
2929
11638
742
8065
6802
1656
5815
15861
14461
14866
4115
10906
4241
6371
7809
2240
12156
14138
16162
15701
16159
10884
3970
1489
5153
7049
14551
15436
8029
11704
10378
4641
10486
16194
9715
11380
6962
4633
2761
401
5336
14379
1758
1819
13013
5338
14065
13209
13864
9688
984
15492
6506
7344
8650
9919
13152
15260
8284
4600
4627
2049
9131
10927
6878
5412
2535
5028
4830
10432
3170
9815
14042
10125
6471
9579
1975
15693
6939
3597
14786
2462
10138
9033
13782
3387
10020
5344
8977
2365
16346
15108
2185
12706
8873
12956
14179
7346
12598
14064
3643
10181
9914
9810
14667
4356
11271
9839
4888
16126
9618
2498
954
2342
13898
7462
7227
10866
2855
12188
4722
4973
9840
16039
10233
14722
530
8589
4750
12777
6902
9199
9915
13602
5024
11401
395
6523
14474
4597
499
9602
7416
4665
3526
6322
5883
3995
15507
7483
10401
3696
3459
3283
10250
13485
5411
12445
2077
10180
7903
2312
14417
9263
11480
8962
6716
8504
57
1391
3124
3882
13488
15126
4601
13667
8934
9648
6101
898
7319
12838
4273
5860
9889
14588
14716
6639
10440
2
3342
8943
5703
11209
6882
14229
9470
12521
11640
15990
11180
4900
15409
9644
12735
10480
14061
7299
13171
14739
9161
1951
10548
1542
9744
15850
1598
5253
13282
4870
7621
1325
14685
10675
12525
1573
3204
3376
9362
16160
15898
2305
5688
11882
3792
12329
10304
669
8865
10466
7206
5355
3520
6133
9090
298
4606
7820
4256
359
9625
674
9427
1680
8645
3054
15314
3638
3256
3897
745
11641
12374
14694
16367
6894
16192
14397
2031
8280
10632
7235
4849
11564
14073
7642
13835
15184
9117
7265
12388
2322
4966
13855
11288
4568
2400
6017
2408
5660
1125
13251
14274
347
4471
12278
8503
12361
4453
8734
4147
1780
107
4366
3219
14331
14188
3032
12679
945
795
13031
332
6315
15054
10008
7191
1469
6792
6537
4279
10146
13100
9772
14283
8689
461
4247
5849
6395
16246
15561
15937
9335
6585
5257
11887
2265
16172
8739
12859
6596
10811
12973
5991
13373
10747
3224
12581
6740
10899
13577
13675
1460
7952
6855
10926
140
505
1016
11159
5519
2537
9073
260
13803
15949
1823
1515
2569
1045
2644
10814
16086
12923
5122
15740
13194
11158
13670
13535
10773
10068
7980
7457
11517
13061
2286
661
7474
9878
12456
2386
4144
7963
346
8995
12393
13942
3944
12959
5893
8986
6816
12850
8665
14168
10760
10608
9417
14225
15809
12489
14709
1429
15046
1893
8402
15066
1262
2424
9279
11322
2871
1874
8811
16372
5104
14890
12185
11019
1783
4748
65
14547
3892
8528
615
3420
6888
2819
1959
9344
8127
8679
4169
6879
15668
12488
5080
11648
3589
12862
194
4904
13446
15439
7482
4205
13328
3906
10029
4358
13991
3613
2325
67
1223
8224
3656
8909
8702
3206
3494
5300
1908
4852
1942
14440
11341
5479
12692
12987
8940
10670
7472
7434
1939
9527
1117
13710
13271
9226
10329
7421
5079
10101
7228
1777
7765
1726
1261
5105
15365
16300
9617
9482
6922
14681
5212
7031
7157
5727
6943
7189
665
13804
6949
8592
15528
13585
13279
1587
7170
4742
14328
15452
1438
91
4907
14050
10556
636
9276
11858
7141
913
5204
6432
5045
8869
12342
15634
5290
1397
16149
4208
6904
14340
887
2154
10024
5857
14900
535
6835
5029
7812
7617
3858
11597
10537
4684
1265
3305
4612
7522
454
3119
2683
2665
9140
7652
13144
13024
15326
13483
15320
713
15853
7723
3983
10501
9052
14577
7792
5543
12670
1245
7547
2461
9509
2615
13164
10891
8967
9670
3905
7410
2205
4016
8738
6413
14447
7583
3958
8431
3390
14238
7111
2909
9747
4557
11620
11560
12977
1771
344
4659
2100
8037
14415
1003
12001
5217
11728
8310
15902
9874
9743
1857
13753
3324
15101
11767
14850
2582
7183
2221
7579
15924
542
7654
2744
11949
14350
10861
12554
14162
10774
11420
5095
2534
9554
8697
11433
2961
13752
15744
6125
370
126
11236
16273
2153
6029
6798
5916
8517
7571
15817
14687
4328
8621
11885
11397
1145
13615
15916
3221
7990
13747
7357
5182
11668
6319
6820
1703
738
14801
9677
9996
7933
3657
12534
5779
6613
10751
477
15324
14828
8256
12192
5823
3440
3922
6052
13423
13645
8779
1288
9230
14961
2823
15886
415
9012
10718
6754
4243
15951
4644
5827
13293
602
9495
13429
5274
12148
15080
3862
5495
11405
8926
2266
7875
6065
8652
13147
8463
2471
9515
15725
10426
2979
7693
1891
3168
12860
5747
12127
2735
3896
15210
12259
15400
2798
12078
5332
3718
1449
1053
15308
6224
1124
6062
2854
12241
7683
123
12478
6694
12378
2839
14414
10308
6657
4018
11227
10631
12713
10328
15911
15722
6369
10879
987
6929
16259
15225
10723
10729
13247
1980
5509
7497
10737
9271
15908
11501
752
10140
9066
3859
2377
1290
14486
3448
1736
6296
11085
8817
7279
6286
11550
11175
11652
8848
58
2267
15807
15716
5128
13547
6414
5710
14999
9757
789
12649
2200
8749
9096
6384
1270
329
1739
6023
9528
790
2591
1996
6480
9489
15087
2115
7311
5885
8474
5054
16339
6038
4700
16206
14484
16046
8391
12281
546
10613
4789
2416
1100
6081
4
6014
8723
12246
6402
9330
12531
11675
14390
6359
8408
6342
13339
11436
5681
3353
11006
1185
3716
12638
14921
10127
8238
3915
7859
8229
13741
14326
5234
6777
4763
14419
6071
1259
1668
16351
4675
7324
4407
5058
16284
10044
15615
4333
15764
15999
14053
12334
11816
15723
13474
8212
9522
4349
13230
14896
14069
1612
258
10280
5731
13852
11837
125
9826
7328
682
10767
5314
819
7534
7331
4063
7588
11741
2169
3396
13902
1491
15028
12289
4682
2533
15749
12974
3815
4714
7622
2052
354
9046
16128
9152
12942
2103
8485
11302
16285
12459
11018
2425
15540
15906
7115
6162
6497
12846
4188
2862
10263
9691
12563
7595
13826
3713
6473
7387
9540
4449
3222
12328
14193
6761
7281
2158
2256
4157
12536
4184
2697
1740
16314
10741
14785
10552
15893
98
13981
1108
12652
1480
14057
103
14246
865
10404
6243
9439
2882
1641
2344
6364
5868
7071
13822
12632
4656
588
16168
8410
5562
9964
5168
8439
2065
12376
13510
5973
8403
4910
899
10145
3502
2411
931
2658
1560
10109
11933
14951
9521
15945
8464
2210
527
9143
12595
8124
16096
80
5588
1717
2838
11153
7120
9830
8814
7196
14718
8417
4195
10147
241
12027
11496
9459
249
1219
9979
3731
15953
2218
2387
9664
10423
12496
11945
11844
14782
7954
10864
2774
2737
2035
7091
10610
8871
12310
4235
8732
13229
10065
14200
14067
3195
4117
12906
1333
12833
10820
11986
15609
13669
16026
4540
13496
5691
2385
549
5922
15910
111
5409
9654
1422
2503
10366
7296
10193
1470
12770
9586
433
15577
744
447
15271
9956
1791
14062
14442
14175
13306
3706
12500
2217
13641
3919
4214
12485
4679
9184
12964
7940
9907
16310
10095
646
10654
10367
13225
7184
4961
15059
8938
5196
41
1077
8944
3360
9612
5059
8570
10035
7739
7038
3412
14219
12320
8523
11359
3145
12380
15396
5340
2578
9603
6663
13131
11995
9781
15022
5433
8041
3571
10390
9369
13505
9701
15632
8860
15186
5471
1022
14226
75
9299
8106
9511
15060
13950
8753
419
11898
15474
5839
10819
867
5311
3860
8554
12024
15118
1301
1351
2441
8274
11730
5799
15737
10040
6045
9722
8487
5034
3231
11289
8374
624
776
7696
1653
7920
9560
15511
4816
8636
9660
686
14054
12729
11137
3598
10046
9148
643
1926
15263
5778
749
11759
15150
13711
13632
15380
1159
3010
1567
3373
3341
15106
14391
5970
16321
13047
9245
4467
4538
9737
10860
10129
8104
1521
2967
11348
11742
16308
10292
2199
466
6467
1746
1654
12115
5702
1210
8130
12079
9849
1212
10644
5458
15963
14088
1520
10118
15842
7747
1269
13841
3742
5950
5626
6851
15392
11387
7045
14647
8083
2598
12742
11750
4367
4412
7117
2496
12132
15828
149
13391
12716
881
6649
5615
13519
5580
6629
6642
1043
12395
4237
9121
5641
13383
16299
11962
4963
5039
14161
15981
3834
2547
9040
3616
9719
2130
9503
11967
3162
9663
7177
892
10734
4232
10284
2640
9953
3316
10944
2805
6352
2362
11985
5082
3123
12937
622
4643
2725
16247
16360
3467
5225
13854
5769
15623
3079
15946
7527
13765
3118
13263
5850
7244
9215
15093
7611
507
7142
12383
1437
7597
16143
11751
10622
13114
13685
15892
1566
4711
1054
8486
13478
11925
8001
14887
9446
259
13799
533
2923
12030
13349
14223
7390
1130
1621
6935
5913
11801
5032
13601
7128
13267
4182
15056
16019
3177
374
11605
6180
7495
14332
2442
5297
9160
3693
4960
727
1199
6147
2224
9373
9925
580
12820
14140
14665
12624
4927
7333
5773
9233
8572
14774
8120
9978
11569
6034
12195
2134
7926
10777
13776
5598
1064
4854
8917
7879
10664
14655
4978
8754
6122
5828
16061
13109
3289
8203
11593
13434
2515
15490
4584
14596
12523
11305
15978
13564
8285
6015
12680
1368
5284
1226
2176
6982
12698
7443
5415
834
599
14071
7025
2634
8559
14445
15070
15266
3829
14813
1876
15479
3979
14559
7536
6187
15048
4991
7464
8078
11013
11297
6027
7355
6044
6906
4937
12620
2891
13416
6667
173
9842
1768
6607
4572
360
10696
2191
14312
8959
8923
14985
8100
4803
13159
3020
13280
14124
7130
12377
14979
4981
14950
15456
4587
15504
4691
309
5856
11111
6553
8145
8264
2423
15795
9939
9385
927
8505
4962
7894
7853
48
1965
15530
1588
289
10365
227
211
13298
14554
14052
8514
9963
7969
16155
3752
15630
6519
8055
11220
36
15219
9885
2440
13886
11636
3511
7967
2762
5198
14924
108
15589
10372
14304
4272
978
4998
3282
7288
7888
3328
8031
7968
7776
11324
9634
5648
13035
11463
13269
684
3251
11890
5705
1344
6434
7788
1792
1625
8527
871
6139
6821
12434
13238
6134
8409
13305
5514
14347
8676
15463
14587
10688
6606
13450
13192
3987
4476
1347
16089
16268
554
16210
14068
12535
4778
15820
7659
8773
7624
11195
8601
12265
3551
7869
9859
1645
7377
183
5074
14284
10742
15257
2928
1356
1695
7185
14199
11422
11689
7262
6263
9791
4400
4703
10417
6236
8988
12107
10036
3893
9241
13461
14471
3323
14811
8182
1075
12611
5205
9430
256
8208
2083
6114
6900
1634
16293
13830
6567
7876
5638
11547
3782
11038
8002
9166
3193
10361
12695
15715
9735
9101
15110
283
4669
5262
7939
257
6161
10707
15994
11653
12772
15442
6733
885
15806
5569
14578
12683
4863
6206
1973
6625
2314
10265
11512
13452
8551
9928
3734
4432
2739
5761
9785
4551
8886
8640
2363
8022
6423
8070
13497
12504
4732
15710
8226
7551
10616
6550
12243
3279
8782
11389
9813
13526
7427
4500
6194
9048
12317
15496
15832
9016
15360
4636
13755
6226
10377
14437
12364
9594
11301
5163
9541
13730
6030
8532
3777
14869
4197
13739
15035
13922
10954
4921
15859
10963
3327
10453
9674
4324
3128
3351
13918
4001
1324
8750
13977
12744
6545
2405
5295
12533
2875
16072
6600
6635
10018
14467
8998
15844
8791
16169
2464
14646
14888
8545
10623
8622
15331
1014
9764
5457
11104
6055
13216
12197
5446
849
4091
7083
16147
5867
8222
13568
5447
1788
9524
8713
15658
6329
13312
13581
14712
1342
1742
8060
1246
144
4687
13333
7901
6452
14877
13235
12258
15145
6468
13487
11709
7026
8318
2879
13358
4562
14342
13250
162
1078
12202
6973
15164
15419
14196
7698
12211
13652
5903
13211
12028
2289
6665
6118
12691
14540
7664
11126
15678
100
3144
11459
9265
8627
3149
10433
2075
6824
1855
5676
13386
4335
16133
6151
9864
4352
6583
6428
13955
14947
8513
13651
10638
10113
4696
2101
1046
1781
11162
1842
6383
3671
8119
13335
6256
7668
1051
5887
8390
16241
6838
1969
5195
3569
16018
6458
9659
9461
7598
7032
15603
5454
4604
7068
11221
16281
1041
3921
2949
9572
508
8354
3658
2581
9328
6457
1603
13676
12847
10214
15698
16265
2511
15020
3889
16224
3708
408
733
15491
4526
11197
15707
8985
13788
8045
12290
6656
7408
12675
890
14167
5675
11492
4327
15394
13968
11642
7335
6854
5110
12207
16283
5392
15277
12475
5870
3703
746
8017
8681
8656
3725
13457
1239
11708
7843
2706
11241
11099
2996
12547
9240
7109
1660
1058
16179
14227
10030
10572
14005
12047
10513
7015
9651
14809
2278
6569
1236
14003
9909
3442
2133
12461
13347
4840
3726
13090
10291
12250
5304
11676
13467
13957
4082
9646
12610
383
7900
6360
12418
11570
8469
1544
7360
3780
5790
15049
8163
3100
9639
10992
2086
361
213
7125
7424
9084
5801
6895
6690
13142
90
15316
15294
8639
6517
10662
1504
11619
6242
12069
15147
5251
1966
6158
3084
8629
15982
13120
10553
15039
1765
10076
5912
8422
13257
13359
4481
12189
11149
13871
4647
15208
6628
7477
1175
12750
8687
2576
3137
8382
15972
2954
4252
14428
3609
3837
12239
5498
759
13524
5589
4868
13726
11562
6268
13561
968
9286
11713
1215
5307
1322
13720
13966
4932
3961
16036
8812
12910
1897
13725
5796
12327
4222
12894
14701
11502
86
3601
6503
4447
12821
2655
14899
1551
9809
6845
12979
8666
15837
5159
8864
9357
14676
5871
14436
4974
16012
13600
15573
10010
2950
15839
12879
4872
13246
101
15367
3272
2997
8339
7964
8700
6427
13946
5012
12920
7955
11235
2666
9204
474
9433
3244
8057
672
6599
14923
5333
14902
11864
4516
5260
8020
5998
5468
6679
1122
11083
10478
32
3531
10701
977
6358
1471
14527
6780
2145
158
3617
506
16243
10950
12325
10166
10764
1169
15370
12843
12321
4070
8189
14889
14797
3408
11280
14385
10667
700
3135
4506
157
13096
12324
11555
10923
7090
9802
8019
793
8332
9619
6208
14051
13436
7516
12881
4166
15095
13848
1808
14310
7645
14956
3053
625
7167
11695
511
14799
14942
15485
13255
6350
526
7368
758
2168
10262
7502
10045
7218
15065
14623
9546
5494
6708
3018
3179
9386
8062
11050
5669
10639
10305
10598
9136
1363
8294
8941
11805
1797
3855
14853
15279
5378
2037
4683
13141
12727
9491
5456
15288
4839
11411
569
10841
2922
2557
11010
7826
9609
5043
10279
8387
1421
6643
3519
11418
5732
1011
14172
11654
4194
3852
9553
11373
1200
8081
14558
11773
9015
15104
12507
1000
7492
14834
15014
11064
15249
13172
16374
2088
13122
2845
7653
14977
3880
10290
5233
9001
15726
7389
5750
8445
43
5499
3504
3082
5401
7247
2513
12409
11445
3470
13101
11256
4408
5556
13163
8329
2542
12722
765
1079
13859
10063
8767
3932
11684
16136
10492
9280
15655
4351
10606
2177
7254
5459
11920
16227
15166
1286
7688
78
137
132
8257
1171
4458
10835
4389
6216
673
11269
6341
11911
14822
5623
5438
9882
6425
12272
7760
10818
13869
15335
7302
7380
14560
10336
7256
11351
15599
2851
11168
6067
11404
12351
6333
11866
14783
12157
4134
11326
4757
15522
8667
9000
3612
6662
324
9438
5664
2092
539
12835
2426
10759
13575
10297
10446
6337
13724
243
8746
12641
2282
7028
8273
6530
15138
15313
9890
10364
8800
4073
7743
6616
4697
14134
6619
14815
5659
6974
14351
13408
771
15580
2403
147
6518
15796
10581
961
5617
3587
8269
15187
5453
10176
15935
2360
12050
3322
12303
7077
6737
12650
755
4431
8850
6306
3775
611
470
6926
9636
1443
13456
2754
5967
3655
12012
1116
13828
13865
1029
12172
3904
7264
1904
3382
10597
1690
6568
7515
10134
14240
9282
555
14610
9837
12769
10483
2111
8341
1620
5050
7057
13889
10901
1128
11941
7042
10680
6770
15619
3007
13075
8898
7314
19
15359
4873
11960
9555
1244
1862
14473
12178
988
8855
7802
6669
5959
14457
8718
12645
12416
378
3465
12469
15563
3799
229
778
12763
7259
438
2279
5962
14014
2237
6021
2109
15113
13307
8533
5982
3308
5126
7092
3564
2564
6945
4831
1958
4930
514
15181
15227
4773
14852
14165
15991
16122
15881
8743
13086
8933
2768
1933
14181
5254
13964
3611
14742
1950
2259
2738
6909
13914
1404
739
13499
2740
12215
1743
3572
7159
16071
16325
4244
12565
12253
2943
3166
13682
11536
14769
5165
3542
2036
644
12925
11544
11615
12056
9149
8685
1688
3525
11012
983
1106
7846
4039
11464
1595
5963
9071
15202
6077
7340
2536
3129
13428
2844
12723
16326
7219
2712
8144
11830
7593
14083
9769
7657
15873
11110
12179
306
15670
12890
4546
15376
924
15267
2708
5287
10712
13481
13146
12986
12110
8822
12515
14094
10061
2522
15397
7842
13673
12492
14839
4336
7406
9156
5208
4755
6713
13213
9957
3313
863
7675
13378
10754
2352
6765
10798
14203
12699
16362
2001
7937
10201
10586
11760
2125
1972
1530
278
9877
4726
1760
8488
9765
4305
4605
14988
12814
2528
12612
1796
4112
16267
11057
5786
14552
1715
5210
5900
10766
6445
3176
12708
9258
1160
2051
8361
14666
12576
3806
904
14669
16173
6672
2389
15078
5538
13900
30
7188
11123
13930
9843
6543
10411
8758
2261
12343
10186
757
8171
1256
5892
12021
11551
12010
189
10658
13757
3555
6561
6173
8270
12855
850
4043
11994
6462
5957
9030
4591
16341
740
8312
15866
2108
11958
3029
9221
14910
8164
10210
6290
11129
14210
42
175
10514
15783
15865
2764
8519
8913
185
7871
747
1533
8669
12165
9991
6464
1348
14911
2755
5229
15699
2848
15587
10505
12102
7356
4721
8725
8558
7578
4623
8465
9314
13867
8366
13435
4710
12322
13506
1899
9027
14123
1586
10455
5189
1731
12512
8152
16250
12871
1267
2433
8500
11462
12522
5131
6107
14174
15119
16038
12498
264
7801
2624
1255
652
1617
146
12715
7249
5278
6601
8783
3127
4069
13595
878
6755
11150
11128
6105
4022
13041
5645
13931
2540
6793
12886
14776
9800
13590
2686
10957
14132
4674
5178
7531
2457
3833
10183
6368
11886
7148
8932
4811
4423
15342
1326
6233
14691
7448
10285
12005
363
14456
13529
9155
7136
3891
12262
11665
3458
13290
10437
33
4593
2509
8240
16109
15487
2865
8220
9818
7706
8433
15207
14697
9525
5981
1757
9395
4041
985
2214
2156
940
7877
3240
4821
12869
8895
3008
15192
14591
8548
12629
557
7463
12828
11471
10368
2394
11667
14775
3640
12603
2299
10946
9796
12162
7737
4798
5990
307
1282
3940
3403
6273
15665
6715
13244
9933
12408
2393
7373
2361
12294
10822
13643
9500
14622
9264
9989
1869
15572
9287
7471
10155
4635
2726
12676
7138
9072
12002
9029
4092
11802
5014
1494
7014
10253
4482
7006
4569
2714
14237
12276
13342
16127
4490
11350
10587
6020
3500
16290
6080
14185
8530
6202
10512
6936
5106
6334
9799
10993
15347
11857
2759
9400
5250
5035
2998
6302
5011
14418
7725
1228
14566
10868
14266
3044
3210
7746
3998
13150
2964
10985
16178
11028
15023
13565
13959
6806
528
13664
8340
6254
9220
16174
7559
16347
3565
2216
12196
10033
2467
6096
7008
14366
13994
7650
2488
5353
8974
1034
1330
11368
7828
14204
11563
9669
6766
2276
15559
1389
8983
4036
16067
11716
15232
9034
5480
7656
430
6917
7404
6197
6812
816
7866
14573
1753
7320
4809
9138
2419
13637
13240
1364
7862
2012
6446
2852
7987
5380
8536
10376
3619
11452
6365
13226
726
15966
2474
6658
12724
5359
2580
11763
3749
8776
965
3275
15793
7374
11253
3956
10756
9387
9589
15741
11001
5554
12868
13419
10952
12297
11453
11694
1770
15763
11943
15703
3943
9774
2831
7721
2868
11996
7804
3265
13186
11896
4847
9113
8320
15565
14408
15690
12596
13527
1997
543
3169
8515
7461
3395
13999
6614
5926
15785
5347
12214
13384
11580
11871
10844
2446
13858
8684
6188
12144
10079
1555
6781
6311
3813
7292
11784
8213
15149
12369
1194
8951
15006
4672
8885
3959
10791
3663
14928
15344
10650
6355
5031
9951
962
11392
4772
8300
6921
235
14503
2786
11897
2519
3490
1062
5452
4246
12911
13046
9910
8789
13340
11284
11826
8159
7253
7372
14416
3544
15895
9986
2590
11044
13906
12733
15240
9638
4145
2053
5544
9144
6431
7112
15644
6942
9108
12537
2546
1167
7394
15393
4405
4437
10115
1974
8510
10534
656
10932
14538
8012
10251
9945
11205
10276
14191
11100
8593
13758
6493
10779
8247
1310
14736
11443
145
9019
9576
14789
7562
2532
10720
10217
8813
13185
4766
5133
2993
7530
13542
11409
15432
12365
11201
7634
1637
1841
2553
6984
10978
8059
6382
10111
11506
12433
12963
10398
6833
6693
11244
14243
8074
14265
8905
3524
15971
6009
4021
9353
14690
6307
6166
7303
15808
7102
7623
10318
334
6392
1233
2527
2748
1734
1006
10628
6631
9297
9784
730
5354
7229
14096
11608
8389
16330
5441
340
13736
9449
1264
14389
2940
6191
8594
9466
3171
5565
13870
8709
3268
7930
11736
9394
9086
8958
7951
9435
14624
13846
14413
3898
10935
3093
4564
6721
3235
4704
10807
853
11749
14239
1408
6741
3583
9637
11518
6244
13125
15857
13851
1630
4629
15985
2016
1919
10481
270
2207
60
13901
2311
5542
3702
15139
9944
7134
12917
13665
15043
2161
14536
4779
11719
5853
15424
10247
1738
3927
6490
9749
4539
3122
11196
15696
16000
854
4834
7207
3836
3744
1655
7442
14006
4102
5717
7697
15538
3546
6380
3740
5465
9169
7343
5914
9581
8691
8292
16118
15475
1136
14746
4495
11592
13068
7755
9080
10618
12191
11981
10306
10099
3099
2017
11339
10333
4211
6502
16117
729
8297
7906
6706
1026
2674
7889
4833
4085
982
4985
11362
3981
13772
7719
5818
7695
12810
7056
7238
12921
2960
1722
4308
12216
12440
12967
11178
13610
263
4788
859
11907
2588
8631
1173
10397
6732
3379
15659
1983
13580
3809
13217
6574
8630
10464
12951
13007
12391
16008
11655
4865
11543
6416
15570
4607
14192
4204
3559
5184
2856
9114
7201
11185
979
521
2504
9494
1162
14589
3300
5924
14150
1782
15801
10843
3873
10755
13099
14035
5879
8815
9841
1639
3683
3142
8658
3461
12792
11254
14539
434
11810
16248
2906
5672
13987
7285
4560
5215
13583
9480
2370
15440
7349
6022
10240
6955
11328
5767
12809
5859
6750
8896
14273
12960
8036
11823
8787
2558
5999
10749
8830
14131
10150
11863
909
14059
2876
8266
14651
7931
3723
9022
585
8475
1091
15624
16057
4054
13239
4688
15813
6213
2029
783
11068
2646
5162
13044
12557
12054
8901
479
6061
9429
14133
1445
10630
4529
2074
13482
10733
490
7353
1283
14644
10555
5639
5302
1235
14703
15117
14991
8033
2645
4059
10865
13635
5525
5792
10269
4011
15103
6805
5757
5044
14403
4196
884
14424
640
9274
7912
3237
11583
6231
233
14180
4459
10226
14944
7046
13231
6320
1711
1810
16158
10671
9158
11056
9894
8051
12597
12267
15689
10103
2887
9716
16216
564
4399
10458
7217
12234
10805
10984
11628
10594
10939
8981
6898
8198
5235
14772
4558
10890
13997
3866
6354
3924
4595
15044
5134
5413
14609
5608
9861
12224
11998
2999
8637
10947
10823
15161
4007
15199
1505
1545
9997
3178
15177
15537
1692
12231
7300
6409
6868
7174
1352
6905
1292
4892
12199
16176
4293
750
3063
373
8583
5952
2015
2313
15854
3126
6913
7154
4813
15488
15745
11574
11142
15848
3404
5421
10415
4088
11488
11273
6526
2022
5149
12553
2475
4673
5437
5124
6987
536
6571
6192
7106
1431
9154
16112
1644
9714
7084
13759
1806
14084
10536
12660
8035
3563
15647
14435
7195
6618
12386
7048
10142
3478
15943
678
13034
16337
6884
14103
4653
8460
1241
3121
2420
10702
9343
16365
4822
15711
5320
14804
11990
218
14754
1488
13475
8659
973
3000
15845
6024
12878
14922
13578
5948
12519
13653
6830
151
15176
12499
13463
1303
4967
10846
13375
7803
12623
9296
5693
15124
15445
8788
633
8910
7140
4525
2384
6261
14967
2339
13319
6217
8824
8760
13079
1049
5315
12514
8362
14314
8325
3385
15019
1561
8576
2117
4029
4765
11754
1905
3768
2773
1576
7893
15551
10356
1410
14494
4752
9950
3968
14448
14920
14929
706
4692
11600
3610
5331
6484
9093
3050
6564
11075
4508
15552
10730
6779
4326
7996
7692
15869
3870
12819
5420
15270
10205
11182
5984
1540
11686
11878
1139
7205
4440
15338
14047
9005
9485
13241
15272
1392
5017
9696
9506
15754
6836
971
6072
6282
7216
15613
118
2959
6143
4397
10530
6183
5351
11651
421
10918
14272
14603
8816
14091
15743
1707
7181
9132
12546
15018
11098
11969
4425
5385
6959
13586
957
13764
10294
9146
4901
8574
2688
4042
9633
3822
5099
16052
12190
12907
5835
7528
8466
11623
6508
6532
15674
9593
7729
6227
2151
12618
2120
3719
7266
12599
12208
8404
222
1925
15502
15614
2455
4158
16301
12749
2883
12867
13195
8169
6313
14513
13606
13405
4420
8891
11936
3156
4135
1922
8686
12097
5564
7491
3212
9811
14348
5410
3773
16226
281
8271
29
10448
2025
2114
15731
12732
6534
2869
12094
8857
1577
2910
10221
4287
2593
11412
14249
15758
10796
1278
2262
13190
9549
2932
1066
5328
11818
8429
6444
1157
3615
4123
8653
14637
16240
2898
2030
6644
11697
1902
5782
10400
13659
3701
9422
15289
8098
11037
6348
2622
1196
15274
1716
376
5661
13292
8948
10853
12736
16191
5521
7103
1585
8411
8393
6979
13252
1884
14830
11140
9361
11598
5770
16156
463
4334
4838
4037
13934
14819
10727
10758
8032
3523
7473
2597
14097
3292
605
12975
5316
2004
14126
5008
14849
1916
9039
5923
1127
277
7499
15467
5280
659
5048
14938
15086
14021
8854
9303
7231
9256
12004
8337
11915
9547
1571
7379
2727
7197
2976
2888
10374
13674
10987
6980
9294
5881
13556
3218
13273
7953
13748
4814
2181
3115
11971
13337
16047
1298
8539
5475
12245
11470
14626
6684
12637
3586
8399
15816
6123
4260
8618
4414
15373
16049
3515
10381
7060
2600
381
9349
8832
886
8880
13396
10074
10098
15588
4680
10541
14561
3847
7332
718
522
9893
1360
2489
11854
1383
11602
627
3192
1060
11243
5576
11678
1532
13857
3034
1189
12766
3803
5406
5352
13310
5744
2414
3074
11286
3371
4317
7863
7110
8483
6592
5749
5037
8695
16144
7767
3389
9021
1411
15297
7232
8154
9455
8516
14339
1725
3038
13346
8608
16316
11390
13136
1393
8887
2447
1500
14986
14027
14549
7504
9202
6372
11118
840
10982
1924
14629
15513
12564
10052
11477
9413
5836
8040
9055
11632
15412
7230
856
3326
13967
12542
14519
14092
4570
5852
16170
6674
4984
11577
13532
9133
14289
9703
8123
4505
15458
10659
10533
2421
6723
11092
6978
6377
1308
9267
3037
5905
5076
15642
13631
5091
14998
12206
13058
14282
10714
5650
8066
16045
1349
10699
11520
14211
12540
2973
14964
15037
11772
4920
2796
14595
2326
8454
8794
15003
261
9866
10739
2201
14095
14576
2105
11124
7440
4948
504
3306
12950
12439
9906
4047
10324
12697
3388
204
3672
8351
4515
12299
619
1135
8371
14360
3058
7735
8142
1519
9734
12285
5800
5994
11921
12462
1133
8236
9822
4012
8377
16286
16141
8999
5435
6169
1375
13082
11764
13149
2309
13093
15112
13622
3694
3439
5108
11893
16003
12816
15336
6461
9421
2638
16214
4871
13555
10088
3763
12994
11571
196
10715
15203
11060
10785
5428
13094
8437
2835
4344
9075
777
12997
1061
10977
13394
10897
7923
12781
413
7274
2379
12076
392
8784
1237
13534
14735
3198
7687
6707
14452
8862
4380
15379
13379
12089
6727
4676
9217
1042
8260
7655
11978
5296
3304
3480
8605
7667
16376
1354
4511
10471
10657
9309
13028
2990
10828
2141
10066
12427
14158
2858
1534
4479
875
5060
1751
14734
5511
1787
2336
8194
8853
1007
16101
1402
12665
6056
5492
16005
8542
14432
14306
8016
16342
11342
7714
15499
11173
3071
8524
873
2287
6969
9731
492
3150
7899
16288
12323
2751
9667
8759
3107
12493
4877
3527
5765
4019
680
15264
12304
958
6016
369
12904
7063
6682
10834
7574
2445
11441
13129
12160
11906
952
5221
11904
4716
4719
13189
8525
15312
1280
12940
7282
12335
2792
1296
13701
371
8826
11974
15233
9227
8701
6994
14060
13814
5968
8868
3751
2988
4307
14206
16085
16189
3131
16166
452
2173
13258
10743
15226
16254
13743
7569
8604
15887
5536
1381
5622
11646
12419
1479
8978
8859
5726
3334
16340
10387
7592
6132
10084
3960
7932
11164
1076
7882
15936
9962
1131
5321
8802
16123
2190
6773
11255
2480
2699
4566
7124
5733
10627
1440
14638
6920
159
16294
10298
12042
15997
15298
2476
10362
4442
8121
15684
10393
11130
8153
10444
9102
14917
8960
15222
2268
2251
13618
15165
842
13909
5895
9771
2667
8136
4226
3164
12786
933
16183
2716
15385
10674
14383
4800
12400
14255
16318
6265
8481
11402
1105
10580
16220
6883
8914
2149
8235
7648
9665
7533
10202
8838
14465
12061
2648
8234
4913
8651
7999
4148
10346
7036
1355
4259
15224
7198
8590
427
6699
12674
5021
424
11690
4365
8540
11325
3303
1072
4309
2939
11210
16355
8506
9723
6496
6491
8132
4976
1749
1995
1527
14643
1024
10171
8230
5258
8125
11582
1462
6280
9709
1181
8482
10575
7783
10009
9780
5739
11903
3191
1677
7916
8747
1541
6843
1254
1626
11061
9750
12532
8397
1648
13706
14466
10267
2096
15519
13284
9742
14949
15455
3839
16245
12919
1238
6381
11355
8369
7641
5787
2632
2920
11360
9759
4815
9209
2757
4451
16233
4489
8072
15574
4056
16131
10704
1719
1321
5594
292
4797
10495
15840
11434
8052
8798
14049
11088
12625
14935
5634
6316
10525
6047
11729
6025
2249
4146
295
9262
14231
6174
16317
8370
5245
1305
3154
8172
8401
325
14244
4668
1678
7986
1706
16111
13137
4528
11259
15454
8115
11534
15229
13516
12578
11272
8768
3722
12863
7016
4249
9255
6748
8309
4825
912
6417
15495
7009
15323
5819
13399
2174
9316
756
8902
16110
9884
10931
12757
13923
5971
14541
14142
2639
9745
1547
9767
8338
15476
9518
11154
11900
8197
11087
11824
14156
15777
6379
9824
4153
238
3942
5161
15526
8326
14636
13916
8346
8717
13443
16235
12946
7935
6095
4024
6136
4080
16053
3357
12337
1065
12662
14517
3926
7484
12311
6790
7946
5632
1903
4488
3547
8866
7313
4331
12857
5755
6964
3165
9477
14247
15804
372
13552
3125
8210
13199
4393
7941
11193
6811
7250
10672
7543
14805
5294
4248
15038
4638
7105
14164
12356
8633
8105
7325
73
15915
9128
10345
1398
531
10920
13105
6492
11234
7179
11122
7022
10343
9591
8765
10792
10746
11542
2760
5995
13368
15075
14771
8467
15024
10282
6289
6700
1846
14099
7143
11461
10784
9566
4384
8657
4286
4090
3096
8023
3241
13525
10449
6889
8790
163
3254
2902
5431
1581
13688
13533
15247
3614
11674
679
11533
7508
1517
13617
11627
818
2484
6403
1962
1346
15940
6168
11804
12631
15539
3770
3367
3786
11696
16139
15713
5695
4325
1005
2771
13925
6803
11573
16146
12704
12588
7665
14851
14601
14427
943
8298
3912
6513
247
715
10563
8406
11218
796
16329
8882
10188
14683
5500
14336
9076
8883
13070
5277
1674
2000
7914
7884
11363
15218
7962
10067
7570
3083
9640
8484
13204
5677
9855
10817
12506
4394
7521
5394
3482
9938
3375
2606
11647
2439
6680
4300
11063
7929
10034
16272
15483
13537
3413
9711
897
9668
2813
9290
7841
8141
10510
2085
4717
1115
10474
4574
8086
10132
1507
321
5087
7414
6852
4979
12593
70
9020
14585
14171
6901
2767
14146
12444
12198
13958
4698
5183
9391
11298
9257
10847
6429
11699
11103
2743
11541
3393
3163
16164
3302
3481
7263
9341
9474
12808
14109
6346
9365
4768
6459
14322
4446
7439
2575
9235
9821
14879
7998
9575
8456
5120
4081
12622
52
11827
11115
2787
2492
7168
5268
5692
7682
12568
563
15500
9428
10197
14680
13800
1418
15153
6633
8616
951
7450
15677
10177
7169
15755
15836
4826
486
9513
8381
10249
5781
11618
11141
4219
2662
13629
3392
7702
6966
6726
121
1569
7520
15382
5686
864
15
5518
14511
12589
9733
1957
1247
7239
14449
14120
8501
10561
13321
5416
6865
716
5129
3457
7118
10242
14518
12087
12120
11881
9165
3433
8925
3266
3783
13754
852
7717
12666
13166
7680
14937
10468
4577
1618
3673
10429
2660
3774
8468
14543
2297
13002
14500
12477
3410
262
5088
12350
5047
10574
8301
6531
12579
6367
1110
6155
9409
3697
5572
6454
16219
9057
9085
4297
9817
14469
1986
13009
2815
13591
4856
4527
3766
7748
14584
12567
13937
10266
6626
15759
1834
1741
7945
7172
12577
9051
13878
4685
1801
1148
10880
11
995
4368
9352
8991
13947
13660
11531
13882
4338
3227
13040
6967
13300
5961
8586
14733
7981
7108
7573
365
14516
15605
5891
11992
15556
13026
9823
8673
7775
3309
3013
2506
3603
3654
12441
999
7165
7732
6871
7614
11171
15302
9469
9228
11079
5874
1652
10838
10547
4502
301
4218
15173
14024
12914
475
11027
989
1107
14749
1240
15772
11308
14997
4949
14837
5822
3816
1622
13135
1414
2763
10179
15116
2189
2429
4769
8149
7330
10341
76
8489
7047
10772
950
5834
12382
13792
2041
9170
9333
13272
14022
12630
9089
8221
14233
11812
8156
10528
3552
12381
12560
10802
4474
5597
13177
13104
1318
5535
10312
6437
15047
10856
11066
10301
10640
15321
13570
8046
2415
1872
7898
3530
3189
12398
280
6085
5177
13574
8093
5113
3735
5602
13888
14460
513
926
13320
10750
13834
11948
13029
13536
13224
7030
6008
9062
11835
12307
2472
9425
6165
12572
11875
15824
4889
13370
4812
8957
12167
1419
5239
12026
12111
7638
7577
11127
11977
9452
14859
12668
8322
13813
9657
13253
3419
16379
5724
7576
10002
3374
16114
6241
14263
1315
8819
4290
12392
2972
6181
8216
3652
8875
12122
4288
15847
5846
13088
8529
2018
7872
13630
11537
11504
10994
12141
10611
8711
13006
4266
1249
6775
13912
9042
8780
862
1225
2159
7671
9942
9539
240
9063
11206
3695
1446
4026
9629
7200
15720
12661
15357
53
6349
15925
7662
1493
10869
12425
4545
1938
12677
12034
7456
11319
3247
11793
2479
14770
1539
1666
8712
8004
6946
11748
15868
5093
11840
1675
1146
5155
11024
10475
15590
10422
16228
5987
9845
15761
12117
2707
12562
3033
518
15388
8375
14039
2310
4850
2089
2033
1009
15063
15517
7565
7351
10442
10445
12823
11138
525
10191
94
9583
13810
1104
9414
6575
11899
12405
13698
7153
13
7133
13459
7708
14066
868
13908
13469
15494
7386
13965
2343
3670
6032
4535
12268
15215
936
11166
7922
11851
15345
4958
4280
7773
7145
11855
14778
9332
9904
26
8764
14641
5506
11865
190
14118
4544
9526
6702
9354
7684
7825
12261
16177
6566
15477
11489
12787
13118
14912
10502
10260
8418
1661
1510
5491
3220
4494
2820
1183
11559
12640
6704
12277
13847
13057
12831
4046
7541
4258
6541
5756
6725
6131
3632
11682
4190
11417
11146
15657
13784
7322
13276
15493
9371
14102
2917
12703
7814
14730
13911
5505
385
10673
6840
4452
12254
10461
8443
12213
3633
13607
7514
8756
5917
13223
15501
15637
6623
3605
8648
7793
14569
13060
15870
1017
10419
2355
2126
872
1564
5584
10017
15739
9338
11548
15405
6731
2122
3267
11482
2071
14268
5466
880
3380
8521
12379
12204
578
6394
15984
11724
10813
13805
12175
6387
3161
4777
6087
1482
15459
2718
2142
6903
2463
1070
12758
1466
13733
2333
4658
4337
6548
12287
15601
8721
14307
6719
11062
4946
3819
8308
1168
14421
12594
14982
9872
8048
13868
9411
467
675
5246
1511
6157
8879
8921
480
15576
8624
9613
2274
1033
14784
5370
6124
9081
7672
13334
9232
5945
12936
3151
10235
7459
11017
11065
13929
11456
8748
11340
8434
13874
13713
3913
4783
1291
15081
12225
3579
3298
9982
2818
9867
8135
9582
3407
4068
8261
3048
5633
12479
11868
10379
13418
15083
10577
84
13227
9643
6068
5173
2070
1812
3705
6546
12647
14796
3831
3104
2937
7556
14470
6304
7806
3964
7620
10184
10143
6524
16124
4573
2709
7764
13634
4608
12893
15132
14345
13501
9374
13938
14892
6611
6376
15107
1775
2460
5460
11152
7897
2382
6482
14873
11097
6221
11726
3537
3878
15899
8994
10886
11274
6222
12912
7606
13956
7156
9054
10753
8451
4238
10087
5188
10199
10914
16232
8139
10560
12775
12754
4780
23
3384
9432
15016
3343
10936
14970
12100
8595
3543
13640
297
8683
9999
9223
3473
11007
509
10342
15826
5806
6219
7958
3851
8841
6864
3089
689
10165
2223
10566
14395
3664
10167
12495
11870
4313
14940
6199
6610
2953
5847
11765
5318
16069
1557
11717
8846
12709
4774
134
6822
1967
6661
7061
10059
16373
4940
13036
10238
7479
15339
7509
10123
14781
15732
14493
16369
11519
13627
13742
10307
14287
1615
418
6004
13314
9529
13845
13560
10621
10274
11959
8518
8897
6063
2212
14897
2076
14699
13553
2152
64
9967
3061
5522
3930
10770
5395
2263
9611
1374
11798
1198
14037
4415
7383
9632
13717
8953
13723
8027
10219
7415
10248
12305
9311
7994
5345
11442
15217
7419
15306
15295
1993
8571
7425
1799
1892
5439
13928
3548
2171
54
5741
7194
748
5227
16130
14402
8965
7694
5417
5112
420
14599
11578
6527
13989
12112
4631
3553
7538
13486
13781
11051
5585
2024
13140
16037
15353
6170
10648
13498
10794
9103
7458
1197
8365
14250
13158
9396
16275
8368
15372
14501
14107
11800
10938
13156
10490
8010
12673
2810
4111
269
2721
13520
14154
5760
14719
12503
11199
5327
13203
10019
4371
12435
2454
11321
3262
15416
5023
11346
5081
15462
10178
623
8082
5606
15638
11515
8047
3835
393
8580
2529
6627
5701
5006
15736
1670
3669
2481
13693
13045
15662
4250
16256
9558
226
12052
13155
16152
8251
105
6332
11539
3711
15841
11644
14842
3250
9104
558
11466
10576
14616
250
12460
11432
1359
186
8237
12518
1177
4565
3724
13709
2956
4079
5550
1556
14093
15560
8502
6587
14209
15829
2277
5424
2610
6593
4181
16258
312
947
12138
8180
3436
11120
9718
1664
9532
14261
300
3675
10615
1790
3491
9571
14455
11944
11008
3649
2633
367
8258
16145
12367
15185
1140
5115
7768
1174
7116
15996
5123
14410
8628
16167
11561
8349
11337
1191
5663
13714
8388
4935
13424
15033
14891
11540
16142
2340
12372
6225
15992
5811
13153
10545
16091
14305
9141
903
10363
5285
761
9740
8253
10585
15478
6501
15728
5323
2356
13650
4178
1829
9972
10388
2005
9127
6594
1789
219
6249
3329
7772
8314
8219
10809
4133
15633
15583
7123
15921
4762
1669
12642
7911
11813
4004
15503
7498
11291
6767
3426
7722
5367
4265
12551
581
677
11803
814
9321
10986
7781
10504
13639
13588
7907
4000
9879
2587
15287
16030
1218
14183
8094
7618
8244
1911
16027
12690
12226
7487
6421
2198
608
14751
13202
2194
8553
11523
8440
15414
15009
5689
9535
10195
11444
6330
13609
8491
3626
4066
3159
11692
9597
5658
9194
5473
4118
5086
487
11410
774
5810
2357
14234
9779
8821
1260
12962
3052
5317
4897
2097
11490
594
6366
11343
5085
13462
4622
2594
5582
1337
16021
9797
14613
8982
1152
14177
15697
6312
10156
13119
11435
10571
7261
5072
4346
15209
4548
6605
5696
9334
13881
12338
5928
8184
12230
10021
1478
12096
5342
4678
11204
11567
5604
6686
14483
1631
12949
2770
15179
11732
13268
11233
559
13401
3802
3022
14875
14187
8315
14904
2258
8620
9786
5078
1439
9139
15026
5854
10054
566
7019
5010
8268
7572
3554
11766
11450
251
11317
5824
16060
1828
1101
11177
15291
1302
8808
2238
11394
11108
607
15137
1229
15729
15371
13751
15358
662
4427
5350
14443
4350
2702
11874
12569
14745
14522
11431
6308
5791
1860
7072
720
1600
10402
13080
10684
13495
15768
4377
6357
9017
12494
8851
6309
2230
648
5652
9177
1636
13806
3260
2892
5896
5305
7375
15278
5762
14515
5577
8207
13236
15874
13124
5065
3842
3871
10231
11252
642
15481
13883
15679
10789
1575
15189
6299
9390
6576
1772
6148
272
5232
13431
5425
15307
14275
13695
1729
6752
12996
6558
16056
12875
2830
6989
10386
10765
5832
8335
8924
572
1361
12731
16023
6842
7847
1451
12840
451
4578
3217
5483
12101
16180
15254
9768
1251
1192
16102
1442
9116
14827
14894
4074
15290
1943
12740
2294
10470
3284
4739
5590
15765
4233
1858
7651
16304
13422
15649
10690
3383
681
8053
7798
15355
7139
4579
5379
4388
4271
6190
14100
6002
11645
3677
14258
13518
13445
10083
8108
6953
15008
10108
1735
9129
1250
8920
4945
15543
7699
6410
735
12955
14396
12346
11277
13917
10995
9261
3035
14045
4461
5264
9730
6709
10519
4626
4267
12548
9058
11239
15591
1416
16001
7924
6839
13780
4510
15427
8806
12824
2921
7774
5197
14320
6938
7321
432
10299
2068
3521
2864
5276
15993
14458
106
15465
8845
5206
3685
5222
7943
3947
13196
12511
12827
4460
15337
8852
12431
12438
9447
2802
11894
10399
352
8863
12474
15922
6259
15159
3637
4649
6641
9955
14832
1804
12249
9214
1036
7221
14478
8179
10808
12140
11184
14376
10496
10518
8579
907
6622
4970
11499
5496
3518
638
15746
14682
11929
3846
10317
1499
13619
11232
9671
9585
4191
11059
7602
11423
7890
10073
9762
788
15928
3364
12464
5464
15115
8117
13259
4364
8544
6683
6972
7362
2285
7166
13193
10660
12755
5725
336
13059
3172
9620
4269
2315
6815
14330
6279
9870
14301
916
6086
15311
3593
2066
2494
7402
1536
3881
10163
9860
9317
8795
11500
9213
3501
16221
10206
14490
10174
11192
12151
2160
3201
223
7126
10736
7271
5330
10408
1420
234
15852
1242
9954
7848
10311
13283
15094
10004
10391
5348
12018
12797
3686
8191
11557
253
15733
12628
6786
11635
3875
12039
5680
409
16006
4731
15877
11510
10904
288
12880
9912
14355
9542
13134
2931
4851
10887
3761
14276
16255
8457
5940
8884
9523
7690
12352
7455
9863
6171
5470
14705
3853
7829
3106
4126
4441
3801
2756
11525
7453
4893
6940
826
5036
16058
12529
9608
15648
5965
10403
12559
1798
13960
1747
9990
8508
13407
8955
4896
9981
7359
1944
7101
1945
14674
11825
5793
9164
3288
5286
3030
6495
3753
10427
1158
8903
6800
5022
6711
15383
13085
10686
5343
8801
1960
11790
2164
13132
3340
8588
8209
7950
12360
14886
15444
9463
7294
9031
4652
12083
10094
14498
7535
9028
3238
3759
14202
3994
16175
9574
9497
16292
1176
9366
13681
7213
14659
2556
13377
15931
4492
8678
10337
5920
5985
4694
10418
6525
2064
13023
7248
8856
1312
3738
337
16320
6293
16302
6911
6769
8578
13625
4375
200
10717
7511
7070
9776
8413
16065
11312
16344
2050
500
4895
12573
12601
8373
4071
5150
16296
14031
15175
9676
5933
8603
13012
485
12
4201
11683
14232
10373
9342
13466
767
8126
12938
10225
8785
2913
14422
9367
12139
14870
12885
11918
13260
1417
12423
8155
3391
13768
1172
9347
2732
7681
12739
138
6620
8331
13354
14405
3899
3874
14113
4646
8254
377
13817
7821
8825
4922
1562
5265
12014
11671
8668
14759
6511
9442
8549
544
8109
939
10554
15284
869
12615
13738
10625
9788
14295
2220
14677
3856
11217
14407
11630
5002
13286
3369
9188
15158
7307
6270
12760
13444
671
6554
1748
7079
11395
15628
7301
9599
6758
7003
12592
6572
15286
4462
15790
3208
7548
8610
16287
4561
14016
9180
11230
9975
7388
2947
13812
11194
9995
4360
11530
1334
3660
12656
2406
9319
9024
3591
3468
12693
8218
9941
13092
11680
3477
5337
119
7679
10719
9327
11834
14411
2410
16020
2197
11664
7616
6759
15977
2112
8305
7370
4395
2369
4514
4448
925
9420
10837
11815
1658
2800
9653
11916
12238
13233
8343
9590
5293
16366
3430
4609
13549
10104
16335
341
2296
7518
9398
8696
10917
7741
5876
5090
15099
11556
8356
944
4959
9304
3588
12672
15170
11586
11919
5486
14245
14160
9622
14656
203
7187
7210
12747
14825
15608
3081
16076
1514
9201
14463
15030
14994
244
5007
7780
16033
5369
6070
14400
14925
6091
2789
1345
844
12905
13750
6396
5143
13212
8494
5365
5218
4215
10412
5223
13840
8762
5100
11335
10888
12134
6073
12357
4014
1888
7855
6515
13329
11009
14843
14753
9794
1756
7807
1657
6483
8345
7626
15904
809
11336
8847
7703
14724
2353
9595
9363
1676
135
7766
861
14002
15195
11034
8964
9454
5630
4969
10892
7589
4076
4898
12902
8706
3120
7972
14608
8095
16239
14707
12922
7580
6441
1252
1623
3771
15421
2886
4729
10241
2272
1671
9970
11356
9484
10456
212
1535
9077
3450
3203
7510
1082
4905
15558
16207
11414
5249
13392
15155
11400
7291
14824
8976
2548
10971
8462
9727
12465
14943
6522
11954
8560
901
3929
456
13363
10014
8288
7839
4342
14714
1999
7147
10668
10902
2453
11658
3398
8357
825
9043
13020
10642
4799
13531
6451
4347
394
2417
4938
1450
13545
14987
12965
12791
5291
7601
6910
915
11614
9601
11032
10144
5144
930
3532
13655
494
11020
14864
628
15631
7658
2128
422
2685
13571
16088
10182
2351
8441
5427
13740
3424
5429
9512
5211
10526
6223
6344
11594
3606
12580
11279
10162
4786
614
14692
13356
13032
9516
350
8562
8007
8818
11581
9068
2978
15618
16213
10647
15484
2376
3789
7805
1948
10460
5685
800
12644
10981
13993
14592
5976
14841
16270
14222
3372
8321
5759
2091
5697
12636
3415
3114
4986
1382
11036
3872
7759
3347
13512
1084
15386
5842
8950
2749
1614
7691
2493
7041
13151
14111
13111
1601
3678
6447
10682
170
8870
7873
3090
8275
6196
349
13316
7886
4618
15688
1287
2670
5404
13162
8241
11082
13705
12070
3059
13802
7475
12606
10579
7824
10542
9992
13187
1640
6747
4003
462
1068
5620
16338
11188
11370
3451
13072
7488
828
10149
15498
482
6287
3957
13197
5396
827
5269
11691
2183
15362
13270
501
7539
5803
3820
15585
3263
13254
1778
12145
13611
10934
14163
188
10259
4836
384
3452
3056
12658
9308
15734
3785
4231
11817
5616
11649
11522
15532
14686
1712
110
5722
1164
11771
3628
13338
13374
4130
11572
6195
10216
7594
14335
12217
16066
2059
3704
12976
11457
7366
4882
2140
9014
2797
9685
11408
15704
4095
2501
8185
6393
7557
6305
2914
5855
7965
10441
1293
1795
7728
4212
2514
13447
12375
2531
5055
10905
13712
2143
12587
5983
5986
14293
3157
11755
976
1523
6993
4497
803
2734
7059
16377
15464
7603
8602
2948
9310
11888
9468
9473
10338
14018
3556
14489
4382
12354
6720
14101
12397
14760
11304
3153
10261
3590
1027
3622
10148
14507
11631
9358
9
2693
820
15073
1423
2724
2543
2139
12353
6018
3817
5322
7834
1294
120
2966
5241
824
2804
9605
13245
1203
6176
8442
13915
12798
14534
5440
7384
15129
13039
6298
1607
11507
8118
997
14271
6460
4032
4832
13979
956
4657
15250
10369
12490
9355
15694
5817
14509
7338
5960
7304
13331
6892
2609
3529
14198
14965
6671
3401
8161
9973
2604
15575
426
4543
10877
5175
16333
8625
2915
5873
9038
131
1593
2009
12080
10288
402
14981
810
1537
368
179
10933
331
16328
12458
16121
10620
6877
13584
14764
8112
11026
8199
11327
14862
5551
5592
6470
6252
1214
2608
14627
5942
694
15441
3
5866
15643
4924
14882
12295
13369
11670
10096
7640
102
13657
4793
8577
1578
7364
5549
13970
1035
6739
10728
1433
2175
10133
16032
13504
1611
11828
2084
15784
7398
1750
8507
4160
13048
15663
7237
3405
9493
10208
2196
6735
11965
16116
13313
10564
5004
8766
15814
12508
15420
1341
4401
13311
4421
4410
1103
10721
12373
7542
1123
780
8183
14349
10395
10883
1961
8662
1896
27
8064
10975
11526
2717
6638
13053
2317
15505
12482
13318
13596
5776
1092
5712
13145
15901
8480
4485
8775
6795
8556
15831
7550
8181
10568
11354
1831
13702
5397
13833
17
7190
8952
8333
8710
5951
4556
4207
15489
10532
10745
6082
13853
3854
13818
5334
8376
2621
5838
11005
4987
9142
1861
16090
1384
14903
9892
5308
7438
10051
5481
6153
5736
2349
5539
15955
14597
13262
9761
6037
6597
618
7830
6617
3014
425
10633
11876
1579
14580
14823
3447
13179
741
879
1597
16080
14495
1376
2367
5795
3296
8492
142
6653
1763
4278
1399
15878
3908
2275
12583
5443
9682
3566
1001
1498
11552
13996
10781
8316
15855
6100
4741
1847
2396
6058
198
4362
8
791
16103
2374
1432
8567
7959
5139
4127
15798
9329
660
7880
6182
15514
6108
13261
10081
1338
1329
2729
3567
6466
8538
10271
8000
13414
4086
380
10258
15510
12063
13073
8279
9431
15213
2649
13980
9198
4055
11956
8836
11961
1863
5635
4428
9364
2337
13592
8655
2925
12032
4245
1929
5798
4413
9172
2499
12602
3354
14847
14625
14633
16009
13551
6655
16074
667
14406
13348
11989
6539
4159
6186
8323
10768
11121
5121
11538
14989
4784
14856
3736
6271
5925
16229
5568
13297
12947
14046
386
4155
2589
15241
11476
4136
66
13598
4648
6229
4189
7429
8552
9239
8476
2878
2573
1767
4185
7797
12639
7058
1454
12664
1040
14668
8134
14737
2625
948
439
7917
14149
13642
11186
666
1820
3712
11475
9448
5884
6152
6094
829
16356
6338
4168
1814
13302
4210
10050
13361
5748
10635
13128
3691
1673
10503
12685
11139
9350
15174
15408
15204
12171
1193
3009
831
1464
14695
1895
3148
14001
6324
7517
2301
13763
8174
15867
10708
1406
12084
139
14525
2157
9182
10326
339
13353
2451
3570
9976
12452
830
7426
5490
12888
14216
366
11513
6660
11508
5601
14993
11334
11282
10524
5964
2982
14502
1868
14186
6850
12186
15152
11102
12970
9379
10112
12074
1275
4096
14915
3487
11329
9408
496
16223
15201
13787
414
13777
8146
11163
6374
6438
3666
9902
1447
2209
10895
2032
12331
7467
12948
7420
4988
5167
11347
13699
9596
15885
14157
12194
10015
6997
4603
1165
917
2044
3720
4284
5203
3105
2654
10227
7581
12170
6555
10264
6832
12918
8607
8774
5977
14015
12071
5176
7011
11832
10656
4443
3446
15656
8647
9313
13301
3602
15096
6696
2131
11258
2825
12113
4751
16289
13398
9901
5833
10173
9896
14555
13716
15602
1487
8166
3259
9588
11300
888
13945
16185
13201
3869
2413
512
3594
1120
2375
3026
3909
10546
15322
4610
8328
13687
11265
10991
2014
2407
16378
13613
7098
1243
14918
7371
9689
11497
1559
7909
4911
11660
11848
1071
6455
3187
6116
5647
4912
4928
16034
11895
44
6848
14106
9356
10425
817
11081
4391
2102
3805
13143
10218
4340
10161
11207
4005
5041
8090
15293
1336
6751
2482
8263
13440
13680
2675
3344
3094
6031
16028
4480
848
3709
4180
701
3573
11783
7532
6203
6291
13022
9295
10928
1015
4131
4771
7481
516
2963
11617
3645
16010
15974
2679
10244
5699
15667
14450
14984
13514
9377
11659
773
11268
10027
14604
311
13603
6981
254
7554
4251
2657
1815
5190
15938
15730
6331
14257
6714
6764
12848
1132
3923
4617
6128
15333
10122
13470
3039
6487
4707
10160
3604
3006
7971
12161
10257
5272
6590
3810
12274
1728
14482
9807
10831
2244
13304
15515
13811
14548
3676
400
573
152
3049
5583
99
11723
3001
5504
7584
14992
55
11361
8992
2219
10875
12336
5376
11852
6272
15794
14568
9610
12075
15640
14315
5788
9499
556
9457
11151
9008
2034
143
7856
16062
1195
6698
3031
4303
15029
3790
2980
10832
5937
846
2563
2713
4262
15719
15466
5644
8287
14787
12432
4585
14262
14341
15074
4044
6621
6776
11089
7782
1976
4120
15920
1166
14914
1055
11909
14290
12252
1362
10676
7226
9679
9123
7770
15594
7431
8089
5996
10703
10710
13620
1907
11174
15198
9655
2987
12473
6204
15079
14215
9916
9627
2616
2779
9754
1458
1839
4864
10726
12358
10396
12998
9253
15301
12031
4230
13557
13336
4062
9628
8699
1784
9003
9389
10969
15661
16099
9587
10313
9002
11634
5066
4143
8068
11681
7837
6239
11014
14532
481
7525
14810
7789
1366
224
2808
9923
13766
5771
11867
15062
7104
13479
8936
13940
12092
2777
2843
1057
7605
14838
11275
9790
10970
13178
6533
14079
5714
3333
14082
2242
9652
5789
5520
14220
12784
5679
9556
4705
994
12121
6284
3278
1638
1276
9550
11016
5593
13427
647
1745
4083
14594
5904
3758
2586
1878
14579
13727
1086
9083
3642
4436
8671
13686
1023
8277
10316
12296
11198
10223
8619
8286
5954
616
16140
2571
10557
8438
5109
13961
476
13746
9984
2975
8455
9423
10498
5872
7896
14885
4114
8719
5918
2502
7700
4943
2635
11077
5472
15825
16138
14496
4869
11474
13350
14451
966
15064
7243
3331
16013
6867
4504
7451
1403
7977
2518
16205
11238
1481
11720
14959
10997
1779
2849
4242
15183
14090
10278
14975
10190
15447
584
11529
12491
16181
15682
5802
6986
3269
11486
3190
7738
6339
10005
1012
5531
2239
1413
15989
7496
13278
4105
9174
6267
1037
1506
2705
16353
11344
7417
14562
13824
3167
12015
15555
7086
10106
5207
11278
10459
11200
8175
12807
15926
9203
12119
9615
11792
14927
14399
8097
10845
13502
12450
14454
11606
5186
10072
15341
3534
8168
11202
3651
8395
12118
16212
11576
13821
6164
4923
9301
13214
15127
10507
2478
13362
14607
10549
3558
15005
11249
8317
12795
14831
3234
5180
7376
6321
390
8110
9458
1994
9049
9119
2354
12237
11437
2057
317
13412
13671
5422
12384
9607
9704
16217
232
7131
1914
5843
10634
15896
4581
1121
14858
14382
15469
3111
8044
1475
4953
5570
6375
13021
8512
5083
8892
1681
172
6581
9348
8479
8954
3514
293
4663
7486
8993
1985
1990
382
1327
11747
10589
124
914
8421
220
12013
4302
15545
8990
326
10487
3648
14514
2043
8945
8278
548
12788
14213
8472
4017
11386
9406
1222
5360
5566
1629
10406
9968
12543
15450
12958
3966
10394
4020
7540
12931
15821
4939
15422
1529
14574
1094
5936
2803
7628
4509
4842
8262
15387
10619
723
15625
10424
2903
12201
2958
13493
1098
1274
11601
1956
10314
14025
6965
6948
6787
14957
9193
2962
10604
4881
3293
731
2250
11375
7840
11029
12130
14011
8741
10164
1339
12008
7796
10738
1672
5436
13425
14661
16163
3258
15751
12035
7861
10447
7225
7563
9710
3984
6138
10032
670
11084
4370
5729
620
7854
1737
10482
517
3434
3438
5978
15253
12538
590
1981
14773
6753
14319
5349
5927
14285
14294
14980
6285
10110
12312
12291
4455
7637
3581
5657
4478
214
7867
7716
10893
11047
4764
330
5532
6937
8987
9834
10450
4701
10175
529
4419
13815
4662
14462
9729
1875
12614
4119
532
16
9401
1155
13820
1213
15533
12651
15776
9284
11701
3755
13291
10003
2911
12187
9922
12446
7037
922
12104
13654
15012
1314
15527
14702
7385
2544
6825
2965
14906
8617
15788
5889
3110
9738
15154
2179
15410
11155
6549
12989
3297
16150
2427
9911
9197
6325
3158
13990
6827
6763
728
15378
6488
743
3152
16199
8900
7096
2991
6724
2893
12098
8348
3608
5808
1613
12711
9023
10687
5899
937
15692
11705
14564
5071
14404
3345
4094
10983
5758
3140
10826
10836
5861
3630
4175
12163
15973
10082
4983
13299
13071
12468
81
11181
8961
6853
13509
9171
1090
14343
11669
15523
9007
14377
9755
14338
833
6849
9159
7432
16238
10407
6648
15727
6823
8563
16297
11219
841
10829
3779
2916
3699
13355
5709
4997
11982
11295
4339
14190
5723
4216
10596
4374
591
5326
2945
941
11369
5988
12182
5667
6098
3180
1633
6736
2021
12934
11421
10157
8708
14023
1793
5266
3513
12903
11468
11734
3986
2981
364
13115
4038
13875
4699
2306
11039
11549
2269
12390
3214
11950
10070
1232
10583
12116
8584
1894
6007
5665
2853
7956
2026
11565
736
5451
10966
7021
12136
5528
12210
12286
15401
12125
5372
5482
2847
7326
6104
3444
12837
10200
2204
13734
7268
2477
4422
3160
11237
15706
4450
14840
1188
5888
15546
9150
7707
5921
9082
13885
7526
4319
4952
5612
9403
16087
14972
1848
2106
1268
8003
11777
7146
16208
11545
1299
6443
13528
10540
6232
5288
15914
1859
5200
13951
13123
13522
12765
7734
8716
5628
15672
9835
1805
1513
5829
13161
1405
14334
2930
10431
6258
343
14032
7710
579
2431
12978
4806
11215
1129
1453
4264
8771
15827
8946
15403
2402
11883
9838
9035
10874
6351
12057
6783
1887
4690
2392
1285
14792
7771
15980
12233
3024
9673
15769
10924
2934
12834
1052
596
8426
16082
9543
15579
3307
6142
4933
15157
5637
6782
3838
1020
2549
3243
3577
15979
2345
10105
13294
3965
7316
8881
10799
8587
3665
12882
5909
15245
6121
14757
10830
5019
5419
14845
2486
11626
9865
3794
4992
9642
1263
1844
10778
11425
14248
11924
13437
12985
16313
5649
9078
15146
2722
9242
6535
5797
13887
9056
7727
14662
784
6075
15564
6475
3466
7523
1691
3936
12541
9680
4496
7275
12785
1483
2873
10614
8324
8282
4385
10434
9681
4590
10130
6005
10011
5166
11624
14212
3252
3055
9272
8565
13554
6950
8546
1307
13722
12945
4193
7944
9079
16363
10287
5807
11902
7067
8557
9903
8425
9917
4270
7277
6632
1596
8858
4179
16094
12941
12275
5826
13903
9259
323
9200
2225
7505
8842
12133
8600
8005
3019
3639
12242
10550
3460
5450
282
9836
14614
3454
8188
612
877
314
8021
221
6872
7777
11879
11483
1048
9520
6931
12038
7428
6893
5477
16115
6474
15512
7519
1319
13376
8568
15889
12022
7252
8129
8704
4820
12550
2469
4660
8956
8143
11479
10330
9492
15423
10679
11735
5715
1297
942
1769
10092
12689
7182
9844
9278
9004
2602
15352
10114
15762
13237
4165
9563
9697
388
2603
3185
1119
13844
8058
2350
6678
11629
604
7927
7369
7305
206
4424
11449
9130
10663
11041
34
6582
14033
8550
15708
5929
15282
3428
7223
5684
10128
15596
1963
7585
16345
11058
929
11714
15621
1220
6520
11225
1954
9943
12539
15281
8613
12314
12853
2500
2307
2206
4724
14145
4121
3955
8030
658
5487
11639
4491
1610
7811
14317
5146
14821
14936
2435
15446
4796
2466
14380
2601
9705
7339
8878
2006
2332
6947
13110
6970
2054
4790
10454
8087
11055
14197
12818
6505
10612
1978
4775
1940
3828
2127
570
12359
14497
12410
13265
14704
3951
472
11718
473
9065
10141
4031
14844
1163
9251
7358
6804
2079
2358
8541
1580
11260
2698
16315
8008
9792
6288
12829
8535
2293
15547
12177
5764
15709
7936
12524
13169
4433
12451
5063
9746
15786
11147
3631
6250
8996
15167
8966
13690
4947
7310
3971
14286
16120
655
4285
13127
15332
7152
11323
15948
7171
14531
8877
12235
1141
11859
13062
10945
2002
8861
7027
16108
10951
15343
4224
5313
15328
13138
4837
11706
9977
3400
8167
9115
10979
12783
13107
13785
1880
4956
10494
15239
16251
14803
7599
12370
3078
5000
3510
12081
217
9323
13015
6887
13798
8670
12571
3002
10272
4767
5199
4418
6602
335
3233
11509
10159
7600
10043
4628
7119
3242
10152
3264
2541
5478
15822
3689
7685
10090
11191
5848
2776
10413
11382
10479
821
6762
1485
7186
4283
215
2082
355
8259
8660
12762
12924
7751
6144
7308
2900
1126
4006
8436
15196
12062
12908
16095
3368
9702
14628
9534
12333
10207
15586
10215
11135
8591
15053
11491
5599
12429
4108
15275
7982
3064
920
1794
12929
10916
9320
7000
6064
6646
12007
442
1509
617
10783
15377
10692
9675
15646
3732
3202
4730
14278
11930
12836
1367
2147
1010
8077
10716
5084
534
5946
4060
2188
7513
9760
9508
6050
6120
15375
3181
4164
4078
4785
15660
7069
12741
5618
6856
13899
88
85
4392
4323
13382
847
12969
3041
3962
14369
13019
10255
6584
14814
15143
11588
11454
230
10309
5187
589
6504
11609
6145
4087
6756
2811
6556
14793
10022
242
16361
11213
11455
1682
8011
5046
8632
14761
12454
1427
16278
16051
14563
3249
8937
12402
7961
8831
12406
2926
5559
7494
318
8786
12745
8720
12315
15862
14741
8232
5882
2620
14153
2846
11521
12221
2647
9756
2231
3425
14919
13472
5263
14388
12159
13390
1380
305
10824
4275
13582
11371
3261
353
13410
10803
3885
4522
13954
15787
13403
11330
12607
4531
5969
9631
4332
191
5941
7276
9302
15627
15470
16105
12227
2905
15879
9450
8414
2637
2327
11357
4312
6604
11372
15148
10350
1004
4200
5358
8803
15256
11054
3174
5136
2010
9444
15652
14110
11478
11528
16079
6977
12155
11332
7631
9876
15944
3681
4734
7345
15830
1425
14721
13103
1802
6111
6749
3536
13721
9698
14883
15428
5018
11947
10636
9763
6651
375
710
7161
11045
13707
4263
11416
1849
16274
15581
239
5230
10930
9741
4712
16253
15939
3350
4934
1179
11242
14954
11568
3840
10042
794
8823
5537
10335
7272
6102
12590
12143
12106
12073
11349
12019
14087
13837
115
13975
11331
16260
2857
15486
3057
14679
11048
9736
10761
13051
1889
515
9717
1372
6499
11727
9548
5763
10929
12817
3417
15340
7701
8769
6695
3431
1230
5523
9178
15172
3950
3549
3299
3596
445
13649
8080
7676
6954
9134
13210
13430
12852
1970
9504
15909
4781
9573
1866
14207
13572
2842
1949
1205
14791
14958
10693
12702
12600
6560
14115
6650
6760
637
14860
10515
4292
6127
5384
4513
7915
13234
3765
3076
1112
2824
8319
7051
4977
14544
4524
14453
6159
4499
5375
5745
8623
919
3332
2186
5670
12449
2890
13327
9047
6269
2704
3599
8311
2380
4758
12552
2733
11739
12545
13438
4611
9451
4972
7552
13708
10903
10041
12613
2565
15941
8272
630
14151
14318
11744
11964
14251
5140
15639
14905
12725
10972
986
2155
13694
448
16311
16203
13683
2444
626
1955
2668
16306
9207
7813
11216
13832
10120
3336
13507
5610
4058
11791
4129
4519
12348
7202
4760
9307
12169
9949
1833
13413
10506
14401
2245
3095
5557
7791
6370
2048
15453
981
12717
3315
9598
8597
15168
9378
12617
12472
15535
11338
9932
14077
1906
5775
5862
15299
13831
9397
13441
14654
4914
645
8677
10170
273
4475
13926
12309
2821
14863
7378
2257
15433
11891
10254
7306
3795
8694
9424
9070
15987
7625
13277
11022
8834
10998
15934
3229
5432
8827
2430
16190
9190
11211
575
11306
6469
4614
932
1879
10793
9900
1069
127
7591
540
2985
4942
3737
9881
3798
3073
3538
156
5242
6340
7382
12887
14575
6687
7800
5418
2520
13468
9186
154
551
28
1913
10645
1901
10795
2525
16186
10212
2334
11650
3625
5040
8014
8585
3902
3576
11285
3223
8939
2329
5713
15300
14367
4274
12480
15182
11688
9913
320
14480
16230
974
1883
6565
10949
10544
7818
12051
322
7129
15457
9604
9948
13191
14807
9195
12176
10724
13256
4089
1395
4677
12992
3287
4221
13897
12086
13597
12428
3528
6624
9510
13404
10303
8461
13326
15004
14135
15082
176
3823
13935
7478
9544
9519
5869
14664
8984
14583
4435
12006
5381
1697
7740
4199
3967
14010
15958
6408
13066
10476
14129
2572
9407
11076
13633
9850
10912
10775
1989
3230
14425
15156
10056
6489
10962
6449
15562
15283
11612
13866
180
12422
10135
4737
5546
1646
7024
9656
5700
13679
8190
12349
13880
5934
15778
6053
11498
3992
14441
10582
2094
2087
9758
13732
9277
7733
11679
2927
14963
12687
14713
9559
707
5445
595
3887
10595
3281
10332
8039
3641
2170
9298
9437
15109
2983
4171
8757
11700
7204
3112
13689
8698
8867
16215
8935
6314
11257
1484
12826
3939
5682
2023
15752
5694
2318
3047
3623
2994
10360
4801
3750
5127
9721
7121
2495
4140
702
8804
1377
9918
8200
11214
4406
15200
3077
6200
11033
882
9567
11419
12718
274
8888
1724
2211
4416
5640
10996
10653
12915
13543
8158
12884
2783
7409
15912
8076
7808
11495
7336
12345
3294
10849
10077
2816
8276
6260
13206
11846
14765
1720
4689
3270
9959
802
14468
7400
7976
11860
16016
3486
15197
8379
12137
1649
8490
2304
4030
1702
1317
2778
348
13668
1694
4532
592
13288
12870
202
2148
14130
5980
9645
12037
12705
2938
16137
7158
12200
10578
1608
10599
11000
3845
12283
586
11527
5476
2319
6011
12300
12366
8173
13829
15666
7991
10529
3821
10491
6598
15629
1928
10910
12205
16002
16113
8177
6862
12549
9247
7323
1096
7757
787
1528
7034
12527
760
11229
9266
1211
13593
8979
12682
4150
4615
7293
2769
4787
15903
6595
8444
2180
13054
8745
4582
11905
1594
14020
1917
15544
8918
7435
14966
5142
12341
8615
6465
12952
15521
6791
3399
171
16309
6146
10016
11226
8755
2681
9006
2228
2837
10511
4621
11872
970
10974
9092
5329
13995
11245
1762
3352
2459
3091
5804
11633
5706
2935
2507
4390
6963
1253
1979
14926
14472
11939
15325
1208
1118
3629
12608
4858
4902
356
5273
7212
5844
1651
8912
4045
12738
9370
3952
296
806
12437
9778
16048
8396
550
3684
3580
9898
1785
1202
12935
7413
2859
315
9897
11836
1619
9236
10358
6418
423
7630
16107
2371
15435
12025
14678
11733
9345
16336
3435
12513
8038
5310
1827
15717
15811
5388
10093
7005
15536
1822
1800
10057
13037
14464
1409
16017
5611
9339
2817
4227
14352
2791
9481
16211
15390
15810
6391
838
12619
12913
11161
6083
15738
7831
15237
14009
12103
6054
8088
1463
16261
15052
5949
15568
2671
7643
9109
1832
6958
805
8296
13656
5003
8206
12011
11388
6439
5356
1813
4520
14098
1081
3339
3421
8809
3692
441
12483
4875
8239
11922
2574
5780
2187
14983
1582
3863
695
2042
11080
510
9661
3865
1313
7309
11160
5979
7756
5064
13998
11787
1935
15404
14430
10289
2568
7175
7715
5271
2539
1930
6498
1435
3011
1865
6738
11698
8192
1373
7919
1708
13573
5627
8497
15518
13108
14720
2468
9570
465
520
16125
10037
4206
5534
6507
11096
2562
5243
10232
6335
5075
7960
14254
8355
6810
5052
12236
2809
13905
14723
3934
3973
9044
15773
9505
5527
16358
3319
8728
9530
1549
12385
4853
7240
11797
16004
3248
5636
13691
2372
15460
10410
2829
8069
3841
14605
2003
766
7081
13360
4782
9324
478
696
6668
7258
11406
12269
15757
7449
12621
15031
11428
7447
8364
13566
1088
13148
5673
3938
2172
6399
8233
3784
8084
6857
15942
764
6510
14260
822
12719
8265
446
3715
857
9111
3346
14672
8534
11143
7619
4345
5772
11413
40
4261
4149
5890
2437
9285
13594
5656
10565
3982
14063
9650
2924
5442
14673
12730
3225
3427
9641
5548
13623
10452
13473
15242
9851
15426
12017
2081
12240
15091
15431
2123
9418
4064
5247
12790
13494
6788
9614
5624
3517
3772
708
319
15600
1761
16025
2694
35
6996
25
13008
8770
15617
9787
6918
5362
12804
10295
6897
6436
11853
15687
10652
4521
14195
14795
4139
6930
3097
14476
7078
16305
9827
7039
14717
775
6110
13220
15929
15900
6019
2104
4518
5289
2799
1008
9814
2248
14931
3636
8249
9812
5202
896
7823
8599
6512
9306
2253
9931
2936
10107
6666
6210
3747
3541
6701
14170
1428
7979
7905
5194
5880
5809
9833
5103
11997
9578
10523
9436
11743
12298
1073
5224
15236
14371
14881
187
8663
4824
12124
14309
7422
14698
779
6026
8092
429
5955
8176
4028
5398
4553
10075
6563
3183
13703
9700
15276
13658
9937
12036
3781
902
12858
16151
13704
4177
6453
10535
14708
11758
11439
5077
7512
14758
7938
15956
7615
5493
11687
8904
13113
15188
15641
3411
13455
10384
11438
16188
14013
7460
8394
1426
4841
2627
5631
3824
13275
2062
12003
8582
16044
14044
14871
3445
14586
5716
5600
10484
12055
7677
14990
10709
7627
7094
15391
15317
6831
1918
934
10609
797
2338
9475
3236
1030
9462
9816
4547
1627
6494
6076
7418
14660
12368
7529
9465
11514
1568
2566
2195
2719
8471
1662
13538
1663
2551
15058
2027
14550
16092
13745
161
4887
6093
7978
6956
11073
4594
3004
13985
8385
12363
7646
1679
13808
3522
11579
9739
14393
7752
7393
577
13809
7852
11511
1407
12892
1412
16368
13932
1371
2434
9635
1721
15223
8061
10064
14893
2280
11757
9536
1258
4142
8928
4359
8412
11116
6907
11968
1021
4162
8157
15134
387
10359
10629
7023
11427
5461
2832
14528
4909
2517
5402
14359
8520
5805
2907
7178
13924
15534
1947
8722
6255
12154
14277
13249
12737
9122
2659
10409
11313
5989
6405
2116
11267
15319
4322
4396
7674
6551
3864
14189
5016
10960
5319
6542
15032
5209
9568
14762
8096
6172
6119
3239
8246
3489
7160
5825
621
14570
114
5530
14477
493
14901
11926
14962
2952
13872
14969
12153
10375
11283
15597
14620
9832
11842
3646
5399
1134
7392
6089
9720
4203
15057
7367
12570
13825
1818
14510
9825
3418
15069
8302
15384
11189
6212
8969
7870
207
14756
12279
3378
12726
10782
3103
6881
8079
1277
15273
3143
15356
1714
12041
11003
16029
6712
1583
2642
12222
14434
10462
5147
6899
13896
15863
5141
1436
8727
3743
7908
6990
3301
967
6109
5387
3377
14488
15098
4426
8922
4316
5573
1837
5299
15721
7785
11290
9173
4223
523
2629
15950
10154
9690
4915
8829
808
14007
14256
10062
5666
11070
4106
13647
6874
14362
2273
13063
13972
7251
5642
228
14357
13503
12270
4715
14008
15753
1811
9120
13969
12411
5503
6675
3946
10000
14412
6115
7857
13827
5574
8692
16312
12761
16165
13500
4867
12815
4903
11031
4878
15789
15947
3358
6266
1923
7074
12574
9229
8160
8448
15334
8526
8255
12517
16249
4457
9905
15472
5784
2559
524
4655
8703
7150
2316
15531
9467
10913
668
6640
12805
12453
9947
5068
5192
2512
11610
14960
12968
4310
16244
6608
7673
15671
13562
4176
7762
6039
938
184
9695
13372
3276
4052
1147
2264
4580
11035
15905
2946
7925
10493
5678
1683
10941
6246
5512
13860
664
6327
5132
10655
3505
1920
13330
13973
10851
11107
459
15067
2782
13719
3175
3993
15125
12982
10222
15636
9244
13365
10025
12896
1224
129
14344
7149
13076
923
15782
1525
8435
10882
13027
13017
5073
9224
3386
11451
2233
1396
11604
992
14971
8642
7985
3972
10124
606
16237
10697
1606
5719
3818
7992
10922
12126
14933
6934
15471
3017
13465
15430
4373
3850
3356
1424
14829
4794
16153
15650
15843
7089
13540
5366
6908
13221
6343
3136
9189
11315
16073
687
8638
464
8384
15712
15346
1358
1031
11176
9487
3321
8473
3687
560
10593
13432
6885
9095
3432
285
8908
9456
5125
8042
14836
8423
10909
12330
10700
6099
8509
8972
13992
11314
8147
398
20
8498
2745
7883
15964
12232
2664
2885
14085
649
1817
7489
910
8446
9531
7490
6557
2013
7609
3194
8099
1589
14711
14313
16375
14439
5966
11212
15735
6697
3728
7246
866
14475
16202
10771
483
12700
5837
8304
12684
12789
15231
7564
2146
7007
1093
11167
1723
12981
12866
1915
15851
5114
15756
7144
3762
3849
9987
4172
8763
6971
15068
5226
576
4616
14114
9192
10275
4113
2641
14557
5444
6283
3348
9107
3767
12627
15468
11251
2623
13879
14224
734
16024
2308
15802
13541
12799
9179
11768
3471
13839
8511
4885
5275
3337
5001
6591
2692
8575
2969
276
12470
13737
2567
15923
7795
11131
6245
5886
10863
10857
2812
13893
5237
2255
9426
972
14857
7610
15296
1689
11721
5974
10908
9616
5629
2487
10787
993
237
13011
1217
8810
11458
5513
15566
10878
4329
7255
11795
4276
8015
268
12990
5101
12746
16041
3355
3539
11953
4818
7018
5507
12678
7132
1754
7211
9416
3741
3406
5309
4571
14353
11377
6536
4501
3698
14688
4859
11979
5292
5545
8566
2784
8980
14606
12813
15007
3493
650
14070
15418
14136
1977
13544
14000
11991
15211
13700
7902
7433
9434
5561
8742
14800
5282
2178
1038
5907
7913
4823
14630
13050
4387
6928
9725
3883
7173
3472
3200
13393
12114
8248
8840
7337
10601
14081
4281
5992
12694
15680
8792
14978
1885
405
5156
5621
7193
3092
9624
5089
7758
4376
2298
2741
10665
4754
7997
14696
12635
8360
2897
11672
3710
9206
316
1937
15050
725
2281
4876
1332
7085
5816
12396
15255
10539
16148
7567
11725
7604
9260
15194
1080
11663
15042
9980
1992
12516
10643
4770
9490
13064
15686
4720
3868
5341
10234
16282
11132
4862
4661
9708
10334
2611
3155
13775
7107
5363
3756
2863
1563
11884
11179
9326
15968
10286
3700
6205
5578
5137
4234
4220
8380
1718
16380
11937
8796
503
9097
11775
5746
8849
10151
6944
14529
13558
12146
7399
10661
3132
4855
15303
11169
5171
9770
15750
14387
13963
12842
3545
11223
1331
4202
2561
1390
8295
13974
15071
3890
11250
14658
10955
8894
4296
9269
3796
6253
1807
13793
1840
3274
12228
8116
2516
3769
895
5935
13729
16157
5098
11095
13539
3928
13511
6681
164
12220
15864
16055
2203
15952
11756
10953
858
3894
16040
11957
9069
7407
10788
10961
15248
14300
3456
4116
7270
116
613
2781
6415
11596
12371
10567
11983
15084
13303
4411
15021
1320
9561
9927
8025
12301
12000
4381
443
68
15767
10989
9921
15986
8217
3690
1836
8122
1548
11117
6710
3937
3861
6924
6378
10573
10740
7289
12401
10012
13491
12626
5368
4651
4161
14323
9293
4637
2555
3042
9985
128
15363
5845
11376
299
12244
177
5371
14700
15770
14
6916
6578
632
13160
16154
11460
13181
5170
9234
3901
12854
8419
14939
4975
12164
13325
2656
14327
12088
7822
16222
5009
3900
333
15883
2995
610
7670
16352
12066
15122
15957
6084
11822
13173
6951
15425
16331
2412
7122
2836
5306
12839
10538
3335
174
2730
5944
3273
7363
457
7586
15001
11546
6637
10748
8963
4598
2456
2222
4173
769
11261
11487
13728
7704
7242
3499
12883
8609
1273
3618
14137
10956
754
9168
2202
3969
6634
9846
3325
13621
13397
10213
14504
14995
8839
7397
9584
15695
5312
8204
4795
484
711
5261
7257
4728
7663
1474
16014
815
9974
4124
963
3188
7832
2867
2208
11889
14945
13454
5160
8165
1910
7052
5932
3495
13863
7827
7549
13458
5510
6294
3635
10762
8336
14766
6450
13183
10649
2490
3141
10881
14492
5735
3717
10711
7317
6796
15051
5449
1369
6033
14726
4536
3931
10976
1441
3043
7537
3568
11172
16184
10389
16319
15036
10617
7736
6886
16093
4541
13343
9971
3791
2752
2236
10497
2613
14715
7401
4183
7395
6362
11106
813
13266
14618
3133
14653
15205
12898
9820
10833
13001
782
6130
2682
9726
302
8778
9091
7819
4125
3087
16106
12764
11424
8973
519
4549
12043
7004
9212
14356
11722
5911
16371
6846
7878
10925
2866
13672
12943
5281
1295
2669
12971
2661
11011
2577
12443
2270
12845
9857
1709
1786
8693
9135
13836
14139
12520
412
1953
9254
3067
4099
15268
1826
10055
4156
11021
10569
12442
1667
2135
13907
2292
14176
6141
11707
1216
12899
4409
3228
14269
12932
14485
13409
13718
3844
13411
2366
2794
182
9801
13492
11831
8927
3065
14867
709
11731
5515
11090
1316
8327
7127
15252
2955
7984
14089
3246
5053
3349
9011
9041
15550
1477
5056
12751
3483
14358
15193
6866
11753
2347
724
10355
12944
2701
5743
6193
16236
634
5400
3291
7713
15894
9375
9405
2378
8751
1845
2874
13794
12957
2364
7284
15327
2689
13089
12591
13477
6995
5875
11637
51
11398
12135
883
5614
9517
12609
12457
7784
2877
6789
3314
9292
14080
11170
4681
12634
3488
14590
9871
15995
11712
15524
3070
7215
14487
10651
3778
13010
1964
14572
16196
12064
8223
10469
5555
1696
9337
8674
1881
568
13421
5858
2450
10371
10239
11231
6097
6478
3394
15775
6209
3680
14996
10894
5646
1111
3040
24
16007
12864
3748
6160
10320
905
1531
5541
14763
2971
3886
8281
4733
6057
9848
9483
7833
16382
2241
11264
12029
8997
4301
10725
11850
15230
12874
10420
391
14535
16119
8178
10137
8137
2163
49
1991
690
3226
6514
4484
1605
4534
12466
8499
9649
4944
4575
15010
1056
9393
12586
7724
9110
6235
15151
860
11074
609
12467
15443
2986
6476
2047
2977
4630
4138
2840
8299
14127
10907
2138
22
11023
6957
362
1552
5737
4645
4980
15815
4383
16263
8872
14236
5878
2918
15415
16084
11187
11820
2418
9891
13077
9376
14361
7312
3561
6426
1835
11309
1207
12447
3634
8930
9552
8353
5947
7017
2596
12844
15072
9351
9145
12753
7155
5096
5975
4109
15819
1853
7928
2919
9803
14017
5248
2045
3257
15930
7503
4517
721
4586
7327
6540
13579
8495
12389
11984
908
9238
5283
11807
3416
8415
12407
15582
1909
1271
12796
14386
9112
14571
812
1809
8661
2663
9249
900
15849
4827
10862
11972
5718
9032
7555
2107
10858
71
15875
5244
7065
15620
4152
14567
6813
8596
15243
12109
3533
8424
998
404
10351
7214
3422
5814
11657
13395
603
10666
11603
9934
10669
1204
13083
6463
4908
9557
3271
6975
3980
16354
5683
13605
14346
16334
14752
11780
205
7093
7280
13097
5766
3146
6103
9728
1952
12897
13449
14743
7632
6433
16364
2826
4093
3021
8890
14375
9699
2383
2346
11819
3363
5033
7974
15747
13791
15191
14267
5751
7745
587
8334
13274
4472
15700
11856
4299
3437
7769
1109
6262
836
11711
7010
14861
2229
3027
15506
3988
15402
6207
4693
10443
8267
2095
11448
561
8564
7002
11952
9562
13448
11144
8313
3318
8614
7582
1467
3498
6238
12953
12046
7113
8555
4686
14040
7644
1187
15718
8772
2436
15220
14337
15702
12394
1864
4802
8283
6175
4709
11311
10100
1097
13106
5374
874
5625
6049
9998
13778
2247
2323
11584
8358
2098
2521
8612
15610
5595
1825
1773
7608
5408
10283
13055
13043
416
7966
4954
15354
16182
785
1434
5097
10973
15616
12077
10871
14292
6318
10867
11113
639
8138
15055
6873
4844
12582
13200
15105
13894
4483
14354
5270
3812
8889
13678
6577
6297
11125
8043
3679
2341
10357
4487
4745
7763
4466
3830
14429
2678
2121
1856
4791
61
133
10060
7864
8949
13767
89
1335
4753
8643
7066
13215
7836
11333
4723
9094
8215
15557
3101
10211
8054
4613
3108
12123
13208
6797
4552
5414
3255
6036
10488
3130
4493
7749
5708
11928
5174
2090
3914
488
3402
14854
8432
16381
3535
11364
9464
1227
4846
4363
7835
2505
4738
