8802
1676
10793
8803
1082
8131
9870
570
10387
6798
6396
14059
1960
10929
8715
12095
11695
9971
1312
16323
9945
8957
16176
10779
7402
12339
2892
5440
7330
13911
15095
11772
9371
15167
3773
16030
4714
4494
3867
7611
4367
8931
14359
15427
3492
14409
13658
4774
12921
4800
2075
321
4234
12986
11304
11247
3109
15545
10757
6676
2391
5447
10502
15552
10040
2758
1115
2619
14898
14545
5752
6722
3075
8534
4372
10997
12480
8388
977
10830
8240
11496
1780
11838
7157
884
7641
5373
13132
1167
61
8589
11583
9970
5096
9592
9922
11129
4183
3589
11523
4508
5607
1521
13651
9752
14984
13689
1103
13798
7471
14023
8751
12710
7293
7729
7096
395
6742
16088
65
12558
915
8157
3917
10965
676
10848
4888
16327
2492
2669
8246
10718
16215
12587
15969
1462
3015
15794
1580
9059
3571
12754
7534
8709
15008
8434
7294
1385
14001
8674
3086
115
15296
4433
5562
6581
14437
323
4524
14053
8769
15369
1906
10857
1493
3364
1011
5418
5759
6270
4385
873
1641
7822
10062
7035
2168
8092
12063
14878
5730
13657
11300
11472
1407
11657
12298
9884
3973
10
12010
3179
13949
14791
14167
15918
10186
488
641
8101
10900
10094
15098
14499
12767
8355
544
8904
4266
14947
8033
12196
13010
8690
9668
950
8169
11003
7058
8800
1816
3765
10184
14026
1601
6524
3283
13038
10616
494
9157
12770
9600
15477
5198
3960
595
9885
15917
9916
859
3988
15106
9845
2485
5675
12750
13819
1500
5949
2433
3809
9084
13763
3122
3955
10445
4099
16173
12721
9827
920
1268
1392
4454
715
7591
11652
10603
3411
3107
16251
3525
495
7265
4733
3160
13856
3528
9879
16158
6171
6778
4626
10884
1999
2128
8947
3705
1734
5860
9382
10818
10156
979
2508
4512
14495
5080
14035
226
12955
3655
14243
772
892
3375
6138
11289
2441
3808
8072
642
14798
10963
1440
9754
14467
906
2797
5095
10358
4332
10761
13431
10344
10459
5945
14565
6005
10642
15125
11857
13070
9981
5954
2606
7205
12077
9251
11143
9557
558
12260
10508
15467
3777
12175
11991
5153
6946
11092
13327
5931
12056
16325
8887
11274
596
2344
10240
1616
12439
2451
11338
1495
10026
14845
11556
6896
5158
8179
2339
11242
2501
12944
4519
10877
6595
7826
1033
9374
4573
7416
11131
12939
7943
10976
9722
13184
10263
1536
16045
11771
4660
6130
11777
9026
15178
11911
10773
1682
14564
4340
5904
4441
3981
2177
1403
2710
6366
11856
12905
2989
8343
1300
13245
16101
4594
9841
12753
209
3005
9867
6484
4829
13613
5225
1479
14195
16037
205
3529
1555
2258
3216
4015
3985
13396
6474
8594
10588
5053
14760
10415
3760
6987
10288
11860
8693
1053
6279
10201
15825
5046
7231
11702
5020
2859
1514
6353
14422
13044
3183
8317
6948
6188
10799
2700
2376
5325
13952
10044
2005
11430
10434
2465
14739
5912
9765
1902
9094
2552
11447
8734
5252
2591
3537
14744
2139
14948
1090
13374
13944
15556
3334
5808
1751
9891
5534
4854
47
7696
13644
3983
16266
10591
9436
4378
966
14611
9292
284
5663
12915
2718
8679
14911
3217
11436
413
7958
8696
16302
6152
12643
13734
13537
10355
7489
5003
1370
6445
12629
10151
7810
4180
5683
2500
3098
10265
1222
14206
6418
6862
12387
10677
15238
275
11200
10356
15283
2845
8885
10086
8435
2340
16142
14483
13951
4451
13885
13143
14996
2543
12702
7499
3728
14552
1104
13347
10029
3275
10485
6870
2068
15488
439
15504
12098
13201
9048
2819
8624
128
13946
6699
4931
9907
5123
12255
2611
1522
4762
16352
4265
7291
9691
3125
14800
11661
2346
13467
5957
6955
8949
5345
14256
6230
11347
9074
7431
10075
218
1715
10170
1713
13435
1420
4019
11862
16334
8973
15205
16057
14655
10260
10853
6305
4114
2274
6095
15315
5139
8202
5835
3137
3649
5018
7030
6790
3489
414
10578
3145
7701
13511
4763
9174
593
5729
816
16367
4264
4158
15318
222
10312
315
15471
5324
7202
13147
9874
5059
5645
10367
1089
11571
11613
11116
12692
15845
10352
3542
10545
13587
4182
9261
14853
13577
4128
2762
8671
2354
1451
2387
10376
5359
518
1588
14785
10019
12841
4056
5343
3446
691
8636
15750
5010
15490
12540
13126
9317
1013
13091
13866
14086
6174
2752
10531
6177
15932
2880
6262
1397
7244
9612
5098
6222
4040
5604
640
1711
16062
12412
7939
3348
4963
7820
13363
12837
8654
1744
10039
10407
7942
7632
4024
412
6455
12041
3968
7276
7408
5121
2018
15398
7536
15782
15947
6097
6046
2862
8552
4556
12812
4457
2078
2073
9345
4914
5394
878
1046
2136
6160
3168
9757
11316
1939
2467
3677
15422
15416
16097
13692
13769
11969
16020
9571
6949
13683
1007
13214
6024
16199
14258
8206
11606
2481
13305
7268
2407
7557
11202
13170
13470
2310
5677
15826
2153
15879
5304
7648
13342
8748
1038
1297
11672
3220
5321
5242
3654
1546
12265
4568
12490
3169
15346
6624
13739
9173
10369
15930
8255
13874
11884
16273
8342
780
14438
9617
12430
15426
15553
5898
10422
8903
11900
9417
2345
10302
9334
8042
3953
6233
11775
15652
12069
12311
16181
6472
7004
12848
14958
231
6941
10421
5810
6687
10398
13355
4348
2864
27
11678
16317
15433
9443
15962
4860
8356
947
400
1578
936
14752
7457
458
13169
14391
3810
14724
13731
3999
7180
9703
12099
815
170
13294
317
11360
7875
2472
16279
7107
15524
6477
2963
14406
15370
4166
3191
10593
14196
2006
3785
3117
7385
14355
12036
5415
6373
9616
12995
15672
15050
4661
4587
783
6003
5160
7271
9208
5676
13053
15806
15674
6073
15818
5379
14314
10640
8358
13736
4825
1047
9072
15978
5706
172
8035
7828
1802
14810
2827
2066
5042
3741
6033
9518
9753
1771
5217
10649
1096
592
4131
9951
3389
13007
3596
13301
7502
2918
8009
1861
15940
11920
6145
6553
88
894
11244
6431
9183
14088
2003
12554
1110
8191
14531
3949
76
11029
11388
6878
7630
11176
11546
7906
1094
9686
6805
6529
8383
14648
9573
1738
9053
14363
15214
1320
10683
1410
2064
13103
2613
10887
15481
4155
11573
9140
2332
15770
13206
12623
1356
14146
9314
11749
10171
1447
12219
6551
14222
8332
845
2362
13589
802
9834
8492
10316
15495
3945
1438
15274
12190
8826
14432
9997
5852
2276
1779
14321
9365
5013
6244
3640
6274
11923
12998
4527
6489
8439
4663
1975
14556
9742
617
1196
11460
11599
15701
861
7465
4495
157
2233
8611
11514
10057
9364
10284
4680
4654
14699
12941
2687
9091
1380
11073
14750
10354
2899
2987
11720
7658
8273
14915
6903
2444
15575
12824
3463
1187
2853
5537
14034
5812
9432
12306
12492
5428
16358
1310
6609
1981
13617
15599
11220
16082
13621
13454
6973
14601
6879
3923
12489
11977
5378
5576
3347
3531
13090
9821
12424
13395
10829
3906
5336
4958
15486
4906
7170
11956
11730
6296
6346
4859
15469
13365
12764
2359
259
5613
8371
3588
6091
9986
16255
6466
10196
5935
4612
3230
2572
13713
2685
7344
6328
4951
10701
1830
12513
2175
9794
11269
193
6134
10552
11069
1319
1016
13362
12565
15286
15066
930
11043
7666
5624
16319
16308
12388
16204
4543
435
9953
8121
11240
9331
13276
13518
6208
15271
3196
13108
12212
12758
6492
5970
15401
6329
7491
598
9200
6012
12553
5673
7487
13011
3208
4326
2334
10397
12003
5804
2249
2166
7574
14534
3404
7
11739
5701
15547
7845
2318
4232
14046
5820
7994
7929
7598
1963
853
13744
4795
3576
10163
6657
11208
10587
3102
2939
5786
2490
1118
11385
15971
10404
6718
9274
1140
7323
6403
4546
7815
15492
4655
10752
15732
4946
7229
12880
16074
4898
10364
13857
9984
10326
12344
13933
11690
2683
74
1788
15313
14714
5529
5203
11352
6146
12735
6153
12216
11973
10092
6450
354
14326
491
6243
793
10628
10844
13024
13774
1203
10370
7113
2455
10239
6476
15626
7118
16206
2847
8716
13878
11954
12616
11307
13210
3721
10357
5582
6836
10132
1313
13922
12194
1468
3493
1396
9974
13912
7007
12989
7911
8891
13826
1654
12691
16065
6292
6600
7088
13077
14153
9967
10568
13541
14670
12
13990
42
6693
5403
6546
13340
4692
10636
3901
16000
1525
5057
5507
10413
9487
6930
14825
4708
15949
4299
15475
3419
8739
11722
11950
13213
15021
14032
1141
4113
15699
1553
6940
9515
6482
9479
13073
3299
4532
13974
5406
9809
6315
7454
8136
5064
8470
5956
12385
1966
10054
11967
13906
13122
13040
1045
7347
4500
4984
15954
12934
8184
1942
9046
6078
8766
1756
15729
516
15580
1923
15769
15387
355
14840
1256
16223
12571
2335
3181
10561
6000
15977
7517
1900
2533
674
12693
11122
9298
6760
241
952
2388
10480
4644
220
5814
9507
5540
15682
6444
5533
15749
3646
12014
13893
3757
2333
5807
10570
1390
2267
13583
0
15119
832
11211
12428
3148
13663
13364
15840
9660
3330
11552
11259
3696
9602
2098
3584
4611
5827
3762
2197
13991
1956
10425
551
11010
7317
2709
9209
10589
12401
7010
9154
7249
11527
527
7148
16002
14900
10945
184
8382
13036
2589
12982
10261
9275
1689
7548
5133
4186
16284
6777
7691
12015
1709
4863
14141
15053
8413
4750
13948
3536
741
13955
6056
1267
7500
11961
14797
6118
11937
987
15546
7356
5754
3977
8259
6890
2656
16003
14772
15474
5551
2213
2454
1128
2645
601
4428
14579
7130
12455
8467
4937
11065
3470
8812
63
9175
15521
2382
240
8176
13528
6769
6801
14293
14244
2305
5512
9649
10814
10270
15082
2757
2262
3085
13174
14098
13117
15259
14324
15942
7856
7752
5117
9683
340
13318
268
12061
6999
3941
2765
8167
13701
12432
2452
4209
14267
3876
6861
11745
4551
11308
10136
15570
13050
10420
10447
3115
8237
4784
10061
9058
10827
1339
8161
10547
5986
12879
5686
3617
10010
5577
2119
9975
9902
11715
2289
9258
3461
14835
362
9111
15306
6170
10321
1723
4223
5383
7306
14847
10059
162
9162
12613
1146
8367
4437
285
7332
85
6673
11095
15923
5285
6830
5085
361
8890
1061
5539
15980
15583
14485
16249
5524
13138
5342
15417
1023
13264
15182
6334
15135
14902
3185
1008
15216
5099
976
11040
12180
5826
8391
14016
1206
7645
8598
8712
3152
5201
15673
13792
14063
4992
7366
8866
6309
16226
1950
1223
310
16048
8096
4932
10383
4075
5962
14121
13762
1764
6405
10208
14265
432
1831
10130
7843
1598
11734
3474
3425
14554
808
5527
5776
15407
7562
9569
9099
9114
11044
13407
1130
15618
16086
13006
12958
1344
14158
6158
5902
12716
6552
6957
1460
695
9404
9636
9461
791
6407
10121
7448
3236
14346
7445
12122
14199
9169
15146
7163
13728
15163
10244
5601
16343
3673
12963
2948
15431
2952
6558
1353
2721
8677
4257
325
15535
8316
12589
10930
3392
5122
3849
13998
14051
1200
16100
11013
8380
14970
13684
10553
11794
15188
13328
14782
5354
1978
12301
4694
11783
8448
8546
13776
3298
4143
7102
6934
5416
15689
7915
7851
11079
13344
4997
1391
2244
5307
10627
5626
6583
649
8109
12086
5609
10638
3996
15245
15278
6040
11675
16328
3792
7546
8772
3184
8047
12694
10689
4772
7891
5232
3195
8049
6374
4968
11387
9807
365
2786
6410
9618
9394
11164
3046
14297
15609
15563
7282
3841
9810
5647
5253
6127
10273
4442
2705
15561
7672
13125
13814
2732
15142
10841
8089
13536
2942
4756
5703
2617
12909
13831
883
6763
446
2641
14971
14130
9820
5819
106
5490
3966
10692
11581
3634
15138
1431
5968
5116
8016
6560
1947
8348
6525
13171
2199
8604
12704
4471
1238
14686
4754
16109
6099
15615
6689
5948
824
10409
10808
11414
8138
14033
1075
10535
4957
2029
10641
3948
13003
14768
5451
8314
1173
8834
6621
1872
2414
5653
927
15538
4976
8525
3237
13610
6919
3374
4423
8187
6520
7961
14882
5619
14600
7938
14030
13641
4646
8245
4087
1372
13030
3480
7022
4879
6478
11014
14932
7070
599
9823
12680
12093
4747
3271
3331
1421
3978
2727
989
3818
15192
1029
15759
2960
1035
3047
6245
4806
15295
12050
8247
7719
7963
5845
9007
1926
12575
13260
12681
7243
7178
12406
1332
13993
5219
942
4589
7230
11520
14675
1722
14921
11106
13639
5842
7746
6238
590
13104
8990
9893
7236
5107
12908
7393
15536
5884
15631
9923
16092
6319
1655
12912
13242
12627
11641
16128
9702
9711
15040
6265
8258
16052
8872
9372
15663
11326
12592
5036
3782
2509
15993
1584
2296
2392
4262
13356
7711
14924
11162
11011
8795
10756
8241
5693
53
12840
1001
8948
2110
1880
16348
8675
10631
16230
9924
16370
453
3361
2950
8533
8036
12188
5289
9332
11762
1009
8555
5572
10108
1810
1220
2946
771
7932
7027
3688
4101
9968
5829
16153
3139
1551
15934
11925
4
1401
717
1298
6049
509
6521
14965
15472
425
7248
11970
10189
15903
12948
6258
7424
5339
5500
2541
575
10510
11539
3579
1995
1472
12774
6457
4562
2917
10681
483
244
15054
4804
11513
1708
2787
12502
15256
2788
10577
4301
12084
8385
10073
12107
5571
11824
14700
15041
9006
12843
6622
11478
9085
4391
14401
3979
8762
6671
9410
13037
2502
9651
7285
7894
15679
13173
6826
6990
9785
3864
3659
5665
6051
1951
14263
8849
6157
13569
5705
10680
2042
955
9181
16112
7873
11907
5399
3118
8537
12669
10049
12390
5772
15164
3231
4157
523
3261
4717
16341
14637
6659
9201
7642
370
167
7038
6738
2425
7195
3207
14496
2011
5261
1576
2945
6131
14612
9779
14118
8402
8832
2943
256
13046
15168
5922
2837
8999
13146
14224
2499
16320
13915
14910
13687
318
12690
5763
15268
13697
13680
3318
15677
3059
9097
300
4093
8821
9152
6007
2009
2832
10743
3533
9313
10488
10042
1346
5596
9526
9802
1666
8244
4885
9674
7800
14047
532
1657
15445
8353
9989
6666
13291
5541
2668
6132
15568
5927
7044
9153
4366
7877
6555
6866
5314
3779
1117
15263
9119
12514
7588
2594
15215
14622
10816
11869
471
618
10125
11135
8997
14172
11763
4450
751
8147
11663
13414
5880
11439
14516
705
16152
14763
2488
15037
6977
15234
761
1638
11187
14137
7267
2001
6713
9135
1132
8274
4263
13939
8703
807
6375
8209
11371
1439
4055
6967
10297
10417
5867
7255
12322
1772
3569
2547
3717
6447
4786
8027
14412
15452
7898
1218
15105
7897
6027
6101
788
14114
5725
16202
10283
10579
8758
13248
4086
7661
15003
4686
3712
6191
4779
7455
790
16285
12336
16340
3092
183
14895
707
14942
15222
6807
4000
11537
8481
5707
7982
9731
8939
1768
13872
14762
12458
15897
1120
10400
809
7650
4115
9471
8516
7520
11972
1285
12498
7354
9840
6344
8256
15683
12771
12594
12541
15454
8653
4310
6365
5544
9770
10723
10823
11760
11671
15984
6021
14957
1358
7639
8501
8415
13358
13588
10442
14387
163
7682
3801
7937
215
13534
11533
6068
16236
3812
16103
478
13408
11725
14649
8847
6703
14647
5855
15064
6369
868
15360
4434
2636
11873
1838
3772
5722
9787
14159
10894
9339
16083
13415
11904
6994
13790
7579
14873
8231
10788
6047
11810
10969
12535
14217
6352
15768
10983
7241
5907
14261
9279
2654
10178
12887
7979
7450
3582
15736
14780
10060
2581
1087
9570
3527
3414
11990
4363
9036
2023
15785
9701
4820
101
15657
1311
15921
1849
12034
7300
5417
12205
16209
8127
11843
4049
8288
13772
13085
9299
14682
1112
8110
15206
10525
5187
15719
5278
9206
5921
15372
8134
214
15408
13688
8919
7429
12039
7646
13063
11301
11276
3803
1239
13994
7436
3292
4658
2331
15094
13228
10221
15493
11058
8859
15512
8827
13324
13729
11470
7233
14071
8811
2567
10532
3998
389
6599
2035
10278
166
14537
11074
1790
2740
6378
3608
7238
346
10160
8062
1675
9692
10187
969
8151
7545
16330
5468
5233
14361
3547
276
3753
1599
307
14624
12804
522
6523
2870
1808
1581
2364
14041
10775
6340
8566
11466
10870
9090
7319
12654
3847
4741
2520
9896
6259
7674
13730
1840
11922
9178
672
1413
15131
11689
2308
13312
15992
6764
10656
13530
8796
8823
4588
7554
10427
8329
9798
13286
1286
9561
3123
15532
2436
14676
14475
10949
6585
13441
8407
14582
3437
2881
3521
16305
11753
14038
10190
6984
6629
1845
14279
1733
4137
15571
10252
8782
5030
10210
3783
7220
15122
812
7670
13725
16171
14820
9065
14208
13128
11151
12641
3116
14621
12636
9225
5391
9796
7917
2243
5331
12378
13821
1876
5882
14415
13838
11198
11553
2402
4599
548
1202
7634
7144
11306
2799
3435
1589
3356
16032
15907
11432
15928
7782
5767
11577
13249
6197
4817
7212
15648
3488
4398
10023
6814
11442
7279
127
12689
1974
3286
9188
3614
836
11416
14521
4484
12201
5351
4603
14946
3605
11698
5308
3104
15723
6603
8193
3156
15397
9887
9983
7373
7830
11929
6540
6210
5491
8615
2050
8754
11064
8427
12165
12679
8279
627
15307
4520
8351
542
1017
11736
15661
5456
12096
6548
15438
14685
2860
13758
11716
8524
7572
10405
12608
10928
637
624
746
5449
10133
5625
8338
7779
4432
12534
9164
6421
6324
11793
6345
6854
3817
3750
4124
777
4814
14012
8057
4357
2816
7339
7161
8002
6004
6009
14368
13316
1863
13463
10941
12047
14200
8476
12250
9327
8861
8070
14394
15275
9130
464
10778
993
3289
6602
305
2651
14654
12795
5015
11879
14587
5409
9859
114
15000
7076
16289
8065
9500
7098
1252
11153
431
645
5738
11623
15089
2858
1680
3870
6914
8521
12745
12040
9784
11033
2337
1873
15116
14022
8666
10079
4210
9940
7727
6797
6465
6868
13419
3466
8063
13607
12129
7138
2077
15409
10313
11688
154
5564
7132
6451
3150
10247
3198
2898
2322
15300
15046
14410
11334
11765
1042
15590
10207
9987
3259
14773
4425
8201
11644
13852
15713
31
6398
14006
5549
8393
5794
9928
10096
5301
8975
3093
10763
14005
11628
11622
14215
7389
13847
9574
6565
7387
8452
15466
12024
10323
10961
15197
3180
6397
4334
11797
7540
1552
16119
3031
10907
7688
2186
11263
6275
8607
6291
13177
2699
8621
4960
3121
10575
2562
10990
14043
16278
14660
13570
9567
1591
3651
1519
12866
5236
5388
13809
14952
3054
12163
600
9544
8505
1088
12688
12563
3873
13648
9125
12234
3105
10654
5628
9222
9921
5174
10932
15087
3937
9744
1885
3898
5727
5543
7767
1235
6124
5694
2577
1301
12578
1158
418
14613
7862
15851
12252
1236
8133
4224
6443
16135
3758
14340
2222
14538
15402
5670
5813
7553
3422
2456
11488
6544
7623
9699
3502
9629
10902
15800
16336
5021
8527
779
1915
15153
2229
655
3496
10144
308
2245
15831
11213
11016
4133
15007
13298
11159
1678
2107
1707
2024
5790
843
5216
15435
5025
176
12796
4881
6311
15043
8870
15846
185
559
8816
10861
5481
12415
5718
8717
4401
10115
4753
11482
8986
12477
16300
293
5503
13272
9817
16133
9455
9276
14584
14073
3360
332
3907
5979
1134
10994
3314
15023
710
7365
9938
14691
6449
6008
6357
1627
7490
13114
7974
12635
5523
10032
6184
2570
11425
14841
1283
7605
6858
118
7607
11026
3882
16252
10341
5277
2725
15026
12570
15596
3232
5682
3578
15174
2306
6498
3872
4190
8978
12780
2914
11343
8538
4397
13017
12434
6980
7376
587
2137
12929
14430
5792
6268
12925
3390
13862
3711
517
10530
2273
3358
16163
13418
8229
10496
14382
14044
14074
14741
5380
1630
477
11410
4641
3814
15132
9756
8879
12960
14083
12308
135
7836
7103
11795
6601
15194
14230
15982
5952
7189
3650
12295
14489
6519
9247
5472
9039
13625
893
15011
347
15565
13579
14150
3429
3526
12778
15705
15959
5070
2885
11359
3003
6945
6526
14908
5002
10379
1893
5188
2470
4370
10643
5370
14017
13361
9508
16021
15885
14465
9788
4947
4996
11619
11650
5637
1534
4631
10645
14161
12289
3212
7289
5811
15312
2694
4178
13786
15564
7140
4880
2689
11887
5873
5140
4736
7497
8818
11046
15849
7068
16
3652
3012
3624
9556
16126
9704
2937
11951
15803
1907
6667
6034
11506
7956
10714
3929
14980
5709
4871
4297
4614
3387
5224
246
4725
7177
11241
5932
5886
1260
602
10457
14715
14252
2564
3514
5137
16029
13076
8756
7462
10182
12854
11358
14395
9536
228
4647
6011
5267
833
2277
8025
8032
4695
10149
10781
13997
6651
5815
9407
15753
8495
15720
14398
2173
5469
14975
1980
6041
6678
7842
9608
11785
9323
7874
7712
391
14298
6180
1207
6832
16106
104
1997
15660
10669
14021
6239
11766
7481
15229
32
15970
5009
5983
1212
15070
15440
11555
14726
12719
8824
5623
4605
10095
4565
16061
9068
7811
1803
16104
11803
9736
11882
14014
8345
15650
7991
4843
13381
9562
3037
9294
8643
2866
4028
9665
2820
7204
15079
13770
8510
5488
4799
7857
2540
10412
13197
4369
8663
11674
13002
12973
10366
5504
3505
2328
3800
10037
7280
15852
7834
13619
5517
3599
81
10734
4448
41
12045
15173
312
6400
14170
12451
8475
12435
6665
6920
11746
9842
9803
3097
10004
15986
328
940
5691
14129
6341
11830
393
1080
13877
13920
810
15760
7997
1727
10551
2223
14759
14151
13277
11696
4983
7803
4650
5589
9601
4421
4929
4739
3336
1862
8682
12310
11727
6342
7733
15899
1620
8630
16271
960
7713
16241
15124
6593
1368
10165
657
12678
15577
13346
10607
11382
13880
797
16183
4009
6383
5657
1867
3482
9213
6219
4514
11205
550
1166
15804
7633
908
5412
9144
748
9293
1453
7426
15525
11942
13
1295
4298
11067
9643
4203
2879
13130
3010
12687
2155
13482
8081
5863
10451
7384
5712
4905
10081
5546
1228
13983
10764
3258
8235
14659
15077
9116
13800
2250
11272
1379
935
1517
13391
8600
2905
15965
7302
14540
1762
10296
8221
2319
7116
9761
14259
1424
2965
6327
9203
2749
5109
14424
2979
12226
978
2352
8526
15910
5885
11528
14561
8692
13598
15298
4491
16046
6194
8764
3394
11021
6917
11691
14749
2874
3761
505
13801
3194
9316
15284
8991
12500
9996
9031
4606
9541
12075
15115
6290
8020
7193
2857
13727
796
4126
6359
8074
776
14144
7477
11865
6115
14547
7776
5616
4851
15061
10700
15419
12781
14725
5297
14919
1962
2953
11625
9076
14857
1922
2655
4595
9768
3832
15640
8844
4293
15437
4903
8632
653
11557
8177
14771
13028
7756
13932
2424
15331
1025
863
6574
2071
12377
13240
14639
8403
4088
10202
10634
1848
7433
1560
13134
15420
1041
15807
9871
8341
9439
5518
6080
625
1350
12562
4728
12293
10424
8539
14680
2999
8471
14770
12181
12873
7744
917
3099
6016
2498
15726
14056
11909
9041
6083
15051
12547
2116
10833
2730
14343
13308
722
5191
7135
9107
3855
503
10850
14109
12956
10678
1719
8559
3428
7647
6109
2324
9723
9142
13112
11901
15725
6370
897
15099
1067
16240
14138
12552
10911
1577
502
5597
4214
1561
8572
13564
9475
5505
2745
1513
9886
9156
5118
1537
16205
210
5366
4308
5724
13437
12902
12200
5007
9244
8276
9589
5079
738
3378
12650
407
1210
7703
4247
16014
10540
10876
14155
3449
1726
11239
11090
8808
4270
11547
12038
2070
11397
1992
3151
13027
8701
1446
14315
12423
8257
14028
7401
251
6217
7360
10349
1566
15869
9760
13668
1612
16331
2254
4217
9833
7680
10798
3611
450
10336
5209
5892
11161
13099
14374
10893
5205
16187
9743
12444
9581
7787
5557
3615
6645
1662
9347
12171
12461
10851
11461
2863
14247
13751
12138
16004
6918
15645
11112
15886
11127
5744
11636
1712
11469
2081
13889
5457
14169
11864
2522
1994
5850
16356
5889
11919
10351
15946
12615
15711
12521
5115
3553
396
14429
1821
4853
15412
13869
14160
8291
12860
9804
15336
15345
6829
14417
9906
16191
10745
4470
1388
13297
3302
1434
6936
13616
5244
269
15765
3153
5073
7312
6317
5360
10290
3440
11038
15190
15270
14400
8000
8232
2039
1081
10975
13917
7578
5838
14360
2115
15891
9070
9408
12049
7260
6843
16194
8623
10964
6402
10767
13496
5897
15554
2283
13735
4110
15254
5769
8746
9280
9626
6010
9709
15500
5901
338
953
117
7508
4465
43
13480
1829
3834
5281
4060
8936
10847
9413
12582
9852
1287
10697
14620
699
15091
5492
11561
8698
12731
7377
12470
12504
2117
3173
14899
2369
9911
2004
13129
12121
11174
9958
1461
10483
8785
15649
14831
16132
11236
14679
13375
910
10102
5780
16368
14487
7626
1550
5283
14397
4766
1288
15519
10052
2505
15030
10991
3050
4493
15341
1859
7391
9806
11717
4053
2551
5905
7396
10318
13510
10892
11137
8579
5027
16374
7422
10937
1433
13082
3166
7908
4962
105
9517
15068
498
4882
9120
10147
3881
7771
3070
15217
11847
3936
14181
15976
5171
2731
263
10487
14503
12394
9849
9428
3623
5652
186
14289
774
14201
15872
12191
12182
12637
12220
15890
11085
7613
4096
6737
555
11395
2483
3379
5990
12404
879
13547
3143
4161
3950
13026
13000
59
13460
13255
4954
6159
9265
11282
7663
9305
8023
15014
11228
482
5950
8687
6953
11249
13578
13714
7995
5130
14008
8078
8066
10917
4761
13691
669
13042
12686
12711
2126
14572
9337
5620
7580
3213
1142
14643
15505
932
4120
158
12403
635
13072
14934
5419
14358
4965
5189
5528
15396
6582
11197
5866
4006
9401
4292
15057
11905
10001
13665
13604
9689
8819
6207
3120
12062
6066
1648
11120
9163
3895
15911
8619
12696
6350
2734
8944
6708
10401
8518
9416
11479
11310
11473
11275
1334
12101
4810
2341
10474
1348
1176
6241
4901
15613
8071
2466
806
14348
12357
15776
142
15659
7789
15058
11428
7552
1842
11597
8028
10320
13708
4902
8350
12856
985
3306
9877
8496
15084
648
4396
1887
4268
3370
11441
5398
3413
744
15643
15922
15162
15411
2105
3633
3240
7388
11944
10935
9081
15209
4274
9883
11216
9221
13899
15539
8729
4091
2523
14366
12726
6591
7765
9348
6925
6875
5612
10150
1663
13638
664
13501
819
2726
10946
14775
14920
666
2923
1162
9740
1786
2131
8745
15491
16290
11451
11626
9730
4349
2284
6107
2747
7036
15223
14273
6542
9897
7720
16044
8088
7700
14478
4081
14292
1545
1328
576
3218
5464
3574
2928
12791
9078
5004
9547
8069
2144
13910
6766
2045
11438
10855
15810
6904
1323
15767
10333
4205
4560
13488
13449
15219
4711
1837
73
6794
13322
10056
5773
8333
7237
9559
16210
946
8253
3304
8429
11711
2920
15762
5165
10819
12359
7380
13131
14829
9267
14463
7606
12108
9056
11321
1687
4320
701
4392
9647
14127
12055
7310
14626
131
1824
2379
13499
4152
1164
11769
7056
11645
5959
6026
13671
2438
6855
14997
5593
4883
15156
4702
15371
14027
3453
1874
14901
11980
2903
4818
7438
12590
4506
8056
6627
6820
3385
11295
15044
10050
9211
8310
8373
6944
8955
11362
7753
7617
2984
10658
211
9385
3794
6108
11186
2737
16071
83
10699
3376
9409
16258
5764
14719
2967
12119
14425
9115
11832
10021
6543
4925
12052
13833
444
2994
5548
7748
3636
8315
5335
4148
271
5306
5012
13554
72
14468
12891
12560
13609
11630
9309
3992
7441
2426
1179
5716
2781
10111
11325
13071
9395
15573
14
10286
10353
3082
9171
15887
5771
9465
2013
15665
15141
6745
8408
11518
11009
313
12859
500
11257
12659
6728
13079
8678
12247
13682
5560
4790
9444
1556
4098
7871
203
3284
9781
6646
15588
5975
12158
7286
840
9141
9912
14962
6877
2417
198
6538
875
12333
1674
6313
10235
10749
137
11081
11390
3775
10453
6780
12283
3540
4169
3836
8242
10657
6229
8684
10027
11897
3209
12765
566
6680
2281
2443
13886
15181
1752
1967
10024
2639
12204
13182
9516
9224
15020
2242
11649
5083
896
200
10276
11570
2616
14754
9
1596
9751
12089
4986
16198
6440
12479
1030
8117
9325
8928
3214
4364
14702
2251
12021
16113
12172
1737
1086
14781
3174
9063
4207
6912
10087
10464
13962
15343
4241
242
15837
5573
6381
4199
12125
14524
15939
4703
10477
13571
13403
12033
10871
4405
14010
12994
15655
8337
5179
16366
9168
14631
1186
151
15593
4058
14862
11061
4593
6151
3319
13517
1436
13144
16299
3274
14834
16108
13597
7104
11483
10452
508
230
7498
14331
3491
1879
10836
12254
405
10138
2974
3476
12755
14107
7990
6220
11115
16379
4041
3534
4575
13048
5748
1181
14377
995
7467
8669
7525
9775
10831
814
12210
15751
15819
15702
8406
7791
11403
9505
16012
16022
11511
15865
2248
11574
4394
14960
11757
14310
10077
2002
15718
2796
168
3454
15605
10787
12997
5659
6541
10988
6499
528
5087
12419
8312
3438
9593
7464
11093
3272
6696
13515
15771
3469
489
8988
9954
11582
2643
579
3144
14128
6070
12358
7962
15179
3909
11468
12094
3049
3297
3827
13950
11733
4409
3410
11450
13685
3865
1785
1352
10314
16095
5751
13556
1961
6916
11870
2349
3382
11667
11370
3294
8512
8001
871
7139
3689
3813
10248
9037
7257
3077
12588
13180
2477
15052
8457
8198
2662
12097
882
1659
15893
7412
7685
8839
15697
2884
6928
2930
1897
8173
13236
14728
5563
7216
4189
12302
7608
2062
6559
9112
15169
11383
2813
732
6417
620
16262
5660
13628
1010
13894
16156
15196
7188
2707
12820
181
1249
8132
13881
10590
5890
6707
854
1241
3190
9931
3890
12836
5648
4509
4453
4924
11487
8107
869
13045
6638
8738
9641
914
11392
15392
15224
16346
13965
4793
11291
2566
8540
15449
10091
8804
8783
10310
4683
11088
11876
4771
14730
9000
10512
4159
7717
4119
6594
13612
4933
5774
13918
4936
5758
1991
15870
8040
5731
11985
4801
12474
8227
7882
8454
5768
13806
7253
13693
9431
12078
2279
15310
14136
15277
8743
11268
899
13194
11840
8805
4862
15543
2383
3742
8609
6959
14338
2595
4852
6162
2777
16248
13505
13300
14421
8810
13052
14166
5926
3114
11125
7153
9738
10957
13573
14817
10708
2478
12004
7370
757
3994
10008
3639
5031
2224
5868
2141
16079
11262
8366
10120
11560
10534
11206
15864
8581
6475
5186
15868
16059
2101
9262
4961
11364
1478
9033
1106
14369
13448
304
11713
15875
3778
2557
2413
919
5816
14688
15323
2479
1149
8142
9492
1237
12148
10685
9282
6606
2014
3510
3850
4949
9268
3130
14184
967
14447
2933
5923
9619
15617
6464
14562
7496
6578
15623
434
4704
13560
10484
15308
6755
8224
13471
6380
6996
4840
6395
9351
5841
3158
15742
6900
7109
14229
4916
4034
9296
6242
121
5514
12022
4083
1667
480
3927
12253
9093
15279
2865
4153
9811
6382
4521
13555
3933
1318
15858
13004
10438
7173
11714
69
8688
9016
8953
6002
14625
15357
14185
1920
15850
12583
1717
7778
7817
15126
15280
15592
11492
5352
12523
12105
4018
8313
4578
3468
10007
8370
856
1056
12189
4410
7690
9782
12593
10790
9259
7382
12427
9075
8925
5310
5162
10308
2856
9194
1986
5375
4054
13239
1665
14101
8419
14633
10450
5664
16360
6655
82
274
11665
903
3680
2375
9644
10426
12146
9758
4112
7665
7039
14550
12527
844
3064
14264
12012
1335
3656
7316
3990
11222
8030
11971
12950
8433
11859
1563
10275
1003
9776
643
9868
1475
2487
16364
3522
1258
7085
11226
11501
8862
12233
5061
15483
5125
4586
4700
12417
4185
8410
12305
12683
8744
9964
5241
14585
7568
6196
9452
2096
9935
15779
9814
2560
14216
2629
14362
14301
1131
3894
11976
14922
8996
9572
12291
7026
364
9890
12668
10014
11243
10271
8381
9595
7029
14110
10667
440
10939
5154
1429
4833
9588
2571
374
15636
1938
1366
12718
279
6214
3607
6631
12522
13057
10428
5753
4429
3224
880
8571
13433
8797
11445
4735
3975
5317
4979
15198
3445
1883
1488
6062
2957
14173
11932
7726
4052
11790
12373
6564
1467
688
11796
8880
4085
13062
1911
14880
15453
14404
1881
15199
963
14352
3774
10822
6432
4145
289
9894
10119
4918
3127
2712
11894
9359
13989
12054
12832
11485
12947
15499
14011
13097
4045
219
12867
13412
7794
12268
1299
2664
10020
1473
8898
14464
9023
9816
9499
5134
15240
5933
14125
2292
8713
10915
10193
9240
8556
13116
6823
11144
6942
5312
8658
311
7275
7795
10011
13152
13704
15033
7368
1702
10495
2049
4715
14480
10159
6452
8661
6630
13232
4838
10944
10744
7806
12910
14549
7009
7114
3897
14313
15362
14189
6106
8631
11931
12136
5966
4952
10838
15193
5175
2842
1753
13351
4542
4687
13289
2607
4416
6817
682
5210
7622
11444
15502
195
5254
2922
4350
12831
14277
11238
15950
6641
10391
1229
9881
415
257
122
14157
7222
13895
10071
9549
3400
6644
5766
15894
14197
9955
3325
7738
13694
7781
4550
2840
5066
5155
12235
3860
2623
10192
8083
2033
4248
8659
7757
5799
250
14842
13961
890
4187
10167
12276
14642
10924
14079
10481
8267
13574
1652
9464
5641
14985
13681
9301
11353
14135
2405
15824
14683
11155
7097
4253
8553
16282
9675
422
8135
5274
6556
6120
7987
1526
12661
11293
9783
7697
7643
15484
3415
5148
14080
1593
5385
3324
13710
2020
16053
13413
187
4571
15904
734
981
14846
14318
6821
10491
6282
13118
5387
2102
4196
12462
4718
3729
15658
6767
10460
7186
10141
739
3789
13461
9387
5987
3918
10747
2830
1982
14327
8561
3868
16144
8116
1930
6570
1422
8940
11097
1139
2867
2684
9712
14788
2907
9604
7181
9846
14351
6320
15953
14393
16051
12375
7983
7595
1165
8841
8719
5655
3244
14451
15646
10432
9386
2771
10294
14793
3632
6771
4633
1052
8399
13940
11697
430
9229
923
6684
109
12917
6811
670
6385
13897
10015
11594
3815
11421
750
6425
4029
6412
12027
15855
12883
11740
4377
11096
1898
16324
5445
13599
13780
5782
4764
16357
10041
14481
16306
15235
7878
10594
9073
9615
12443
2660
12897
1426
8349
3622
10592
573
14890
4156
6
11852
4617
1651
23
5585
15809
8021
11094
12328
12051
2486
9462
855
12907
4921
7338
14092
7551
14515
15692
16182
8192
7155
4427
14886
2218
10921
14333
1583
16220
14731
7841
16161
13139
3603
1321
6610
5396
8828
10869
4552
6105
15827
15602
9214
663
7028
9960
795
7305
5089
4625
261
5854
4010
3625
5656
9166
13793
8054
2069
6065
3699
8182
1412
14830
4908
10003
9630
8234
4249
9243
6289
14392
921
11959
10732
4371
11400
6090
15012
2579
14233
2746
9542
13656
15269
7328
3029
12801
9321
12971
4389
9131
12473
13380
12290
14658
2178
4488
3618
15186
6456
2226
5513
5520
4826
12338
639
2524
13876
1921
16094
9311
174
15503
8575
7886
15390
1919
9933
10000
5016
2291
5960
8593
10505
13717
15948
13237
12326
10112
9329
6863
12239
1512
3039
11376
12653
13795
14949
7768
15569
6911
12990
3201
13278
7404
1169
8011
15444
11928
15909
6634
7214
7620
10307
15988
8148
8759
11637
5509
13909
14803
14981
13199
13934
12980
5872
5823
2202
15293
10116
5270
13817
4657
10031
4740
10230
2174
8596
3072
12591
9103
1928
2041
10959
15774
14004
6064
1642
8376
2394
6970
4528
10204
2327
3346
2723
9632
9346
2915
10863
5531
13741
8418
2828
944
6533
10733
7129
4443
6867
5271
1795
12057
11313
3354
11895
1972
9463
16164
675
11686
12243
9936
3226
13203
709
3910
12472
12596
4634
1629
15211
911
3561
1315
11848
330
16006
14207
12899
6649
7398
10724
15329
14347
13584
1068
10181
6998
8965
78
3924
2442
2909
1839
12790
11084
1113
15367
11344
3590
406
7706
12346
12227
4620
4030
588
4344
8405
7031
438
5969
4566
16213
15207
12844
16105
3019
12602
7392
7796
4031
9851
10595
9102
5402
16067
14251
3524
3830
4785
5074
29
5305
13417
2534
9101
6361
6181
6898
3026
8541
120
13473
2742
7807
5984
3296
10454
14973
6355
10439
13479
5047
2599
10564
4974
2482
13931
8073
11748
3477
13845
7636
12246
8976
1015
1057
13303
12818
14472
2298
996
15690
9942
14617
1204
10180
5411
9096
1247
10897
6199
12707
14769
10025
1331
5793
13777
12695
5849
15594
2679
7483
1371
3944
7355
5710
9575
3434
8829
13370
337
13576
12127
11589
1216
6846
860
11974
6141
9060
1398
834
5265
2648
3036
1349
13193
1547
8592
1590
8379
9270
2025
9435
14316
15591
3691
1143
3341
15384
8185
8728
5805
2506
16201
5320
2751
11802
13637
2348
6148
4068
4430
6114
8369
6761
13493
9485
12752
7142
10888
1338
9473
5393
1695
8901
9831
3568
6393
3857
1040
2217
14876
12874
71
9586
10140
4411
5522
3787
7225
6316
5097
14048
2133
10529
1745
10813
10541
10065
11374
4545
1604
1760
4467
7008
14113
4051
9340
7152
10706
2147
5157
13432
11699
10770
1078
12621
3140
6765
15325
6972
3321
12618
10361
13947
14517
9854
15062
6237
4923
12922
4531
8299
8838
3032
14396
2012
2833
3852
1405
10242
11070
3560
1535
11801
12996
14869
7413
14945
5185
10504
14905
7993
12699
5692
15356
3993
2008
7361
13870
8503
2172
4261
5181
13590
12420
6111
2665
13559
1933
2095
749
8323
10123
15627
2891
8212
6964
1741
12109
11682
8106
7586
1910
898
3853
1979
3253
10725
10811
5169
10517
3718
9847
13162
12968
16115
5632
11764
13858
8935
7740
16310
5532
2823
9543
4412
6733
13768
15813
5895
10293
12316
5008
2484
2067
6715
5795
1409
3371
6723
8421
13343
6859
14471
13674
14390
1079
7659
7667
3131
10104
1456
13563
12884
10803
388
8445
12920
9721
9124
14609
10467
15739
4319
12538
9898
10393
2517
7819
466
148
2061
9143
159
6213
9631
11776
15334
5646
15906
7197
9223
12829
14474
16018
12530
15183
16027
10899
13235
12977
13633
10462
11608
4458
6250
4953
9909
9449
239
12976
12147
8196
11600
12131
13047
15103
15693
13864
4738
15317
13964
10359
11759
11413
13311
6471
15154
1194
3648
7950
15006
787
4564
10889
15616
11910
1941
7905
8788
10875
16283
13627
540
5618
8170
7988
3793
11885
15684
9750
14523
8124
5455
13389
100
2849
6167
1175
10274
12286
8905
4330
3138
8269
3991
10219
14488
1264
11015
5448
12067
5050
11811
7427
12170
12460
8420
5170
1114
6608
3748
7692
11906
341
9083
11221
64
5566
15878
11404
6731
7728
2966
7363
9637
16318
11342
2741
7050
4362
8617
2875
5429
6536
12728
2464
3490
6791
150
7933
11386
14357
7018
11072
12179
4773
5642
189
14943
9447
15695
4969
11607
12834
12537
28
11250
10614
8084
9633
11605
9828
13069
5719
7585
8720
10343
2380
6506
13823
5420
6775
11152
4985
9472
9690
8319
14448
6648
10085
11770
12273
13722
15326
13379
12169
12048
3932
5432
8250
11926
8354
15601
16168
15743
7290
10557
5161
9017
5554
12011
9010
2475
5313
16039
13220
8322
5328
5936
12400
4221
1635
7812
11779
4909
5466
4522
3657
3126
4479
8104
2717
12614
10576
13244
974
4639
12785
4760
7625
3163
4408
6672
9256
11217
2059
10128
15944
8850
16102
13707
12904
14795
9654
11377
3276
4403
16269
2992
11813
2961
15140
8820
3051
7561
3042
11002
16377
11933
8765
15432
16036
7970
9320
13078
4980
10035
12245
15365
13477
7250
10161
7528
9304
2086
7926
1291
3254
4850
15924
14413
13956
12091
13411
1822
7059
13594
1314
1965
288
7278
12787
12736
11001
3724
6566
14476
913
2615
1952
15311
14992
6493
13075
10598
11888
327
11756
6063
1759
13608
3030
5299
5667
1272
14057
14684
2583
7066
3068
2513
10881
13106
7064
16381
12436
8181
4966
3239
11975
8302
3770
3586
367
4875
11108
6893
2759
9202
4574
11997
13061
5111
11516
9105
4251
4745
13319
9434
8275
3763
15707
3004
6416
2314
15348
8144
6281
3593
12520
14732
15395
11204
10804
12425
2588
8689
15510
13274
6724
1458
4689
15299
11060
10567
8080
9333
6240
14995
4466
11434
348
12545
14755
698
6044
14132
10673
881
13794
13271
6025
3357
6929
1793
254
957
3788
6800
15958
2886
1721
13654
2624
5837
14993
5024
11281
7522
16019
4260
12154
2158
10287
2556
1060
15072
11940
9014
1485
7960
465
1292
7896
3719
3575
11017
644
1154
11903
6833
7530
8855
10600
8125
12663
15763
11700
4390
9486
6422
8554
3460
5515
13399
13953
15059
15155
7769
12000
4289
1796
7635
3155
1172
6307
16116
1481
5775
9976
8284
2896
8519
1198
9977
3398
16375
4355
14427
13924
12580
12431
789
1619
9457
4841
12030
729
7947
12287
1944
15523
14269
152
331
4464
5322
5964
3035
11068
2266
5965
16224
4497
14449
8694
3660
10580
1201
1275
4059
14303
11576
1543
14870
3839
11861
5615
13469
11130
7918
7780
13538
9367
11369
6347
5699
11754
12162
16131
475
4447
2238
216
14003
16197
7124
13929
13509
15859
13551
6404
133
3172
132
3663
9563
10873
6071
12938
6113
5257
14618
15694
6437
2162
1317
7529
351
4768
12741
1072
11075
16274
10418
10923
7538
13145
10236
12184
9237
11676
6943
13959
15716
3161
14275
3164
965
2911
14616
14597
15161
3342
10925
13256
1246
6057
14743
4065
6147
15834
15935
10388
75
4685
4014
6175
577
1183
5687
7953
443
12858
7206
16362
4670
1484
10410
773
5630
12178
15586
12437
2980
8500
334
16015
1918
12524
8300
2587
4540
10511
6144
15551
4712
5684
375
7292
3235
16276
10731
14335
6695
4420
1217
2255
7879
4730
14457
13345
16351
9483
4211
10878
14978
10500
10919
9918
1548
805
13055
14490
2225
2263
11592
6721
11639
14875
3934
13455
12292
5592
3511
12757
14569
10449
4782
11886
12042
2165
13443
9778
2835
7924
10768
6922
10168
3616
9801
3554
8523
15428
15566
401
7825
7773
735
2661
786
11142
6986
10191
5981
2986
267
11465
15460
12898
16120
10129
15670
13782
9966
10572
12035
8015
6734
2317
11156
14674
11409
2521
5578
3610
15404
1150
16190
5739
1302
15276
13526
1233
4904
7805
14300
16001
8444
13093
636
8017
11966
3858
2512
12229
15597
7505
10013
3517
8954
2264
14592
5367
2220
1395
11367
2351
6888
13703
14045
4836
15676
14373
12256
9985
9550
7089
7091
10455
11231
11982
8290
4070
5832
6837
9136
9528
3563
13791
4121
13828
12262
8309
16263
10249
1492
11724
2729
16355
2861
10030
10109
13854
3363
3080
1063
7936
10022
8488
11062
9613
14694
15309
13475
7093
11136
7242
10559
2253
1631
10206
14443
5068
9361
2163
1058
12242
3381
1677
6304
15333
11784
10807
1122
5695
9021
6388
8082
5266
12076
7573
3268
12259
12267
3252
5778
15773
13224
754
13142
12475
1985
14375
8425
9362
3043
6711
381
10613
4541
199
13490
15898
15239
12371
1538
12782
14756
14454
8004
15332
5461
501
7394
2026
6534
546
5674
16143
12746
4935
13749
2601
9442
217
16035
1692
15461
6227
14354
4744
2785
1423
12634
7303
4507
4981
16189
3515
3333
684
303
758
8606
7371
11283
1059
13545
6848
10780
10660
10493
12228
15614
10573
12740
11681
16270
10918
8680
9179
14081
15415
11025
13787
10390
9233
2824
6966
16303
6882
10337
12020
7524
12167
7308
2090
7925
12409
5567
9480
5462
7492
1853
3684
8918
6825
12916
1896
7840
10374
7079
1549
6479
7848
12058
2927
4890
10866
7272
9813
13438
6392
5989
1326
7755
3697
16013
10583
9423
10727
9149
7949
12116
15047
11758
13797
2744
8264
2410
13233
335
15032
7660
12878
14727
1531
5084
5974
3014
9681
2043
2428
8896
8573
7024
6255
11709
11858
8699
5496
2152
3451
3027
9248
11844
13709
8400
12727
11449
14239
2209
2092
12467
8059
11598
9920
10599
712
11881
11883
5521
15436
1232
5392
8211
4995
13218
8542
13937
13205
3713
4399
2046
2427
2997
9493
7395
342
13670
2307
1245
8726
5430
15456
3587
16329
9393
7668
11978
15612
4162
9433
306
3619
48
6036
10403
11524
14353
14640
572
5424
4693
4170
10868
12389
14672
547
3891
7724
15574
16118
14532
14288
8215
11507
4516
15542
10703
9513
12134
7705
16238
6166
9482
10118
3263
10197
14708
8626
5346
6969
6983
11435
7375
14364
3666
11818
15236
2468
3784
8673
3754
11089
5103
9999
3249
4572
12942
1706
15896
2194
14240
12384
10218
2429
14087
13167
7516
12799
12597
7510
9358
13348
3401
3969
4472
3658
12043
626
5824
3447
14419
5240
1818
15735
2574
8773
7627
14220
8207
3931
5072
12933
13733
10772
13332
10955
5839
13941
3303
10736
8710
13275
16134
8428
11270
2770
12839
11662
2206
13504
5888
7321
7860
8672
6408
13988
9495
8499
13900
9797
7532
5717
14596
2176
7273
6055
2476
2800
9453
5136
1242
14698
6617
3702
12209
15877
201
14802
2076
3396
8917
5937
4238
5672
5077
5145
10234
3028
12644
6632
14249
6038
7610
15811
20
9061
13650
14512
14257
9067
4305
4716
1637
322
15166
4154
5282
5688
15347
16139
13753
7442
6204
13452
14262
15755
5014
15936
3384
11761
3076
5822
16337
13115
12073
14815
10406
12224
10479
1673
1148
6226
1101
7721
16287
11880
9837
1875
5636
5349
13402
5640
14858
14399
14630
7013
1327
15025
15228
10655
9880
9230
1684
10979
6549
3355
4629
13204
13705
243
5825
3747
13383
5734
3081
8150
4206
5104
3731
876
14511
1135
12499
5357
15024
6436
9707
12270
15905
6901
9627
15127
994
14954
12207
554
9379
13366
10490
4135
8981
5128
4242
7802
11279
16354
4679
15799
6850
10858
3165
13675
8005
15808
1153
7533
8
11706
16162
9530
5869
192
12664
9008
8222
12957
4345
14527
6094
15267
2852
11464
3034
14142
1625
12215
10989
8914
9732
11030
11267
14893
7747
13566
11424
15996
12712
6653
11551
2716
12640
7507
3170
11653
12536
11817
14245
11132
8842
4393
5056
2959
8683
4991
2803
8178
10901
14009
12814
10311
9684
11462
1354
9186
3961
9676
7304
14213
10200
697
8164
22
1626
959
9535
15250
13094
7374
13212
6411
15844
1499
8225
2750
2663
737
16335
8473
3703
7221
10281
9207
11569
2399
6488
4547
14935
6701
2445
14904
7470
9862
15413
15995
12677
14697
12822
7772
7274
15766
980
2985
15832
5413
3222
11633
8867
10350
3687
6623
8943
13742
12495
886
15686
10097
11154
928
13016
740
7512
12398
11774
9127
13462
2215
2906
9441
10216
16257
12137
12060
11066
15731
13543
714
4553
8044
15251
3681
7277
14266
11181
11839
4281
16177
9857
12739
4164
6236
15414
10776
4705
3558
3487
678
2529
4356
553
1603
2848
12218
799
5022
14510
8864
2473
3946
15901
8064
581
9979
14799
14040
15572
1515
4277
14969
2936
6280
10033
6808
541
8873
13646
9875
2184
12135
6318
5861
818
3456
6887
3734
2367
1905
3842
792
10306
12071
249
14927
474
8507
8397
6716
14632
10684
11335
5955
8587
8077
11604
2559
711
6413
9077
9025
3310
2670
1644
3084
12018
11256
14979
11209
2569
3838
13281
703
13083
10080
11454
3291
11787
11022
451
7108
7314
730
9554
7989
1735
6828
14000
9510
15176
4044
4794
11248
8642
4869
900
6954
5781
3430
8888
2511
2294
7045
3479
4351
2265
7883
4977
13649
165
13676
7443
8270
12313
4463
8261
15745
11704
5334
345
5550
11309
632
12213
5671
11708
299
13640
10523
2976
11816
6193
10262
11351
8543
4284
4597
1656
2954
2459
10874
12975
13647
12152
8293
7217
6909
3369
8115
5467
5120
614
11863
2329
12708
3134
8368
13292
8099
2493
16055
10063
2682
16025
5235
15820
11196
12919
6974
14931
14604
9204
9519
9018
10122
11660
9308
13698
14219
3942
13060
13686
14959
9122
8779
8068
6933
11979
1095
16214
3255
6976
7513
13165
4815
15314
12863
3690
13107
3674
5519
1672
2406
11008
2463
7472
15388
55
13789
8877
9605
2815
8158
7352
11710
15607
10408
15108
11333
6643
14255
14746
16123
15290
8910
11575
5465
11192
16150
9766
11579
8051
350
2053
8188
10651
10448
8950
5433
339
5347
15562
4827
8545
6332
6287
12584
1244
10528
473
13642
16314
7410
13512
13811
16237
8927
14555
10360
5940
15581
14736
15529
5372
1731
4678
10105
7985
14336
9264
11034
8882
2357
5796
12525
11299
8183
7948
3939
8511
9620
1126
11045
9232
13178
3403
427
4063
11128
973
6266
12487
6803
12969
9458
190
4777
2241
8733
2808
7581
15113
12630
7515
8412
10088
9128
3722
16297
8205
15914
12847
13805
1983
8921
16196
1748
14553
39
8268
11798
13427
5427
3501
6419
520
11718
15144
14704
7162
13972
235
99
9992
2548
4894
2724
13904
15421
14356
16312
3199
12542
18
1324
539
369
850
14887
5789
15722
9755
13031
7709
1606
15129
14332
6028
11924
1959
2558
1704
1943
14653
7150
9425
4256
12153
10522
16219
922
2363
2350
15848
8251
3277
1378
1864
1028
14937
14479
9335
16382
4583
8761
5075
8612
12633
426
5473
7702
8727
5146
8466
4231
5054
5450
6910
14225
6675
16070
15957
12605
14389
11952
13945
13176
7419
15709
7081
4485
5858
826
8159
5598
6884
11147
15247
12672
1632
8595
6937
2421
6363
3344
11632
9522
14456
5206
7428
7430
15987
2450
15009
15457
68
14607
6619
3426
7689
10914
9861
13813
9227
15873
7866
13290
10157
778
16010
8881
8472
5856
7067
1640
15606
9671
12949
15441
13981
4858
2093
1628
11893
8670
14548
12505
11298
10702
5658
4431
6528
11168
13124
13930
11566
12529
15833
1701
10345
14494
16129
9678
3928
1105
14066
15049
12826
402
5006
6747
13153
1773
9424
3323
7798
9241
14126
4913
8633
15363
11027
7112
7211
16008
13100
7785
7012
10802
232
5180
13330
14926
5052
14822
11828
442
11747
9706
6142
4050
3495
5112
11949
6092
2196
12797
13497
8218
5102
8586
9926
12808
5696
15633
14175
12391
14116
1886
5934
2303
3000
5401
16188
6615
12300
11185
10968
16060
6702
6423
2374
4237
3200
14180
3171
10267
3186
8175
409
1649
14590
4138
12452
11743
15747
1037
14376
15797
7346
1119
10762
14339
12807
12869
9590
9349
14721
15464
4001
9789
11329
10698
7240
14669
12962
4609
7589
6035
765
1293
10524
2404
5243
421
7693
12953
11646
2182
7560
3685
12450
10942
3417
3790
11534
13459
8328
16288
8857
7458
12713
499
5041
10064
12113
7435
12759
9622
9948
4816
2104
11471
5273
8875
5681
3337
1783
9315
11179
12372
14090
10610
6874
3962
10741
15288
11846
1841
1826
3441
11437
3189
7609
2646
11005
6596
15628
14237
9511
8657
4696
912
12978
8498
6997
3886
5493
14925
8909
15964
191
12341
8114
3896
10934
14075
9185
7054
11559
16170
16114
16294
13999
4608
15816
1618
15121
10154
8992
13110
12299
8297
13453
15249
7824
314
13141
2652
8547
13595
9733
5784
1250
9509
8239
3053
382
594
759
9180
6694
14433
667
4419
7111
9876
6507
12114
8605
3192
5124
5326
2675
11260
12330
5971
15704
5156
6110
5482
628
5356
14519
14644
14513
3067
8360
9585
8848
5649
14282
8364
14270
5917
8172
15148
3270
15375
905
5762
15013
6198
14108
2106
2635
4867
6931
1799
7021
13954
14848
4150
6401
2386
3831
1894
5650
11111
12354
13808
631
13092
13385
11948
493
7604
2151
4306
2236
8911
13405
1188
15071
12334
9108
2495
12724
11611
15439
829
12486
11169
10954
5561
13771
14571
2146
1359
4395
7736
16180
6129
6081
6592
8103
3938
12817
13425
8482
13882
12981
763
9695
1924
13034
14536
11184
15549
15281
13440
13221
1544
7907
1284
6351
8582
10101
6522
9582
10106
10166
7584
13081
5993
9524
8907
7495
11402
11104
10958
16260
10695
1276
5369
14972
15385
6052
14202
2697
10652
10446
3823
2157
687
13350
4855
3716
16034
4191
11935
14049
9228
3301
5443
8753
12104
841
3661
4653
14866
756
6246
10982
11004
9220
2125
11348
10666
7859
7350
11915
4304
961
13970
7978
842
4042
16085
8900
7919
8853
12150
119
4103
10224
8398
124
5081
3315
1454
3136
11050
7600
13326
11684
10951
2027
7718
14689
3700
6459
10596
1066
7269
13058
4627
52
10742
3452
6053
11105
10211
11655
11178
14345
11412
3091
9745
6104
12923
14061
9772
11057
11337
12240
9591
8635
8171
14983
14381
15443
902
4322
113
3475
7003
6688
14062
7466
5787
12889
1736
6924
7407
6921
11229
13032
12396
16076
12531
14250
24
15170
5410
14055
2528
4225
962
14650
2504
11543
2260
2784
10533
5723
10194
12488
623
6298
4171
12943
16066
15185
16110
5899
8098
12466
14578
3580
13738
1474
10581
2094
3591
1083
5545
14535
9257
12784
13850
12611
704
9705
10796
998
8869
7005
4312
15920
11150
12143
5286
4062
800
10437
16157
2080
14231
486
14595
4697
6735
5581
6203
6576
14505
7678
4682
12026
12857
5226
5221
2127
12675
762
1782
7749
2981
4759
6235
281
6518
7853
6013
2193
5836
9187
8384
1342
11836
44
12008
4204
11968
11620
5749
336
16069
8311
12481
5622
9295
515
7895
4271
16378
16372
13313
4615
10668
2711
8608
13191
9306
8668
11934
8197
7479
909
2252
13317
14784
6283
13928
4140
11078
603
4032
46
14796
15578
1163
6709
638
8305
1801
36
2323
5395
2312
5143
6650
3798
6386
5690
8833
10433
2122
1825
3111
15756
15882
4027
3246
11874
3457
1669
14737
3732
14131
3740
15074
7185
15579
2836
14388
10789
15282
3247
6739
12811
7378
390
1251
10494
14064
15160
10751
11175
371
659
1504
680
13824
12809
13258
4492
10195
5700
4622
3549
7901
9235
15560
1092
11642
3885
15688
752
11651
7835
12603
16245
12821
12092
15252
4323
4380
15100
12892
9489
1605
9381
3980
7123
2904
11938
13960
16326
15509
14134
15005
8871
171
3365
7143
10016
2998
10074
7208
12660
5222
14923
12544
8509
5280
556
8775
2811
10070
2412
8929
4939
14178
2544
9719
4079
164
11687
11318
1836
8562
11638
2568
1296
4554
11415
708
9129
3957
11809
14164
3958
13217
9318
864
12657
8893
4845
13871
13416
16361
4037
12574
7629
8485
11659
2713
13973
6947
3285
8277
2902
26
15783
9403
2397
12987
1683
8449
1441
3552
2625
6186
13209
3545
1575
3551
15557
1389
2893
12625
7704
8601
11171
10960
12577
7549
9412
563
1123
13719
5791
15337
1277
10661
7844
11258
3497
8883
6277
3755
6409
14696
2701
7284
11020
206
612
13745
4723
3157
8564
14304
12418
7041
6669
9011
568
12766
11107
3176
5635
15465
4832
956
2620
5444
463
15531
1804
567
13516
7902
12383
4873
6269
5238
6293
12762
11165
12465
7992
5840
12626
8629
11668
7966
5237
80
90
6873
15253
5250
11580
13750
9420
9597
5579
11964
13423
8146
12438
14885
15721
8334
3821
1005
725
12296
3520
10910
12459
4011
7699
9965
6337
1108
10482
1097
8578
7542
16265
1211
1489
10675
13585
6598
7134
2480
11158
4057
8272
8724
417
5168
1530
11059
385
5614
89
13211
5552
245
481
10738
15908
7484
7440
1694
92
580
4074
5316
4807
11627
333
2596
10985
11423
15201
10134
6988
4896
14776
15714
424
11531
3644
2632
1964
2377
8982
8204
15083
16316
10904
10331
2154
14491
11912
3647
530
11322
11118
8034
3905
12231
4987
2821
3380
11939
10188
983
3391
3257
4927
2164
1633
356
12823
15515
7261
10617
3744
10713
1062
9191
30
9728
16193
12482
2474
15450
13158
14156
10461
1817
9501
10012
1528
5032
12511
1109
16122
2121
13667
7523
5435
2804
2843
13645
2491
2167
12932
13135
16145
16235
13430
5785
14466
3921
3442
1147
13491
10436
9656
4498
12769
8806
4243
5069
10566
9117
8963
6640
6218
9973
7887
10879
6487
6263
1100
543
5258
13457
8961
6330
5708
15854
9012
13160
11103
2198
6221
15945
545
12006
14906
13815
9289
9234
15075
9266
1594
8584
8686
1529
14171
10268
4830
12528
11814
13163
3448
13397
297
11475
10859
15842
13533
1807
7583
3692
11210
872
4022
10386
2156
9032
17
9726
10676
9254
10431
14805
12103
10373
3486
6039
1004
2159
14416
5651
5914
11237
8325
9580
11023
12381
7324
16345
1747
9005
10970
9376
7121
4812
16247
13325
1093
5272
3112
15788
70
10110
2326
13927
9693
7971
8750
2626
13938
302
15527
6902
11640
13051
6470
3912
1621
16259
5584
4422
2150
9792
12222
11965
384
4523
12723
13035
2435
5374
7057
8708
7485
4359
11219
3444
5583
1819
15019
6212
462
9552
13113
2203
8298
11225
13181
11781
9640
38
6776
15595
11411
5680
6463
10966
16304
12258
13996
16254
1124
15889
16256
4720
1138
1121
229
1137
4721
1127
4290
4294
16359
224
221
4291
213
1129
1133
4719
225
4295
223
1136
227
1125
4296
4285
1144
179
188
1161
4278
4729
16253
1168
182
180
1170
4276
1171
4731
212
4275
4732
15888
178
1174
4734
4273
177
175
4272
173
4279
194
4280
1160
1145
4288
208
207
4722
4287
1151
4286
1152
16363
204
202
197
1155
4724
1156
1157
196
4726
4283
4282
1159
4727
4713
662
233
4327
15892
4333
15931
4681
1069
4331
296
1070
4329
4328
4684
295
15933
1064
1071
4325
1073
4324
1074
294
1076
292
291
1077
290
287
1065
298
234
1050
4672
16349
4673
4343
1048
1049
4342
316
4341
4674
4675
15929
1051
301
16350
16268
4339
4676
1054
4338
4337
1055
4677
4336
309
4335
286
16267
283
247
1098
1099
255
4309
4699
253
4307
252
1102
16261
4701
248
238
282
4303
4706
1107
4302
4707
237
4300
4709
1111
4710
236
1116
258
4311
4698
4313
4688
280
1084
4321
278
277
1085
16353
273
272
16264
4690
270
4691
4318
1091
266
4317
4316
4315
265
264
262
4314
260
16365
1191
169
57
1290
56
54
4783
51
4213
50
49
4212
1294
4787
16376
4788
4789
45
16244
4208
4791
4792
1303
40
1304
37
1305
1306
1307
15884
1289
58
4202
4215
16246
1269
1270
4222
1271
77
16373
1273
4220
4219
67
4218
1274
4775
4216
4776
66
4778
1278
1279
4780
1280
4781
1281
62
1282
60
1308
4796
4269
19
1340
1341
15
4808
1343
4188
1345
1347
1351
4809
1355
1357
11
4184
16380
15941
4811
4181
4813
5
15943
3
1360
4179
1361
2
1
4805
1337
4201
21
1309
35
4200
16243
16242
1316
4198
16239
4197
34
1322
1325
33
4797
1329
1330
4195
1333
4194
1336
4798
15883
4193
25
4192
4802
4803
1266
79
4226
1197
143
141
140
139
4746
138
136
1199
134
130
129
1205
16369
1208
4748
1209
126
4255
4254
4749
1213
125
4252
4751
4752
123
1214
144
4258
4227
4259
1177
4267
4737
1178
1180
161
160
156
1182
155
153
15937
1184
1185
149
1189
1190
320
4742
147
146
1192
1193
1195
16250
4743
145
4755
1215
1219
4250
95
94
1254
93
1255
1257
4236
4765
91
4235
4767
15938
4233
1259
1261
16371
87
4769
4770
1262
1263
86
4230
1265
4229
4228
84
96
1253
97
112
116
1221
1224
1225
4757
1226
4246
1227
4245
1230
4244
1231
111
98
4758
110
1234
108
1240
1243
1248
4240
4239
107
103
102
319
4662
1044
4534
4548
4549
557
552
775
549
781
4446
538
782
784
4555
785
4445
4444
794
798
537
801
4440
536
535
4439
4438
803
534
804
560
4449
16307
764
583
582
15919
4456
578
4535
4536
760
574
4537
4455
571
766
770
767
4538
4539
768
569
4544
769
565
564
562
4452
561
4557
4436
533
847
835
837
511
838
510
839
507
506
504
4426
4424
846
848
4569
497
496
849
16332
16333
851
852
492
16298
490
4576
4577
4570
831
4558
526
531
811
4559
529
813
16301
4435
817
820
821
822
4561
823
512
825
525
524
827
828
4563
521
519
514
513
830
4567
584
585
4346
4459
16313
683
685
16315
4483
686
15913
4177
4481
634
633
689
4480
4510
690
692
4478
4477
693
4511
15912
694
696
700
4476
4513
702
681
4486
4487
673
665
4499
4502
661
660
4496
15915
15916
668
658
671
656
654
646
4503
652
4490
4489
651
4504
16311
4505
677
679
650
647
630
629
706
16321
606
728
731
4526
733
736
605
604
742
743
597
4462
745
4525
4461
4460
4529
4530
747
16322
591
589
4533
586
753
755
607
727
4515
619
4517
713
4518
622
4475
4474
16309
716
4473
718
621
719
616
726
720
615
613
721
4469
4468
611
723
724
610
609
608
487
857
4579
858
397
988
16344
990
394
991
392
992
4640
997
4642
999
4368
15927
387
1000
1002
4365
386
1006
4643
16277
4645
383
4361
380
379
398
399
4638
972
16342
4628
958
411
4374
4630
410
964
968
4373
970
971
4632
4637
975
16281
408
404
15926
403
4635
16280
982
4636
984
986
4648
4360
1012
4665
1031
357
4501
1032
1034
1036
353
352
349
344
16272
4664
343
4352
1039
4666
4667
4668
329
4669
326
1043
4347
324
16347
4671
1027
15895
4358
4652
1014
4649
378
377
4651
376
16275
1018
373
372
1019
4354
368
1026
4353
366
1020
1021
4656
363
360
359
358
4659
1022
1024
416
4624
4375
16291
877
4592
461
460
16293
885
887
888
459
889
891
16292
457
874
456
4596
4598
895
4407
455
4600
454
4406
4601
901
4602
467
4413
904
15902
16296
485
4580
862
484
4581
4582
4584
4585
479
4418
4417
865
4591
866
476
472
470
867
870
16295
4415
4414
4590
469
468
452
449
4623
949
939
941
943
4388
4387
4613
4386
945
948
4384
423
4383
4616
937
4382
951
420
4381
4618
954
4619
4379
15925
419
4621
4376
938
15900
4404
925
448
4402
4604
907
447
445
4607
916
4400
918
924
441
926
428
929
931
16338
437
436
4610
933
934
16339
433
429
16286
4482
3227
4176
2575
2585
2584
2582
2580
16011
2578
2576
3530
16009
3539
3532
2573
3535
16099
2565
3538
2563
2561
2586
2590
16098
2592
3516
2612
2610
2609
2608
16096
3518
2605
3519
2604
2603
2602
2600
2598
3523
2597
2593
2555
2554
2507
3564
3557
2530
2527
3559
2526
2525
3562
2519
3565
2553
2518
3566
2516
3567
2515
2514
3570
2510
2531
2532
2535
2536
3541
16007
3543
3544
2550
2549
3546
2546
2545
3548
3550
2542
2539
2538
2537
3555
3556
2614
2618
16093
2688
3471
3472
2695
2693
2692
2691
3473
2690
16089
3513
3478
2686
16090
16091
3481
2681
3483
3484
2696
2698
3467
16087
2728
2722
2720
2719
3458
3459
2715
2714
2708
3462
16016
3464
2706
2704
3465
2703
2702
2680
3485
2678
2642
2638
2637
3503
2634
3504
2633
3506
3507
2631
3508
2630
3509
2628
2627
2622
2621
3512
2640
2644
2677
3500
2676
2674
2673
2672
2671
2667
2666
2659
2658
2657
3494
2653
2650
2649
2647
3498
3499
3572
3573
2733
2311
3643
2320
16136
2316
3645
15999
2315
2313
16137
2297
2309
15998
2304
2302
2301
2300
3653
15997
3642
2321
3641
2325
3629
2356
2355
3630
2353
2347
16127
2343
2342
3631
16130
2338
3635
2336
3637
3638
2330
2299
2295
2503
3679
2270
2269
2268
3675
16140
2261
3676
3678
2259
2293
16141
2257
3682
3683
2256
3686
2247
2246
3672
2271
3671
3670
2290
2288
2287
2286
2285
2282
2280
3662
2278
3664
16138
3665
2275
2272
3667
3668
3669
2358
3628
16125
2432
2447
2446
16117
2440
2439
2437
2434
3592
2431
2360
3594
3595
2430
3597
3598
2423
2422
2420
2448
3585
2449
2453
2497
2496
2494
16107
2489
16005
3577
16111
2471
2469
3581
2462
2461
2460
2458
3583
2457
3600
3601
3602
2389
2385
2384
2381
2378
2373
2372
3620
3621
2371
2370
2368
2366
2365
16124
2361
3626
3627
16121
2390
2419
2393
3604
2418
2416
2415
3606
2411
2409
3609
2408
2403
2401
3612
2400
2398
3613
2396
2395
3455
2735
2239
3041
3056
3293
3055
3295
3052
3048
3045
3044
16028
3308
3300
3040
3038
3033
3305
3025
3024
3023
3057
3058
3060
3061
3087
16056
3083
3079
3078
3287
16058
3074
3288
3073
3071
3069
3290
3066
3065
3063
3062
3307
3309
2975
2990
3327
2996
3328
2995
3329
2993
2991
3332
2988
3022
16063
2983
3335
2982
3338
2978
2977
3339
3326
3001
3002
3006
3311
3312
3021
3020
3313
3018
3017
3316
3317
3016
3013
3011
3009
3320
3008
3007
3322
3282
3281
3088
3250
3242
3188
3243
3187
3245
3248
16040
3182
3251
3089
16041
16042
3178
3177
3175
16043
3167
3162
3241
3193
16038
3197
3225
3223
3221
16033
3219
3229
3215
3211
3210
3233
3234
3206
3205
3204
3203
3202
3238
3159
3256
3154
3269
3113
3273
3110
3108
3106
3103
16031
16054
3101
3100
3096
3095
3094
3278
3090
3279
3280
3119
16050
3149
3124
3147
3146
16047
3142
3141
3260
3135
3133
3132
3262
3129
3264
3265
3128
3266
16049
3267
3340
2973
3450
2809
2817
3418
2814
3420
3421
2812
2810
3423
3424
2794
2807
2806
2805
2802
3427
2801
2798
16080
2818
3416
2822
2825
16077
2844
3402
2841
3405
3406
3407
3408
2839
3409
2838
2834
2831
2829
16078
3412
2826
2795
2793
3343
16017
2764
2763
3439
16081
3443
2761
2760
2756
2755
2792
2754
2753
16084
2748
2743
2739
2738
2736
2766
2767
3436
2768
3431
2791
2790
2789
2783
2782
3432
2780
2779
3433
2778
2776
2775
2774
2773
2772
2769
2846
2850
2851
16024
2944
2941
3359
2940
2938
3362
2935
2934
2932
16075
3366
3367
2931
2929
2926
3368
2925
2924
2947
2949
2951
3353
2972
2971
3345
2970
2969
2968
16026
2964
16064
2962
3349
2958
2956
3350
2955
3351
3352
2921
2919
2916
3388
2882
2878
2877
2876
2873
3393
2872
2871
3395
2869
2868
16072
3397
16073
3399
2855
2854
2883
2887
3372
2888
3373
2913
2912
16023
2910
3377
2908
2901
2900
16068
2897
3383
2895
2894
2890
2889
3386
2240
3693
1362
4023
4013
1646
4016
4017
1645
4020
4021
1643
1639
16200
4025
4026
1636
1634
1624
1623
1622
4033
4012
1647
1650
1653
1685
4002
4003
16195
1681
1679
1671
4004
4005
1670
4007
4008
1668
1664
1661
1660
1658
1617
4035
4067
1572
1586
1585
1582
16203
1579
15955
1574
1573
1571
4036
1570
1569
1568
4061
1567
1565
4064
1564
1587
1592
1595
1597
4038
1615
4039
15956
1614
1613
3228
1610
4043
1609
1608
1607
4046
1602
4047
4048
1600
1686
1688
1690
3965
1770
15968
1769
3963
1767
1766
1765
3964
1763
1691
3967
1761
1758
15967
3970
1757
3971
3972
3959
16186
1774
1775
1791
3947
1789
1787
15973
3951
3952
1784
15972
3954
1781
3956
16184
16185
1778
1777
1776
15966
3974
1755
1720
3989
1718
1716
16192
1714
3995
1710
1705
1703
3997
1700
1699
1698
15960
1697
1696
1693
15961
3987
1754
3986
3976
1750
1749
1746
1743
1742
1740
1739
1732
1730
1729
3982
1728
3984
1725
1724
15963
4066
1562
15974
4141
4134
1430
4136
1428
1427
1425
4139
16227
4142
1414
4144
1419
4146
1418
4147
1417
4149
1416
1432
4132
4130
4129
4116
4117
4118
1450
1449
1448
4122
4123
1445
1444
1443
1442
4125
4127
16225
1437
1435
1415
1411
4069
1373
4163
1377
1376
4165
1375
1374
4167
4168
1369
16228
1367
1365
1364
1363
4172
4173
4174
4175
1381
1382
1383
1384
1408
16229
1406
1404
4151
1402
1400
1399
16231
16232
1394
1393
16233
16234
1387
1386
4160
16222
1452
1455
1511
16211
1524
1523
16212
1520
1518
4084
1516
1510
15951
1509
1508
1507
1506
1505
4089
4090
1503
4082
1527
4080
4078
1559
1558
1557
4071
16207
4072
4073
1554
16208
1542
1541
1540
1539
4076
1533
4077
1532
1502
4092
1501
4104
4105
4106
4107
1471
4108
4109
1470
1469
1466
1465
1464
1463
4111
16221
1459
1457
15952
1476
1477
16216
4102
4094
1498
4095
1497
1496
16217
1494
16218
4097
1491
1490
1487
1486
1483
1482
4100
1480
1792
1794
2237
3780
2103
2100
2099
3776
2097
2091
2089
2088
2087
3786
3781
2085
2084
2083
2082
2079
15985
16154
2108
2109
2111
2112
3759
2132
15989
2130
2129
2124
3764
2123
2120
2118
3766
2114
3767
3768
2113
3769
3771
2074
16155
2016
3804
3802
2037
2036
2034
2032
2031
2030
2028
3805
2072
3806
2022
3807
2021
2019
16160
2017
15983
2038
2040
2044
2047
2065
16159
2063
3791
2060
2058
2057
2056
2055
2054
2052
3795
3796
3797
3799
2051
2048
2134
15990
2135
3710
15994
3706
2205
3707
2204
3708
2201
3709
2200
3756
2195
3714
3715
2192
2191
2190
2189
2188
2207
2208
2210
3704
2235
3694
3695
2234
2232
2231
2230
3698
2228
2227
2221
2219
3701
2216
2214
2212
2211
2187
2185
2183
3737
3738
3739
15991
3743
2149
2148
3745
3746
2145
2143
2142
2140
2138
3749
3751
3752
16151
16149
3736
2181
3735
3720
2180
2179
16146
2171
3723
2170
2169
16147
3725
3726
3727
16148
2161
2160
3730
3733
3811
2015
3943
1858
1869
1868
1866
3892
1865
3893
16178
1860
1857
3903
1856
1855
1854
1852
3899
1851
3900
1850
1870
3889
3888
3887
1890
1889
3871
1888
1884
3874
1882
3875
3877
3878
1878
3879
3880
1877
1871
3883
3884
3902
3904
2010
1812
1823
1820
3925
3926
1815
3930
1814
1813
1811
15979
1809
3935
1806
1805
1800
3940
1798
1797
15975
3922
3920
1827
1847
1846
1844
3908
1843
3911
3913
3914
1835
3915
3916
1834
1833
1832
3919
16179
1828
1891
3869
1892
16169
1971
1970
3826
1969
1968
3828
16167
3829
3833
15981
1958
1957
3835
3837
1955
1954
1953
1949
3825
1973
3824
16166
2007
2000
1998
1996
1993
1990
1989
1988
1987
3816
1984
16165
3819
1977
3820
1976
3822
1948
1946
3840
3856
1914
1913
1912
1909
1908
3859
16174
1904
1903
3861
16175
3862
3863
1901
1899
1895
3866
1916
1917
1945
3854
1940
1937
3843
1936
1935
3844
3845
3846
1934
1932
1931
3848
1929
1927
1925
3851
16172
1611
14916
4819
11549
15227
11545
11544
11542
11541
11540
11538
11536
11535
11532
11530
11529
11526
11525
11522
11548
11550
11519
11554
11587
11586
11585
11584
11578
11572
15225
11568
11567
11565
11564
11563
11562
11558
15226
11521
11517
11773
11490
11486
11484
11481
11480
11477
11476
11474
15231
11467
11463
15232
11459
11458
11457
11456
11489
11491
11515
11493
11512
11510
11509
11508
11505
11504
11503
11502
11500
11499
11498
11497
15230
11495
11494
11588
11590
11591
11728
11723
11721
15210
11719
11712
11707
11705
11703
11701
15212
11694
11693
11692
15213
11685
11726
11729
11593
15208
15204
11768
11767
11755
11752
11751
11750
11744
11742
11741
11738
11737
11735
11732
11731
11683
11680
11679
11677
11618
11617
11616
11615
11614
15220
11612
11610
11609
15221
11603
11602
11601
11596
11595
11621
11624
11629
15218
11673
11670
11669
11666
11664
11658
11656
11631
11654
11648
11647
11643
11635
11634
11455
11453
11452
11264
11255
11254
11253
11252
11251
11246
11245
11235
11234
11233
11232
11230
11227
11224
11223
11261
11265
15246
11266
11296
11294
11292
11290
11288
11287
11286
11285
11284
11280
11278
11277
15248
11273
11271
11218
11215
11214
11212
11173
11172
11170
11167
11166
11163
11160
11157
11149
11148
11146
11145
11141
11140
11139
15258
11177
11180
11195
15255
11207
11203
11201
15257
11199
11194
11182
11193
11191
11190
11189
11188
11183
11297
11302
11448
11405
11399
11398
11396
11394
11393
11391
11389
15237
11384
11381
11380
11379
11378
11375
11373
11401
11406
11303
11407
15233
11446
11443
11440
11433
11431
11429
11427
11426
11422
11420
11419
11418
11417
11408
11372
11368
11366
11365
11330
11328
11327
11324
11323
11320
11319
11317
15243
11315
11314
11312
11311
15244
11305
11331
11332
11336
11350
11363
11361
11357
11356
11355
11354
11349
15242
15241
11346
11345
11341
11340
11339
15203
15202
11134
12248
12241
12238
12237
12236
12232
12230
12225
12223
12221
12217
12214
12211
12208
12206
12203
12244
12249
12199
12251
12280
12279
12278
12277
12275
12274
12272
12271
12269
12266
15159
12264
12263
12261
12257
12202
12198
11778
12159
12156
12155
12151
12149
12145
12144
12142
12141
12140
12139
12133
12132
12130
12128
12126
12157
12160
12197
12161
15165
12195
12193
12192
12187
12186
12185
12183
12177
12176
12174
12173
12168
12166
12164
12281
12282
12284
12380
12376
12374
12370
12369
12368
12367
12366
12365
12364
12363
12362
12361
12360
12356
12355
12379
12382
12285
12386
12413
15150
12411
12410
12408
12407
12405
12402
12399
12397
12395
12393
12392
15151
15152
12353
12352
12351
12350
12319
12318
12317
12315
12314
12312
12309
12307
15157
12304
12303
15158
12297
12294
12288
12320
12321
12323
12340
12349
12348
12347
12345
12343
12342
12337
12324
12335
12332
12331
12329
12327
12325
12124
12123
12120
11896
11891
11890
11889
15195
11878
11877
11875
11872
11871
11868
11867
11866
11855
11854
11853
11892
11898
11947
11899
11945
11943
11941
11936
11930
11927
15191
11921
11918
11917
11916
11914
11913
11908
11902
11851
11850
11849
11845
11812
11808
11807
11806
11805
11804
11800
11799
11792
11791
11789
11788
11786
11782
11780
11815
11819
11820
11833
11842
11841
15200
11837
11835
11834
11831
11821
11829
11827
11826
11825
11823
11822
11946
11953
12118
12080
12074
12072
12070
12068
12066
12065
12064
15175
12059
12053
12046
12044
15177
12037
12032
12079
12081
15189
12082
12117
12115
12112
12111
12110
12106
12102
12100
15171
15172
12090
12088
12087
12085
12083
12031
12029
12028
12025
11989
11988
11987
11986
11984
11983
11981
15184
15187
11963
11962
11960
11958
11957
11955
11992
11993
11994
12009
12023
12019
12017
12016
15180
12013
12007
11995
12005
12002
12001
11999
11998
11996
11138
11133
12416
10304
15355
10301
10300
10299
10298
10295
10292
10291
10289
10285
10282
10280
10279
10277
10272
10303
10305
10266
10309
10334
10332
10330
10329
10328
10327
15352
10325
10324
10322
10319
10317
15353
10315
15354
10269
15358
10506
10233
10231
10229
10228
10227
10226
10225
10223
10222
10220
10217
10215
10214
10213
10212
10209
10232
10237
10264
10238
15359
10259
10258
10257
10256
10255
10254
10253
10251
10250
10246
10245
10243
10241
15361
10335
10338
10339
10466
10463
15327
10458
10456
15328
10444
10443
10441
10440
10435
10430
10429
10423
15330
10419
10465
10468
10340
10469
15324
10501
10499
10498
10497
10492
10489
10486
10478
10476
10475
10473
10472
10471
10470
10416
10414
10411
15335
10371
15340
10368
15342
10365
10363
10362
15344
15349
15350
10348
10347
10346
15351
10342
10372
10375
15339
10389
10402
10399
10396
10395
10394
10392
15338
10377
10385
10384
10382
10381
10380
10378
10205
10203
10199
9980
15393
9972
15394
9969
9963
9962
9961
9959
9957
9956
9952
15399
9950
9949
9947
9978
9982
10034
15391
15386
10018
10017
10009
10006
10005
10002
9998
15389
9995
9994
9993
9991
9990
9988
9946
15400
9944
9943
9904
9903
9901
9900
9899
9895
9892
15405
9889
9888
15406
9882
9878
9873
9872
9905
9908
9910
9929
9941
9939
9937
9934
9932
9930
9927
9913
9925
9919
9917
15403
9915
9914
10028
10036
10198
10153
15373
10148
10146
10145
10143
10142
10139
10137
10135
15374
10131
10127
10126
10124
10117
10152
10155
10038
10158
15364
10185
15366
10183
10179
10177
10176
10175
10174
10173
10172
15368
10169
10164
10162
10114
10113
10107
10103
10066
15379
10058
15380
10055
15381
10053
10051
10048
10047
10046
10045
15382
10043
15383
10067
10068
10069
10089
10100
10099
10098
10093
15376
10090
15377
10072
10084
10083
10082
10078
10076
15378
10503
10507
15260
10916
10912
10909
10908
10906
10905
10903
10898
10896
10895
10891
10890
10886
10885
10883
10882
10913
10920
10872
10922
10962
10956
10953
10952
10950
10948
10947
10943
10940
10938
10936
10933
10931
10927
10926
10880
10867
10509
10832
10828
10826
10825
10824
10821
10820
15289
10817
10815
10812
10810
10809
10806
10805
10801
15287
10834
10865
10835
10864
10862
10860
10856
10854
10852
10849
10846
10845
15285
10843
10842
10840
10839
10837
15273
10967
10971
15264
11087
11086
11083
11082
11080
11077
11076
15265
11071
15266
11063
11056
11055
11054
11053
11091
11098
10972
11099
15261
11126
11124
11123
15262
11121
11119
11117
11114
11113
11110
11109
11102
11101
11100
11052
11051
11049
11048
10998
10996
10995
10993
10992
10987
10986
10984
10981
10980
10978
10977
15272
10974
10973
10999
11000
11006
11035
11047
11042
11041
11039
11037
11036
11032
11007
11031
11028
11024
11019
11018
11012
10800
10797
10795
10619
10615
10612
10611
10609
10608
10606
10605
10604
10602
10601
10597
10586
10585
10584
10582
10618
10620
10646
10621
15303
15304
10639
10637
15305
10635
10633
10632
10630
10629
10626
10625
10624
10623
10622
10574
10571
15316
10569
10539
10538
10537
10536
15322
10527
10526
10521
10520
10519
10518
10516
10515
10514
10513
10542
10543
10544
10556
10565
10563
10562
15319
10560
10558
10555
15321
10554
15320
10550
10549
10548
10546
10644
10647
10794
10759
10755
10754
10753
15297
10750
10748
10746
10740
10739
10737
10735
10730
10729
10728
10726
10758
10760
10648
15294
15291
10792
10791
10786
10785
10784
10783
10782
15292
10777
10774
10771
10769
10766
10765
10722
10721
10720
10719
10682
10679
15301
10674
10672
10671
10670
10665
10664
10663
10662
10659
10653
10650
15302
10686
10687
10688
10709
10717
10716
10715
10712
10711
10710
10707
10690
10705
10704
10696
10694
10693
10691
12414
12421
9869
14100
14097
14096
14095
14094
14093
14091
14089
14085
14084
14082
14078
14077
14076
14072
14070
14099
14102
14068
14103
14140
14139
14133
14124
14123
14122
14120
14119
14117
14115
14112
14111
14106
14105
14104
14069
14067
14306
14024
14020
14019
14018
14015
14013
14007
14002
14991
13995
13992
13987
13986
13985
13984
13982
14990
14025
14065
14989
14060
14982
14058
14054
14052
14050
14042
14039
14037
14036
14986
14987
14988
14031
14029
14143
14145
14147
14272
14268
14260
14254
14253
14248
14246
14242
14241
14238
14236
14235
14234
14232
14228
14227
14271
14274
14148
14276
14302
14299
14296
14295
14294
14291
14290
14287
14286
14285
14284
14283
14281
14280
14278
14226
14223
14221
14218
14186
14183
14182
14179
14177
14176
14174
14168
14977
14165
14163
14162
14154
14152
14149
14187
14188
14190
14205
14214
14212
14211
14210
14209
14974
14204
14191
14203
14198
14976
14194
14193
14192
13980
13979
13978
13781
13778
13775
15016
13773
15017
13767
13766
13765
13764
15018
13761
13760
13759
13757
13756
13779
13783
13827
13784
13822
13820
13818
13816
13812
13810
13807
13804
13803
13802
13799
15015
13796
13788
13785
13755
13754
13752
13748
13702
13700
13699
13696
13695
13690
15027
15028
13679
13678
13677
13673
13672
13669
13666
13706
13711
13712
13732
13747
13746
13743
13740
13737
15022
13726
13715
13724
13723
13721
13720
13718
13716
13825
13829
13977
13926
13923
15001
13921
13919
13916
13914
13913
15002
13908
13907
15004
13905
13903
13902
13901
13925
13935
13830
13936
13976
13975
13971
13969
13968
13967
13966
13963
13958
13957
14994
14998
14999
13943
13942
13898
13896
13892
13891
13851
13849
13848
13846
13844
13843
13842
13841
13840
13839
13837
13836
13835
13834
13832
13853
13855
13859
13875
13890
13888
13887
13884
13883
13879
13873
13860
13868
13867
15010
13865
13863
13861
14305
14307
13662
14740
14735
14734
14733
14729
14723
14722
14720
14718
14717
14716
14936
14713
14712
14711
14710
14738
14742
14707
14933
14777
14774
14767
14766
14765
14764
14761
14930
14758
14757
14753
14751
14748
14747
14745
14709
14706
14308
14664
14662
14661
14657
14656
14939
14652
14651
14940
14646
14645
14641
14638
14636
14635
14634
14663
14665
14705
14666
14703
14701
14695
14693
14692
14690
14687
14681
14678
14677
14673
14671
14938
14668
14667
14778
14779
14783
14879
14874
14872
14871
14868
14867
14865
14864
14863
14861
14860
14859
14856
14855
14854
14852
14877
14881
14929
14883
14914
14913
14912
14918
14909
14907
14903
14897
14896
14894
14892
14891
14889
14888
14884
14851
14850
14849
14844
14812
14811
14809
14808
14807
14806
14804
14801
14794
14792
14928
14790
14789
14787
14786
14813
14814
14816
14832
14843
14839
14838
14837
14836
14833
14828
14818
14827
14826
14824
14823
14821
14819
14629
14628
14627
14956
14435
14434
14431
14428
14426
14423
14420
14418
14414
14411
14961
14408
14407
14405
14403
14436
14439
14470
14440
14955
14462
14461
14460
14459
14458
14455
14453
14452
14450
14446
14445
14444
14442
14441
14402
14963
14386
14385
14334
14330
14329
14328
14967
14325
14323
14322
14968
14320
14319
14317
14312
14311
14309
14337
14341
14342
14371
14384
14383
14380
14379
14378
14372
14370
14344
14367
14365
14964
14966
14350
14349
14469
14473
14623
14586
14581
14580
14577
14576
14575
14574
14573
14570
14568
14567
14566
14944
14563
14560
14559
14583
14588
14477
14589
14619
14615
14614
14941
14610
14608
14606
14605
14603
14602
14599
14598
14594
14593
14591
14558
14557
14551
14546
14508
14507
14506
14504
14502
14501
14500
14498
14497
14953
14493
14492
14486
14484
14482
14509
14514
14518
14533
14544
14543
14542
14541
14539
14950
14951
14520
14530
14529
14528
14526
14525
14522
13664
13661
12422
12855
12852
12851
12850
12849
15111
12846
12845
12842
15112
12838
12835
12833
12830
12828
12827
12853
12861
15114
12862
12888
12886
12885
12882
12881
15110
12877
12876
12875
12872
12871
12870
12868
12865
12864
12825
12819
15088
12777
12775
12773
12772
12768
15117
15118
12763
12761
12760
12756
15120
12751
12749
12748
12747
12776
12779
12816
12783
12815
12813
12810
12806
12805
12803
12802
12800
12798
12794
12793
12792
12789
12788
12786
12890
12893
12894
15093
13008
13005
13001
12999
15096
15097
12993
12992
12991
12988
12985
12984
12983
12979
12974
13009
15092
12895
13012
13041
13039
15090
13033
13029
13025
13023
13022
13021
13020
13019
13018
13015
13014
13013
12972
12970
12967
12966
12928
12927
12926
12924
15107
12918
12914
12913
12911
12906
15109
12903
12901
12900
12896
12930
12931
12935
12952
12965
12964
12961
12959
15101
12954
12951
12936
12946
12945
15102
12940
15104
12937
12744
12743
12742
12548
12543
12539
12533
12532
12526
12519
12518
12517
12516
12515
12512
12510
12509
12508
12507
12546
12549
12576
12550
12572
15136
12569
12568
12567
12566
15137
12564
12561
12559
12557
12556
12555
15139
12551
12506
12503
12501
12497
12454
12453
12449
12448
12447
12446
12445
12442
12441
12440
15147
12433
12429
12426
15149
12456
12457
12463
12485
12496
12494
12493
15143
12491
15145
12484
12464
12483
12478
12476
12471
12469
12468
12573
12579
12738
12701
12698
12697
15128
15130
12685
12684
12682
12676
12674
12673
12671
12670
12667
12666
12665
12700
12703
12581
12705
12737
15123
12734
12733
12732
12730
12729
12725
12722
12720
12717
12715
12714
12709
12706
12662
12658
12656
12655
12617
15134
12612
12610
12609
12607
12606
12604
12601
12600
12599
12598
12595
12586
12585
12619
12620
12622
12645
12652
12651
12649
12648
12647
12646
12642
15133
12639
12638
12632
12631
12628
12624
13043
13049
13660
13481
13476
13474
13472
13468
15045
13466
13465
13464
13458
13456
13451
13450
13447
13446
13445
13478
13483
13442
13484
13513
13508
13507
13506
13503
13502
13500
13498
13495
13494
13492
13489
13487
13486
13485
13444
13439
13054
13393
13390
13388
13387
13386
13384
13382
13378
13377
13376
13373
13372
13371
13369
13368
13367
13392
13394
13436
13398
13434
15048
13429
13428
13426
13424
13422
13421
13420
13410
13409
13406
13404
13401
13400
13514
15042
13519
13622
13618
15034
13615
13614
15035
13611
13606
13605
13603
13602
13601
13600
13596
13593
13592
13620
13623
13520
13624
13659
15029
13655
13653
13652
15031
13643
13636
13635
13634
13632
13631
13630
13629
13626
13591
15036
13586
15038
13546
13544
13542
13540
13539
13535
13532
13531
13529
13527
13525
13524
13523
13522
13521
13548
13549
13550
13568
13582
13581
13580
15039
13575
13572
13567
13552
13565
13562
13561
13558
13557
13553
15055
13360
13359
13179
13172
15073
13168
13166
13164
13161
13159
13157
13156
13155
13154
13151
13150
13149
13148
13175
13183
13216
13185
15067
15069
13208
13207
13202
13200
13198
13196
13195
13192
13190
13189
13188
13187
13186
15076
13140
13137
13136
13088
13087
13086
13084
13080
13074
15085
15086
13068
13067
13066
13065
13064
13059
13056
13089
13095
13096
13119
13133
13127
15078
13123
13121
13120
13111
13098
13109
15080
13105
15081
13102
13101
13215
13219
13357
13321
13315
13314
13310
13309
13307
13306
13304
13302
13299
13296
13295
15063
13293
13288
13287
13320
13323
13222
15060
15056
13354
13353
13352
13349
13341
13339
13338
13337
13336
13335
13334
13333
13331
13329
13285
13284
13283
13282
13250
13247
13246
15065
13243
13241
13238
13234
13231
13230
13229
13227
13226
13225
13223
13251
13252
13253
13267
13280
13279
13273
13270
13269
13268
13266
13254
13265
13263
13262
13261
13259
13257
15410
9866
4821
6535
6531
6530
6527
15696
6517
6516
6515
6514
6513
6512
6511
6510
6509
6508
6505
6532
6537
6503
6539
6575
6573
6572
6571
6569
6568
6567
6563
6562
6561
6557
6554
6550
6547
6545
6504
6502
6740
6469
6467
6462
6461
6460
6458
15708
6454
6453
6448
6446
15710
6442
6441
6439
6438
6468
15706
6501
6473
6500
6497
6496
6495
6494
6491
6490
15698
6486
6485
15700
6483
6481
6480
15703
6577
6579
6580
15681
6697
6692
6691
6690
6686
6685
6683
6682
6681
6679
6677
15685
6674
6670
6668
6698
6700
15691
6704
6732
6730
6729
6727
6726
6725
6720
6719
15680
6717
6714
6712
6710
6706
6705
6664
6663
6662
6661
6616
6614
6613
6612
6611
6607
6605
6604
6597
6590
6589
6588
6587
6586
6584
6618
6620
15687
6642
6660
6658
6656
6654
6652
6647
6639
6625
6637
6636
6635
6633
6628
6626
6435
6434
6433
6224
6216
6215
6211
6209
15737
6206
6205
6202
6201
6200
6195
6192
6190
6189
15738
6223
6225
15730
6228
6260
6257
6256
6254
6253
6252
6251
6249
6248
6247
15733
6234
15734
6232
6231
6187
6185
6183
6182
6149
15746
6143
6140
6139
6137
6136
6135
15748
6133
6128
6126
6125
6123
6122
6150
15744
6154
15741
6179
6178
6176
15740
6173
6172
6169
6155
6168
6165
6164
6163
6161
6156
6261
6264
15712
6384
6377
6376
6372
6371
6368
6367
15717
6364
6362
6360
6358
6356
6354
6349
6348
6379
6387
6267
6389
6430
6429
6428
6427
6426
6424
6420
6415
6414
6406
6399
15715
6394
6391
6390
6343
6339
6338
6336
6297
15724
6295
6294
6288
6286
6285
6284
6278
6276
15727
6273
6272
6271
15728
6299
6300
6301
6322
6335
6333
6331
6326
6325
6323
6321
6302
6314
6312
6310
6308
6306
6303
6736
6741
6119
7137
7133
7131
7128
7127
7126
7125
7122
7120
7119
15644
7117
7115
7110
7106
7105
7136
7141
7100
7145
7169
7168
7167
7166
7165
7164
7160
7159
7158
7156
7154
7151
7149
7147
7146
7101
7099
15678
7069
7063
7062
7061
7060
7055
7053
7052
7051
7049
7048
7047
7046
7043
7042
7040
7065
7071
15647
7072
7095
7094
7092
7090
7087
7086
7084
7083
7082
7080
7078
7077
7075
7074
7073
15642
7171
7172
15632
15634
7266
15635
7264
7263
7262
7259
7258
7256
7254
7252
7251
7247
7246
7245
7270
7281
7174
7283
7315
7313
7311
7309
7307
7301
7299
7298
7297
7296
7295
15629
15630
7288
7287
7239
7235
7234
7232
7199
7198
7196
7194
7192
7191
7190
7187
7184
7183
7182
15641
7179
7176
7175
7200
7201
7203
7223
15637
15638
7228
7227
7226
7224
7219
15639
7218
7215
7213
7210
7209
7207
7037
7034
7033
6835
6831
6827
6824
6822
6819
6818
6816
6815
6813
6812
6810
6809
6806
15671
6804
6834
6838
6869
6839
6864
15669
6860
6857
6856
6853
6852
6851
6849
6847
6845
6844
6842
6841
6840
6802
6799
6796
6795
6762
6759
6758
6757
6756
6754
6753
6752
6751
6750
6749
6748
6746
6744
6743
6768
6770
6772
6786
6793
6792
15675
6789
6788
6787
6785
6773
6784
6783
6782
6781
6779
6774
6865
15668
7032
6993
6991
6989
6985
6982
6981
6979
6978
6975
15656
6971
6968
6965
6963
6962
6961
6992
6995
6871
7000
15651
7025
7023
7020
7019
7017
7016
7015
7014
7011
15653
7006
15654
7002
7001
6960
6958
6956
6952
6897
6895
6894
6892
6891
6889
6886
6885
6883
6881
6880
15666
15667
6876
6872
6899
15664
6905
6932
6951
6950
15662
6939
6938
6935
6927
6906
6926
6923
6915
6913
6908
6907
6121
6117
7320
5246
5239
5234
5231
5230
5229
5228
5227
15841
5223
5220
5218
5215
5214
5213
5212
5245
5247
5208
5248
5279
5276
5275
5269
5268
5264
5263
5262
5260
5259
5256
5255
15839
5251
5249
5211
5207
5439
5173
5167
5166
5164
5163
5159
15847
5152
5151
5150
5149
5147
5144
5142
5141
5138
5172
5176
5204
5177
15843
5202
5200
5199
5197
5196
5195
5194
5193
5192
5190
5184
5183
5182
5178
5284
5287
5288
5400
5390
5389
5386
5384
5382
5381
15828
15829
5377
5376
15830
5371
5368
5365
5364
5397
5404
5290
5405
5437
5436
5434
5431
5426
5425
5423
5422
5421
15821
15822
5414
5408
5407
15823
5363
5362
5361
5358
5318
5315
5311
5309
15838
5303
5302
5300
5298
5296
5295
5294
5293
5292
5291
5319
5323
15836
5340
5355
5353
5350
5348
5344
5341
5338
15835
5337
5333
5332
5330
5329
5327
5135
5132
5131
4928
4922
4920
4919
4917
4915
4912
4911
4910
4907
15874
4900
4899
4897
4895
4893
4926
4930
4971
4934
4967
4964
4959
4956
4955
4950
4948
15871
4945
4944
4943
4942
4941
4940
4938
4892
4891
4889
15876
4848
4847
4846
4844
4842
4839
4837
4835
4834
4831
15881
4828
4824
4823
4822
4849
15880
4856
4874
4887
4886
4884
4878
4877
4876
4872
4857
4870
4868
4866
4865
4864
4861
4970
4972
5129
5088
5082
5078
5076
5071
5067
5065
15856
5063
5062
5060
15857
5058
5055
5051
5049
5086
5090
4973
5091
5127
5126
5119
5114
5113
5110
5108
5106
5105
5101
5100
15853
5094
5093
5092
5048
15860
5045
5044
5005
15866
5001
5000
4999
4998
4994
4993
4990
4989
4988
15867
4982
4978
4975
5011
5017
15863
5035
5043
15861
5040
5039
5038
5037
5034
5019
5033
5029
5028
5026
5023
15862
5438
5441
6116
5918
5915
5913
5911
5910
5909
5908
5906
15775
5903
5900
5896
5894
5893
5891
5887
5916
5919
5881
5920
5951
5947
5946
5944
5943
5942
5941
5939
5938
15772
5930
5929
5928
5925
5924
5883
5879
5442
5846
5843
5834
5833
5831
5830
5828
5821
15780
5818
5817
15781
15784
5809
15786
5806
5844
5847
5878
5848
5877
5876
5875
5874
5871
5870
5865
5864
5862
15777
5859
5857
5853
15778
5851
5953
5958
5961
6077
6075
6074
6072
6069
6067
6061
6060
6059
6058
6054
6050
6048
15757
6045
6043
6076
6079
5963
6082
6112
6103
6102
6100
6098
15752
6096
6093
15754
6089
6088
6087
6086
6085
6084
6042
6037
15758
6032
5995
5994
5992
5991
5988
5985
5982
5980
5978
5977
5976
5973
5972
15764
5967
5996
5997
5998
6019
6031
6030
6029
6023
6022
6020
6018
5999
6017
6015
6014
6006
15761
6001
15787
5803
5802
5568
5559
5558
5556
5555
5553
5547
5542
5538
15812
5536
5535
15814
5530
15815
5526
5565
5569
15805
5570
5605
5603
5602
5600
5599
5595
5594
5591
5590
5588
5587
5586
5580
5575
5574
5525
5516
5511
5510
5477
5476
5475
5474
5471
5470
5463
5460
5459
5458
5454
5453
5452
15817
5446
5478
5479
5480
5497
5508
5506
5502
5501
5499
5498
5495
5483
5494
5489
5487
5486
5485
5484
5606
5608
5801
5747
5745
5743
5742
5741
5740
5737
5736
5735
5733
5732
15791
15792
5728
5726
5721
5746
5750
5610
15790
5800
5798
5797
5788
5783
5779
5777
5770
5765
5761
5760
15789
5757
5756
5755
5720
5715
5714
5713
5661
5654
15802
5644
5643
5639
5638
5634
5633
5631
5629
5627
5621
5617
5611
5662
15801
5666
5697
5711
15793
5704
5702
15795
5698
5689
5668
5685
15796
5679
5678
15798
5669
7318
7322
9865
9034
9029
9028
9027
9024
9022
9020
9019
9015
9013
9009
9004
9003
9002
9001
8998
9030
9035
8994
9038
9057
9055
9054
15487
9052
9051
9050
9049
15489
9047
9045
9044
9043
9042
9040
8995
8993
9226
8962
8959
8958
15496
8956
8952
8951
15497
15498
8946
8945
8942
8941
8938
8937
8934
8960
8964
8989
8966
8987
8985
8984
8983
8980
8979
8977
8974
15494
8972
8971
8970
8969
8968
8967
15485
9062
9064
9189
9182
9177
9176
15473
9172
9170
9167
9165
9161
9160
9159
9158
15476
9155
9151
9184
9190
9066
9192
9218
9217
9216
9215
9212
9210
15468
9205
15470
9199
9198
9197
9196
9195
9193
9150
9148
9147
9146
9098
9095
15479
9092
15480
9089
9088
9087
9086
15482
9082
9080
9079
9071
9069
9100
9104
9106
9133
9145
15478
9139
9138
9137
9134
9132
9109
9126
9123
9121
9118
9113
9110
8933
8932
8930
8730
8723
8722
8721
8718
15516
15517
8714
8711
15518
8707
8706
8705
8704
8702
8700
8725
8731
8767
8732
8763
8760
8757
8755
8752
8749
15513
8747
8742
8741
8740
15514
8737
8736
8735
8697
8695
15520
8691
8646
8645
8644
8641
8640
8639
8638
8637
8634
8628
8627
8625
15528
8622
8620
8647
8648
8649
8664
8685
8681
15522
8676
8667
8665
8662
8650
8660
8656
8655
15526
8652
8651
15511
8768
8926
8889
8884
8878
8876
8874
8868
8865
8863
8860
8858
8856
8854
8852
8851
8846
8845
8886
8892
8770
8894
8924
8923
8922
8920
8916
8915
8913
8912
8908
8906
15501
8902
8899
8897
8895
8843
8840
8837
8836
8793
8792
8791
8790
8789
8787
8786
8784
8781
8780
8778
8777
8776
8774
8771
8794
8798
8799
8817
8835
8831
8830
15506
8825
8822
8815
8801
8814
8813
8809
8807
15507
15508
9219
9231
8616
9666
9663
9662
9661
9659
9658
9657
9655
9653
9652
9650
9648
9646
9645
9642
9639
9664
9667
9635
15434
9698
9697
9696
9694
9688
9687
9685
9682
9680
9679
9677
9673
9672
9670
9669
9638
9634
9236
9583
9578
9577
9576
9568
9566
9565
9564
9560
9558
15442
9555
9553
9551
9548
9546
9579
9584
9628
9587
9625
9624
9623
9621
9614
9611
9610
9609
9607
9606
9603
9599
9598
9596
9594
9700
15430
9708
9829
9825
9824
9822
9819
9818
9815
9812
15418
9808
9805
9800
9799
9795
9793
9791
9826
9830
9710
9832
9864
9863
9860
9858
9856
9855
9853
9850
9848
9844
9843
9839
9838
9836
9835
9790
9786
9780
9777
9737
9735
9734
9729
9727
9725
9724
15429
9720
9718
9717
9716
9715
9714
9713
9739
9741
9746
9763
9774
9773
9771
9769
9767
9764
9762
9747
9759
15423
15424
15425
9749
9748
9545
9540
9539
9354
9352
9350
9344
9343
9342
9341
9338
9336
15458
15459
9330
9328
9326
9324
9322
9353
9355
9389
9356
9384
9383
9380
9378
9377
9375
9373
9370
9369
9368
9366
15455
9363
9360
9357
9319
9312
9310
9307
9272
9271
9269
9263
9260
9255
9253
9252
9250
9249
9246
9245
9242
9239
9238
9273
9277
9278
9291
9303
9302
9300
15462
9297
15463
9290
9281
9288
9287
9286
9285
9284
9283
9388
9390
9538
9498
9496
9494
9491
9490
9488
15446
9484
9481
15447
9478
9477
9476
9474
9470
9469
9497
9502
9391
9503
9537
9534
9533
9532
9531
9529
9527
9525
9523
9521
9520
9514
9512
9506
9504
9468
9467
9466
9460
9419
9418
15451
9415
9414
9411
9406
9405
9402
9400
9399
9398
9397
9396
9392
9421
9422
9426
9446
9459
9456
9454
9451
9450
9448
9445
9427
15448
9440
9438
9437
9430
9429
8618
8614
7325
7762
7760
7759
7758
7754
7751
7750
7745
7743
7742
7741
7739
7737
7735
7734
7732
7761
7763
7730
7764
7801
7799
7797
7793
7792
7790
7788
7786
7784
7783
7777
7775
7774
7770
7766
7731
7725
7954
7676
7673
7671
7669
7664
7662
7657
7656
7655
7654
7653
7652
7651
7649
7644
15598
7675
7677
7723
7679
7722
7716
7715
7714
7710
7708
7707
7698
7695
7694
7687
7686
7684
7683
7681
7804
7808
7809
7914
7912
15582
7910
7909
7904
7903
7900
7899
7893
7892
7890
7889
7888
7885
7884
7913
7916
7813
7920
7951
7946
7945
7944
7941
7940
7935
7934
7931
7930
7928
7927
7923
7922
7921
7881
7880
7876
15584
7839
7838
7837
7833
7832
7831
7829
7827
15587
7823
7821
15589
7818
7816
7814
15585
7846
7847
7864
7872
7870
7869
7868
7867
7865
7863
7849
7861
7858
7855
7854
7852
7850
7640
7638
7637
7432
7425
7423
7421
7420
7418
7417
15620
7415
7414
7411
7409
15621
7406
7405
7403
15619
7434
7473
7437
7468
7463
7461
7460
7459
14917
7456
7453
7452
7451
7449
7447
7446
7444
7439
15622
7400
7399
7397
7345
15625
7343
7342
7341
7340
7337
7336
7335
7334
7333
7331
7329
7327
7326
15624
7348
7349
7369
7390
7386
7383
7381
7379
7372
7367
7351
7364
7362
7359
7358
7357
7353
7469
7474
15600
7594
7592
15604
7590
7587
7582
7577
7576
7575
7571
7570
7569
7567
7566
7565
7564
7593
7596
7475
7597
7631
7628
7624
7621
7619
7618
7616
7615
7614
7612
7603
7602
7601
7599
15603
7563
7559
7558
7556
7509
7506
7504
7503
15610
7501
15611
7494
7493
7488
7486
7482
7480
7478
7476
7511
7514
7518
7539
7555
7550
7547
7544
7543
7541
7537
7519
7535
15608
7531
7527
7526
7521
7952
7955
8613
8424
8422
8417
8416
8414
8411
8409
8404
8401
8396
8395
8394
8392
8390
8389
8387
8423
8426
15540
8430
8453
8451
8450
8447
8446
8443
8442
8441
8440
8438
8437
8436
15537
8432
8431
8386
8378
7957
8339
8335
8331
8330
8327
8326
8324
8321
8320
8318
15550
8308
8307
8306
8304
8303
8336
8340
8377
15548
8375
8374
8372
15541
8365
8363
8362
8361
8359
8357
15544
8352
8347
8346
8344
8455
8456
8458
8568
8565
8563
8560
8558
8557
8551
8550
8549
8548
8544
8536
8535
15533
8532
8531
8567
8569
8459
8570
8610
8603
8602
8599
8597
15530
8591
8590
8588
8585
8583
8580
8577
8576
8574
8530
8529
8528
8522
8484
8483
8480
8479
8478
8477
8474
8469
8468
8465
8464
8463
8462
8461
8460
8486
8487
8489
8506
8520
8517
8515
8514
8513
8508
8504
8490
8502
8497
8494
8493
15534
8491
8301
8296
8295
8085
8076
8075
8067
8061
8060
8058
8055
8053
8052
8050
8048
8046
8045
8043
8041
8079
8086
8120
8087
8118
8113
8112
8111
8108
8105
8102
15567
8100
8097
8095
8094
8093
8091
8090
8039
8038
8037
8031
7984
7981
7980
7977
7976
7975
7973
7972
7969
7968
7967
7965
7964
7959
15576
7986
7996
7998
8014
8029
8026
8024
8022
8019
8018
8013
7999
8012
8010
8008
8007
8006
8003
8119
8122
8294
8252
8248
15555
8243
8238
8236
8233
8230
8228
8226
8223
8220
8219
8217
8216
8214
8249
8254
8123
8260
8292
8289
8287
8286
8285
8283
8282
8281
8280
8278
8271
8266
8265
8263
8262
8213
8210
8208
15558
8155
8154
8153
8152
8149
8145
8143
8141
8140
8139
8137
8130
8129
8128
8126
8156
8160
8162
8190
8203
15559
8200
8199
8195
8194
8189
8163
8186
8180
8174
8168
8166
8165
16383
