1557
12273
4271
15858
13686
12289
12782
6308
12631
15848
14258
12442
5001
6499
15755
2866
9473
11019
8065
4177
3142
3416
4654
12716
4760
12894
11485
11068
6111
2483
8140
8794
3414
8965
4343
14226
6032
14635
6870
5226
10051
4663
13145
41
15551
1782
1235
5749
7208
1622
14390
2007
16207
11157
11088
8530
16099
8797
2523
5498
4451
4344
7473
5563
1316
5461
8860
242
16075
15769
594
13129
14315
3403
16258
13191
2378
741
8660
2827
13392
2459
2789
12435
6506
2172
2388
100
4687
16116
5661
1611
12591
2776
12547
7732
12150
73
4550
10070
452
4427
16193
2781
12778
6740
697
13860
15989
15129
10369
3126
16038
12028
496
7055
9773
13637
6054
7420
3357
11681
11230
3837
7866
4391
5512
9337
15191
13411
6549
11821
8596
12125
4205
10941
7803
10350
5996
14753
6533
15665
2799
4753
10253
15642
5448
6509
15785
201
155
7379
4187
12430
8028
127
16043
10063
15966
9453
4253
517
16046
8472
11531
5633
3306
7710
935
14735
11282
86
3096
9649
9441
7339
3721
2844
12476
927
15381
16203
1438
929
8442
11585
15859
8874
11863
7325
1812
5616
8934
9054
2395
7221
2018
14107
14775
9475
10570
3681
3288
13460
8702
7741
2529
14885
12860
10521
6211
11587
484
6350
6110
7956
3143
2279
10237
6330
15354
12805
8220
5859
5093
16268
6958
12024
3824
11418
7811
4173
14340
13704
352
11457
4139
7523
1049
37
13838
4784
15532
12710
9711
7983
11745
3020
3596
9091
3595
8391
13350
1768
4967
2742
13388
7577
15560
5694
11237
3990
4367
3203
8447
14285
14886
15565
14852
1526
6625
6098
10285
11626
11103
435
16339
11972
15635
3658
8116
814
5525
5973
10777
6572
6303
12902
9928
13121
11939
16073
12143
25
514
8764
15796
4705
6800
9040
4985
9261
12432
13046
14026
14872
10848
15414
5538
10637
1331
6479
4016
9185
8680
7403
14387
12132
11396
7212
10662
8709
6922
15815
12417
9241
6596
8953
10544
2521
4497
15468
13548
3702
6960
5066
5205
7289
13389
8272
628
13181
5784
7492
8268
9465
5374
8115
5350
6902
6408
14349
7048
237
6536
14685
2855
6882
11999
9229
15754
1631
15299
13953
10409
11278
2404
10587
2322
1746
3903
3928
9064
7284
956
11263
13158
11443
5636
10858
15508
13764
7949
2606
1711
14603
11332
2517
14116
10774
9035
6452
783
13333
915
703
8538
8154
10383
5151
11420
333
11194
10843
15757
284
9786
8315
13947
9579
13715
16094
13004
13128
11725
10769
12839
1794
3664
14747
2909
9379
3353
14160
13642
5420
14542
2535
16011
13446
6094
761
4380
9867
902
8365
6092
2413
4129
14263
12998
5269
15877
20
14286
6605
4951
10878
11985
11461
2640
10084
12593
16286
11525
15036
14815
7693
10667
1226
3028
1030
7067
11871
2885
9023
3627
1825
12127
11403
13606
4430
9294
8011
6160
13935
7353
9637
9918
4128
3111
2337
10562
7037
9445
12285
5914
3830
8828
13828
6799
14829
12477
5865
14972
1027
8809
4432
16031
8216
2576
2956
202
15722
12889
10550
11652
10273
12629
1510
12835
2865
4230
12739
557
7098
9140
6273
8280
10734
7575
3912
5831
15868
13616
7300
962
5300
12101
9658
4870
732
4683
11902
3429
6627
3374
13767
15630
2420
12712
4004
6692
8118
1197
6981
5157
13431
12314
5280
11690
6926
15513
3683
7964
1358
13477
15425
1354
6515
6392
14475
14948
15119
12451
445
16341
3773
4192
16340
16047
10327
11514
2298
3813
11591
11011
698
15316
14763
4058
10422
1863
12058
10715
12133
4382
16372
10053
9487
14094
9416
12081
11998
4216
8342
6066
14043
4651
8090
10210
15964
3488
6711
2988
15775
11351
4005
5773
275
8132
4137
2681
7395
12804
16305
13690
6117
8089
6884
1220
14030
10764
210
14569
6586
13457
4359
12499
5919
7958
2860
6393
8959
15185
96
8707
11361
1883
5284
525
9941
2347
708
6017
10656
7264
11600
12825
193
846
12169
9163
10732
8815
5673
2811
12790
7199
12419
5625
13737
250
4091
14079
13795
1464
9557
2622
12011
750
4310
10289
13718
9821
12308
13426
385
9285
15789
13926
3196
12929
14393
3302
9608
10718
10600
14010
5903
5331
3625
11995
7009
2467
975
11174
10727
12818
9017
16175
10993
6798
14031
11849
7720
10795
13314
14210
10457
8676
2992
774
12672
11143
10755
12267
11247
8491
7615
924
5073
2303
1311
12149
9048
5405
15980
3276
11274
8820
4494
1934
12510
9172
6069
11758
12890
1488
5765
3186
15473
15938
2586
1129
9290
2002
16244
10981
6030
48
7543
10342
13173
9685
14790
16228
3490
16018
5198
10986
9994
437
11670
8889
4506
8237
14686
3125
249
13021
2515
8679
8944
7377
6338
9920
5043
12455
15519
11486
14366
5147
6276
7552
14437
15863
12878
11768
11474
2601
5452
6970
9533
8571
12136
5199
15939
4755
2336
10672
7330
11242
2264
2592
3277
16210
8408
1507
2036
15576
7479
12883
5178
4036
1585
294
14007
7141
8877
12531
2976
10032
9992
9921
10594
12032
154
2541
4411
1943
13060
592
10899
288
10852
12955
14240
8699
2145
16174
6131
6095
5631
15954
5384
4998
4316
5603
1669
11647
13826
2156
15918
5222
12396
3867
1539
13056
1231
2341
9213
1031
6629
5529
15219
8785
3409
13608
9667
9845
16034
8817
4778
6438
7066
6282
14395
13699
16315
13640
4622
14167
14713
4112
8521
6991
15867
12728
9792
9233
9917
5691
307
6519
3981
4037
9352
12268
4065
13010
4906
1120
1367
14684
13342
391
11328
4165
8412
9247
9136
14222
14403
13741
11013
7706
257
7872
6371
9898
7775
11462
2240
7864
5311
10049
13166
11000
12151
8247
16321
10189
10512
7376
5889
10664
12014
11
7661
5005
28
14820
13687
10401
9864
98
14856
14933
14083
502
11172
1007
8273
1151
2743
13558
9633
3237
6969
7950
1053
9481
804
3910
12332
4466
1652
1664
2207
12808
4243
1927
2321
1591
11970
10934
10275
9677
9783
4431
3942
3314
7122
9137
1362
9593
6538
8387
5180
8544
4607
4075
15629
3679
6239
6052
4330
15715
14422
13915
14613
12414
593
42
6929
15131
9216
323
10348
13016
8050
12867
5953
8378
10159
5324
818
7458
2708
10197
3674
9583
11156
15552
11499
9393
771
11907
9625
4551
5259
4318
1596
448
11448
10563
15670
7880
1797
4983
8139
1382
14550
3129
5207
14809
12371
16171
9013
11622
1236
5362
1786
156
11073
10660
4892
15108
3176
13806
8233
15464
4019
11876
2577
7435
2662
9270
10455
10143
9640
16040
3656
13483
9626
8749
6100
14629
7736
6837
14587
9197
15791
15522
10101
742
7629
11254
343
13526
188
13729
11128
9175
4636
15571
13909
5352
7935
13897
985
6914
7750
6159
1988
2201
5680
6011
10309
15930
3958
5672
4609
5234
5108
12997
1300
2026
14911
10766
15095
12012
15958
4034
2908
4123
14717
15617
6434
2554
70
7546
13854
5819
9068
10626
4479
1375
3354
4223
15349
9768
727
4847
15739
10805
2621
2107
7252
14721
7368
12993
6171
7470
4434
1667
3632
6568
2383
13925
6718
12696
1967
14584
8908
2307
245
735
4674
6270
12107
15064
4354
14687
3022
4197
16008
8523
1858
3987
13934
1962
10730
9661
1672
10956
3715
2310
2568
6772
11477
3481
15780
15691
10214
7585
11354
2296
2754
4401
10213
9797
12139
5068
6980
12783
11189
4126
2981
16096
7172
946
105
7679
9747
6430
10293
12845
4281
7494
1551
8316
9221
5500
8721
15056
13625
3800
7209
14146
16133
4568
1419
5133
13660
11656
4087
1245
806
16197
1033
9061
1376
414
5920
10701
1713
6257
3783
12187
320
1143
15163
3332
5970
3350
7537
10621
15962
10505
10156
12971
5404
7639
9617
14986
9472
15505
2928
10388
5526
6652
7331
15116
11720
2010
9240
15714
11709
15866
1542
9727
11279
14015
7712
15828
9977
3
13476
116
8910
3319
8411
6433
5873
3140
11835
1238
8054
6588
8827
9872
12174
12732
8471
14743
1736
2766
13071
3358
8242
7858
10011
1006
1193
1637
8465
9399
15261
2623
1681
3215
2444
16366
1013
13785
2710
1770
685
10439
3899
10381
13180
7705
11749
11039
2892
7189
12300
9301
15673
2610
9945
7047
2221
813
8362
6047
14874
4749
9710
1657
5381
945
13207
7649
9758
10756
4116
15363
5140
12481
2121
2409
5186
15747
2986
14205
16302
15658
3044
11481
9411
8837
13471
2080
4452
1284
14526
14879
5296
11728
10527
438
9843
16280
1216
13484
3563
10333
15851
16365
5074
13903
15741
6840
2506
14818
2758
11433
13999
15204
13423
1579
2313
12436
8266
15621
286
7796
7599
10382
6903
9155
16186
4779
8374
4042
8654
8822
10164
8852
12277
10176
889
10376
7099
14179
2381
15477
1085
10845
12849
13028
7471
3001
12350
2546
11734
12923
2008
9963
10038
5950
8551
7930
6341
1675
7851
10353
5339
14836
4096
2338
12359
5717
2369
545
3843
13493
7697
3291
13502
14955
13082
11145
11844
7960
7373
15698
8021
15046
2249
6827
13589
1970
6731
7799
14557
13782
4238
12078
8137
507
9969
13963
4242
9442
12044
15711
15879
4713
6676
9138
4049
167
1280
14443
8620
6334
6643
11064
3229
8716
2425
2210
4828
5067
1456
12482
3279
4917
4433
11217
9528
6775
12118
8857
3449
3399
3968
7660
12980
2764
281
911
4017
7709
5175
4573
6467
14616
8421
1780
10616
11155
1346
12599
5663
14376
13571
2352
4907
8919
9405
10857
14554
15027
4313
13174
14200
4977
10372
4328
2084
9714
15415
15278
9279
10620
16359
6885
4484
12116
12349
9713
190
13887
6147
4166
8187
15022
57
5484
7572
9303
2615
15245
3507
14633
10622
6795
8806
13622
10783
3025
8968
7863
14229
737
651
9525
10936
5810
16109
460
15474
7539
13651
12478
1334
404
7662
5601
14776
11320
8317
15499
16041
14429
15703
2022
15451
13758
7081
7564
7652
13720
1597
15061
10478
12820
1911
3560
14973
5926
9142
7030
15106
7335
13011
8624
16256
8928
13015
12175
1433
2612
6531
13133
10500
15728
15810
7525
5489
9267
10396
549
13057
905
11941
16185
10054
1061
11816
9192
15634
11129
14917
10699
11341
1250
9930
907
10209
2641
13553
7882
15300
5182
14975
6440
1808
6868
10385
5602
7844
8068
10194
15572
4258
6352
14952
14191
9215
11423
15080
13263
7947
10720
1699
12238
15873
7867
6076
8285
14579
3649
15195
1278
13170
2558
1594
12588
7392
14504
6185
14706
4059
11144
12539
12382
8665
12645
14650
13070
5061
2190
10255
2148
11963
7418
13320
7631
9696
195
13027
15355
6209
15651
6196
9996
8601
10476
15677
15531
9164
15542
14683
5917
15717
12870
7249
12984
10978
6670
2504
2747
13615
5337
3543
4700
6681
2473
2878
13771
1202
13109
1624
4856
2805
3348
9939
10035
11574
9655
8420
1871
4988
13504
13987
5119
719
2839
5720
5764
1790
13224
5396
14328
8668
5922
11981
11358
10174
15824
1712
13664
8377
218
9412
13603
11340
6204
11238
14501
369
2318
836
15205
9491
14956
3892
12375
8145
8405
7861
4728
8335
12528
13025
13328
7165
189
8181
9808
32
11836
5728
11776
7173
12218
13628
12458
13242
6687
4249
12880
5907
11650
5706
12953
2423
7054
13146
792
1587
4303
10884
14516
3130
3647
5556
9953
13216
11616
5486
4164
6073
11784
15933
4541
3336
4592
14081
3750
12452
12393
8572
12828
11633
5081
10690
2645
3164
6495
565
7108
3539
15369
1302
4383
7597
14254
1175
10262
14561
6279
11592
7715
13635
10906
12104
14171
15427
13922
2441
10423
8549
7453
14766
9360
560
1679
9666
6591
13111
6849
8088
1547
3389
14570
6207
772
7685
4502
11685
10953
8899
1266
11472
2122
4190
2345
10138
673
13661
7825
4405
14139
334
13347
7939
8570
14769
10635
11660
335
15765
1584
7182
8085
2161
10172
13857
1903
4207
762
12662
14320
4373
10957
5382
12502
8604
16354
5006
2691
10813
3517
10525
683
7459
11185
1110
6719
6725
12422
10529
13137
1469
9698
14740
10170
5346
9236
72
9313
1946
3770
16364
4428
11671
3393
4404
14562
10252
5578
13043
1372
9434
629
16333
62
14578
776
5314
7602
5850
7073
13007
7509
15756
11107
8355
3214
13732
5204
3152
12508
12208
3851
8414
8886
9597
14921
7728
12122
14204
5162
4936
1773
4923
15214
464
3693
6916
16213
5369
13008
7148
1182
16274
11125
7006
6335
6705
14377
4477
820
6873
1478
3002
2104
10644
3453
10370
4527
2243
7520
9769
8995
4314
3875
1558
3562
15557
2596
14806
6221
13556
3382
228
12573
15409
5760
9106
6769
4245
10675
13906
15029
3464
7774
3179
9304
14228
2968
1288
5261
1586
6838
1886
10785
8454
15626
10190
3159
4796
11022
12283
6456
14698
8504
289
2494
5506
16
6120
10840
1738
9502
775
2222
15346
13143
9978
13766
10281
3768
14174
9828
1918
5083
6894
15998
15616
9427
12165
2889
1560
16129
5014
15872
15273
14375
8487
8494
2412
11046
4267
3597
3158
13437
13358
6374
3941
14110
265
12959
9553
12492
6510
7938
15122
15454
4184
2587
12721
6551
14614
9029
6082
9133
6784
14580
10876
10228
707
5670
14288
476
11220
7046
12471
12622
15166
2342
3327
2085
14199
9302
3703
4801
14988
15236
740
11547
4163
5152
8782
4874
8263
6782
15118
571
13078
4241
1222
4341
14406
6728
12323
2833
16201
13401
10997
78
13672
11227
2569
7132
12176
3226
11050
2265
253
8138
11669
11106
13959
12318
3662
10094
11927
293
12621
6615
1948
5156
10311
904
6736
124
3384
7756
15090
231
13045
15159
6489
9657
3430
1795
9082
15442
2788
8264
8667
3615
5738
3290
14307
11568
4886
15622
345
1265
10269
9196
9989
3995
7291
7076
16141
9817
14676
910
1218
3666
9535
11439
7424
15282
7017
1614
10946
7092
6537
2657
3961
3827
4218
3906
3493
6450
1914
4263
10265
677
13586
1292
14830
2666
7462
14547
8252
4642
5179
7530
10465
12001
14598
15015
12033
2312
7982
8811
1599
3426
7588
847
1620
7883
83
6466
6253
12449
9644
7090
4800
2526
7129
14577
10576
7262
639
6459
13337
5379
5623
14864
3167
12296
15260
14894
6521
5600
11159
12302
8257
13510
331
4848
5664
1279
1939
10139
3616
14644
14113
743
7082
1291
1549
3561
7278
1615
529
14232
16318
7638
6602
15637
9603
14825
13861
11295
10820
13645
13726
14877
12159
14017
3495
9844
828
15581
12242
12681
10247
2023
5229
15919
13626
3233
646
5980
3187
10982
5583
4072
15000
6574
2854
6344
12703
9326
7255
13582
1920
1371
6406
2887
12246
2947
1499
252
3084
4732
3004
12874
1491
4499
2989
16006
6444
4548
3099
5834
10641
15327
13800
1931
12418
9922
1304
2525
10009
5975
11207
13518
11701
4739
5487
12974
9075
8658
11051
8337
876
3066
6008
6863
11910
5424
2667
14958
13706
13336
3823
12543
15201
6067
9306
4098
12348
3792
12190
10260
2803
10714
7285
11391
7071
15448
12423
7766
7370
5155
8750
1112
6217
4562
9207
5586
12364
5310
4160
12248
7086
2996
5253
7581
14701
13074
3793
88
15211
9546
4810
11539
11601
15249
14566
11330
3889
7695
15483
15614
7041
10182
4002
2205
8500
10149
13807
14793
6088
14136
7261
2031
11379
14814
12161
7559
14922
8883
14670
7688
2555
6429
11917
10162
7683
15134
13440
3728
5059
291
6564
9109
2105
4186
7852
6186
9824
5812
16227
3552
4020
722
2126
6453
138
2867
5722
13555
15649
9748
2009
15693
1406
8669
7241
14528
9276
11031
15829
11212
4922
11897
4697
10046
11858
14054
16036
3594
16324
9232
15953
13519
10088
6592
10859
2186
14863
15763
11463
15232
7084
2317
4956
7506
11083
2301
10020
10278
1018
1511
10907
6566
7835
13496
11265
1878
2543
9268
162
11460
9208
2461
7726
2438
3680
6036
6302
2295
8239
9998
2699
15188
2110
6373
995
13805
12910
9683
6558
13396
7033
9676
2540
14777
1514
12909
2346
4082
8082
6229
9038
15206
14826
8244
11534
9819
2927
315
14551
4965
351
3402
2738
3172
6688
635
4913
11559
15745
2099
330
6614
8564
56
9880
1023
2368
11260
8074
9892
15021
4215
10325
11789
14913
5037
8816
15738
12023
4995
7112
11187
8526
13917
14157
5306
2715
11857
6142
3960
4712
248
4884
5536
11072
5878
7367
2942
6200
2003
3628
1741
992
16045
12490
15799
9612
8650
3909
15884
7157
11882
2309
9049
5954
7990
3166
2419
8159
2560
4262
14183
8771
7145
6267
4024
13142
1276
16156
11219
4820
1413
2487
13110
11395
9284
15091
682
5627
9169
5041
16032
2058
6268
232
10380
12537
12404
13359
9580
12117
9257
4138
6609
8844
4185
6281
6764
9883
15177
2636
11678
5908
10230
2516
3317
13073
8751
13245
14574
10904
7064
12957
12200
7240
16369
2632
8893
2824
3222
3569
15043
10802
13620
4181
7269
10411
1606
12227
8584
9058
11292
14451
12731
3502
9823
4769
15800
4429
14310
5808
6238
7266
13752
1289
12587
14804
16164
10703
1483
12850
10334
14758
1957
181
2980
4992
6559
1140
2374
3599
4829
3406
580
12532
13820
5867
1374
2565
11215
2069
6455
4953
3032
14412
7391
13870
7366
6899
13801
14495
4349
2746
9735
12031
4845
2406
2670
12361
13116
4720
4617
1271
15896
12981
10043
2339
13984
10113
6218
12376
1368
15126
12042
1945
10295
8063
1258
12444
11604
9848
14202
3988
551
7022
15982
9134
3448
11161
9802
13452
9678
12884
4904
2028
15678
4681
4345
3883
130
9320
11048
15407
1133
8329
2950
3999
9837
6930
9369
9255
7052
6483
8396
8988
12083
6560
8094
14140
11834
8205
8882
2834
8293
7158
6562
13432
5100
6318
8614
10321
14184
4323
2499
15248
186
15776
16209
3588
2128
3767
15788
4645
4840
500
9211
906
13130
14764
10280
455
15657
11120
11473
8000
14173
3982
13781
4947
10187
11319
1704
9645
9094
5171
7154
12511
12467
13092
19
6265
8022
15748
825
6891
166
13981
8718
10121
3057
553
9474
3102
7133
13873
7942
16012
3056
3184
3518
14394
14626
13023
12550
14168
3259
11794
8868
8024
4410
13674
5138
5639
11492
7447
7903
894
15360
9831
16297
1192
5568
11921
11850
15410
797
15082
4306
11193
5696
1556
3653
6269
7735
7324
13451
14880
3525
8448
7065
2678
1789
11885
15736
3043
12123
5909
16262
13744
12530
6288
14182
10865
1778
3584
14803
13933
1882
12901
7612
690
1475
7579
1636
12183
16157
1953
8825
15062
11765
10092
5542
15955
3078
4729
11988
6944
10154
2901
12562
16292
10432
13930
1427
5501
8327
1073
7340
14656
1703
13487
12293
5168
12005
9425
16310
14296
10955
4332
6104
3797
13466
8655
13323
11899
5018
14244
4650
13065
8254
12160
8873
9085
12488
14237
12337
14052
9227
519
11095
7674
5911
14619
10784
3477
13898
9578
3284
9426
7464
6370
7669
3200
1744
10564
10466
7275
1749
3834
9115
6398
10202
1755
6243
10173
6979
4851
10206
1421
15498
12609
8732
14392
4130
2102
4741
12843
10146
2814
4234
9331
11449
7272
9691
15301
12181
11521
16306
13512
15533
12395
6722
2357
5349
10152
16002
7301
6045
6323
3622
8652
1697
4893
1365
6071
3986
8923
15264
8972
8629
4882
891
5312
4931
11766
9001
5561
5397
566
10268
8737
6544
6709
12245
11515
11226
8847
4333
14870
6362
3087
15328
11510
12111
3605
11150
229
4999
2842
15436
8791
9512
5088
11750
16212
14132
15891
10024
7078
312
15227
12462
12523
5383
7617
9568
11087
3685
1991
5942
2737
7801
11805
11829
14356
6252
12795
3884
9103
8690
4762
13653
10974
12403
8978
12469
6768
1185
856
15737
10636
4603
5022
8636
3810
5146
13356
8801
14651
643
5668
11838
12179
10826
4759
1621
16183
13883
2282
13448
1494
15183
8804
3785
1269
10475
6023
1199
10728
1450
6103
15819
5866
6425
8013
6139
495
14588
15566
15223
7955
4387
409
11638
13683
12625
3323
13769
3269
13703
14260
5015
1942
15685
5752
11694
1603
467
10930
1180
1522
12817
12942
7807
9950
6527
2263
8410
8053
583
10753
1977
3832
16106
2049
9391
14090
11123
7253
2964
16139
12272
7483
3722
14541
16113
16358
12651
16221
8613
3095
4613
5287
9144
2723
9847
14838
9021
4534
9894
1995
4583
4043
13231
6347
11809
9881
133
12106
15438
5434
2278
13039
11210
12769
6714
6514
7427
15926
4171
9653
2213
16035
10448
13648
8900
5470
16375
10211
7582
14506
12297
5881
3547
34
13003
15368
3193
8875
15330
14259
964
5271
597
11536
89
4600
1091
3922
15694
8787
3858
3579
8492
12468
2020
4199
380
1326
6994
6532
5781
4132
338
11746
11336
15627
8524
4668
7713
6431
8554
3450
5921
3241
9560
1071
6824
8351
9343
5575
3938
969
14147
9796
11549
16352
9350
5079
401
8945
4027
14192
970
13992
16355
10759
6351
8832
12830
6471
7718
672
2090
8105
7349
13042
14413
11069
9675
3315
3984
3699
15012
10890
2480
2111
6169
6845
14154
3946
13912
3468
11777
833
8452
7831
9542
3555
5064
4519
7994
12156
5962
7389
1385
14032
2382
7109
4119
14216
7274
15459
5363
11757
13406
9965
6003
12029
12733
12373
6485
14782
13724
10911
117
4416
2458
5745
5755
9573
14220
6855
490
9410
14018
9988
7120
12657
7515
663
13200
3634
15314
10817
6632
3672
16149
6744
5595
10243
6797
13658
871
8897
9736
2993
6246
2907
8071
5705
10534
5317
7526
4277
179
3463
2177
1003
4690
4688
2951
1754
9694
113
440
7235
12754
7191
10492
7484
9526
5769
8742
706
7288
8510
1857
11434
13161
11705
12801
6923
16276
3071
2777
12869
7721
8673
6304
13032
2906
12184
6277
6934
1793
3331
1480
14963
4009
5576
1448
7307
1811
11502
3061
3777
4727
1321
12019
5622
13185
14124
1801
200
5233
9423
4180
15515
7931
1420
14632
3523
8898
309
3546
13435
1576
11540
2864
8092
75
7390
12538
684
845
5387
2237
2985
13444
13904
10242
11923
2948
12666
14543
8866
6188
859
8746
15251
3629
434
15334
6154
15554
2400
12734
9600
12685
5145
13297
11532
4113
14918
15123
1686
15833
1445
5172
2486
12154
13652
11164
5817
15256
9243
14217
7204
12402
6419
9125
1627
15687
7666
4403
11831
10713
3108
13564
9469
3185
4329
2963
590
449
14575
10135
3062
6856
15111
3301
6056
219
9510
8862
13312
5195
15066
15444
14461
15558
3993
967
10605
12237
7442
1045
1060
9499
7608
1296
7319
1643
7896
13001
6846
6331
4108
6461
11406
12871
11570
3846
6380
3042
1010
5247
2876
10698
5617
15778
2883
416
3869
16243
1370
10116
4106
3820
2762
5275
2000
8645
2299
14675
669
5757
14294
3023
11030
3379
5959
3549
15979
9088
869
9951
7452
10864
8042
5101
7149
13183
15675
3994
4966
408
10943
12225
1735
6037
2100
13453
1047
6234
12501
7419
6441
11843
10283
6699
5277
4050
8970
7178
4655
9871
8265
2359
5394
13949
15527
13304
12068
11151
13784
899
14402
14573
5994
5054
8312
12781
5327
8173
5701
7929
4803
9835
13228
11362
1537
2721
14431
15921
575
1835
13975
7875
13066
8243
7358
8259
16241
11054
8955
12311
5106
12603
5792
3825
2456
4530
11240
10942
6892
15423
9682
10305
8219
9271
11122
2098
5815
14001
6401
7894
15774
12851
13294
1848
6173
12391
14100
260
16066
13353
4470
14980
6679
205
14514
4984
14799
7314
15484
13371
7478
3992
4352
3642
2270
15422
12383
12534
8434
3371
11644
6280
12768
15011
10807
3074
8143
9044
12130
16205
13891
6761
4115
29
1237
11965
13351
3320
10386
15365
15400
12336
11147
4376
10103
5235
6727
5495
13911
13404
5528
8057
3838
16054
5121
14072
1856
14458
14194
4876
8536
16343
1190
12189
8328
6821
4575
9242
5050
15636
5102
8431
314
7372
733
6464
9373
7516
5983
11740
12865
6525
16344
1806
12082
3069
8671
12566
15298
13829
8135
9604
10185
13399
15604
13415
5321
15625
1691
8522
1388
5340
15718
5725
1600
11027
10142
14855
2962
14522
4571
2403
9674
13966
15655
7569
14427
10307
4765
9500
6205
15906
2188
7781
3534
15585
547
3010
2355
12050
6126
6222
674
2643
10919
6284
6299
3630
5325
13581
15909
2650
10330
4295
10552
13260
6565
13385
12072
14990
1028
10065
14817
9601
11446
15038
11593
16356
10052
6659
8727
5418
10114
9665
16177
14923
2353
1176
15795
531
11228
12440
4204
9702
10095
1308
7542
6512
10528
2846
13144
3263
6802
885
9860
13511
92
15376
10331
8812
13815
12465
576
6654
346
5521
7060
2677
9572
2047
3934
10110
7647
10436
3035
9260
11393
9448
4284
9077
9123
10322
6232
4535
4620
7187
11407
14847
14256
8463
14277
5657
10272
763
14470
349
493
6571
6742
10979
1360
1548
831
9325
9069
6668
11202
12053
4561
8394
9958
6822
14677
12209
16331
5149
12472
805
7904
9235
8525
4980
9286
8267
12334
3349
2859
14040
11060
542
1626
2055
8290
14907
3950
7137
2882
7394
8338
5354
14371
6116
7362
827
12191
4400
10225
9007
5951
7832
2203
7181
8164
10183
3787
8891
11911
5860
5010
2832
15641
8102
9100
12228
4293
1072
12263
11249
8018
8044
14908
10503
1628
4701
11872
2445
6888
11253
6212
11928
15941
11404
5918
6965
15538
13916
13303
2530
14637
2960
1854
2674
3206
989
5367
13369
12876
14095
10666
4148
13344
4909
15051
3321
9734
3554
13549
1607
3781
10068
8626
4656
3541
7632
15472
8984
3165
1212
2804
11503
3532
6150
9936
1870
10686
14106
7885
5766
11304
12697
2544
11296
7068
9960
2169
15178
420
7670
4102
45
14172
1533
1395
10365
446
10271
398
9650
11989
5167
6006
12322
5336
1233
5733
8310
308
14364
5447
10379
473
4095
4031
1954
11684
4269
10085
9900
1561
11167
2217
6623
9485
3204
835
4553
1513
5848
4256
15173
5188
12585
2062
5028
11350
13544
11619
12135
5940
14861
14860
6059
1426
14109
10988
15319
12105
1728
5029
5454
16167
14353
3412
6876
7862
582
8895
3741
6935
5109
15512
9990
11132
997
14343
2150
6426
5613
2791
1715
13730
7828
2447
2585
16009
15623
11327
15367
1504
14534
16165
8656
319
5565
9223
3483
2686
1653
14645
2841
13888
14448
6195
10650
13755
8441
11676
9840
2375
11416
14974
5060
10430
15596
3708
1330
5007
7746
4225
4968
12255
10484
1515
10324
16334
4505
12270
15792
3146
4104
10861
12340
1971
4619
15208
3113
11542
2092
2673
10261
15569
7971
6814
15492
15067
2891
8398
8992
9688
2168
6202
215
10446
13617
9375
725
2795
12366
15353
10356
1949
9505
9753
13205
4614
9348
16071
3691
12764
6231
9816
879
7507
16383
11287
9210
5072
5730
11314
12821
5750
1550
11176
5679
12231
6046
5864
3916
11602
11861
6604
12945
12399
9517
10722
1632
13500
11444
8937
14708
11466
9214
4914
14049
14358
8415
3665
4885
4172
14459
11043
4973
15957
14131
9036
6472
5593
10567
1964
7961
939
1241
10932
12905
5440
14850
667
11413
1688
5076
8824
15575
10419
2077
13064
16080
8375
13053
10086
8933
6480
10195
16166
2343
2539
2692
3281
14379
14342
5900
5290
1149
3131
9252
9730
666
3482
9776
3701
1249
3951
13321
15525
10846
896
11640
7508
13929
5976
7618
13867
4777
3008
15821
12424
3423
2933
11755
8881
15275
9404
15202
4946
4565
16108
12617
7760
6424
14711
5441
7498
12670
10433
7808
13445
1322
14278
8036
1655
12411
10833
15305
3016
11689
5647
13266
15340
1864
14810
8562
13928
2290
12415
2016
3788
1969
2631
2518
16367
988
4289
7051
8537
12524
930
11482
8409
1788
363
5446
12
15915
16170
9979
13659
6492
9308
5589
6972
1457
14336
16351
16314
11154
11417
16223
13879
14177
1293
15157
2978
15845
1815
196
9724
7563
5708
9011
14884
11025
2059
9532
9582
2372
10971
6206
16135
11833
16283
12003
14225
696
10514
1165
2722
843
9518
6283
2393
425
15697
2557
12926
3516
2736
8956
12513
4774
13383
11108
11266
14428
1067
11137
8416
14381
15770
9602
13866
5372
5036
12474
15666
11611
1666
14097
9723
7727
11703
7467
9161
4212
4081
12331
12197
8060
6904
8330
9217
3755
3251
271
5425
11621
15229
14910
766
7254
14508
13600
14047
6949
711
1086
15182
15589
9507
6963
47
4659
11962
7757
4327
12353
7436
15801
6957
1038
8147
12009
14932
14491
8284
2821
3964
2675
6961
9254
7897
4417
12680
9869
121
6528
12604
11197
12320
2820
15470
12786
7912
9851
9670
11380
15772
3695
7220
2639
324
6122
14662
2071
3538
2528
1895
9497
1629
9795
3870
15495
12934
7891
2653
6524
14236
14760
15079
8026
13905
7271
13290
14733
33
7754
8938
168
3754
6383
3369
10298
14762
6109
8781
13786
7954
5375
5164
7686
10539
5228
4140
11003
612
14901
8012
7203
2108
826
9230
3749
1401
2354
13499
6765
12700
10538
6403
11378
1889
5193
655
6607
1338
15727
615
4304
4438
15965
7247
523
22
7841
12354
6264
8238
14155
12748
8788
1227
15293
1364
15716
12062
4546
10580
3271
15421
6706
11366
3698
642
10530
16219
4802
451
3428
5609
901
5901
3707
10780
3896
11730
9219
870
11471
13823
7809
12519
12931
8936
10442
9854
7475
8550
12506
13348
6194
5419
12903
9718
2559
6262
2851
13123
7624
2871
15731
12995
9065
2164
7237
3198
1646
5136
12736
16159
14591
3706
12607
15296
15262
12485
7222
6317
14895
1518
7522
2152
9624
6355
8890
1154
3893
11402
12777
4320
119
15035
10099
14961
1254
13710
5421
1155
15773
10310
4292
3117
9659
10224
12317
10778
10553
5811
15312
5017
13258
3395
10235
7842
7970
510
15364
7160
5412
8509
13700
5895
9524
11929
10839
6661
4623
1156
2466
15683
3513
1899
4935
11636
8854
12853
16121
14875
4932
3492
4662
3128
1992
11651
6593
14610
12168
11733
5530
4162
6543
678
515
6931
16296
14655
10060
15200
4155
10709
1414
15480
3877
2591
5351
15110
1042
15017
6851
13419
8270
981
9084
4846
2519
14138
1179
12162
9629
4386
3440
11121
4003
1940
13108
13194
9026
15371
16055
4604
12025
14165
13229
16029
7544
5924
12872
1323
2327
8343
3270
4141
9361
12848
15235
10584
8958
15902
11206
12663
8167
7405
3710
8534
3427
676
7767
152
8943
7318
10519
11412
10193
15404
1745
16022
5045
9102
5910
8743
11119
12065
12616
756
9623
15255
10105
14300
10449
15068
11124
13673
15213
11884
812
10646
8589
13900
7119
10111
7075
13313
1714
11411
8739
3240
13310
13390
3757
11409
13217
15071
15981
9562
9406
13552
10645
9190
10970
8805
9183
15615
2731
13271
12720
14357
14905
15945
6226
9415
8808
7416
13723
4686
8625
6805
2940
9609
68
6448
4783
1062
2944
15895
16095
4610
10412
418
15987
11607
12583
3812
15806
12324
1369
3334
8592
8197
11901
3814
256
15452
2868
8600
10108
6249
11166
14330
6828
9012
6312
1563
9435
16269
13983
10001
2348
5837
2166
13864
6735
6933
3944
13172
8397
6785
13614
13831
14622
2904
4194
9584
7794
3872
2683
15725
6771
13495
3299
10624
6831
5413
11942
7028
759
8482
7363
14266
15647
715
721
1958
8199
6829
15180
14876
11196
11564
15705
2553
9589
14983
13244
890
6286
8078
10414
5248
4521
10030
8292
4143
9329
3461
8153
8982
1345
8757
15097
2704
9107
15654
8672
7223
9462
854
3520
6590
11868
1751
13222
8352
9699
1412
1724
15447
1295
6547
9877
9681
10292
8193
13410
10577
10391
6901
15247
15506
11036
13610
15243
12793
14960
4270
6726
6817
14734
11820
4970
4469
12503
15439
14840
3367
8208
13018
13132
4723
15004
9383
12996
5357
4472
6435
5011
1242
8906
11269
916
4273
7296
14044
8401
7684
15069
11779
11550
8664
15140
15083
14291
1924
11874
15631
4742
6684
5213
13722
11773
14466
6123
10226
1200
12027
4127
178
11724
3745
3631
13570
6493
8304
3818
4596
5972
12627
5874
3891
14749
3735
4459
15889
463
994
11063
5899
11968
6345
11441
9148
595
3308
9651
14987
7605
4584
10148
5547
12536
10638
15141
15599
9929
11543
11940
13908
15541
13701
10489
8962
2011
14303
10440
13331
720
6587
3578
11347
3806
16110
10216
9830
9158
6366
6943
3391
15818
1451
1171
16248
1757
9927
5
3574
6900
3114
11118
589
5570
14523
6197
2816
12724
4361
7243
4520
4852
7820
5329
5930
14700
1725
7347
14239
1941
3908
600
4523
6101
10912
6606
7308
8712
10441
13748
11913
9534
5846
139
6153
14604
7381
3686
7665
12822
11523
1665
15060
10658
7984
11582
10627
5353
1726
10787
3244
2895
6953
12040
14981
5964
11382
9938
1497
15832
15146
12554
8501
15070
8528
4680
13481
2380
15509
6327
8612
11608
11610
14839
13803
10389
8109
16363
5665
10747
4588
2424
7139
13050
6658
5246
10615
10221
564
627
15388
3344
6165
15147
4804
1787
432
15850
11097
1888
726
2603
9228
15
13736
8455
6554
11664
9321
7532
11798
747
8246
5719
11718
4014
652
3134
6219
7005
15099
5508
6477
7788
7292
8373
1902
14076
14389
6377
13921
5373
15574
15324
662
10870
12852
13796
5215
12489
16182
6443
10804
2154
6819
1384
15878
13668
1493
5473
6645
4030
3328
4198
1123
15934
648
3457
6180
11961
2202
6215
2117
4667
15078
1256
11936
6516
941
1001
9671
2206
961
5596
1416
7446
15186
11505
1320
1310
15646
5510
12787
16027
10087
3094
11234
5841
93
11855
12675
15325
11771
10112
13035
2328
10390
10014
3227
444
15988
2573
8462
8248
9113
5862
4461
7280
10640
8925
11324
12755
10022
14657
13395
14893
10752
11010
9382
3828
410
15207
15841
15037
3421
3254
1008
6000
14053
11424
5614
1343
7031
4864
15668
8453
14978
1095
668
2247
14071
12594
7898
5249
16300
13311
15897
2772
1534
12930
10257
14125
7623
657
8998
3751
16144
7014
12216
5398
8793
6463
6361
8646
999
8269
10081
14925
4282
8726
4064
5809
873
6289
8261
13157
296
11110
3694
7430
7857
9154
15972
6359
10282
751
8469
4040
1435
611
11797
996
7590
8685
2998
393
5902
6137
11598
14843
10691
8586
12115
13725
16326
7170
10810
3704
3623
6369
15072
9283
4232
14409
5258
10677
3329
7751
8502
397
12223
5544
8695
13914
10515
13763
3633
16275
85
1986
2688
5929
2116
4340
10871
11437
12090
12838
10965
15453
15115
14716
13456
11392
1718
8653
15497
16330
2914
359
7753
6691
8010
14727
3100
4481
10933
4409
13114
103
2448
7878
13
8643
8947
3985
405
8399
15555
7333
990
5856
9318
13034
11596
6656
13751
1824
12580
13489
7322
11455
11554
11888
15618
16026
12601
13585
2471
2324
3435
4078
9098
9471
8427
1890
10129
9503
9018
129
7115
2094
14104
3571
406
13988
4971
10940
1459
13397
407
15600
10358
15276
1224
15284
14401
4572
3173
11606
1590
441
10506
7144
9110
13902
14418
3576
6060
14091
2141
15813
13443
11673
11016
12522
12735
2073
7343
15779
12941
5906
7126
6
1998
15706
5451
9803
14496
9648
12832
17
9045
13872
15890
15345
10980
8553
11405
15553
8077
15535
7678
4326
4178
14042
5887
11001
3082
10737
9291
954
13957
15165
6886
13503
7589
14203
6314
5262
194
9122
10994
15839
12048
9081
7206
2120
14892
419
8451
15597
15268
10177
13761
5177
12038
5802
13871
3123
13264
2450
10254
11847
7740
10335
13598
3796
3242
16222
13317
13794
2551
13024
6783
12800
4694
13367
1432
12164
8086
2665
11615
14841
14971
1161
2583
6622
11597
8476
7702
13993
8128
880
14351
12479
16127
4624
9156
653
1965
3924
1859
14196
16019
12906
13033
8756
5185
4626
5132
12936
1999
5085
12229
1800
11388
4745
12456
11104
6995
10854
9403
4872
6947
5128
11683
543
13596
4808
12767
4782
6696
1092
6857
4630
14324
8001
10589
12356
10821
16278
14535
8740
1536
2974
14153
10654
630
1781
15679
1399
1505
712
10568
2421
9790
11769
12626
12924
10315
8688
14380
6074
2719
625
9923
15286
920
12437
11520
3542
6650
2783
888
2607
15443
10597
5543
9767
6959
4897
12500
8295
8957
6630
3808
390
12195
15764
658
7512
15481
4962
13530
5892
39
8798
4473
6228
10856
2624
9409
10882
6172
15397
852
12667
11518
2384
6502
2083
11808
13863
1752
2739
4526
3766
3885
13667
402
2179
11041
4816
4008
6155
10992
11251
12056
4158
8843
7914
10566
10338
13134
559
10694
781
2705
16056
2125
2502
14563
16325
6305
3064
12648
13967
11535
11661
10291
7764
14050
2076
9647
4689
5423
11288
6050
13633
10368
4211
12826
15609
14889
4453
10984
5896
3901
395
8914
13964
2119
15196
13210
9799
2470
9798
9034
8691
14335
7224
2396
10474
12632
9527
4396
14067
971
12054
3053
12958
16287
12699
11487
14779
10811
10186
5462
7121
8967
9368
428
1131
14615
10402
16086
13517
8814
2594
8271
3231
12230
13535
11920
665
15628
4483
5355
9355
10069
15514
9981
7724
8694
14636
15916
9273
7008
9956
14625
16130
2756
13918
9780
12563
8842
4928
12007
5427
14519
15333
12073
4960
14302
15137
14467
9420
16114
13630
539
3645
11038
8260
8772
7233
10387
1748
10229
5399
292
7504
15430
14628
13249
11483
16225
6522
11658
16107
11862
14646
13521
6439
2626
1642
4831
8379
1968
3058
10332
3278
12049
10744
9212
6913
14927
15221
1228
14
13632
2308
9968
11302
13913
11430
3286
8799
7549
2770
9948
4224
5658
1150
2289
12064
9447
10688
15886
8324
1996
6349
10345
1618
1417
16224
12129
11991
4390
789
6034
12328
1540
14241
544
15040
2649
5117
9275
9875
5978
3789
15167
12002
2689
8325
7359
6236
7091
15723
13881
6149
4193
9937
5580
2426
262
14800
8807
8892
4549
6009
919
5263
9561
1107
14411
5824
4342
358
9913
10259
10639
3844
13538
5620
4718
14022
2252
16322
7485
9765
15266
7425
12810
867
4921
9032
1040
6494
11178
11634
9112
2350
15885
5628
10486
15578
12205
5505
274
8738
21
12691
5650
10485
11015
16353
7873
3086
7518
3857
11796
15003
7294
12837
12718
12773
10651
11635
10916
15225
5527
7791
11331
14968
3895
1635
13000
9915
7711
1283
3194
1273
11645
506
12873
4933
7663
3967
7630
13665
5465
4744
9177
8480
1490
16337
1336
13971
8323
8599
3178
9791
16098
2254
11303
5747
3154
2005
6925
8299
8223
2155
5509
15814
4248
6786
12278
4395
16178
10551
982
6937
546
6468
3863
10541
6755
1647
15835
3478
3400
10373
11700
14170
10803
6570
14690
6977
1604
7476
9779
1933
8700
14021
4787
7635
8598
14142
11791
10952
13965
12935
8870
12294
14219
8516
10470
16238
7245
13374
8369
7277
7020
15406
6184
1959
4776
14407
8489
16117
4929
12204
9789
16194
2089
12683
8457
13230
5091
5393
2277
11512
10996
6498
8277
2987
3947
6915
13102
12409
9944
4286
15164
14498
12947
6454
4738
8084
5522
14230
11369
1306
3670
8371
9585
7404
15326
15688
9347
8227
6932
2707
246
5884
1052
11529
10579
4569
3110
2812
15656
2975
16226
13677
1118
5051
5289
12813
14478
8039
5958
9317
10601
9263
14246
5840
7562
6841
11752
14385
5046
16335
4460
15590
3169
13041
5302
767
11609
5039
11386
15002
6789
11778
1832
15462
2096
15809
16150
2479
4071
3638
4660
13470
10533
5236
5291
6859
1955
9934
2038
4500
15162
8282
8969
14857
3326
10169
16316
6973
1545
2536
14930
4854
11830
14553
780
581
10212
8250
3544
7378
2366
3415
4539
4422
9204
12525
10033
4750
1335
7402
4260
8100
11312
7874
1994
14548
10824
10591
5787
12258
12261
7180
6745
14048
13182
14247
2330
659
5590
14414
5052
1872
7790
11883
3866
11837
14212
9446
10408
7415
13641
15660
13362
14075
10872
7675
13662
15014
4859
5825
8161
15471
4657
8120
12792
1244
1032
1046
13009
14486
15357
8927
3161
10040
9401
6040
1373
11737
7177
5322
12719
4579
16101
3027
10106
9615
6598
1767
5009
8070
180
9093
5047
7361
2716
2095
4514
2511
14999
13467
1163
9076
5870
3608
3145
13285
16214
11447
5855
9878
6529
7267
1662
7529
4857
15392
5407
0
12914
3907
10692
16371
8635
10763
12464
9613
13386
13537
3250
15672
604
220
15562
8014
12757
5211
14161
12665
11100
13783
3256
15389
394
371
4887
6421
11653
6423
11630
699
689
13154
6877
9838
7860
4834
11494
7043
12639
3898
3201
9905
10006
10593
14103
12676
7917
5330
1318
3401
13345
6012
11759
4789
8729
5376
7981
10913
6048
429
1486
6309
3529
8566
14623
5503
4052
5471
13226
11517
1796
3311
10045
13996
11056
8520
4710
7514
14931
15568
2916
8231
2262
10944
15391
14726
5366
13343
6612
2567
6552
2360
492
558
15028
7016
16052
15081
14004
13391
9194
11239
14064
14816
11699
10604
1441
12915
11140
8593
3387
13299
6133
8885
2097
8763
1501
8439
9209
15356
13241
2144
12445
12450
11811
12836
15269
2668
816
10608
8532
13156
8444
5511
3236
6258
7434
10147
710
16169
2233
2246
4421
9354
11004
3598
4711
15383
10799
13743
1595
9897
14051
13464
11374
5139
223
4111
15855
13896
2358
10590
10407
15288
12738
9052
3480
13895
11268
4202
13528
12887
233
8283
474
14218
3219
5203
2899
12979
10520
13989
10017
9926
12051
12888
3712
101
5476
13279
15456
13713
8175
13292
3339
13578
10351
11938
9456
10415
197
8099
2509
14391
7428
15645
15420
3747
8320
3778
2057
12559
9755
11311
15899
5328
13300
2905
13270
38
7976
6119
16202
7538
9541
1194
5813
5390
9066
5579
2590
9697
7536
7765
6796
14515
6945
1138
2900
9521
12211
6244
10757
12753
7871
4364
13062
13939
16120
7604
15154
15708
5442
16044
13708
9282
12946
4088
13126
3245
13931
14169
8110
6507
174
868
1926
12952
5704
3626
5243
14919
14785
14964
413
339
860
2633
9047
7450
4206
4824
8426
14213
2462
8163
2325
1492
2432
482
13707
9005
8985
14821
9322
2319
1390
9931
1543
15143
8818
8152
7758
9595
5711
10079
1403
12595
11267
3325
2886
2124
3347
6402
13574
5843
5567
9738
3604
4792
13361
16093
2131
6107
12067
7493
3644
12306
7957
9269
3322
8971
15869
4791
6530
6576
3618
15152
15065
12529
5134
9143
187
6787
6192
10581
3952
7077
11864
3553
6316
14812
12035
1004
5533
2443
15595
10968
3287
10297
801
501
16145
13899
7482
12170
694
757
1351
5606
8760
4259
11747
7824
4440
1287
3508
15882
16092
12251
11990
16162
9757
6889
11183
9151
15428
13291
13075
13816
2331
8048
11283
5709
221
9353
12646
2815
10721
5170
8630
15239
532
12553
7658
15226
1612
9975
15169
2216
15419
3862
3383
14105
664
6809
13680
8353
14824
12816
13012
4880
2195
6470
1082
14751
1164
7196
16158
7890
11571
7050
12674
4067
12846
6597
11201
4063
13267
2232
6651
4740
11476
6326
1209
13666
9259
503
10498
6175
1070
12709
1055
8151
14709
4912
14791
15386
8258
13778
9861
4748
3163
2538
4076
2663
12214
5548
11810
4722
12791
10634
6099
477
10236
2472
13436
9564
14989
13212
241
14660
12021
9942
14849
5697
3141
2266
3775
8719
10586
5742
12943
3763
15252
1108
1617
15405
3072
10700
4632
1024
14572
11702
6739
12390
1578
2204
11160
2500
11141
6642
14267
6971
14045
12904
2030
12689
527
11308
13834
4898
5415
844
588
173
12944
15295
2696
1405
9707
10571
15341
12473
1400
11346
415
9206
3337
6674
2208
7946
4972
1096
11126
10013
9504
11893
12206
3700
8097
14778
3582
11255
3847
10841
11787
3714
8773
7870
3257
12180
16249
10136
9726
13694
4555
2468
13506
851
2
4097
14114
4930
9371
8303
12922
13663
9130
5707
11976
1525
1350
12157
8997
3338
4447
14233
13639
16021
1990
758
7096
14694
367
6881
14013
14287
1248
10377
4903
9605
1814
1904
6563
4458
14398
12131
15031
1601
4021
569
13265
9046
14599
4161
1130
14250
6950
5326
10794
1756
3386
10120
13346
1234
5303
2617
11021
12312
10499
2561
9663
1195
12428
7059
12829
6287
14321
6343
12397
2750
9024
10320
9073
4370
13819
13059
6416
4346
10161
3540
6834
16049
6285
13509
1309
2442
2782
6698
1944
2390
12552
10889
16206
1649
12704
14399
2389
350
11180
11397
16236
5985
12784
15076
5313
9173
1972
577
7636
14269
10806
123
7570
5517
785
4305
6862
9728
1162
12656
1930
602
5674
4375
7793
7346
10897
12776
13256
15793
14878
9111
10339
6908
15721
2314
10831
12096
12496
11584
2923
15222
11163
12737
10119
1319
12717
4358
5475
11641
16051
15587
1862
5756
11714
3991
3607
15085
2475
2146
14606
9575
9458
9971
14280
4665
2744
2072
12938
7770
9957
1975
7716
13381
11790
574
12410
3833
6707
8174
14517
13995
16131
356
4195
10067
10472
14121
2798
12879
9686
2847
16308
15908
3109
9147
8610
10424
14181
8311
2599
14695
4911
141
5148
8217
5406
276
8218
13233
7414
1519
853
13462
12749
784
13747
14073
8121
9985
11553
240
11245
7646
6766
14539
14329
11134
14768
6813
3316
2300
3646
15901
7156
9476
15606
11576
15242
1181
11316
6070
7295
5713
14435
10892
15351
12441
3860
603
3247
14384
5480
8595
16042
11558
14765
1298
2192
12799
6825
1282
4580
10417
5554
4055
3919
10374
5053
9457
2446
1352
8547
6476
15704
12932
5830
11343
4299
461
9895
5612
13516
13793
14712
4457
14540
15967
8590
4608
3761
14846
2114
6353
287
3705
15380
1378
528
10797
15265
11285
15797
11235
14326
6939
1159
7225
1203
3590
10918
23
14027
11691
13089
6293
8357
384
14087
4975
5853
10960
9855
14887
15385
13269
9063
5732
15258
2924
14457
12357
15144
6486
15373
1742
16208
11342
4152
10613
7742
1663
14453
2489
1479
8286
7161
8591
2287
2229
10558
1898
11915
10501
6992
11944
4536
14014
5734
11767
5409
10547
2780
12654
15399
5113
5502
2101
1434
15712
11708
10885
5356
9025
5034
8224
11986
14319
4351
4157
10908
9289
4618
15639
1132
1792
10881
2065
5463
5388
4544
7456
5189
10789
12600
2214
2660
5520
6694
661
7074
14074
9859
3997
12548
12597
6176
11182
7032
2340
7334
14634
8493
7535
11522
14484
1523
16376
5238
1517
14480
3275
10862
5539
10384
12043
9042
11211
4678
5492
13979
10951
15521
2167
3654
9743
12102
9002
11557
7194
9429
2625
8759
4699
4964
12624
15348
8032
1452
14661
7110
7282
5080
12760
6108
6087
10198
7755
2608
10697
7777
7159
8717
12574
15294
7500
5795
1461
7553
1084
4394
15024
7659
14455
6678
378
4703
8314
11579
13461
11042
5507
11918
4510
185
1928
6223
8435
754
1716
15150
15970
5176
3949
12833
15978
9358
11551
5790
12119
13845
2921
1963
2880
3292
12841
4669
2418
11726
6313
12911
3122
7707
15476
5932
6002
7633
10655
10266
4725
6118
4952
13527
7423
12114
11825
13643
11204
3731
8002
4737
1777
6328
3280
5712
15077
5624
6102
7481
15084
1263
4809
9680
12060
9784
7909
10496
6410
12279
1087
599
2823
15537
3491
14137
16143
11294
1349
13097
518
8096
14482
6064
8518
13759
2589
7468
11203
8887
6240
1158
8228
9494
7593
1075
3098
9037
8657
7410
8846
15999
362
5835
8903
15133
1733
2178
654
4146
11575
12705
8076
2139
15272
8829
11800
10245
8340
6686
9450
6130
8948
12928
10304
9492
8681
3577
10808
8479
9857
14070
1838
4012
12568
10158
13587
216
6360
7571
3343
6170
13818
3362
14208
5721
12517
14460
2130
7365
6561
3005
11867
3720
14926
11037
15582
730
8698
3266
5599
3470
16137
5273
2826
6818
12698
5426
2001
2720
4516
11356
7306
14119
1573
11780
5361
2850
15160
14281
15339
6638
15751
12899
12633
12811
3138
12744
1214
2934
13760
4159
10477
5278
1763
7583
13688
3003
15395
3802
4210
6518
2428
11958
2027
9993
12344
9565
6167
12858
2041
12611
372
10479
6063
608
2941
16204
5348
11951
7384
7545
5227
6748
14057
442
3931
10850
2755
7080
14617
9598
6871
5645
614
5026
15059
10838
5807
2391
8025
11599
2635
3018
6557
957
1252
15331
4902
6905
6743
9432
4772
14206
7095
1851
14507
12339
10234
6141
14837
5581
4871
14271
311
6954
11214
4594
5974
1682
12063
15536
7316
11967
14991
638
10444
6296
8190
15790
10696
9225
9067
5698
3873
3696
6187
4862
15803
1685
8386
14317
12521
10057
14436
11904
6610
2840
1398
13478
6823
14945
16067
8795
14666
14756
6146
3804
9656
15611
4858
10354
6880
3687
2238
1340
2170
7743
15973
4350
13165
6096
14546
5485
7431
12555
7480
11329
2703
1016
15370
6336
11566
12668
2912
6927
2040
1172
3675
10989
563
14188
8621
3765
10999
10914
7432
481
13355
12113
4664
15816
12660
8176
6887
13403
777
9323
5744
483
10726
5304
1885
8210
5216
8506
1186
4509
15500
2184
6636
15940
13105
3639
4976
1799
1139
7103
1347
2061
550
11071
13486
15888
11848
13627
12192
2702
1
14982
1019
4704
12619
12679
5998
1829
13164
1696
13190
509
9359
2856
10132
1458
16349
4943
13281
14597
9080
5557
11399
13623
15292
10443
7895
4942
5181
9720
10076
15151
5455
9818
12128
9745
793
2655
7731
3927
53
16217
142
12256
8659
4635
15994
8188
2212
10460
8856
1521
11236
13479
12276
12688
15241
4602
2967
1559
13865
7457
7036
12763
14912
13301
12459
3587
12493
16311
5214
16279
6121
16260
16381
10891
13189
13945
5030
12494
9338
12973
5163
3466
10609
12037
13081
453
11859
8853
10772
12893
10995
6025
5078
10326
819
14098
7849
7554
15352
10653
3923
8144
5293
5477
11465
15838
11149
3077
1117
14725
3407
5092
9463
2828
8977
4671
6601
2497
7018
803
13597
9394
716
94
7409
8841
1739
10355
13569
16140
11058
2513
5632
2248
13973
9947
13607
8186
1865
14518
11801
7924
1527
1759
15465
15564
7886
2581
8400
7655
650
12052
267
16218
4639
11480
8241
1574
9733
7833
486
10201
10706
5955
15638
6671
2522
5260
8080
4786
7184
8111
13030
2417
12155
7302
3045
11672
14397
4054
6776
9179
2464
15784
8942
7943
5063
11657
10318
1605
6445
1484
3501
6703
8617
895
4324
13421
9552
3148
7448
6386
4033
2676
11906
8761
8006
15240
3232
838
12857
11813
8425
2427
11934
16062
1979
5724
1982
1348
1853
2431
10117
15986
12823
4476
6189
1608
15842
2727
1101
13609
10462
16065
9809
3567
3352
14937
645
14984
4576
11052
2185
16089
991
10175
15913
2174
8644
5359
746
4482
14823
12071
9496
3697
16134
7763
4397
5844
11117
13602
10270
681
3661
6505
3911
6324
54
1702
3150
14445
3716
7499
3900
11957
13561
7845
3677
6628
1191
8833
2305
5695
12212
6677
15849
12146
14388
4236
11894
4079
4507
9587
12527
13450
12483
841
4939
12987
13876
5439
12847
15016
7848
9239
8169
13047
13091
3882
2453
7489
13546
13360
987
8734
15142
9909
5433
7936
14965
11307
3503
11057
14671
13721
11895
10812
4018
11246
15610
12095
13490
14859
1476
8575
522
8196
3737
14693
1583
9171
217
2939
373
16231
13373
5432
11136
8512
15912
6307
9417
4682
4149
2954
1142
9705
1901
13977
6581
12575
9729
12725
4319
4231
1524
15922
8380
7100
4695
11368
11298
5232
13454
11555
738
12933
14308
16347
14421
6332
7672
11175
13408
12540
14215
6274
1531
837
355
10739
16058
2745
8533
15350
5753
701
298
8930
9739
4331
983
7342
1462
11715
765
106
8467
6982
14332
2037
14344
5097
7013
7228
12288
5957
14970
13083
16084
7146
3945
9366
13438
18
9537
9955
15009
12641
10378
14596
2430
8529
9836
5654
14063
15983
13235
4894
14487
4450
6723
5832
7676
790
15490
2713
5497
16374
2196
4716
13155
140
5754
9334
10877
10008
10145
4449
69
6734
13135
3330
8810
2729
5762
15750
15148
4754
2959
13122
4567
13005
4556
3188
5515
2053
7609
10860
1068
5981
13543
1169
12652
14746
11955
12126
2165
1906
2490
2810
14549
15686
387
6501
2158
1805
15088
153
13257
469
9022
7547
16233
11066
7656
8796
4219
7773
8611
5828
199
10203
3473
6752
4900
13669
8177
10128
10469
10844
5788
10127
520
13749
12486
9706
244
2255
4835
3933
13656
12016
16329
14533
14581
16332
10830
15674
13131
12173
7400
1431
11355
11142
15844
1468
1701
8950
14576
15172
9119
7561
10598
4229
1467
1937
6976
13296
11259
1111
15424
3831
11973
2495
8251
10347
9744
13441
9672
11436
3192
2433
5995
9622
1496
16304
10215
4247
1183
342
11074
4981
3037
14993
14811
624
7497
8419
10208
2288
10923
230
14430
2082
3565
13584
13227
2109
2493
10416
11590
7012
8975
13951
9522
4959
11594
8835
13340
10950
13305
8558
11252
8146
14903
5574
10573
14197
6616
2153
15382
9397
13824
8336
6895
485
9464
12392
14314
3296
15811
2801
7375
9889
10642
13465
99
4468
399
3816
7749
7218
3088
7968
12134
925
764
16307
7216
4074
10927
13417
3854
11842
798
14667
6936
11527
5770
15929
14781
16136
11717
13678
14473
13684
2753
13697
15246
14144
556
16263
2481
299
4587
7023
4788
11537
6358
3381
1482
5025
9131
14255
9193
7029
7193
4399
1609
3619
4214
9479
1481
3340
10719
10323
7620
14352
5587
11023
14242
3548
10328
8213
9253
15539
5584
2332
3160
6242
5619
8996
1026
4761
12224
1239
537
498
13318
368
7998
11613
3039
14589
9749
4910
2498
4807
3819
14234
8648
16048
16254
10736
16281
7744
8029
8905
12907
6704
10104
15648
15932
8307
6363
3545
5693
4948
4439
13418
7979
1516
11309
16239
6836
290
14120
10133
6298
3935
7061
2977
1105
7056
10343
13168
10431
9509
1567
5735
13475
7238
4570
13104
7413
8388
1554
8986
13099
4425
8234
7163
5743
4062
8178
5276
6237
7717
4513
2079
13522
15259
15518
6384
9829
15044
13400
12707
5684
6865
4661
8034
447
11886
11675
9687
14360
2259
14738
802
2294
15042
132
10963
10207
14447
11387
11168
8189
9611
8206
6788
389
9873
5558
4110
13849
11680
6105
5877
5549
285
9384
4714
572
5566
6555
4251
10361
6713
10880
7496
14631
14866
5588
13468
8027
9437
11761
6084
13288
222
16294
8821
8236
8370
8632
1553
7560
11744
12807
8051
13798
9530
5453
16313
10397
4492
9199
12571
2637
4321
533
5635
16293
14059
2436
5759
8830
7644
607
4465
11029
11785
10313
306
6292
9105
13398
5377
6225
13014
9246
243
5058
15993
1213
14099
2881
13236
14313
3975
14108
2620
5833
16023
5748
9062
567
3394
6182
9607
1168
8023
1932
5341
7821
3073
7152
9367
3318
950
10074
12310
3760
4670
6990
6043
6673
11498
2822
12202
1897
6198
6749
14967
5266
8390
16088
13848
1466
15086
9188
15193
4638
4240
14797
9087
4035
1874
7455
13147
2984
808
11490
14354
14005
8752
5727
5089
11823
861
11284
1253
2903
7822
15573
1221
10575
16030
2629
11191
11408
9591
11506
3682
13920
1408
14648
2687
2045
9141
7772
3396
10702
12937
13329
10896
12977
15362
2873
584
14465
10256
14828
8921
16004
5763
8714
3372
10829
11935
13814
4080
7768
2690
392
11293
4176
2361
2293
13211
7433
12307
4937
7645
13420
7876
3717
855
13094
524
917
2955
15170
7260
13394
3499
11786
157
6259
16299
15942
15274
8319
8179
11544
11138
10447
11067
2946
6201
9374
14748
14175
13148
12636
15992
11712
1090
516
1661
12512
11375
14552
6224
11966
4246
5048
14691
15089
7101
8226
8979
15174
13204
14728
2306
9911
12316
6635
887
2370
15643
12186
13842
15161
1785
12355
225
12875
9846
13199
10886
7105
4860
6620
9372
14151
8069
1128
7855
13938
15733
14248
1057
13017
1747
4920
2454
11315
11869
11896
1211
5315
10929
8960
9287
10900
16087
6013
1520
9265
1471
12772
7816
1676
7802
7687
7812
14438
13788
12059
6397
14035
4833
13427
5845
562
11841
9238
13936
10546
15306
15534
2215
4677
6300
5003
6260
3012
9333
11135
3282
5252
15887
7299
8929
14731
9523
6458
3075
15696
14209
9341
15528
10059
13433
3346
4486
3678
1546
13491
8918
7985
9101
1294
5042
7752
809
2227
4296
10003
13624
3972
6164
4685
5494
5550
5239
5292
3092
984
9852
5545
2081
9638
3977
13195
8851
11353
8350
13198
10678
7421
12074
3779
7937
16247
16064
11297
3359
13112
9999
7584
13213
8170
76
2275
10643
13103
12100
3636
1630
1020
3014
3060
6247
5286
9618
15344
6132
6007
4228
9834
14299
10517
5468
6988
8058
8150
10540
4504
8867
10585
13276
12315
278
310
10835
6511
10427
13095
15702
10801
10122
13962
12142
2604
11370
8113
5936
4222
2349
11401
9488
10618
13029
10192
7315
13825
9335
15807
2115
6648
10125
1819
7761
10091
9899
2658
5944
7072
6660
16111
10847
14647
3375
13554
8168
12378
15680
13791
10286
10683
15720
9511
5947
6235
9858
191
11061
11997
12326
13990
4398
8864
7830
8831
4518
8211
3116
6033
6163
2173
4235
12148
10219
810
1598
12434
5305
15874
6773
5402
379
14252
12678
12351
578
9814
332
5044
14649
8703
468
3711
10592
3041
15112
3210
15087
8287
3433
6791
9127
12774
9621
4254
10903
3784
11116
1325
13955
13612
16319
13238
4974
1094
3659
13120
15189
110
11827
7250
8035
11637
14305
5532
8361
7164
14720
5472
647
10461
2600
2902
16199
8689
1332
14341
8581
15437
5244
11890
12286
8171
14643
115
9961
13952
1141
3065
9201
15199
12080
10231
8326
318
74
13693
7925
2273
14130
14935
7810
1389
9231
11079
8577
12658
1671
7965
13757
4679
2983
5443
1552
7818
10937
938
14345
8973
10599
2344
11033
958
15669
15857
13370
8780
6178
2280
2709
11754
7521
10480
5872
9781
1822
10750
9891
170
11305
11131
327
14795
59
1569
7104
2123
14832
15661
8165
8640
11793
5716
3651
7309
10406
12655
10928
4554
16050
7792
13077
5438
13366
2039
6682
13068
2857
3723
497
6039
6689
15758
4538
14224
4029
621
5319
13424
6737
6832
277
1383
14128
10926
16257
6644
3805
15487
5868
16295
2879
1260
11028
8007
14954
5968
10089
7214
13534
9364
8466
3811
15905
8539
14410
5607
6942
10405
14994
14939
12586
8495
14871
6794
16382
9180
1974
8490
5690
15836
10588
5961
8579
3388
14235
8931
14510
12824
4048
15313
60
8587
10249
10287
1680
14851
11422
14976
13125
12295
8686
11179
15701
8033
14055
2858
1219
12345
15729
14304
12602
5692
8372
1656
2656
14835
8345
1058
8031
4673
16059
8131
4888
1842
9763
3782
14509
4843
14405
4709
8582
858
7246
12144
7534
4252
11152
329
12363
12335
7142
14757
8038
14386
5105
12647
9315
8911
2043
11094
7329
4467
3252
1215
12178
3139
11289
9833
5245
7567
9184
9245
5285
4790
9551
16122
15315
623
9031
9822
4543
10155
1337
11819
2749
9916
4934
11096
11881
8543
2582
321
10481
11479
15402
2180
6978
2399
4918
7491
3930
8488
4815
10100
4334
9407
11860
8784
4512
11049
8609
8382
1036
2752
8207
2888
13932
14275
10371
7118
2239
3006
13780
16342
114
6584
13006
6633
2936
8758
976
11040
521
13520
12673
5731
5746
5082
2550
4026
1447
3361
13978
13048
4463
5274
13425
10998
6539
9330
11627
12362
6230
9430
7089
9234
5858
13841
5210
16317
1240
5611
11687
998
9117
11032
11663
8392
8754
264
10582
4015
11321
14881
11924
15114
16142
986
10184
1247
9150
12863
2035
13219
7326
8836
5370
4540
4311
12475
131
1723
3054
12567
4114
13272
3878
8666
11614
8701
14966
11814
8225
14370
4915
9646
1640
4092
5104
14276
5675
2191
7823
2672
3637
2711
5768
12693
7625
2241
5937
8041
1114
7650
10754
2482
1907
11359
15950
8684
13559
5496
14853
7941
11127
14338
9078
12249
13273
10312
4490
8697
12618
4837
12806
14372
16357
3821
9428
1976
3624
1502
6867
7026
5095
10451
5230
2496
5000
10816
6585
877
9771
4770
11891
4175
2849
8030
7201
8477
16063
12497
8871
9741
8093
9849
8191
13638
10445
4611
9820
12341
10768
3920
198
11959
5659
7117
1532
8980
9146
14848
11710
14101
15767
14023
5410
1166
12842
13812
631
4201
8393
4593
617
15128
297
10274
13547
10093
49
12961
3059
16336
13840
5569
14525
10178
3524
8766
11731
12480
12985
15050
7641
10707
4963
3333
2182
7817
14521
8305
1465
9000
5217
9176
6848
10663
14065
8606
3602
6080
4353
1877
304
13869
8855
10915
7919
11216
5428
16074
10399
15113
16126
15149
2171
16271
10097
5403
12856
10793
13037
14979
13306
3839
10232
13919
15543
5272
1879
9841
12706
12690
7503
4719
9165
3905
15033
2861
5206
3521
4958
3762
10866
15601
1922
15025
2106
14512
9554
3809
3199
6861
13428
15766
13802
8119
13051
11080
4013
2712
13940
12885
7926
7226
6874
9550
422
7906
6261
15960
15726
12927
6297
9149
13341
15526
2050
6016
7962
10102
11133
2411
9274
8209
10771
5316
6129
7011
11053
8201
739
15304
3216
12514
5945
7015
7179
13076
212
11753
1115
14638
5838
14946
1208
11338
7298
14699
6646
12635
6272
6436
7952
14481
7704
12545
14274
12561
15105
2387
5295
5949
9312
4309
9876
1022
3411
10874
11352
947
5916
11250
9762
10931
10037
15335
1050
11873
7627
14066
4188
5297
5939
10898
1455
5166
3360
14532
7771
5075
7621
12454
1978
14373
403
6376
3514
609
11603
11044
9812
2149
12794
10109
2644
5301
4086
15995
13809
948
13577
6081
6810
6356
12309
13140
7286
13901
16078
15812
9328
14190
8999
16146
13646
8045
15267
4525
15762
146
12882
12066
9868
4724
7795
4297
3955
5264
3973
4775
15176
1623
7488
4558
6985
7780
14868
27
13080
9740
16016
9116
12796
15594
10595
1705
7881
16077
12576
61
16265
7124
8229
11716
14253
10007
10776
14715
6216
9643
12912
10649
14355
15460
457
11169
1837
11762
8098
12210
16161
1044
14941
9732
9701
1530
12193
11077
8015
177
3801
11581
3218
2316
11666
9972
912
15671
6250
1430
2025
3752
16105
4360
8677
8321
12613
10617
14158
15650
15194
4317
6389
15584
9709
3225
10180
14915
4899
12389
2532
4625
14997
6844
4818
14718
11195
1144
8548
11221
12819
5223
8245
10559
1555
7533
3469
5597
12963
15007
7351
144
10869
9431
10948
4586
3610
12460
8838
692
1425
14590
8214
6575
6665
13086
6750
8642
2778
14089
1765
15311
10523
10569
16192
10157
9712
9614
5800
9636
11937
2209
15048
6367
5055
426
5999
2236
8976
11373
13315
10004
16154
15624
5142
11333
6387
14620
7568
4806
3690
6346
3887
10681
7024
1225
2910
10652
3965
8963
15396
11047
12962
15959
15591
13054
5332
9388
6488
11493
5032
13203
14668
2671
12715
1243
4861
4287
13188
10366
1116
14689
3617
13884
7027
7804
11459
3454
5965
11781
6751
933
6301
13542
8917
12990
430
11698
6097
5685
3307
6941
10507
2175
937
12425
10556
16081
3447
8428
821
2271
2505
4675
14251
13787
7211
5643
13079
4547
13162
12188
8198
13138
2183
1428
9003
16259
2740
3803
6020
8346
14462
2437
12815
12453
16191
2829
6804
13753
6144
14034
14503
7153
171
16180
15125
4590
14641
2794
11177
1568
10359
6005
14602
10902
7963
10610
13705
2651
3055
1538
5847
9128
7776
7614
9256
1572
9056
768
6254
14464
9547
15378
13773
11326
12412
13835
6333
14058
14796
14019
8470
14092
3897
9815
2763
7556
15307
11983
13937
1708
15432
3500
3592
15408
10815
1009
4751
705
9051
7000
6015
12006
14985
8344
6038
11846
13974
13545
11171
386
10319
3171
11851
10625
3312
3953
8849
2074
7671
10834
10809
2033
13775
16253
15192
4581
9544
12972
2894
11109
176
11919
14301
3249
11186
13946
1409
16103
5799
10482
326
2455
1827
11643
14612
11511
14038
14424
10026
6191
12584
15466
4174
6984
717
10168
16345
3195
15944
8212
15749
8704
15184
4747
11367
337
15209
7853
7691
959
13618
5457
6500
1078
9737
5154
10246
15052
13474
4605
12542
7130
4982
15577
11783
4070
11301
3915
13237
731
7229
3744
6879
9760
328
1152
5057
7044
13655
3894
6415
4853
14029
14468
2937
14162
9684
15455
15956
10535
11264
15563
12862
3404
3000
1198
14529
1184
14659
1223
14801
7654
3729
11059
6329
4455
5783
9548
8711
2911
15586
16003
3528
344
10504
10140
421
6177
14368
12112
9997
782
8935
9906
1860
1512
5804
14446
5560
9693
10669
12610
10434
14754
15310
7003
15290
11014
5885
10491
7850
7944
16160
16061
3255
3836
30
1063
13858
10317
1207
6600
2774
10456
1125
8440
10131
11377
14752
15329
2260
6921
2127
8863
6546
1566
1083
4182
8087
7643
10171
3621
8436
14678
15045
10557
5460
2796
1473
5391
8498
14261
3580
4117
14505
3228
5689
3558
3526
4264
1034
8920
5456
10398
11432
7094
15237
6315
13339
7175
14416
4832
15107
9455
4006
3865
15416
15215
13214
14434
8221
1935
14957
465
3976
10868
15102
16361
470
2269
15804
4339
7997
3515
9886
12262
10012
10967
909
4869
7869
15303
13026
13777
5854
10463
6035
9477
4560
1495
3149
4280
3295
1528
9531
900
1281
3871
9592
2982
9631
8834
9449
14490
2250
16309
3738
15445
8004
1257
14916
1100
14594
8974
4944
9451
6462
14469
9370
8309
8461
15008
1329
10395
15488
12551
1776
11435
12999
1229
7097
3840
9162
5335
14433
11567
16373
6754
872
12055
3498
11933
2143
3913
1809
3713
15853
12919
9096
15860
11262
8297
14808
1355
15808
6291
13649
15974
815
3667
13961
8662
16007
12301
6320
3137
8507
5869
15540
14056
4844
3212
16104
8230
14949
11812
12951
7426
7147
12153
10071
16025
15730
9187
14449
15907
4290
13149
11887
11992
2917
4000
11969
1645
9750
1136
6589
4522
2938
15320
15135
4795
5823
3390
535
9853
15852
13572
8736
6364
8505
10010
172
14322
6567
8067
15602
863
13839
15461
8101
7231
9089
9344
305
7437
14741
15545
8073
15253
744
12243
12274
5190
5395
1867
487
13254
7460
15187
13171
9639
9336
5871
9118
8141
1784
7069
1102
13750
7380
934
8861
7540
14953
5031
2949
8916
2371
6573
13455
14537
10925
7345
11092
4478
14608
184
2837
14822
15653
12868
857
26
4736
1121
5255
10990
14118
2017
8840
9392
1324
1380
226
6375
7387
14012
505
13566
13942
1638
4307
4412
15935
4938
14862
5677
9904
13941
14129
10039
3566
7681
14383
14898
15053
10151
7242
13124
10303
15507
6248
14348
4764
6717
7972
10508
480
203
7010
13567
2843
5118
795
3733
3455
14833
12892
9083
16000
10016
11323
8438
8468
7239
15752
3417
11360
4867
779
2086
7502
14854
15898
1113
16138
10471
8954
5459
10606
6760
2014
12379
3512
8578
3921
13268
2244
2918
8289
555
16246
5923
12448
7913
7116
4150
14382
16079
3739
2297
13525
4643
6741
5827
6127
5687
7350
12702
11782
11084
10962
6460
11756
13822
5594
7310
3612
10849
11082
1285
7313
11870
3954
11659
6213
3684
16251
5933
12461
14440
11076
433
5820
3156
16028
8926
620
282
14111
9070
12120
14474
2533
13283
14201
15403
11589
9482
15478
1460
2682
6948
3052
6896
2056
9324
14143
3829
1210
15975
9925
8634
942
2200
224
13960
5169
13275
13247
2852
4582
13924
714
11173
9356
11188
9376
5715
6041
1251
13101
10888
7412
1771
16312
6653
3063
15633
4448
11286
2042
5798
236
13063
5814
14900
11775
10572
1529
7167
8723
13875
15039
11385
9775
6898
5430
12358
9108
8162
10814
7323
5655
15032
6912
11451
12280
5648
8585
15224
4557
3486
1477
10969
3432
1674
5977
9801
13717
8240
8349
5780
10239
13151
3764
11541
9912
14761
12198
9440
16323
13541
16102
12385
14673
16348
4101
7396
1134
2449
8281
16015
16277
6022
11852
3874
10895
15588
7505
3559
9124
619
12384
6432
10893
8047
8693
11954
4838
7408
2680
2416
5159
7039
424
10418
11674
12518
2706
6295
8896
13563
8278
7948
2066
6695
475
5144
5237
1592
1206
13997
3774
585
11618
11086
4825
7634
6729
1255
552
3136
4374
8134
3485
15426
14096
10258
13044
5298
10454
979
377
14665
12319
12098
12147
7966
3021
5793
4889
5098
2922
14318
13676
1002
11667
16010
5736
15548
11456
2351
11344
2078
14959
14152
10437
12360
2189
8112
10836
13859
15834
11629
1463
9887
9104
10555
4145
6055
15401
9668
6878
14273
5935
8904
12172
8541
10611
15713
10746
1989
10516
1272
1074
1570
3380
10459
15485
1059
6271
6390
12759
7422
14858
849
2549
9559
10413
10740
16327
8433
10676
301
15332
11665
8879
9014
5656
10073
51
9506
12766
5829
12612
15864
14485
12103
9443
8194
5875
7854
7344
3506
6220
10939
2064
4226
2809
9224
35
7703
11339
82
14441
15846
1610
9627
9574
12381
977
15210
10064
2181
2376
9770
7680
259
10773
7899
7374
14787
1137
5123
7595
2874
2377
12235
3144
8276
9281
5553
12034
6700
207
7070
10630
84
8300
9813
4757
5891
2869
13119
11774
8779
382
1818
383
14223
7085
6777
734
8735
10299
11639
13234
10522
13055
136
15826
13698
5084
1562
15168
3890
11682
6021
1392
7417
4044
14041
16014
3297
11233
11856
9095
511
4827
5392
3609
2593
1694
2966
13754
12010
14530
10502
2773
6685
9251
4356
1730
9436
12069
376
1876
3180
7213
15903
2648
5585
10910
8017
4812
10526
12954
6820
5385
4255
14145
12572
7800
4135
6203
8475
10421
3441
7102
9800
5893
2929
2893
10542
9319
7049
1178
882
7719
3029
5174
13177
280
6113
4147
6508
16360
12084
4631
3068
12701
4462
2485
12282
14736
1423
10400
12634
15662
6394
5299
11655
9896
11788
8185
680
4599
11509
66
8008
5320
3026
6946
1731
15155
8527
15805
7892
9630
1387
6580
3120
670
14178
4446
15280
14943
6989
2961
6214
15583
8124
12234
3081
14268
1328
11130
11964
6411
923
3070
1810
15103
6348
10179
6770
13679
2616
11024
4268
8778
633
9966
12859
2422
1037
11158
4734
11291
4302
12762
3040
7637
1873
14938
4767
11478
5952
728
14783
4045
15924
1498
11772
9060
16083
9444
7797
12325
4134
3936
2159
2019
9669
10684
2734
4640
9967
1509
3106
11400
2751
13372
4084
9991
7364
5638
6407
6657
3527
5070
4986
13514
489
11222
14827
15493
15073
4633
4924
9914
3285
6756
5931
1960
5934
3551
748
12516
15450
5851
9778
2034
2253
10410
8661
5368
16100
15127
4464
15593
3601
8114
6553
10837
8095
10725
5644
15827
5666
2067
3274
11648
12608
8445
1069
13169
13508
102
9182
14531
4363
13117
640
14180
3940
5268
8647
5682
8040
13038
7900
375
12298
7611
12671
14653
10631
11763
5161
3294
15101
6738
3089
272
955
1660
9654
12920
13422
13886
3324
15620
4338
10276
11818
8615
13836
7884
15759
16267
3147
11398
8288
10000
3155
4057
11458
7317
6418
9244
11892
15023
6842
14627
3620
11677
5141
3791
13184
10047
1678
1267
5514
5401
5652
12509
10034
9167
13482
3310
6183
431
8381
2787
7290
12713
1783
16090
9483
8769
11454
13159
8279
11062
14663
15446
968
4007
8184
14134
7580
9715
540
4798
4574
8149
11577
14039
3759
14770
2973
11865
5842
6986
1938
2136
11721
2304
3849
15640
5982
16124
7025
14127
10056
2545
9055
2132
15041
10623
8747
16053
2771
3135
8912
10153
14511
206
1160
3425
10082
12565
16115
5789
6365
3736
10329
1313
3496
5634
936
12438
3267
4144
644
12240
6940
11365
1743
14500
12578
6816
10682
8602
2669
8767
3437
15094
4814
536
16147
14719
8949
3211
10741
8481
13274
13772
13061
14312
4413
6872
3452
12219
6647
247
4672
8800
6179
13986
2845
14696
2276
15212
4038
81
16173
530
15948
15361
12185
10217
11491
9298
1109
5479
3103
3162
8389
3335
5416
1379
1259
1314
4990
8628
2258
1076
4283
8961
7297
5518
12570
7511
12088
16188
12989
4388
14077
295
3446
4545
5821
9825
9513
7902
15798
12260
3535
3235
10267
15952
8869
12377
9264
15435
15390
12405
9327
6807
11148
15786
4601
13382
7596
7439
8559
427
2562
2685
4250
1453
16152
4577
3614
417
10554
7910
7155
10126
1544
7591
10761
10165
462
4105
2151
4109
12217
11741
8774
5776
4488
1659
1695
10786
11261
2335
4200
6446
3443
960
3341
12628
8019
15359
4419
7369
13733
340
3790
10873
12881
2654
1648
3786
7128
9272
6540
1936
11612
16264
9555
15664
11980
14442
16155
4415
9599
3197
3373
15013
12141
5941
6582
8200
15175
4209
4793
16097
3959
5137
5049
12093
9016
12546
1625
4994
10602
16163
11256
823
1177
3370
6174
14672
15449
4978
8777
6004
3377
1602
6385
1424
13976
1925
11696
15457
6412
1775
2890
8619
13580
5651
2223
9152
7786
11748
13090
6928
12896
13255
6924
10758
8192
6962
1393
3007
15771
5552
15190
2524
918
10828
622
7826
8083
14904
16245
12940
6548
2373
1437
10495
2491
7555
2957
6077
6413
7839
6026
15418
12965
5915
13031
11198
4090
7911
13944
12615
15682
1064
13756
11565
14309
13186
5062
7769
11306
1303
4456
8568
11727
3248
7236
270
7918
3424
11552
11624
12558
4961
2693
6422
4989
7399
7840
9933
5004
14995
10922
4093
15951
3725
9962
7063
12368
10002
903
5019
14347
13208
5120
423
12338
9515
71
1836
3033
15904
9708
13402
9538
1966
848
4406
11912
12983
91
12761
4089
8594
11313
13218
7694
6513
16370
11070
3085
14068
7248
12303
8403
2434
15837
10855
7035
1721
3368
14865
16039
4532
4221
12269
8429
13232
2091
6662
4559
7578
2642
1891
15567
11020
13804
7244
5122
12313
9610
10680
8055
258
14325
3974
16289
7829
5699
14607
14363
364
13246
3971
5775
1418
1442
15544
6767
15063
4372
554
14730
15049
9594
15820
12094
8062
7837
1217
7162
4707
5408
6721
122
10367
7557
8046
11162
8059
303
1758
12606
4883
4637
5126
3756
2969
3776
6083
8753
4879
7677
9490
7383
7200
656
6634
13594
10853
6757
7586
11114
11091
2564
1734
7999
5111
4881
14082
2748
3258
8884
6998
15876
7407
13201
13592
2775
8513
15057
11470
8407
10077
15579
14710
11943
9516
8413
10966
1692
6233
5090
4615
160
13742
11421
15920
7778
4279
9986
6135
3850
6780
15947
8359
5592
10798
14362
13893
10976
8318
6091
5200
10661
14331
5979
3273
1750
14789
2726
5483
13243
3115
928
2571
11184
9293
16005
9563
3431
15613
15158
11442
12726
4813
881
5202
4414
6835
3067
9345
16068
13192
13650
6758
4443
12620
1710
7444
561
5559
14729
15501
8674
4301
14126
13084
10710
2628
13220
10536
9386
5024
5572
5990
8637
8826
11383
2134
8744
12653
15676
5107
675
5686
6801
12252
5883
11111
14707
4811
8663
1689
14009
458
12630
9072
15840
16362
2193
5897
11345
6833
1230
7901
5288
13830
13821
10494
5240
2597
11438
3593
7978
478
11729
9754
5257
9973
10612
14788
10935
5653
6907
2999
396
10426
3743
13405
5482
6993
7986
2046
587
6715
9540
13590
12642
878
357
5649
3298
6640
15318
4077
14122
12877
9569
2819
2786
12750
8858
4621
12271
11364
9414
9590
3969
7251
8583
5281
8301
4179
7202
12637
5283
7619
15556
16250
11489
4501
2256
1103
1843
9919
10985
13280
11098
2800
9200
12215
3224
13851
4634
11225
5774
182
6621
2194
2769
1917
15690
7234
14794
13480
15700
7565
6484
5729
4987
9292
15458
8576
6683
596
15561
11560
10689
9742
4552
12677
770
6487
6583
11414
11337
255
4822
13611
11713
266
11213
3533
10223
1616
12374
7838
2032
11931
10392
12891
6579
13093
12855
16189
7207
2613
5135
13695
13954
2741
10352
2004
5437
15394
11299
7566
3239
12729
6072
8952
2365
10452
1919
10137
3692
12785
1359
3613
4335
1884
15398
5221
5431
2228
4531
11875
3758
4996
4475
9943
175
13560
5112
10290
4949
5242
6535
10341
15138
616
6310
7443
13634
1535
2224
5928
13488
12327
13768
9982
3351
2619
9970
6014
5849
13442
3442
8651
10025
1823
15969
14006
15547
14290
3989
14193
13657
16320
3842
12447
14450
13827
1124
12398
10614
15928
11707
9170
702
2302
15817
9195
5582
14813
13223
4142
12886
14679
13629
1900
347
1816
14724
10704
7058
8274
6792
9514
16285
7967
2995
10647
13735
8157
2877
14115
13844
1088
6161
4821
12659
13714
14311
7393
15342
3268
9787
12770
5241
128
4648
235
13855
884
4696
10375
4073
15489
14611
12259
4041
9300
6968
7004
8768
7517
7916
1850
5604
2226
12581
5308
15433
9424
4957
3438
7708
11372
6815
1828
11974
6340
7934
8406
3118
14284
8991
12470
5737
12487
11770
10762
1717
15530
14483
4366
10665
8005
13868
2897
1474
5943
11146
3220
5669
3124
3460
15308
4805
14479
283
13774
8802
6790
10537
3487
2698
6075
9811
1698
15782
1508
5913
4022
10819
9959
5040
11450
1577
5184
12541
15632
9995
8993
1201
11078
5898
15479
5946
5389
3727
9222
978
10029
13384
1683
204
11153
8983
12982
9716
13709
3841
8567
14488
1205
5344
3289
6062
8823
6911
13365
15093
1817
6482
5637
9218
10160
11426
16301
1861
11692
4151
15996
2070
8003
7385
9050
8733
5250
9178
13776
2286
13654
4993
3474
44
13298
12388
4925
1485
5646
10301
7192
9827
5577
15667
7748
4950
8081
2760
456
15502
15787
16057
14582
3939
8517
9805
3451
1722
15663
12020
9810
13262
830
10483
15914
13882
5115
14722
4423
8713
8385
1079
3484
1846
8459
14002
16229
8249
4066
15343
5683
1881
2732
1923
14742
2830
5150
8348
43
8061
4294
922
5608
7528
412
8894
5343
9751
9946
6733
12413
14207
8994
8770
1956
7265
1947
5033
10306
16082
13837
14493
13002
12939
2574
1641
3458
14559
1880
11475
14166
46
2334
11280
6065
16132
5400
1297
8496
14000
11335
10791
2870
3076
3097
10044
2552
2767
1639
11453
15297
1802
1732
14419
2257
3385
6199
10796
9126
11978
10435
12533
12644
5805
11428
15411
11806
10964
6031
5371
11764
6029
3047
9520
12365
10788
9181
11497
2460
13950
10875
4940
14798
12908
3591
6843
8580
1246
1106
2176
5087
9903
9842
15961
5803
2512
7113
14339
14555
3589
15503
3313
591
13473
993
6469
14873
866
9009
6664
3575
4381
9619
10123
13734
14658
11248
11467
15695
5987
4715
4124
10733
9879
4266
864
12343
13088
14346
6093
238
15743
11556
9385
336
7123
7558
9774
15347
3133
8075
12213
8142
5610
12579
1012
2761
8306
4444
11200
952
14934
10518
14333
4377
8485
13497
12109
1677
6414
1804
8627
8876
11035
9486
4275
811
8130
15124
4646
6266
12342
14476
6866
14702
1270
13910
9935
471
2806
16380
3600
8951
7215
16037
9700
4474
6890
2792
7889
5826
3530
4692
13982
15900
14439
13501
7701
4491
1651
10905
16290
4794
12797
9030
8
13685
6447
965
12022
1089
4100
14609
14264
16235
4641
15524
7813
9545
1170
9642
15605
5323
898
2410
2507
2197
5991
12443
12751
2725
8605
8417
2457
13139
1707
1761
8291
15598
13282
11452
1363
9885
11982
12158
15100
3914
4758
16123
4954
8913
10288
14432
10894
2618
7406
2429
6378
4606
4877
13817
12861
11804
6151
8546
601
13847
6781
2896
4285
2414
5071
4955
11199
10420
13163
7454
14426
12814
227
15794
13087
2439
2281
9804
3342
5702
183
14112
14297
16200
7283
9468
11085
10150
8049
8156
6919
9983
10901
2268
7111
2695
13407
10749
1779
6457
8909
2779
13550
2514
4629
13179
11704
610
799
7135
5626
1894
10991
9086
15783
2187
5537
3815
7486
13472
944
16237
6442
3015
4717
5785
773
15847
2970
12605
2386
12960
4099
15323
2394
58
5571
10792
9984
15689
5791
3845
3365
745
12682
1807
5948
5218
10337
10453
14867
7465
12236
2835
8755
3570
12140
11971
2137
7002
4257
2735
4866
8556
9059
12370
14334
14654
1849
10548
5309
13325
4244
9606
613
1065
12745
4402
9949
16328
4094
2919
6125
6058
9422
11573
2199
1204
5467
9495
7088
10717
10687
5876
14282
5779
9717
3504
6478
5534
12831
4756
4735
7519
14703
12664
9019
13856
15735
15006
3497
14929
12241
10760
13439
7356
5386
1921
15516
13380
949
12004
8108
9295
4649
10218
5516
12798
7953
8052
15429
13308
10779
10947
12421
13160
13770
3718
11241
5436
1813
10513
11005
10708
7062
13740
7700
9484
14036
972
11002
10394
13943
4189
13636
13434
8473
13409
6124
8641
7019
10248
55
2006
12275
15710
1588
14592
8313
13106
3671
4183
12970
6730
10428
1798
7451
8308
104
4780
9467
4865
13206
504
5196
1021
16017
9057
12466
6996
8503
11877
893
1909
10021
13813
13681
8696
4227
9888
10832
16187
1908
12956
5224
8865
8107
11495
2245
6875
12145
5220
3049
14739
4384
6852
7352
5478
7472
2661
9493
9157
10959
11231
3202
4237
4785
4378
2926
786
9316
8443
11832
4060
10549
13644
14198
4355
149
5114
1503
14767
3978
7993
7188
14883
4916
10790
10938
8127
13136
15699
2898
1148
2537
10716
10404
15644
3956
15179
5499
2015
10344
9764
12420
6208
4408
14831
9053
13115
3510
1290
7106
11376
4167
13523
4322
9418
14011
9839
14211
3962
8608
14571
1333
12669
7397
7276
9459
6747
6437
13324
79
13565
10909
5751
11960
7001
5474
778
10061
9901
5839
5435
709
7382
4991
10800
7819
14149
12253
4511
13492
14556
3948
8618
13956
15387
11533
7021
8424
11993
8649
8358
9902
3422
13605
8981
700
15417
12137
9099
1394
2326
9220
10005
13682
16338
261
8555
8499
14600
9766
12809
794
3376
15375
3581
4315
5794
11922
211
361
7328
9679
11905
9577
11500
5334
6018
13843
10058
14621
769
9332
9203
10920
10188
8122
3568
3107
6193
850
13576
6624
7933
13613
15234
13631
9198
12723
2994
11496
14400
13368
6245
4196
5212
3888
15441
12623
15927
5718
6255
12171
14950
9543
9010
13293
8638
3246
10294
6966
11208
13167
7689
3963
11994
14037
16076
5422
354
1339
5429
4348
6708
1489
7932
3356
13225
13583
3104
5481
10863
10340
16024
4120
13811
13593
8745
10302
4905
11946
4781
7449
6319
2990
7510
15997
13551
1174
3826
13958
15943
14891
4855
11738
9498
9695
1709
13765
13539
1429
11170
11290
6534
1097
6617
12347
10695
6044
7722
538
3083
5767
6808
4347
10945
2284
6145
5035
11310
1093
6504
8354
8136
11006
12866
11468
3034
10619
14374
10560
10066
12895
8888
12966
8117
14593
7879
1541
5023
6342
16128
13599
4941
7738
11739
2163
11419
7445
7737
5806
10072
11795
11300
8670
3151
10924
15607
13197
8932
14257
9664
4896
4612
7357
10349
2408
908
1774
1299
11845
4288
11736
1769
145
8557
9567
4652
7725
15120
8360
1980
817
13287
11903
4471
5488
1104
135
2320
4336
2230
4131
2724
7613
5158
4836
2717
2142
1000
15854
8560
12752
5008
5056
12780
2952
5540
7355
6339
3046
8333
15861
6853
9296
1693
14802
491
9396
3709
13049
11488
15096
9940
7745
10181
10277
3772
8072
1443
760
11952
5988
9153
9777
11440
12827
13485
6702
15830
165
688
12491
8384
14078
5555
12079
14186
4308
626
11018
169
1098
12758
443
9508
3121
6577
1268
11075
11363
4489
13524
3170
13691
9566
13696
11620
13540
1015
9039
5201
1017
963
3966
2451
10336
6481
11706
5038
6420
13176
8474
3303
4768
4362
1981
8631
5564
8622
16070
15231
5786
15936
7083
7600
15287
15504
5740
5758
8878
7138
3511
5183
5251
13874
7386
13036
3445
513
1454
8456
1188
9314
8437
4056
7847
6517
3606
943
9478
6909
12077
14688
3253
4437
13985
6115
15285
3926
13072
14185
1803
10363
3221
15058
13878
1439
5546
15976
16181
5573
13289
12036
9202
8215
11802
5002
16303
8016
7640
3153
6917
2831
11325
12840
400
1440
5282
14618
1760
16346
12367
5688
4529
10782
6368
15529
3886
7587
12281
10765
11538
8356
11945
6983
6746
6024
6753
7042
13363
12988
14942
10827
1043
1613
8148
3643
8623
980
6639
12305
7304
12264
8125
6322
9041
6156
9309
1157
5160
10711
3418
9310
13689
1905
14492
7783
9398
15523
7388
13261
12976
5445
7114
791
6399
568
239
1147
3475
10191
2556
16195
8515
10346
6608
12598
892
11879
7461
6061
3573
9249
2415
6918
9433
3397
7834
11817
10954
8484
7210
9074
4493
8907
9400
13575
10983
3943
10490
6693
4169
5127
8535
3444
6357
8603
4658
11546
3345
10048
3262
11318
7548
10735
8966
2627
8255
7151
796
9635
14046
8989
14189
15336
14221
4875
15510
15968
10393
6520
9027
11012
5333
10244
9908
6473
5414
12244
10166
3177
3822
2872
12008
15486
2701
10205
2138
6987
1896
6497
8166
13889
14642
6641
13178
874
2547
3080
1700
8483
6759
12124
15592
13459
11880
234
1422
1684
10921
14773
12916
7714
12429
11484
15250
940
11979
8133
16234
15719
16190
300
9932
2718
10659
4890
8432
11839
14888
11889
7975
2477
5173
5960
15337
16211
4168
14231
13196
5710
9362
4515
15823
11686
14289
15559
1041
11695
9020
9793
5342
6085
12380
12265
15862
3182
10163
4276
6001
7657
16215
7495
10545
365
5667
12013
3489
10825
14601
2659
5318
12030
2267
13579
526
2945
3904
534
634
14969
4424
12949
7843
11900
3734
3265
9015
15197
6503
15054
4826
12201
5208
112
9689
8322
3856
15652
11093
9160
7574
6114
3676
12266
4001
10671
3564
9480
12964
317
6920
436
10227
6613
3536
15856
15881
12854
10574
10019
16118
15496
12121
6556
15384
16350
8383
6806
8569
8901
11548
15145
16270
13052
2088
7168
7747
14680
9866
1961
7815
12463
16198
15302
12416
5642
7040
8367
1404
6019
6053
316
2478
5231
2397
2103
3230
4233
5591
15724
6449
10473
9120
11115
2405
9652
14249
12746
6490
13429
8775
10775
9581
7908
6475
7974
4480
11257
1051
16013
7698
14378
3476
8915
7541
7337
3392
12498
12643
8682
9311
9662
16153
8037
15923
4495
14238
7336
8020
7273
2118
6860
8508
10018
5966
6897
31
15822
4693
15117
4842
9135
12046
10917
9586
13463
4039
12722
7996
1834
2818
15549
2925
10748
1762
8183
6778
11949
5490
14472
2198
13253
7730
1119
13322
11519
5714
13364
8922
14902
4068
2838
11258
3223
9033
2220
6667
4083
8331
5345
14805
3181
1446
13284
3817
11956
2261
14944
1286
15894
6779
13647
14681
5967
15865
7038
6166
6774
2135
13152
16272
7865
4436
15018
3090
13739
686
3868
15020
10284
4653
1500
5894
11276
2793
14834
1847
1472
1993
13338
12765
13240
718
15181
13894
12431
974
8253
16033
14755
7905
11464
11272
1839
6388
8129
5129
15030
3051
3980
2129
1593
13187
3748
5621
6655
2548
637
5130
1727
10
13505
13416
9890
14489
1014
10670
15734
6451
11950
10712
7150
4773
12650
3378
9250
10745
251
14544
15659
16176
7598
5741
11389
9145
6637
8364
10510
1145
10743
9556
14928
12400
10674
15744
12921
7723
7257
8449
388
15270
16252
14408
14003
3983
7321
8616
7616
5761
5890
14069
499
2231
1951
15104
3101
14940
150
7592
6354
10055
15244
11623
5513
3724
7928
11632
7626
4487
1764
12247
12950
10062
14924
12057
11572
13862
7859
3243
9307
9121
10531
7198
1081
15570
1146
15321
11595
13239
4945
11617
10972
12254
10403
10450
7125
9862
14745
10879
14417
11089
8332
9129
13970
2329
15753
9976
15283
4746
11586
3611
95
11271
14792
12226
1673
7341
11190
14454
15322
12041
9470
13286
4220
14227
1855
13972
11209
2931
5187
13968
7648
10429
9721
5153
12834
1056
15263
8478
3011
12742
1740
14882
15153
1719
12803
13619
6427
2542
466
3746
15550
8460
341
15001
4919
14187
3048
10949
4011
5927
13277
4799
7474
11526
11105
14951
13494
4537
15377
3925
7136
2875
7653
7469
1840
9752
2664
4533
3848
14595
4261
11270
8692
12771
148
13248
14545
9865
14117
7440
10561
5879
12329
4046
10220
9297
454
5027
11425
10977
12000
14896
15309
6594
875
3798
12592
7606
3807
11469
1357
13040
1377
1025
12925
13326
7733
10887
9832
9974
3660
12708
5219
1841
8708
2021
2647
6724
4357
7256
9954
8731
2527
4564
12015
8678
4426
12557
9782
966
7923
14283
8514
11371
3309
12897
13069
10167
914
6158
10357
14365
2140
87
11693
15517
16168
14524
508
14214
9097
7921
8545
4498
1737
3205
7550
5493
10031
10629
4028
2520
3157
3208
7398
2733
14750
13712
3434
14060
11925
6372
8683
8540
11099
7798
6057
14444
4616
1582
2452
9043
7573
65
14499
671
14567
9725
9460
4901
3264
15463
2315
13107
11065
1644
9351
11045
8422
1436
2836
6812
1099
11101
4817
4823
13595
16291
2638
3079
2694
6542
1411
5739
7338
9342
15520
4118
6428
12844
6042
14996
14583
12075
3465
632
12194
5380
15216
6762
7332
2474
829
2272
9570
13215
15963
1912
15047
4265
3217
11007
12948
10524
15092
10141
5099
6631
15203
10115
1845
13118
3859
12590
11504
3522
1589
12638
5131
14502
4047
6611
4771
14639
4312
6417
3456
2113
11723
6162
9340
1575
7673
2012
15949
4337
10316
14560
2714
11410
1035
2508
7784
3261
3998
9402
13085
1868
6278
16069
1312
6396
15019
4644
9863
11909
8987
6763
5630
2407
6550
3471
10251
7281
8705
6027
3408
12220
4061
7576
15760
6526
2817
107
5347
12018
12577
8939
8786
3305
11987
4125
14156
2684
4908
8262
1353
2283
7785
10731
11722
12741
9365
512
9558
8519
4441
12110
7601
16020
10238
2602
7603
3472
2575
13327
14133
11751
1232
5069
1821
1011
579
11908
4589
7868
9893
7628
6839
2157
269
9277
11322
14420
2211
11223
7258
9519
3467
11583
3168
10781
5013
6491
2570
9588
3550
2051
8720
14456
5640
8091
6964
4122
1690
7219
10738
2588
14279
12239
13738
9616
14704
6068
2598
660
1449
9166
1317
118
4325
9987
9761
12913
14605
6311
12714
13907
1402
15707
14774
2605
11646
1571
6595
5110
1564
13376
63
6850
11507
11743
2392
6975
5464
11866
15742
10028
10603
5551
3663
6619
7171
4597
12694
953
6210
137
5723
687
14565
5801
13675
9489
12975
16001
12091
1054
5925
13469
10668
209
2356
2652
7856
11244
1852
13991
11357
8722
16378
2274
7268
10083
3300
4517
381
479
14538
7622
6010
724
1275
2784
14102
9785
14463
15413
279
213
8741
11390
11975
9759
3494
8235
15580
5254
325
8298
13098
15257
16085
13058
12978
6578
14906
6400
8776
8872
7995
12526
6294
10509
11055
14669
14423
2162
9363
11281
4298
12495
13531
3655
6847
14998
12097
151
7134
5143
7190
4627
4389
12099
2323
9
10360
11277
4979
360
2401
8202
15431
11090
11569
14477
3603
1135
15692
14936
6321
3929
2510
3436
12163
14293
15156
5778
1869
7186
7305
13850
15990
11792
14890
15910
5469
14899
2234
10497
6997
7524
693
1396
12167
10075
13846
13792
125
3420
5524
6545
11711
11317
4721
3127
12917
14404
10240
3213
7893
3017
14086
9882
2235
822
1866
16091
13994
5963
6256
36
8792
6251
14195
2965
2440
4103
897
12686
10458
2063
8368
370
9305
4503
4445
7487
1391
15218
7205
6793
8182
5124
10543
16379
6181
7915
9620
8964
7174
10036
11916
14780
15802
2367
13414
13790
9756
9826
9299
2646
1687
9870
5598
13349
4819
7682
15475
4524
6854
8497
16240
541
10822
8106
5094
15279
8597
8765
12535
14025
6541
8941
8222
12898
4927
6134
12544
9349
7668
14306
2463
3413
1706
14396
9596
9381
9377
8446
5992
15870
6666
9536
1487
10742
8275
143
834
2634
97
10130
15289
6143
13335
12457
10144
13387
6409
9237
13515
1470
6672
10041
12026
3505
11205
3979
6337
5676
9703
4136
8172
7263
7287
13762
5822
800
15931
4154
6910
7183
2133
13716
14697
13885
10250
9189
13352
13810
6148
12484
2435
7527
4628
8687
1274
2219
8990
8724
2311
5818
951
5880
723
2953
8940
4371
11578
6864
11760
6663
7699
3019
1039
1973
16368
14159
9168
11528
16261
15358
9704
9132
9186
8064
2291
5358
11588
16172
2730
11947
1361
14316
14243
5782
15684
3093
13779
1580
12222
3771
9719
695
7217
15467
1772
729
11232
8565
9339
10851
2584
9794
5417
10080
11427
7664
14640
11348
3234
8880
5020
1386
2379
2060
10204
2402
13019
12061
6826
11501
11948
12406
5969
15098
10493
15619
13332
3557
14008
15546
11625
679
11878
348
3861
15281
11229
8803
3970
11932
11803
12515
11926
9571
7463
5365
13302
4676
3366
8302
13969
4566
9248
14759
126
8079
2024
10027
7887
15984
15491
1444
1262
15005
10685
10098
14062
15372
3024
5615
12779
4763
13412
5836
3190
1264
14844
12346
14586
15412
14807
10314
11349
5882
13413
618
2630
8203
13377
8675
15074
12284
3207
5541
1189
4850
6952
14784
14652
2578
14744
6680
6955
12711
4420
5192
586
8848
10532
9529
13853
5971
2930
11840
7922
2534
6051
7759
3640
605
12505
11996
14367
4849
3583
7667
8395
11828
10467
11853
1910
9357
3091
1997
7987
5519
9924
1066
2501
3853
12967
16282
4365
973
1173
1831
8043
15971
6138
548
4766
573
3657
5671
8573
5771
1029
14270
14298
7877
12045
1634
16125
12740
7441
2932
2813
208
2700
7980
2531
12087
9258
8123
15977
9673
11984
4239
13202
11898
3732
12446
13458
5225
2697
14992
8160
14084
14245
14771
12507
7166
13588
14527
1301
15469
9008
2285
10124
8706
7293
8430
5660
6999
5618
7992
7513
5411
1753
2362
4107
11273
14845
9634
9006
9419
13591
5194
10961
11384
12372
9788
8464
6028
3794
13141
9413
12092
807
3742
6079
9454
4156
12108
2991
4969
108
10565
8819
5857
9807
598
13601
2484
2503
7259
6858
4208
7327
7057
4300
7438
7696
254
10118
10438
8486
12401
9907
1983
11914
12684
7846
11445
2807
11824
11034
14630
14497
7466
10511
16119
14016
12802
3648
7594
2580
1668
11275
11524
14536
3835
12864
7195
11429
9632
4891
2013
886
5662
3293
6951
4702
5191
3191
10264
4278
15893
13789
12560
4878
7176
7789
10487
11508
13067
3355
8633
6381
2768
12047
9660
10308
1381
2218
1127
1844
5531
13379
11977
7690
10693
15434
1344
9389
8710
7143
9387
40
14123
6140
14265
11735
13702
2242
4731
11381
11431
8294
9722
11224
109
8126
8180
111
12743
6275
4121
7270
6649
1826
1670
13745
7303
570
5466
13153
3272
12407
2492
1887
15746
15911
2048
10628
14148
8783
7360
1915
2075
263
1077
4393
913
7991
7959
1126
10362
3531
15171
7429
3780
2958
8376
14692
824
8542
5165
8296
273
9408
9501
15220
5523
10468
10583
8561
2825
6190
6306
5641
4069
15768
1720
6523
2972
11530
14163
832
14327
5905
8725
13892
6395
10867
13532
2566
9174
8256
1766
13175
15925
2488
14914
5886
4841
931
865
15843
15761
4085
3013
5678
14024
14150
1366
7607
13022
5256
5993
4598
5989
15026
5267
1341
4010
13833
2920
4591
4595
16255
6241
12387
15732
13319
15482
1650
4706
4418
12900
2679
9549
4563
10199
3439
5103
10425
12569
15494
6675
12321
4051
4578
2363
7945
16298
2785
3957
3398
12661
192
6956
11719
10673
3635
12177
5307
147
3112
12333
11732
11688
1153
6603
14723
14164
4274
1893
7734
4379
5294
641
2087
11668
13316
3238
4873
15338
10818
14323
3462
14415
7782
1407
15991
7007
5703
11562
7779
12070
3799
13604
13711
8366
8552
3688
926
3132
12687
9278
9952
3881
13923
8789
366
11008
6710
4385
11953
12203
4213
14568
11139
14295
3795
7814
4203
4926
1950
7034
6112
10233
3740
13357
11679
2863
4369
15946
3689
5116
1916
8341
12330
3189
3419
6474
161
8728
8845
15393
2385
4153
14674
12649
13193
15985
8902
8009
11181
7806
3175
3556
2862
14359
14513
3304
13719
16273
13670
4368
6049
13727
8839
12386
12369
5125
15871
12085
7973
50
14737
10107
6938
15230
13808
7951
2068
16230
14682
6078
15121
8404
8232
4528
353
12439
15109
12564
12504
10648
4053
14705
6599
5797
3726
8748
6465
4585
8418
11415
13295
12812
11742
12352
14272
2848
5912
13728
2808
3769
3753
13447
15603
8158
302
787
9092
9071
691
472
5450
10596
14494
8450
6290
4442
2759
450
3283
12233
4691
13852
14772
9874
11563
9266
14061
12918
14425
4032
1410
2595
12775
5986
3036
12089
15917
7907
8715
13013
10015
6883
4708
159
14141
12730
14977
11815
12152
3410
10823
13948
214
1985
6090
8423
4647
5562
9390
15254
8363
10883
11662
7411
12408
2728
1654
1791
2915
8334
1327
52
9692
6227
12039
3537
5378
11628
13998
7692
12394
1005
9731
4868
755
15777
2979
7805
11113
753
5816
9079
2971
1167
3876
13150
15055
14962
5016
13096
10723
7729
9421
16288
8458
15277
7989
9452
12290
3363
12426
7927
14786
13529
24
15740
6720
11654
13250
9746
4733
11561
7610
2052
13354
7371
14558
4797
6626
9628
10958
3459
8204
10090
6157
15511
2160
9378
3880
12788
6168
6732
13100
10987
5338
7107
3119
7401
15034
840
12433
12250
14869
5449
16220
921
2054
134
15709
3932
3519
7477
12520
11545
9910
16266
7087
7501
11394
6716
8574
1196
3641
15010
6089
10679
12747
4830
5279
12789
13378
16284
14135
7312
752
3405
5491
704
749
2333
4133
15130
5700
3364
3009
4752
7836
12614
7888
12640
6382
4726
9090
6974
2029
1048
862
4454
7531
13562
5863
3509
12221
8511
8402
7320
1913
6569
12994
10488
10729
14088
1892
14085
15075
14080
1875
12427
16377
7311
12727
2609
10464
11799
8104
13020
8103
1833
1830
1820
9884
12992
12991
5956
10770
8813
3260
12287
1987
1984
7127
5444
2757
5197
5077
12986
8850
14093
1952
14585
8859
158
8155
5065
1929
10767
163
164
11580
10973
16242
2884
5938
3585
3586
11017
15198
5904
4
4997
11026
1658
15217
10751
15228
13927
15233
14520
1633
15238
3650
3652
5209
12232
1619
9004
3668
3669
3572
11009
16232
2614
12257
2611
14033
10975
14028
3479
6811
15132
8924
14020
5021
15136
8056
15139
6869
7
5458
8946
1729
8066
14564
11826
13980
5012
2765
12291
6086
8195
9850
8639
8563
14337
2997
14664
10705
14452
77
10657
10842
80
14624
7279
10633
3030
3031
9856
10632
3038
2292
90
3050
6128
11854
8339
11605
14350
8607
7140
12756
2465
6830
6803
8588
6106
2469
2913
2476
11516
14714
2364
2398
2935
2853
11513
2943
14369
14732
64
14361
8347
67
14292
14819
9772
14920
16216
120
3183
14897
2112
5360
11822
5984
14909
5096
12299
2579
14471
2093
3209
7131
8790
5605
14176
14947
2044
5086
12292
10724
2147
12969
2802
5364
2251
6136
11807
3105
10607
2797
2225
14842
14262
5997
8730
2790
12304
10578
7169
8531
9806
2563
2572
3174
8762
12968
6152
7045
15271
4666
3673
5777
4272
12589
6404
4291
6405
5772
932
13449
15781
883
13430
11243
9380
7651
9395
439
842
9980
839
4743
15825
4392
7642
16072
10096
15831
13393
11218
9346
4407
13498
6379
11165
15612
13573
7762
13568
4170
5504
9964
13557
4191
12556
16112
7739
13536
13533
6391
6496
11642
4217
12695
411
15681
11192
13513
10134
13507
7230
788
7988
4508
10050
494
15937
649
12582
13309
4542
4684
7490
13307
10042
636
7551
12076
606
5265
13278
5535
10023
5726
11334
13259
5629
13252
9539
13251
6618
5270
13330
4730
12086
10078
13209
459
12692
6967
13375
4435
9438
9439
15875
15880
736
15883
15892
7079
16060
11649
713
4485
4496
9461
13221
9576
9466
13334
4698
488
5796
1080
9288
12196
15366
9114
6701
15374
16184
15379
6697
16179
5861
7920
7197
1415
13799
13797
10300
1397
9139
5681
10296
5852
3852
3855
11081
12182
3864
13113
6906
13832
7940
15608
7354
1581
13890
6263
9028
9690
7185
1565
15291
7348
13880
13877
7227
16196
5888
7977
7969
15317
268
3719
12207
6712
3730
12199
12017
1506
6893
7053
313
1356
3879
9159
13692
10241
3996
9226
11631
13671
9641
6669
4023
4025
4839
10222
1187
12596
7827
10200
10196
9262
12549
13621
7787
1122
374
12138
7093
9280
11930
12166
9205
11112
1307
10279
6690
4895
1342
15440
322
3902
13746
1315
3917
3918
6325
16151
7232
1305
16148
13731
3937
10263
1277
9191
1261
13127
11102
11697
4863
10364
